,loss,val_loss,accuracy,val_accuracy
0,2.7044923305511475,2.703078031539917,0.0625,0.05714285746216774
1,2.700042486190796,2.698867082595825,0.06499999761581421,0.058571428060531616
2,2.6961495876312256,2.6952333450317383,0.06232142820954323,0.05999999865889549
3,2.6929380893707275,2.6920597553253174,0.06517857313156128,0.05428571254014969
4,2.6899163722991943,2.68924880027771,0.06553571671247482,0.05714285746216774
5,2.6872434616088867,2.6867074966430664,0.06910714507102966,0.05714285746216774
6,2.684904098510742,2.684407949447632,0.07196428626775742,0.06142857298254967
7,2.682748556137085,2.6822986602783203,0.07214285433292389,0.06142857298254967
8,2.6806812286376953,2.6803481578826904,0.07392857223749161,0.06428571790456772
9,2.6787421703338623,2.678539991378784,0.0726785734295845,0.0657142847776413
10,2.6769731044769287,2.676846504211426,0.07357142865657806,0.0657142847776413
11,2.675476551055908,2.6752474308013916,0.0726785734295845,0.06428571790456772
12,2.673898696899414,2.673748016357422,0.0726785734295845,0.06428571790456772
13,2.6723573207855225,2.6723263263702393,0.07249999791383743,0.06285714358091354
14,2.67091703414917,2.6709797382354736,0.07178571075201035,0.0657142847776413
15,2.6695451736450195,2.6696951389312744,0.07357142865657806,0.06428571790456772
16,2.6683619022369385,2.668473243713379,0.07124999910593033,0.06428571790456772
17,2.66703200340271,2.6672942638397217,0.0726785734295845,0.06428571790456772
18,2.6657872200012207,2.666168212890625,0.07303571701049805,0.06428571790456772
19,2.664759397506714,2.665088415145874,0.07178571075201035,0.06428571790456772
20,2.6636264324188232,2.6640584468841553,0.07285714149475098,0.06428571790456772
21,2.6625478267669678,2.663067102432251,0.07249999791383743,0.06428571790456772
22,2.661526918411255,2.662101984024048,0.0714285746216774,0.0657142847776413
23,2.660564661026001,2.6611735820770264,0.07339286059141159,0.0657142847776413
24,2.659595251083374,2.6602792739868164,0.07249999791383743,0.06714285910129547
25,2.658733367919922,2.659412145614624,0.07303571701049805,0.06714285910129547
26,2.6577703952789307,2.6585681438446045,0.07232142984867096,0.06714285910129547
27,2.65694260597229,2.6577532291412354,0.07196428626775742,0.06857142597436905
28,2.6560633182525635,2.6569645404815674,0.07374999672174454,0.0714285746216774
29,2.65523362159729,2.656195878982544,0.07392857223749161,0.06714285910129547
30,2.654426336288452,2.655461072921753,0.07232142984867096,0.0657142847776413
31,2.653599500656128,2.654749631881714,0.07303571701049805,0.0657142847776413
32,2.6529810428619385,2.654054880142212,0.07232142984867096,0.0657142847776413
33,2.6521694660186768,2.65337872505188,0.07999999821186066,0.08571428805589676
34,2.651362419128418,2.652728796005249,0.07607142627239227,0.08714285492897034
35,2.650736093521118,2.6520884037017822,0.08464285731315613,0.08571428805589676
36,2.6501076221466064,2.6514742374420166,0.08214285969734192,0.08571428805589676
37,2.649418830871582,2.6508753299713135,0.08589285612106323,0.08428571373224258
38,2.648716926574707,2.6502859592437744,0.08553571254014969,0.08285713940858841
39,2.64809513092041,2.6497066020965576,0.08535714447498322,0.08285713940858841
40,2.6475203037261963,2.6491539478302,0.08732143044471741,0.08428571373224258
41,2.646923542022705,2.6486096382141113,0.08839285373687744,0.08428571373224258
42,2.646242380142212,2.648080587387085,0.08821428567171097,0.08571428805589676
43,2.6457860469818115,2.6475579738616943,0.08874999731779099,0.08428571373224258
44,2.645245313644409,2.6470515727996826,0.08857142925262451,0.08285713940858841
45,2.644582509994507,2.646552801132202,0.08767857402563095,0.08285713940858841
46,2.6440107822418213,2.646071195602417,0.08749999850988388,0.08142857253551483
47,2.643524169921875,2.6456029415130615,0.08714285492897034,0.08142857253551483
48,2.6431922912597656,2.6451351642608643,0.08696428686380386,0.08285713940858841
49,2.64253830909729,2.644681215286255,0.08714285492897034,0.08285713940858841
50,2.641941785812378,2.6442480087280273,0.0880357176065445,0.08428571373224258
51,2.641509532928467,2.6438136100769043,0.08714285492897034,0.08285713940858841
52,2.6410391330718994,2.6433916091918945,0.08821428567171097,0.08285713940858841
53,2.6406240463256836,2.6429789066314697,0.08821428567171097,0.08285713940858841
54,2.6402547359466553,2.6425817012786865,0.08785714209079742,0.08571428805589676
55,2.6396970748901367,2.6421926021575928,0.08892857283353806,0.08571428805589676
56,2.639277935028076,2.6418044567108154,0.0905357152223587,0.08714285492897034
57,2.638808250427246,2.6414260864257812,0.09035713970661163,0.08857142925262451
58,2.6384847164154053,2.641064405441284,0.08946428447961807,0.09142857044935226
59,2.6381173133850098,2.6407008171081543,0.09232142567634583,0.08857142925262451
60,2.637528419494629,2.64033579826355,0.09232142567634583,0.09000000357627869
61,2.637346029281616,2.6399857997894287,0.0925000011920929,0.09142857044935226
62,2.636849880218506,2.6396379470825195,0.09232142567634583,0.09142857044935226
63,2.6365597248077393,2.6392996311187744,0.09392856806516647,0.09142857044935226
64,2.636211633682251,2.6389684677124023,0.09142857044935226,0.09142857044935226
65,2.6357669830322266,2.6386473178863525,0.09339285641908646,0.09142857044935226
66,2.6353721618652344,2.638322591781616,0.09267856925725937,0.09285714477300644
67,2.6351239681243896,2.6380085945129395,0.09232142567634583,0.09428571164608002
68,2.6347286701202393,2.6376852989196777,0.09196428209543228,0.09285714477300644
69,2.634286403656006,2.6373870372772217,0.09321428835391998,0.09285714477300644
70,2.633925199508667,2.63708233833313,0.09285714477300644,0.09285714477300644
71,2.633596420288086,2.636786460876465,0.09357143193483353,0.09714286029338837
72,2.6332833766937256,2.6364898681640625,0.09339285641908646,0.09571428596973419
73,2.632967233657837,2.636199712753296,0.0925000011920929,0.09571428596973419
74,2.6327016353607178,2.6359126567840576,0.09339285641908646,0.09571428596973419
75,2.632420063018799,2.635638475418091,0.09267856925725937,0.09571428596973419
76,2.632101058959961,2.6353683471679688,0.09285714477300644,0.09571428596973419
77,2.631695032119751,2.6351001262664795,0.09375,0.09571428596973419
78,2.6315321922302246,2.634831428527832,0.09428571164608002,0.09571428596973419
79,2.6312479972839355,2.6345722675323486,0.0949999988079071,0.09571428596973419
80,2.6308882236480713,2.6343133449554443,0.09321428835391998,0.09571428596973419
81,2.6306631565093994,2.6340556144714355,0.09303571283817291,0.09571428596973419
82,2.630291223526001,2.633801221847534,0.09339285641908646,0.09571428596973419
83,2.6301472187042236,2.633561134338379,0.09375,0.09571428596973419
84,2.629716634750366,2.633309841156006,0.09482143074274063,0.09571428596973419
85,2.629513740539551,2.6330642700195312,0.09446428716182709,0.09714286029338837
86,2.6292009353637695,2.632824182510376,0.09571428596973419,0.09714286029338837
87,2.6288411617279053,2.6325795650482178,0.09410714358091354,0.09714286029338837
88,2.6287107467651367,2.6323435306549072,0.09571428596973419,0.09428571164608002
89,2.6284286975860596,2.6321115493774414,0.09517857432365417,0.09285714477300644
90,2.628173828125,2.63187575340271,0.09482143074274063,0.09285714477300644
91,2.6278138160705566,2.6316440105438232,0.09517857432365417,0.09285714477300644
92,2.627629280090332,2.631423234939575,0.09446428716182709,0.09285714477300644
93,2.627408504486084,2.6311986446380615,0.09749999642372131,0.09285714477300644
94,2.6271727085113525,2.6309831142425537,0.09535714238882065,0.09285714477300644
95,2.6270158290863037,2.6307716369628906,0.09642857313156128,0.09285714477300644
96,2.626661777496338,2.6305484771728516,0.09660714119672775,0.09285714477300644
97,2.6262214183807373,2.6303324699401855,0.09767857193946838,0.09285714477300644
98,2.62630033493042,2.630114793777466,0.09589285403490067,0.09142857044935226
99,2.6260504722595215,2.6299054622650146,0.09535714238882065,0.09142857044935226
100,2.6258201599121094,2.6297006607055664,0.09749999642372131,0.09000000357627869
101,2.625401020050049,2.6294920444488525,0.09749999642372131,0.09000000357627869
102,2.6253082752227783,2.629286527633667,0.09714286029338837,0.09000000357627869
103,2.624987840652466,2.6290886402130127,0.09714286029338837,0.09000000357627869
104,2.6247270107269287,2.628889322280884,0.09660714119672775,0.08857142925262451
105,2.6244499683380127,2.6286916732788086,0.09714286029338837,0.08857142925262451
106,2.6242282390594482,2.6284971237182617,0.09714286029338837,0.09000000357627869
107,2.624248743057251,2.628304958343506,0.09767857193946838,0.09000000357627869
108,2.6240479946136475,2.6281116008758545,0.09857142716646194,0.09000000357627869
109,2.623782157897949,2.627908945083618,0.09857142716646194,0.09000000357627869
110,2.6234960556030273,2.627717971801758,0.09714286029338837,0.09000000357627869
111,2.62331485748291,2.627535581588745,0.09785714000463486,0.08714285492897034
112,2.6230642795562744,2.6273624897003174,0.09785714000463486,0.09142857044935226
113,2.622929811477661,2.627178430557251,0.09910714626312256,0.09142857044935226
114,2.622774124145508,2.6269962787628174,0.09839285910129547,0.09000000357627869
115,2.622551679611206,2.6268270015716553,0.09839285910129547,0.09000000357627869
116,2.622419834136963,2.626652479171753,0.09857142716646194,0.08857142925262451
117,2.6222875118255615,2.6264586448669434,0.09892857074737549,0.08857142925262451
118,2.621812343597412,2.62626576423645,0.09910714626312256,0.08857142925262451
119,2.621762752532959,2.626089096069336,0.09892857074737549,0.08857142925262451
120,2.621377944946289,2.6259145736694336,0.09910714626312256,0.08857142925262451
121,2.621248483657837,2.62573504447937,0.0994642823934555,0.08714285492897034
122,2.6212317943573,2.625572443008423,0.09928571432828903,0.08857142925262451
123,2.6210217475891113,2.6254000663757324,0.09875000268220901,0.08714285492897034
124,2.6207568645477295,2.6252219676971436,0.0994642823934555,0.08571428805589676
125,2.6205503940582275,2.6250569820404053,0.09892857074737549,0.08571428805589676
126,2.620429039001465,2.6248815059661865,0.09964285790920258,0.08714285492897034
127,2.6202523708343506,2.6247050762176514,0.0994642823934555,0.08714285492897034
128,2.6201272010803223,2.6245458126068115,0.09785714000463486,0.08714285492897034
129,2.6199564933776855,2.6243770122528076,0.10053571313619614,0.08857142925262451
130,2.6196627616882324,2.6242122650146484,0.09839285910129547,0.08857142925262451
131,2.619523763656616,2.6240575313568115,0.10000000149011612,0.08857142925262451
132,2.619420051574707,2.623899221420288,0.09767857193946838,0.08714285492897034
133,2.6192057132720947,2.6237428188323975,0.09910714626312256,0.08857142925262451
134,2.619011878967285,2.623575210571289,0.09875000268220901,0.08857142925262451
135,2.6187102794647217,2.62341570854187,0.10017856955528259,0.08857142925262451
136,2.618659019470215,2.6232712268829346,0.09928571432828903,0.08857142925262451
137,2.6183879375457764,2.6231002807617188,0.09875000268220901,0.08857142925262451
138,2.6183111667633057,2.622943878173828,0.09892857074737549,0.08857142925262451
139,2.618025779724121,2.6227786540985107,0.09857142716646194,0.08857142925262451
140,2.618004322052002,2.622645378112793,0.09982142597436905,0.08714285492897034
141,2.617719888687134,2.6224958896636963,0.09839285910129547,0.08857142925262451
142,2.6176533699035645,2.622344732284546,0.0994642823934555,0.08571428805589676
143,2.617567300796509,2.6221983432769775,0.10000000149011612,0.08714285492897034
144,2.617504358291626,2.6220529079437256,0.10017856955528259,0.08571428805589676
145,2.6172704696655273,2.6219072341918945,0.09910714626312256,0.08571428805589676
146,2.616997718811035,2.6217570304870605,0.09928571432828903,0.08571428805589676
147,2.616856575012207,2.6216137409210205,0.10053571313619614,0.08571428805589676
148,2.6166460514068604,2.6214733123779297,0.09875000268220901,0.08428571373224258
149,2.616466522216797,2.6213204860687256,0.09910714626312256,0.08571428805589676
150,2.616541862487793,2.62117075920105,0.10017856955528259,0.08571428805589676
151,2.616403818130493,2.6210408210754395,0.09928571432828903,0.08571428805589676
152,2.616091012954712,2.620898485183716,0.09982142597436905,0.08571428805589676
153,2.6160154342651367,2.6207597255706787,0.09964285790920258,0.08428571373224258
154,2.615727186203003,2.6206016540527344,0.09928571432828903,0.08714285492897034
155,2.6156482696533203,2.620466470718384,0.10053571313619614,0.08571428805589676
156,2.615349769592285,2.620332956314087,0.10000000149011612,0.08428571373224258
157,2.6152801513671875,2.6202118396759033,0.10017856955528259,0.08428571373224258
158,2.6151649951934814,2.6200764179229736,0.1007142886519432,0.08428571373224258
159,2.6148738861083984,2.619947671890259,0.09910714626312256,0.08571428805589676
160,2.614895820617676,2.6198084354400635,0.10178571194410324,0.08428571373224258
161,2.6147913932800293,2.6196768283843994,0.10107143223285675,0.08428571373224258
162,2.614628553390503,2.619544267654419,0.09982142597436905,0.08571428805589676
163,2.6143181324005127,2.6194140911102295,0.10107143223285675,0.08714285492897034
164,2.6143574714660645,2.619290351867676,0.0994642823934555,0.08714285492897034
165,2.6142683029174805,2.61915922164917,0.10125000029802322,0.08714285492897034
166,2.6141560077667236,2.6190409660339355,0.10160714387893677,0.08428571373224258
167,2.6139333248138428,2.6189138889312744,0.1014285683631897,0.08857142925262451
168,2.6137535572052,2.6187877655029297,0.10107143223285675,0.09000000357627869
169,2.6135213375091553,2.6186633110046387,0.10196428745985031,0.09000000357627869
170,2.613548517227173,2.618549108505249,0.10125000029802322,0.09142857044935226
171,2.6134510040283203,2.6184091567993164,0.10178571194410324,0.09285714477300644
172,2.6132020950317383,2.6182680130004883,0.10089285671710968,0.09000000357627869
173,2.613154649734497,2.6181576251983643,0.10053571313619614,0.09000000357627869
174,2.613071918487549,2.618036985397339,0.1026785746216774,0.09000000357627869
175,2.6128642559051514,2.617920160293579,0.1014285683631897,0.09000000357627869
176,2.61277437210083,2.617799997329712,0.10214285552501678,0.09285714477300644
177,2.6126303672790527,2.6176669597625732,0.10249999910593033,0.09000000357627869
178,2.6124746799468994,2.617539405822754,0.10160714387893677,0.09000000357627869
179,2.6122517585754395,2.6174404621124268,0.10214285552501678,0.09428571164608002
180,2.612267017364502,2.617323875427246,0.10285714268684387,0.09142857044935226
181,2.6123850345611572,2.6172101497650146,0.10160714387893677,0.09285714477300644
182,2.6120407581329346,2.6170942783355713,0.10214285552501678,0.09428571164608002
183,2.612055540084839,2.616969347000122,0.10125000029802322,0.09285714477300644
184,2.6118361949920654,2.616865396499634,0.1026785746216774,0.09285714477300644
185,2.6115293502807617,2.616734743118286,0.10357142984867096,0.09714286029338837
186,2.6115550994873047,2.616623640060425,0.10160714387893677,0.09571428596973419
187,2.6113150119781494,2.6165034770965576,0.1014285683631897,0.09428571164608002
188,2.6112959384918213,2.6163952350616455,0.10303571075201035,0.09285714477300644
189,2.6112565994262695,2.6162917613983154,0.10303571075201035,0.09285714477300644
190,2.6108436584472656,2.6161868572235107,0.1026785746216774,0.09285714477300644
191,2.6110928058624268,2.61606764793396,0.10499999672174454,0.09428571164608002
192,2.6107890605926514,2.6159613132476807,0.10303571075201035,0.09428571164608002
193,2.6107282638549805,2.61584210395813,0.10446428507566452,0.09571428596973419
194,2.610635757446289,2.615736246109009,0.10339285433292389,0.09285714477300644
195,2.6103618144989014,2.615624189376831,0.10464286059141159,0.09428571164608002
196,2.610166072845459,2.6155097484588623,0.10232143104076385,0.09285714477300644
197,2.610261917114258,2.6154024600982666,0.10625000298023224,0.09000000357627869
198,2.610201835632324,2.6153066158294678,0.10374999791383743,0.09142857044935226
199,2.6101152896881104,2.6151931285858154,0.10499999672174454,0.09142857044935226
200,2.60984206199646,2.6150901317596436,0.10517857223749161,0.09000000357627869
201,2.610018730163574,2.614990234375,0.10499999672174454,0.08857142925262451
202,2.609809637069702,2.614893913269043,0.10607142746448517,0.09142857044935226
203,2.609527349472046,2.6147830486297607,0.10410714149475098,0.09285714477300644
204,2.609586477279663,2.6146938800811768,0.10535714030265808,0.09285714477300644
205,2.609591484069824,2.614588975906372,0.10517857223749161,0.09285714477300644
206,2.60971999168396,2.6144912242889404,0.10446428507566452,0.09000000357627869
207,2.6092112064361572,2.6143882274627686,0.10517857223749161,0.09142857044935226
208,2.609283924102783,2.6142914295196533,0.1039285734295845,0.09142857044935226
209,2.6090211868286133,2.6141912937164307,0.10553571581840515,0.09142857044935226
210,2.608945608139038,2.6140871047973633,0.10517857223749161,0.09142857044935226
211,2.6088366508483887,2.6139962673187256,0.10499999672174454,0.08857142925262451
212,2.6086313724517822,2.613887071609497,0.10553571581840515,0.09142857044935226
213,2.608705520629883,2.613795042037964,0.10517857223749161,0.09000000357627869
214,2.608471155166626,2.613698720932007,0.10767856985330582,0.09000000357627869
215,2.6081457138061523,2.6135897636413574,0.10607142746448517,0.09000000357627869
216,2.6079795360565186,2.6134917736053467,0.10553571581840515,0.09000000357627869
217,2.608243227005005,2.613415479660034,0.1071428582072258,0.09000000357627869
218,2.6078381538391113,2.6133365631103516,0.10660714656114578,0.09000000357627869
219,2.60801362991333,2.613248109817505,0.10642857104539871,0.09142857044935226
220,2.6080455780029297,2.613157272338867,0.10464286059141159,0.09285714477300644
221,2.6077916622161865,2.613049268722534,0.1058928593993187,0.08857142925262451
222,2.607952833175659,2.6129486560821533,0.10767856985330582,0.09000000357627869
223,2.6075515747070312,2.612865686416626,0.10696428269147873,0.09285714477300644
224,2.6074979305267334,2.6127712726593018,0.10696428269147873,0.09285714477300644
225,2.6075077056884766,2.612675905227661,0.10571428388357162,0.09000000357627869
226,2.6072282791137695,2.6125948429107666,0.10660714656114578,0.09285714477300644
227,2.6072559356689453,2.6125195026397705,0.10571428388357162,0.09142857044935226
228,2.607175588607788,2.6124212741851807,0.10803571343421936,0.09142857044935226
229,2.607100009918213,2.6123287677764893,0.10464286059141159,0.09142857044935226
230,2.607018232345581,2.612236261367798,0.10732142627239227,0.09000000357627869
231,2.6068906784057617,2.6121575832366943,0.10607142746448517,0.09142857044935226
232,2.606895923614502,2.6120715141296387,0.10821428894996643,0.09000000357627869
233,2.606595277786255,2.6119730472564697,0.10678571462631226,0.09142857044935226
234,2.60653018951416,2.6118786334991455,0.10535714030265808,0.09142857044935226
235,2.6064298152923584,2.6117846965789795,0.10642857104539871,0.09000000357627869
236,2.6063945293426514,2.6116976737976074,0.10553571581840515,0.09142857044935226
237,2.6064226627349854,2.611593723297119,0.10625000298023224,0.09142857044935226
238,2.6063687801361084,2.611521005630493,0.1058928593993187,0.09142857044935226
239,2.606128215789795,2.6114420890808105,0.10625000298023224,0.09142857044935226
240,2.6061036586761475,2.6113667488098145,0.10571428388357162,0.09000000357627869
241,2.605715751647949,2.61126971244812,0.10535714030265808,0.09142857044935226
242,2.606199026107788,2.6111812591552734,0.10553571581840515,0.09142857044935226
243,2.6058602333068848,2.611086368560791,0.10535714030265808,0.09000000357627869
244,2.6056268215179443,2.610999822616577,0.10625000298023224,0.09142857044935226
245,2.6053576469421387,2.610917329788208,0.10678571462631226,0.09142857044935226
246,2.605497360229492,2.610835313796997,0.10767856985330582,0.09142857044935226
247,2.605391502380371,2.61075758934021,0.10607142746448517,0.09000000357627869
248,2.6056113243103027,2.610668420791626,0.10607142746448517,0.09000000357627869
249,2.605098247528076,2.610574722290039,0.10660714656114578,0.08857142925262451
