,loss,val_loss,accuracy,val_accuracy
0,2.706998586654663,2.7041683197021484,0.07249999791383743,0.08285713940858841
1,2.7023520469665527,2.7007172107696533,0.07535714656114578,0.08714285492897034
2,2.69827938079834,2.6975326538085938,0.07946428656578064,0.08571428805589676
3,2.696467399597168,2.69478702545166,0.0746428593993187,0.08142857253551483
4,2.6947100162506104,2.6924591064453125,0.07160714268684387,0.08428571373224258
5,2.692054033279419,2.690382242202759,0.07321428507566452,0.08714285492897034
6,2.691338062286377,2.6884260177612305,0.07410714030265808,0.09142857044935226
7,2.6889710426330566,2.6865427494049072,0.07999999821186066,0.07999999821186066
8,2.687809944152832,2.6849327087402344,0.07821428775787354,0.07999999821186066
9,2.685664176940918,2.6833505630493164,0.07374999672174454,0.07999999821186066
10,2.6841306686401367,2.6817328929901123,0.07553571462631226,0.08142857253551483
11,2.683462142944336,2.68033504486084,0.06964285671710968,0.07857143133878708
12,2.682095766067505,2.679025888442993,0.07767856866121292,0.07857143133878708
13,2.6816000938415527,2.677854537963867,0.07339286059141159,0.07999999821186066
14,2.67962646484375,2.676637649536133,0.07982143014669418,0.07857143133878708
15,2.6785085201263428,2.6755752563476562,0.07750000059604645,0.07999999821186066
16,2.6748063564300537,2.674402952194214,0.07607142627239227,0.07999999821186066
17,2.6777775287628174,2.6734139919281006,0.06982143223285675,0.07999999821186066
18,2.6766245365142822,2.6724650859832764,0.07607142627239227,0.07571428269147873
19,2.6747000217437744,2.6715757846832275,0.08142857253551483,0.07571428269147873
20,2.6742613315582275,2.670738458633423,0.07839285582304001,0.0771428570151329
21,2.6736583709716797,2.6698665618896484,0.08410714566707611,0.07428571581840515
22,2.6740920543670654,2.6691417694091797,0.07446428388357162,0.07000000029802322
23,2.6699984073638916,2.668323516845703,0.07928571105003357,0.07428571581840515
24,2.6711173057556152,2.6676180362701416,0.07946428656578064,0.07285714149475098
25,2.6692934036254883,2.666851282119751,0.07392857223749161,0.07285714149475098
26,2.6687662601470947,2.666152238845825,0.07607142627239227,0.0714285746216774
27,2.6694440841674805,2.6654465198516846,0.07839285582304001,0.07428571581840515
28,2.666813373565674,2.6647348403930664,0.0746428593993187,0.07000000029802322
29,2.6647942066192627,2.664052724838257,0.08321428298950195,0.07285714149475098
30,2.6645588874816895,2.6633968353271484,0.0791071429848671,0.07571428269147873
31,2.664764165878296,2.662679672241211,0.08375000208616257,0.07571428269147873
32,2.662783145904541,2.6620118618011475,0.08624999970197678,0.0771428570151329
33,2.6661062240600586,2.6615102291107178,0.07571428269147873,0.0771428570151329
34,2.6637558937072754,2.6609113216400146,0.07750000059604645,0.0771428570151329
35,2.664433002471924,2.6604630947113037,0.07482142746448517,0.07999999821186066
36,2.6615686416625977,2.659928560256958,0.07839285582304001,0.0771428570151329
37,2.663815498352051,2.6594948768615723,0.08124999701976776,0.07999999821186066
38,2.665212392807007,2.6590659618377686,0.07249999791383743,0.07999999821186066
39,2.661196708679199,2.6585214138031006,0.07660714536905289,0.0771428570151329
40,2.661529779434204,2.6581249237060547,0.07928571105003357,0.07857143133878708
41,2.659717559814453,2.65765118598938,0.08053571730852127,0.07857143133878708
42,2.658785104751587,2.6571907997131348,0.08267857134342194,0.08285713940858841
43,2.6593518257141113,2.6567304134368896,0.07946428656578064,0.08285713940858841
44,2.6608660221099854,2.6564109325408936,0.0771428570151329,0.08142857253551483
45,2.661985158920288,2.6560285091400146,0.07035714387893677,0.08142857253551483
46,2.6590418815612793,2.6555728912353516,0.07892857491970062,0.07857143133878708
47,2.657951593399048,2.6550981998443604,0.08267857134342194,0.08285713940858841
48,2.657492160797119,2.6547610759735107,0.07660714536905289,0.07857143133878708
49,2.6566784381866455,2.654428720474243,0.07607142627239227,0.07428571581840515
50,2.658099889755249,2.6539971828460693,0.07839285582304001,0.07857143133878708
51,2.654110908508301,2.653543472290039,0.08732143044471741,0.07999999821186066
52,2.654467821121216,2.6531758308410645,0.08410714566707611,0.07857143133878708
53,2.6554579734802246,2.6528420448303223,0.08500000089406967,0.08142857253551483
54,2.654188394546509,2.652385950088501,0.08464285731315613,0.08142857253551483
55,2.65358567237854,2.6520888805389404,0.08660714328289032,0.07857143133878708
56,2.6539125442504883,2.6517632007598877,0.07696428894996643,0.0771428570151329
57,2.6539881229400635,2.6514134407043457,0.08303571492433548,0.07999999821186066
58,2.6559786796569824,2.6510884761810303,0.07517857104539871,0.07857143133878708
59,2.651010274887085,2.6507389545440674,0.08196428418159485,0.07999999821186066
60,2.653170108795166,2.65043044090271,0.08642856776714325,0.07857143133878708
61,2.6521108150482178,2.6501214504241943,0.09035713970661163,0.07857143133878708
62,2.6524007320404053,2.649836301803589,0.08339285850524902,0.08142857253551483
63,2.652860164642334,2.649521827697754,0.08250000327825546,0.08285713940858841
64,2.65240740776062,2.6491665840148926,0.08107142895460129,0.07999999821186066
65,2.6519968509674072,2.6489171981811523,0.08214285969734192,0.08142857253551483
66,2.6486730575561523,2.648573637008667,0.08785714209079742,0.07857143133878708
67,2.6492655277252197,2.6482722759246826,0.08571428805589676,0.08428571373224258
68,2.6510744094848633,2.6479156017303467,0.07892857491970062,0.08285713940858841
69,2.6524789333343506,2.6477057933807373,0.07750000059604645,0.08571428805589676
70,2.6501667499542236,2.6474523544311523,0.07857143133878708,0.08714285492897034
71,2.6491308212280273,2.6471059322357178,0.07857143133878708,0.08714285492897034
72,2.647319793701172,2.6467294692993164,0.0880357176065445,0.08285713940858841
73,2.6492888927459717,2.646444082260132,0.07857143133878708,0.08428571373224258
74,2.6480724811553955,2.646206855773926,0.08571428805589676,0.08714285492897034
75,2.6475107669830322,2.6458966732025146,0.08857142925262451,0.08428571373224258
76,2.6470282077789307,2.6456143856048584,0.08464285731315613,0.08714285492897034
77,2.648261547088623,2.6453211307525635,0.08392857015132904,0.08571428805589676
78,2.648864984512329,2.6452009677886963,0.08017857372760773,0.08428571373224258
79,2.6485159397125244,2.6450204849243164,0.07874999940395355,0.08142857253551483
80,2.6476075649261475,2.6447861194610596,0.0905357152223587,0.07999999821186066
81,2.648061752319336,2.644526720046997,0.08303571492433548,0.08285713940858841
82,2.644958734512329,2.6442198753356934,0.08732143044471741,0.08285713940858841
83,2.644955635070801,2.6438560485839844,0.08964285999536514,0.08285713940858841
84,2.6486597061157227,2.643667221069336,0.08142857253551483,0.08285713940858841
85,2.6457746028900146,2.643440008163452,0.08571428805589676,0.08142857253551483
86,2.6434500217437744,2.6431751251220703,0.0892857164144516,0.08285713940858841
87,2.6469004154205322,2.6429717540740967,0.08267857134342194,0.08285713940858841
88,2.6460397243499756,2.64265513420105,0.08732143044471741,0.08142857253551483
89,2.6459157466888428,2.642415761947632,0.08196428418159485,0.08142857253551483
90,2.645521640777588,2.642145872116089,0.08107142895460129,0.08285713940858841
91,2.6449663639068604,2.6419355869293213,0.08553571254014969,0.07999999821186066
92,2.644590377807617,2.6417109966278076,0.08785714209079742,0.08285713940858841
93,2.6412413120269775,2.641496419906616,0.08749999850988388,0.08714285492897034
94,2.6447501182556152,2.641252279281616,0.08642856776714325,0.08857142925262451
95,2.6427881717681885,2.641035318374634,0.09107142686843872,0.08571428805589676
96,2.64504337310791,2.6409084796905518,0.08696428686380386,0.08285713940858841
97,2.643153190612793,2.64067006111145,0.08714285492897034,0.08714285492897034
98,2.643188238143921,2.6404740810394287,0.08285713940858841,0.08428571373224258
99,2.6421072483062744,2.640312433242798,0.0848214253783226,0.08428571373224258
100,2.643541097640991,2.640103340148926,0.09178571403026581,0.08285713940858841
101,2.6408803462982178,2.6398041248321533,0.08821428567171097,0.08857142925262451
102,2.641123056411743,2.639528512954712,0.08767857402563095,0.08571428805589676
103,2.6403303146362305,2.6392598152160645,0.07928571105003357,0.08571428805589676
104,2.6393747329711914,2.639030933380127,0.09410714358091354,0.08285713940858841
105,2.6420681476593018,2.638826370239258,0.08821428567171097,0.08142857253551483
106,2.6401255130767822,2.6386101245880127,0.08089285343885422,0.08428571373224258
107,2.6411800384521484,2.638450860977173,0.08517856895923615,0.08714285492897034
108,2.639833927154541,2.638211488723755,0.08857142925262451,0.08714285492897034
109,2.638835906982422,2.6378753185272217,0.09000000357627869,0.08571428805589676
110,2.642082452774048,2.637711763381958,0.08196428418159485,0.08714285492897034
111,2.64309024810791,2.6375691890716553,0.08553571254014969,0.08428571373224258
112,2.637470006942749,2.6373331546783447,0.09107142686843872,0.08285713940858841
113,2.639986038208008,2.6371877193450928,0.08982142806053162,0.08142857253551483
114,2.6374616622924805,2.6369779109954834,0.08749999850988388,0.08142857253551483
115,2.6405251026153564,2.636810541152954,0.08660714328289032,0.07857143133878708
116,2.6370561122894287,2.6364762783050537,0.08250000327825546,0.08142857253551483
117,2.6399824619293213,2.636303186416626,0.09142857044935226,0.08571428805589676
118,2.6381711959838867,2.6360862255096436,0.08982142806053162,0.08571428805589676
119,2.637118339538574,2.6358253955841064,0.0905357152223587,0.08571428805589676
120,2.63867449760437,2.6356077194213867,0.08642856776714325,0.08857142925262451
121,2.6362221240997314,2.63537335395813,0.0925000011920929,0.08571428805589676
122,2.636183023452759,2.635173797607422,0.09214285761117935,0.08857142925262451
123,2.6367952823638916,2.634861946105957,0.0905357152223587,0.08857142925262451
124,2.637428045272827,2.6345856189727783,0.0860714316368103,0.08857142925262451
125,2.6374950408935547,2.634429454803467,0.09142857044935226,0.09000000357627869
126,2.636319160461426,2.6342580318450928,0.08732143044471741,0.09571428596973419
127,2.6365463733673096,2.6340792179107666,0.08785714209079742,0.09428571164608002
128,2.6367669105529785,2.633823871612549,0.08982142806053162,0.09285714477300644
129,2.6353254318237305,2.63358736038208,0.08517856895923615,0.09000000357627869
130,2.6365206241607666,2.6334168910980225,0.0848214253783226,0.08714285492897034
131,2.63858962059021,2.633229970932007,0.08946428447961807,0.08571428805589676
132,2.639754056930542,2.6330811977386475,0.08696428686380386,0.08571428805589676
133,2.6353557109832764,2.6328914165496826,0.08624999970197678,0.08714285492897034
134,2.633594036102295,2.6326470375061035,0.08285713940858841,0.08285713940858841
135,2.632905960083008,2.6324398517608643,0.09446428716182709,0.08428571373224258
136,2.636301279067993,2.6323397159576416,0.08232142776250839,0.08428571373224258
137,2.634429693222046,2.6322317123413086,0.09285714477300644,0.08428571373224258
138,2.6340017318725586,2.632059335708618,0.08767857402563095,0.08571428805589676
139,2.632749080657959,2.631786823272705,0.08964285999536514,0.08714285492897034
140,2.6318764686584473,2.631566047668457,0.09000000357627869,0.08857142925262451
141,2.632906913757324,2.6313915252685547,0.09125000238418579,0.09000000357627869
142,2.63295578956604,2.631171941757202,0.08767857402563095,0.08857142925262451
143,2.6323091983795166,2.6309564113616943,0.09357143193483353,0.09000000357627869
144,2.635587215423584,2.6307637691497803,0.09089285880327225,0.09000000357627869
145,2.6325862407684326,2.6306097507476807,0.09107142686843872,0.09142857044935226
146,2.6332523822784424,2.630364179611206,0.09071428328752518,0.08857142925262451
147,2.6324288845062256,2.630190849304199,0.08571428805589676,0.09142857044935226
148,2.6303954124450684,2.629952907562256,0.09196428209543228,0.08857142925262451
149,2.6332478523254395,2.6297175884246826,0.08571428805589676,0.08714285492897034
150,2.634315252304077,2.6295766830444336,0.08589285612106323,0.09142857044935226
151,2.632648468017578,2.6294331550598145,0.09446428716182709,0.08857142925262451
152,2.630521535873413,2.6292035579681396,0.0949999988079071,0.09000000357627869
153,2.6326589584350586,2.629103183746338,0.0949999988079071,0.09142857044935226
154,2.6340084075927734,2.62900710105896,0.08339285850524902,0.09000000357627869
155,2.6310932636260986,2.628814697265625,0.09535714238882065,0.09285714477300644
156,2.6301746368408203,2.6286447048187256,0.08767857402563095,0.09000000357627869
157,2.6319119930267334,2.6284921169281006,0.08589285612106323,0.09000000357627869
158,2.631540298461914,2.6283302307128906,0.0925000011920929,0.09000000357627869
159,2.632131576538086,2.628133535385132,0.09017857164144516,0.08857142925262451
160,2.6293046474456787,2.627981424331665,0.09321428835391998,0.09000000357627869
161,2.6296558380126953,2.6278343200683594,0.08839285373687744,0.09285714477300644
162,2.6335391998291016,2.627706289291382,0.08553571254014969,0.09142857044935226
163,2.6314713954925537,2.627527952194214,0.0925000011920929,0.09285714477300644
164,2.6269071102142334,2.627347469329834,0.09357143193483353,0.09571428596973419
165,2.6303727626800537,2.627218008041382,0.08946428447961807,0.09571428596973419
166,2.629819869995117,2.627093553543091,0.09624999761581421,0.09142857044935226
167,2.629865884780884,2.626904249191284,0.08517856895923615,0.08857142925262451
168,2.6301257610321045,2.6267831325531006,0.0860714316368103,0.09142857044935226
169,2.629398822784424,2.626551389694214,0.09375,0.09714286029338837
170,2.629617929458618,2.6263606548309326,0.08874999731779099,0.09428571164608002
171,2.628365993499756,2.6262619495391846,0.09089285880327225,0.09571428596973419
172,2.626851797103882,2.6260480880737305,0.09196428209543228,0.10000000149011612
173,2.626795768737793,2.6258316040039062,0.08982142806053162,0.10000000149011612
174,2.6293928623199463,2.6256461143493652,0.09125000238418579,0.1014285683631897
175,2.6294498443603516,2.625579357147217,0.09214285761117935,0.09571428596973419
176,2.6299493312835693,2.625530481338501,0.09125000238418579,0.09142857044935226
177,2.626906633377075,2.625317335128784,0.09017857164144516,0.09714286029338837
178,2.626085042953491,2.6251754760742188,0.09339285641908646,0.09571428596973419
179,2.6257107257843018,2.6249663829803467,0.09357143193483353,0.09714286029338837
180,2.6251585483551025,2.624744176864624,0.09267856925725937,0.09428571164608002
181,2.6266865730285645,2.624620199203491,0.09196428209543228,0.09571428596973419
182,2.6265769004821777,2.6244924068450928,0.08857142925262451,0.09428571164608002
183,2.6264028549194336,2.6243090629577637,0.09125000238418579,0.09428571164608002
184,2.6268560886383057,2.6241841316223145,0.09232142567634583,0.09428571164608002
185,2.628547430038452,2.624096393585205,0.09303571283817291,0.09571428596973419
186,2.624087333679199,2.6239941120147705,0.09589285403490067,0.09285714477300644
187,2.626708745956421,2.6238820552825928,0.08982142806053162,0.09428571164608002
188,2.6253912448883057,2.6237633228302,0.08857142925262451,0.09571428596973419
189,2.625089406967163,2.6235721111297607,0.09321428835391998,0.09857142716646194
190,2.627004623413086,2.623457908630371,0.09285714477300644,0.09714286029338837
191,2.6254804134368896,2.623321533203125,0.09642857313156128,0.10000000149011612
192,2.627213478088379,2.6232423782348633,0.08892857283353806,0.09857142716646194
193,2.6285223960876465,2.6231234073638916,0.09000000357627869,0.09857142716646194
194,2.624498128890991,2.623044729232788,0.09803571552038193,0.09714286029338837
195,2.6258151531219482,2.6229569911956787,0.09107142686843872,0.09571428596973419
196,2.624196767807007,2.622793197631836,0.0969642847776413,0.09571428596973419
197,2.6252546310424805,2.6227028369903564,0.09267856925725937,0.09428571164608002
198,2.624570608139038,2.6225168704986572,0.0982142835855484,0.09571428596973419
199,2.6256356239318848,2.622417688369751,0.09357143193483353,0.09714286029338837
200,2.6252927780151367,2.6222198009490967,0.09142857044935226,0.09714286029338837
201,2.624086856842041,2.6221916675567627,0.0949999988079071,0.10000000149011612
202,2.6256215572357178,2.62204909324646,0.08767857402563095,0.1014285683631897
203,2.6275668144226074,2.6219687461853027,0.09392856806516647,0.10000000149011612
204,2.6254148483276367,2.6218674182891846,0.09357143193483353,0.1014285683631897
205,2.6242518424987793,2.621757745742798,0.09553571790456772,0.1014285683631897
206,2.625450372695923,2.62164568901062,0.09607142955064774,0.1014285683631897
207,2.623467445373535,2.6215314865112305,0.09839285910129547,0.09857142716646194
208,2.626772165298462,2.6215033531188965,0.09714286029338837,0.09714286029338837
209,2.6272549629211426,2.62143611907959,0.09678571671247482,0.09571428596973419
210,2.62443208694458,2.6213443279266357,0.09928571432828903,0.09571428596973419
211,2.6250078678131104,2.621234893798828,0.09017857164144516,0.09857142716646194
212,2.6233015060424805,2.6210837364196777,0.09589285403490067,0.09714286029338837
213,2.622143507003784,2.6209161281585693,0.0949999988079071,0.09571428596973419
214,2.6265981197357178,2.6208841800689697,0.08767857402563095,0.09857142716646194
215,2.6230669021606445,2.6208114624023438,0.0905357152223587,0.10000000149011612
216,2.623537302017212,2.6207659244537354,0.09928571432828903,0.1014285683631897
217,2.6229889392852783,2.6207034587860107,0.09357143193483353,0.10000000149011612
218,2.6232681274414062,2.6205756664276123,0.08857142925262451,0.1014285683631897
219,2.62349271774292,2.6204490661621094,0.09000000357627869,0.10285714268684387
220,2.621708869934082,2.6203174591064453,0.0949999988079071,0.10000000149011612
221,2.6232998371124268,2.6202094554901123,0.09375,0.09857142716646194
222,2.6246254444122314,2.620110034942627,0.09107142686843872,0.09857142716646194
223,2.623298168182373,2.6199846267700195,0.09892857074737549,0.10000000149011612
224,2.623990058898926,2.6199276447296143,0.09303571283817291,0.09857142716646194
225,2.6206789016723633,2.6198203563690186,0.09000000357627869,0.09571428596973419
226,2.6226983070373535,2.619729995727539,0.0949999988079071,0.09714286029338837
227,2.623840808868408,2.619605302810669,0.09125000238418579,0.09857142716646194
228,2.6247713565826416,2.619433641433716,0.09107142686843872,0.10000000149011612
229,2.6215226650238037,2.6193413734436035,0.09125000238418579,0.09857142716646194
230,2.6241838932037354,2.619234323501587,0.08874999731779099,0.1014285683631897
231,2.6216306686401367,2.619093894958496,0.09446428716182709,0.10000000149011612
232,2.6222386360168457,2.619001865386963,0.10232143104076385,0.09857142716646194
233,2.622311592102051,2.618831157684326,0.09428571164608002,0.10285714268684387
234,2.620814085006714,2.618769884109497,0.09232142567634583,0.09428571164608002
235,2.6223104000091553,2.6187541484832764,0.0982142835855484,0.09714286029338837
236,2.624539375305176,2.6186397075653076,0.10089285671710968,0.09714286029338837
237,2.6226282119750977,2.618544578552246,0.09642857313156128,0.10000000149011612
238,2.622282028198242,2.6184165477752686,0.09232142567634583,0.09857142716646194
239,2.6210756301879883,2.6183207035064697,0.0925000011920929,0.09714286029338837
240,2.620234489440918,2.6181681156158447,0.09589285403490067,0.09571428596973419
241,2.62129807472229,2.618091344833374,0.09517857432365417,0.09285714477300644
242,2.619828462600708,2.618006467819214,0.09428571164608002,0.09571428596973419
243,2.620094060897827,2.617910623550415,0.09267856925725937,0.09285714477300644
244,2.62262225151062,2.617823839187622,0.09553571790456772,0.09285714477300644
245,2.619931936264038,2.6176650524139404,0.09375,0.09142857044935226
246,2.6213490962982178,2.6175851821899414,0.09321428835391998,0.09428571164608002
247,2.621734142303467,2.6174895763397217,0.09624999761581421,0.09142857044935226
248,2.621739387512207,2.617464780807495,0.09571428596973419,0.08857142925262451
249,2.618804931640625,2.6173760890960693,0.10000000149011612,0.09142857044935226
