,loss,val_loss,accuracy,val_accuracy
0,2.707275152206421,2.702087640762329,0.06732142716646194,0.06285714358091354
1,2.702134370803833,2.6977672576904297,0.0758928582072258,0.0771428570151329
2,2.6979711055755615,2.6942403316497803,0.07732142508029938,0.07428571581840515
3,2.6945502758026123,2.6912481784820557,0.0746428593993187,0.07571428269147873
4,2.6916284561157227,2.688629388809204,0.07428571581840515,0.0771428570151329
5,2.689060926437378,2.6863040924072266,0.07642856985330582,0.0771428570151329
6,2.6867640018463135,2.684171438217163,0.07374999672174454,0.08285713940858841
7,2.684737205505371,2.682203531265259,0.07535714656114578,0.07857143133878708
8,2.6827173233032227,2.6803653240203857,0.0758928582072258,0.0771428570151329
9,2.6809778213500977,2.678654909133911,0.07446428388357162,0.07571428269147873
10,2.6792898178100586,2.677029609680176,0.07607142627239227,0.07571428269147873
11,2.677629232406616,2.675485372543335,0.07696428894996643,0.07571428269147873
12,2.6760473251342773,2.6740198135375977,0.07696428894996643,0.0771428570151329
13,2.6746938228607178,2.6726090908050537,0.07517857104539871,0.07571428269147873
14,2.6732962131500244,2.6712608337402344,0.0758928582072258,0.07571428269147873
15,2.671865224838257,2.669978380203247,0.07660714536905289,0.0771428570151329
16,2.670773506164551,2.668739080429077,0.07607142627239227,0.07571428269147873
17,2.6695382595062256,2.667543411254883,0.0758928582072258,0.07571428269147873
18,2.6682958602905273,2.666398286819458,0.07571428269147873,0.07428571581840515
19,2.6672275066375732,2.665287971496582,0.07571428269147873,0.07571428269147873
20,2.6661550998687744,2.664212465286255,0.07607142627239227,0.07285714149475098
21,2.6651246547698975,2.663166046142578,0.07803571224212646,0.07428571581840515
22,2.6641781330108643,2.6621642112731934,0.07892857491970062,0.07571428269147873
23,2.663167953491211,2.6612091064453125,0.07732142508029938,0.07428571581840515
24,2.662212610244751,2.6602842807769775,0.07732142508029938,0.0771428570151329
25,2.6613118648529053,2.6593801975250244,0.07625000178813934,0.07428571581840515
26,2.660499334335327,2.6585018634796143,0.0803571417927742,0.0771428570151329
27,2.6596922874450684,2.6576435565948486,0.08017857372760773,0.0771428570151329
28,2.6588430404663086,2.656827688217163,0.07857143133878708,0.0771428570151329
29,2.6581029891967773,2.656027317047119,0.07928571105003357,0.07857143133878708
30,2.657273054122925,2.6552493572235107,0.0816071406006813,0.07857143133878708
31,2.656616449356079,2.6544883251190186,0.08017857372760773,0.07571428269147873
32,2.655874490737915,2.653764009475708,0.08142857253551483,0.07857143133878708
33,2.655118227005005,2.6530637741088867,0.0803571417927742,0.07857143133878708
34,2.6544301509857178,2.6523659229278564,0.08303571492433548,0.08142857253551483
35,2.6538689136505127,2.6517062187194824,0.0816071406006813,0.08285713940858841
36,2.6531755924224854,2.6510651111602783,0.0835714265704155,0.08428571373224258
37,2.652588367462158,2.650425672531128,0.08339285850524902,0.08285713940858841
38,2.6519739627838135,2.6498048305511475,0.08428571373224258,0.0771428570151329
39,2.6513760089874268,2.649202346801758,0.08392857015132904,0.07857143133878708
40,2.6507997512817383,2.648625373840332,0.08375000208616257,0.08285713940858841
41,2.6503148078918457,2.6480491161346436,0.0848214253783226,0.08142857253551483
42,2.6497273445129395,2.6474814414978027,0.08517856895923615,0.07999999821186066
43,2.6491482257843018,2.6469366550445557,0.08446428924798965,0.07857143133878708
44,2.64865779876709,2.646418333053589,0.08410714566707611,0.08428571373224258
45,2.6482043266296387,2.6458969116210938,0.08375000208616257,0.08285713940858841
46,2.6477322578430176,2.645373582839966,0.08517856895923615,0.08428571373224258
47,2.647237777709961,2.644880533218384,0.08642856776714325,0.09000000357627869
48,2.646752119064331,2.6443910598754883,0.08464285731315613,0.09142857044935226
49,2.646324634552002,2.6439085006713867,0.08714285492897034,0.09142857044935226
50,2.6458635330200195,2.6434412002563477,0.08553571254014969,0.09571428596973419
51,2.6454505920410156,2.642960548400879,0.0835714265704155,0.09428571164608002
52,2.645096778869629,2.6424973011016846,0.08749999850988388,0.09571428596973419
53,2.644653797149658,2.642045736312866,0.08624999970197678,0.09428571164608002
54,2.6441919803619385,2.641608715057373,0.08642856776714325,0.09285714477300644
55,2.643817663192749,2.6412007808685303,0.0848214253783226,0.09285714477300644
56,2.6433346271514893,2.6407787799835205,0.08410714566707611,0.09285714477300644
57,2.6429176330566406,2.640364408493042,0.08500000089406967,0.09714286029338837
58,2.6426093578338623,2.6399590969085693,0.08571428805589676,0.09571428596973419
59,2.6422059535980225,2.639552116394043,0.08303571492433548,0.09428571164608002
60,2.641841411590576,2.639158010482788,0.08464285731315613,0.09571428596973419
61,2.641493797302246,2.6387665271759033,0.0867857113480568,0.10428571701049805
62,2.6411802768707275,2.638374090194702,0.0867857113480568,0.10428571701049805
63,2.6408445835113525,2.6379828453063965,0.08749999850988388,0.09857142716646194
64,2.64040470123291,2.6376044750213623,0.08696428686380386,0.10000000149011612
65,2.640104293823242,2.6372129917144775,0.08696428686380386,0.09714286029338837
66,2.639671564102173,2.6368300914764404,0.08839285373687744,0.09428571164608002
67,2.639356851577759,2.6364493370056152,0.08696428686380386,0.09142857044935226
68,2.639045476913452,2.636078119277954,0.08714285492897034,0.09428571164608002
69,2.638678550720215,2.6357059478759766,0.08446428924798965,0.09285714477300644
70,2.638303518295288,2.6353366374969482,0.08392857015132904,0.09714286029338837
71,2.6379752159118652,2.634977340698242,0.08410714566707611,0.10000000149011612
72,2.6377007961273193,2.634603977203369,0.08660714328289032,0.09857142716646194
73,2.63728666305542,2.634239435195923,0.0867857113480568,0.09714286029338837
74,2.6370933055877686,2.63387393951416,0.08642856776714325,0.10285714268684387
75,2.6367695331573486,2.6335220336914062,0.08589285612106323,0.1014285683631897
76,2.6364328861236572,2.6331748962402344,0.08571428805589676,0.1014285683631897
77,2.6360819339752197,2.6328203678131104,0.08910714089870453,0.10285714268684387
78,2.63584041595459,2.632473945617676,0.08642856776714325,0.1014285683631897
79,2.635484218597412,2.6321206092834473,0.08410714566707611,0.1014285683631897
80,2.6351523399353027,2.631772518157959,0.08821428567171097,0.09857142716646194
81,2.6348795890808105,2.6314327716827393,0.08767857402563095,0.09428571164608002
82,2.6345739364624023,2.6310882568359375,0.08732143044471741,0.09285714477300644
83,2.634206771850586,2.630747079849243,0.0848214253783226,0.09571428596973419
84,2.6339168548583984,2.6304070949554443,0.08767857402563095,0.09428571164608002
85,2.6336042881011963,2.6300699710845947,0.08821428567171097,0.09285714477300644
86,2.6332590579986572,2.6297190189361572,0.08464285731315613,0.09428571164608002
87,2.6329541206359863,2.629385471343994,0.0892857164144516,0.09285714477300644
88,2.6326730251312256,2.629046678543091,0.08624999970197678,0.09000000357627869
89,2.63236403465271,2.6286771297454834,0.08732143044471741,0.09000000357627869
90,2.63201642036438,2.6283199787139893,0.08785714209079742,0.09285714477300644
91,2.631786346435547,2.627976179122925,0.08839285373687744,0.09285714477300644
92,2.6314780712127686,2.6276350021362305,0.08767857402563095,0.09000000357627869
93,2.631131649017334,2.627291440963745,0.08821428567171097,0.08857142925262451
94,2.6307504177093506,2.626938581466675,0.09303571283817291,0.08857142925262451
95,2.630484104156494,2.6265971660614014,0.08749999850988388,0.08857142925262451
96,2.6302506923675537,2.626241445541382,0.09035713970661163,0.09142857044935226
97,2.629948377609253,2.6259090900421143,0.08785714209079742,0.08571428805589676
98,2.6296043395996094,2.625551462173462,0.08982142806053162,0.08714285492897034
99,2.6293752193450928,2.6252188682556152,0.08749999850988388,0.08714285492897034
100,2.629040241241455,2.6248767375946045,0.08839285373687744,0.09000000357627869
101,2.6287498474121094,2.6245322227478027,0.08982142806053162,0.08714285492897034
102,2.628453493118286,2.6241867542266846,0.09303571283817291,0.08571428805589676
103,2.6281652450561523,2.623863697052002,0.09267856925725937,0.08714285492897034
104,2.627861499786377,2.623516082763672,0.08964285999536514,0.08714285492897034
105,2.6275320053100586,2.623185396194458,0.08874999731779099,0.08571428805589676
106,2.6271445751190186,2.6228435039520264,0.09017857164144516,0.08571428805589676
107,2.626924753189087,2.622523546218872,0.09214285761117935,0.08714285492897034
108,2.626793146133423,2.6222000122070312,0.09071428328752518,0.08857142925262451
109,2.6264264583587646,2.6218788623809814,0.09285714477300644,0.08571428805589676
110,2.626061201095581,2.621554136276245,0.09303571283817291,0.08714285492897034
111,2.625821113586426,2.621246576309204,0.09035713970661163,0.08857142925262451
112,2.6255929470062256,2.6209309101104736,0.09178571403026581,0.08857142925262451
113,2.625112533569336,2.620600938796997,0.09035713970661163,0.08857142925262451
114,2.6249570846557617,2.620277166366577,0.09196428209543228,0.08714285492897034
115,2.624579906463623,2.6199610233306885,0.08982142806053162,0.08571428805589676
116,2.6243679523468018,2.619633913040161,0.0905357152223587,0.08714285492897034
117,2.624253988265991,2.619328260421753,0.09000000357627869,0.08714285492897034
118,2.623929977416992,2.619025468826294,0.09196428209543228,0.08857142925262451
119,2.6235811710357666,2.61873459815979,0.09035713970661163,0.08857142925262451
120,2.6232073307037354,2.618438482284546,0.09321428835391998,0.09000000357627869
121,2.622995615005493,2.6181411743164062,0.09285714477300644,0.09000000357627869
122,2.622791051864624,2.617875814437866,0.09071428328752518,0.08857142925262451
123,2.622594118118286,2.617609977722168,0.09339285641908646,0.08714285492897034
124,2.6223671436309814,2.6173243522644043,0.09017857164144516,0.08428571373224258
125,2.6219804286956787,2.617032051086426,0.09071428328752518,0.08428571373224258
126,2.6218183040618896,2.6167643070220947,0.09196428209543228,0.07999999821186066
127,2.621439218521118,2.6164920330047607,0.09160714596509933,0.08285713940858841
128,2.6212072372436523,2.616243600845337,0.09035713970661163,0.08142857253551483
129,2.621018409729004,2.6159656047821045,0.09339285641908646,0.08571428805589676
130,2.6207549571990967,2.615708827972412,0.09357143193483353,0.08571428805589676
131,2.6204304695129395,2.6154422760009766,0.09410714358091354,0.08428571373224258
132,2.620326042175293,2.6151907444000244,0.0925000011920929,0.08571428805589676
133,2.6201014518737793,2.6149537563323975,0.09125000238418579,0.08571428805589676
134,2.6198179721832275,2.614719867706299,0.09517857432365417,0.08428571373224258
135,2.619657516479492,2.6144983768463135,0.0949999988079071,0.08571428805589676
136,2.6193301677703857,2.6142578125,0.09482143074274063,0.08571428805589676
137,2.618973731994629,2.614013195037842,0.09160714596509933,0.08571428805589676
138,2.6189730167388916,2.6137962341308594,0.09089285880327225,0.08428571373224258
139,2.6188995838165283,2.613586664199829,0.09607142955064774,0.08571428805589676
140,2.618640661239624,2.613384485244751,0.09214285761117935,0.08714285492897034
141,2.6182196140289307,2.613187074661255,0.09517857432365417,0.08714285492897034
142,2.6180765628814697,2.612985610961914,0.0925000011920929,0.08571428805589676
143,2.6178324222564697,2.6127781867980957,0.09464285522699356,0.08857142925262451
144,2.617746591567993,2.612581253051758,0.0949999988079071,0.08571428805589676
145,2.6175830364227295,2.6123878955841064,0.09624999761581421,0.08571428805589676
146,2.617128610610962,2.6121904850006104,0.09446428716182709,0.08714285492897034
147,2.6171038150787354,2.6120152473449707,0.09375,0.08857142925262451
148,2.616994619369507,2.6118524074554443,0.09392856806516647,0.09000000357627869
149,2.616779088973999,2.611696720123291,0.09375,0.08857142925262451
150,2.6165990829467773,2.6115353107452393,0.09392856806516647,0.08857142925262451
151,2.61659836769104,2.611377239227295,0.09392856806516647,0.08857142925262451
152,2.6160800457000732,2.6112120151519775,0.09321428835391998,0.09000000357627869
153,2.6160380840301514,2.6110680103302,0.09285714477300644,0.08857142925262451
154,2.6158766746520996,2.610910654067993,0.09571428596973419,0.08714285492897034
155,2.6156091690063477,2.610755205154419,0.09803571552038193,0.09000000357627869
156,2.615525960922241,2.610600709915161,0.09303571283817291,0.09000000357627869
157,2.6154298782348633,2.6104507446289062,0.09410714358091354,0.08857142925262451
158,2.615234851837158,2.610304355621338,0.09553571790456772,0.09000000357627869
159,2.615016460418701,2.6101572513580322,0.09732142835855484,0.08857142925262451
160,2.6150217056274414,2.6100270748138428,0.09232142567634583,0.08714285492897034
161,2.614602565765381,2.609896659851074,0.09517857432365417,0.08857142925262451
162,2.6145575046539307,2.6097960472106934,0.09428571164608002,0.08857142925262451
163,2.6143927574157715,2.6096746921539307,0.09375,0.09000000357627869
164,2.614438772201538,2.6095492839813232,0.0925000011920929,0.08714285492897034
165,2.614237070083618,2.6094305515289307,0.0949999988079071,0.08714285492897034
166,2.6141088008880615,2.609327554702759,0.09339285641908646,0.08571428805589676
167,2.6141226291656494,2.6092255115509033,0.09624999761581421,0.08571428805589676
168,2.6136362552642822,2.609137773513794,0.09339285641908646,0.08857142925262451
169,2.613492727279663,2.6090385913848877,0.09571428596973419,0.08571428805589676
170,2.613508939743042,2.6089236736297607,0.09714286029338837,0.08571428805589676
171,2.613403558731079,2.6088178157806396,0.09375,0.08714285492897034
172,2.6131458282470703,2.6087045669555664,0.09910714626312256,0.08714285492897034
173,2.6130104064941406,2.6085963249206543,0.0949999988079071,0.08571428805589676
174,2.6129236221313477,2.608506917953491,0.09535714238882065,0.08714285492897034
175,2.612841844558716,2.608402729034424,0.09428571164608002,0.08714285492897034
176,2.6126909255981445,2.608309030532837,0.09714286029338837,0.08714285492897034
177,2.6126747131347656,2.608227491378784,0.09749999642372131,0.08714285492897034
178,2.612478494644165,2.608147144317627,0.09428571164608002,0.08714285492897034
179,2.61224102973938,2.608042001724243,0.09589285403490067,0.08714285492897034
180,2.6121838092803955,2.6079633235931396,0.09767857193946838,0.08714285492897034
181,2.612133026123047,2.6078877449035645,0.09535714238882065,0.08714285492897034
182,2.6119284629821777,2.6078104972839355,0.09535714238882065,0.08857142925262451
183,2.611725091934204,2.607710838317871,0.09732142835855484,0.08857142925262451
184,2.611760377883911,2.6076343059539795,0.09607142955064774,0.08571428805589676
185,2.6115429401397705,2.6075751781463623,0.09517857432365417,0.08714285492897034
186,2.6115806102752686,2.607496976852417,0.09535714238882065,0.08571428805589676
187,2.6114988327026367,2.6074445247650146,0.09446428716182709,0.08571428805589676
188,2.6114113330841064,2.60737681388855,0.09517857432365417,0.08714285492897034
189,2.610990285873413,2.607283353805542,0.09642857313156128,0.08714285492897034
190,2.6111440658569336,2.6072187423706055,0.09214285761117935,0.08857142925262451
191,2.6109418869018555,2.607142925262451,0.09339285641908646,0.09000000357627869
192,2.6109960079193115,2.60707950592041,0.09464285522699356,0.09000000357627869
193,2.61055064201355,2.607006788253784,0.09267856925725937,0.08857142925262451
194,2.61071515083313,2.606966257095337,0.09357143193483353,0.08857142925262451
195,2.610428810119629,2.6068954467773438,0.09839285910129547,0.08714285492897034
196,2.6103298664093018,2.60685133934021,0.09464285522699356,0.09000000357627869
197,2.610459566116333,2.6067943572998047,0.09553571790456772,0.09142857044935226
198,2.610238790512085,2.6067285537719727,0.09428571164608002,0.09142857044935226
199,2.610424518585205,2.606686592102051,0.09517857432365417,0.09000000357627869
200,2.6101272106170654,2.606618642807007,0.09785714000463486,0.08857142925262451
201,2.6101620197296143,2.6065561771392822,0.09285714477300644,0.08714285492897034
202,2.6098461151123047,2.606492280960083,0.09267856925725937,0.08714285492897034
203,2.6098904609680176,2.6064398288726807,0.09767857193946838,0.08714285492897034
204,2.609720230102539,2.6063849925994873,0.09714286029338837,0.08714285492897034
205,2.6095221042633057,2.606333017349243,0.0969642847776413,0.09000000357627869
206,2.6092827320098877,2.6062734127044678,0.0969642847776413,0.08857142925262451
207,2.609502077102661,2.6062304973602295,0.09267856925725937,0.08857142925262451
208,2.6094229221343994,2.6061718463897705,0.09803571552038193,0.09000000357627869
209,2.6090142726898193,2.6060991287231445,0.09964285790920258,0.08857142925262451
210,2.6091501712799072,2.6060445308685303,0.0982142835855484,0.09000000357627869
211,2.6091206073760986,2.6060051918029785,0.09660714119672775,0.08857142925262451
212,2.6088221073150635,2.605938196182251,0.09749999642372131,0.09000000357627869
213,2.6090309619903564,2.605912446975708,0.09517857432365417,0.08857142925262451
214,2.60892653465271,2.605839967727661,0.09714286029338837,0.09142857044935226
215,2.608529567718506,2.6057918071746826,0.09339285641908646,0.09142857044935226
216,2.6089026927948,2.60575008392334,0.09857142716646194,0.08714285492897034
217,2.608569860458374,2.605700731277466,0.09464285522699356,0.08857142925262451
218,2.6084673404693604,2.6056578159332275,0.0969642847776413,0.08857142925262451
219,2.6083505153656006,2.605595350265503,0.09624999761581421,0.09000000357627869
220,2.6081759929656982,2.6055727005004883,0.09553571790456772,0.09142857044935226
221,2.6083528995513916,2.605517864227295,0.09839285910129547,0.09000000357627869
222,2.608248472213745,2.605501651763916,0.09446428716182709,0.09142857044935226
223,2.607870578765869,2.605449914932251,0.0982142835855484,0.09000000357627869
224,2.6080150604248047,2.6053695678710938,0.09589285403490067,0.09000000357627869
225,2.6078433990478516,2.605323553085327,0.0982142835855484,0.09142857044935226
226,2.607579469680786,2.6052772998809814,0.09785714000463486,0.09714286029338837
227,2.6077003479003906,2.6052396297454834,0.09410714358091354,0.09571428596973419
228,2.607818603515625,2.6051814556121826,0.09517857432365417,0.09142857044935226
229,2.6074724197387695,2.60514760017395,0.09678571671247482,0.09142857044935226
230,2.607516288757324,2.6051104068756104,0.09803571552038193,0.09142857044935226
231,2.6071314811706543,2.605053186416626,0.0982142835855484,0.09142857044935226
232,2.6071622371673584,2.605006217956543,0.09857142716646194,0.09142857044935226
233,2.606980800628662,2.604973316192627,0.09624999761581421,0.09142857044935226
234,2.6072046756744385,2.604931592941284,0.09624999761581421,0.09142857044935226
235,2.6070616245269775,2.6048760414123535,0.0969642847776413,0.09000000357627869
236,2.6071860790252686,2.604853630065918,0.09857142716646194,0.08857142925262451
237,2.6068191528320312,2.604811191558838,0.09857142716646194,0.09142857044935226
238,2.6068310737609863,2.6047983169555664,0.09535714238882065,0.09142857044935226
239,2.6070005893707275,2.604762315750122,0.0969642847776413,0.09142857044935226
240,2.6068294048309326,2.604717254638672,0.0982142835855484,0.09142857044935226
241,2.60662579536438,2.6046791076660156,0.10017856955528259,0.09000000357627869
242,2.606576919555664,2.6046361923217773,0.09785714000463486,0.09000000357627869
243,2.606562614440918,2.6045875549316406,0.09875000268220901,0.09285714477300644
244,2.6061151027679443,2.6045544147491455,0.09767857193946838,0.09000000357627869
245,2.60636305809021,2.604495048522949,0.09982142597436905,0.09142857044935226
246,2.606194257736206,2.6044483184814453,0.0982142835855484,0.09285714477300644
247,2.6061766147613525,2.6043834686279297,0.10214285552501678,0.09714286029338837
248,2.6058359146118164,2.6043570041656494,0.09749999642372131,0.09571428596973419
249,2.6059420108795166,2.604321241378784,0.10125000029802322,0.09571428596973419
