,loss,val_loss,accuracy,val_accuracy
0,2.670534133911133,2.6232757568359375,0.07642856985330582,0.08857142925262451
1,2.6096627712249756,2.5505211353302,0.10875000059604645,0.1014285683631897
2,2.4489614963531494,2.370962142944336,0.14321428537368774,0.17428570985794067
3,2.299424648284912,2.222971200942993,0.1701785773038864,0.19857142865657806
4,2.166564702987671,2.1018378734588623,0.22232143580913544,0.2557142972946167
5,2.034435510635376,1.9408849477767944,0.27267858386039734,0.345714271068573
6,1.8538070917129517,1.7480792999267578,0.32303571701049805,0.3557142913341522
7,1.7455486059188843,1.6396030187606812,0.35374999046325684,0.39142856001853943
8,1.6362313032150269,1.5921443700790405,0.40214285254478455,0.3700000047683716
9,1.5545780658721924,1.4735592603683472,0.41982144117355347,0.4528571367263794
10,1.4751372337341309,1.4190489053726196,0.45767858624458313,0.488571435213089
11,1.431152105331421,1.381730556488037,0.47035714983940125,0.477142870426178
12,1.3620221614837646,1.7595438957214355,0.49214285612106323,0.43142858147621155
13,1.3941943645477295,1.308383822441101,0.4923214316368103,0.5185714364051819
14,1.317015528678894,1.2852672338485718,0.5162500143051147,0.5314285755157471
15,1.2518601417541504,1.2434418201446533,0.5350000262260437,0.5442857146263123
16,1.2393444776535034,1.2209216356277466,0.533214271068573,0.5542857050895691
17,1.1948246955871582,1.1952487230300903,0.558571457862854,0.5885714292526245
18,1.1562598943710327,1.1821531057357788,0.5712500214576721,0.5899999737739563
19,1.1357276439666748,1.2054387331008911,0.576964259147644,0.5857142806053162
20,1.0946592092514038,1.1779550313949585,0.5916071534156799,0.604285717010498
21,1.0654069185256958,1.1380971670150757,0.6058928370475769,0.6257143020629883
22,1.0757168531417847,1.177346110343933,0.6108928322792053,0.6142857074737549
23,1.0600146055221558,1.1284972429275513,0.6066071391105652,0.618571400642395
24,1.0523278713226318,1.1194690465927124,0.612678587436676,0.6514285802841187
25,1.0369069576263428,1.1382718086242676,0.6219642758369446,0.6299999952316284
26,1.0077942609786987,1.1074477434158325,0.6392857432365417,0.6485714316368103
27,0.9809211492538452,1.1885918378829956,0.6369642615318298,0.6200000047683716
28,1.0681692361831665,1.2869336605072021,0.6123214364051819,0.5799999833106995
29,1.1513383388519287,1.1580030918121338,0.5878571271896362,0.604285717010498
30,1.026847004890442,1.0498522520065308,0.6225000023841858,0.6385714411735535
31,0.9723802804946899,1.03195059299469,0.6449999809265137,0.6499999761581421
32,0.9417842626571655,1.0823098421096802,0.6617857217788696,0.6600000262260437
33,0.9169741272926331,1.066196322441101,0.6678571701049805,0.6557142734527588
34,0.9213037490844727,1.0411803722381592,0.6585714221000671,0.6557142734527588
35,0.9364374279975891,1.0882863998413086,0.6658928394317627,0.6614285707473755
36,0.9352102279663086,1.0869897603988647,0.6641071438789368,0.6528571248054504
37,0.8962368369102478,1.0188720226287842,0.6651785969734192,0.6814285516738892
38,0.9088245034217834,1.0596131086349487,0.6757143139839172,0.6585714221000671
39,0.8933566808700562,1.042993187904358,0.677142858505249,0.6742857098579407
40,0.8874950408935547,1.0429726839065552,0.6710714101791382,0.6499999761581421
41,0.862543523311615,1.0419297218322754,0.6871428489685059,0.6571428775787354
42,0.8488649725914001,1.024276614189148,0.6944642663002014,0.6614285707473755
43,0.835357129573822,1.0473695993423462,0.6992856860160828,0.6714285612106323
44,0.8360380530357361,1.0297605991363525,0.7026785612106323,0.668571412563324
45,0.854081392288208,1.049137830734253,0.691428542137146,0.6628571152687073
46,0.8778379559516907,1.1003762483596802,0.6800000071525574,0.668571412563324
47,0.8504951000213623,1.0964298248291016,0.6926785707473755,0.6828571557998657
48,0.9350683093070984,1.0776028633117676,0.6716071367263794,0.6642857193946838
49,0.882014274597168,1.0582462549209595,0.6891071200370789,0.6828571557998657
50,0.8479114770889282,1.085653305053711,0.7048214077949524,0.6828571557998657
51,0.9095834493637085,1.0612245798110962,0.6808928847312927,0.6728571653366089
52,0.8699885010719299,1.001118779182434,0.6853571534156799,0.6885714530944824
53,0.8207706212997437,1.0229512453079224,0.7060714364051819,0.6985714435577393
54,0.7975779175758362,1.0084224939346313,0.714821457862854,0.6857143044471741
55,0.7969115972518921,1.09320068359375,0.7178571224212646,0.6828571557998657
56,0.7618262767791748,1.0086135864257812,0.7278571724891663,0.699999988079071
57,0.7823252081871033,1.053949236869812,0.7201785445213318,0.6857143044471741
58,0.9236183762550354,1.1336838006973267,0.6819642782211304,0.6628571152687073
59,0.8776458501815796,1.1045842170715332,0.6953571438789368,0.6714285612106323
60,0.8721040487289429,1.0535780191421509,0.689464271068573,0.668571412563324
61,0.809844970703125,1.0468963384628296,0.7162500023841858,0.6700000166893005
62,0.7965065240859985,1.023452639579773,0.7153571248054504,0.6814285516738892
63,0.7784002423286438,1.0763795375823975,0.7260714173316956,0.6742857098579407
64,0.7500555515289307,1.1644799709320068,0.7335714101791382,0.6700000166893005
65,0.9082901477813721,1.2991182804107666,0.7037500143051147,0.6200000047683716
66,0.9052738547325134,1.0088372230529785,0.6826785802841187,0.6942856907844543
67,0.8336142897605896,1.0373631715774536,0.7057142853736877,0.6785714030265808
68,0.7819942235946655,1.0643151998519897,0.7250000238418579,0.6971428394317627
69,0.7517722845077515,1.1701076030731201,0.7305356860160828,0.6871428489685059
70,0.7747117877006531,1.0516430139541626,0.7323214411735535,0.6657142639160156
71,0.7714223861694336,1.078311800956726,0.7203571200370789,0.6985714435577393
72,0.7353795766830444,1.050468921661377,0.7437499761581421,0.6871428489685059
73,0.7162904143333435,1.0619508028030396,0.746071457862854,0.6899999976158142
74,0.9847612380981445,1.2447097301483154,0.6728571653366089,0.5928571224212646
75,1.04039466381073,1.1414122581481934,0.6398214101791382,0.6757143139839172
76,0.8795537948608398,1.1218376159667969,0.6860714554786682,0.7099999785423279
77,0.8047725558280945,1.0709260702133179,0.7189285755157471,0.6957142949104309
78,0.7814480066299438,1.0183889865875244,0.7242857217788696,0.7028571367263794
79,0.7593882083892822,1.017039179801941,0.7335714101791382,0.6928571462631226
80,0.7194693684577942,0.9987270832061768,0.7491071224212646,0.7071428298950195
81,0.7111996412277222,1.1318010091781616,0.7505357265472412,0.6928571462631226
82,0.8030821084976196,1.1260548830032349,0.7308928370475769,0.6885714530944824
83,0.7605348825454712,1.048966884613037,0.7485714554786682,0.699999988079071
84,0.7391998767852783,1.0137180089950562,0.7371428608894348,0.6957142949104309
85,0.7170214653015137,1.1093783378601074,0.7516071200370789,0.6928571462631226
86,0.7414206862449646,1.064346432685852,0.7385714054107666,0.677142858505249
87,0.753603994846344,1.1552232503890991,0.737678587436676,0.691428542137146
88,0.7798521518707275,1.0621188879013062,0.7278571724891663,0.6814285516738892
89,0.7647354602813721,1.039716124534607,0.737678587436676,0.7085714340209961
90,0.7833269238471985,1.043000340461731,0.7326785922050476,0.6942856907844543
91,0.7498359680175781,1.1260453462600708,0.7389285564422607,0.6700000166893005
92,0.7647316455841064,1.0762156248092651,0.7317857146263123,0.7014285922050476
93,0.7043971419334412,1.098873257637024,0.7524999976158142,0.699999988079071
94,0.7041265368461609,1.1026912927627563,0.7576785683631897,0.6957142949104309
95,0.7063736915588379,1.0840648412704468,0.7558928728103638,0.7028571367263794
96,0.6714440584182739,1.051012635231018,0.7657142877578735,0.7014285922050476
97,0.6530205607414246,1.1629654169082642,0.7767857313156128,0.7057142853736877
98,0.6687607169151306,1.0901637077331543,0.7703571319580078,0.699999988079071
99,0.6846327781677246,1.1236628293991089,0.7635714411735535,0.6985714435577393
100,0.7267968058586121,1.1321114301681519,0.7546428442001343,0.7014285922050476
101,0.7272255420684814,1.1701020002365112,0.7535714507102966,0.6942856907844543
102,0.7490786910057068,1.0668376684188843,0.7419642806053162,0.6814285516738892
103,0.6909682750701904,1.060712456703186,0.7599999904632568,0.691428542137146
104,0.7042802572250366,1.0799733400344849,0.756428599357605,0.6971428394317627
105,0.7278900146484375,1.3794230222702026,0.7571428418159485,0.6471428275108337
106,0.9262351393699646,1.1615417003631592,0.6921428442001343,0.6585714221000671
107,0.8149526119232178,1.0328716039657593,0.7267857193946838,0.6942856907844543
108,0.7460231781005859,1.0458520650863647,0.7419642806053162,0.6942856907844543
109,0.728937566280365,1.1052987575531006,0.7491071224212646,0.704285740852356
110,0.673759400844574,1.1117801666259766,0.7649999856948853,0.6942856907844543
111,0.7828041315078735,1.1223984956741333,0.7330357432365417,0.6700000166893005
112,0.8076124787330627,1.0610233545303345,0.7203571200370789,0.699999988079071
113,0.7432544827461243,1.1487749814987183,0.7533928751945496,0.677142858505249
114,0.7404879927635193,1.0689727067947388,0.7516071200370789,0.6928571462631226
115,0.690211832523346,1.0942035913467407,0.7705357074737549,0.7114285826683044
116,0.7026153206825256,1.1858292818069458,0.7532142996788025,0.7071428298950195
117,0.7379311919212341,1.0734843015670776,0.7401785850524902,0.7185714244842529
118,0.7170129418373108,1.130935549736023,0.7492856979370117,0.6985714435577393
119,0.6666192412376404,1.0463467836380005,0.7760714292526245,0.7057142853736877
120,0.6661328673362732,1.1346114873886108,0.7696428298950195,0.7057142853736877
121,0.6597622036933899,1.0986356735229492,0.7717857360839844,0.7157142758369446
122,0.6625884771347046,1.1702007055282593,0.7692857384681702,0.6985714435577393
123,0.6448239684104919,1.246484637260437,0.7814285755157471,0.6928571462631226
124,0.6456127762794495,1.1956934928894043,0.7751785516738892,0.7014285922050476
125,0.6475252509117126,1.2342547178268433,0.7730357050895691,0.691428542137146
126,0.7139459252357483,1.1826422214508057,0.7560714483261108,0.6957142949104309
127,0.6705077886581421,1.211605191230774,0.7651785612106323,0.7071428298950195
128,0.6283231377601624,1.126550316810608,0.7805356979370117,0.6985714435577393
129,0.6661271452903748,1.097001314163208,0.7744643092155457,0.704285740852356
130,0.6807393431663513,1.1234818696975708,0.7683928608894348,0.6957142949104309
131,0.6749584674835205,1.1202189922332764,0.7653571367263794,0.7114285826683044
132,0.688166081905365,1.1186553239822388,0.7594642639160156,0.6985714435577393
133,0.6757433414459229,1.1337209939956665,0.7653571367263794,0.7157142758369446
134,0.7209439873695374,1.1556843519210815,0.7555357217788696,0.6928571462631226
135,0.6766607761383057,1.3638801574707031,0.768928587436676,0.6271428465843201
136,0.9513489007949829,1.0483359098434448,0.6846428513526917,0.7114285826683044
137,0.9508892297744751,1.123184323310852,0.6930357217788696,0.6528571248054504
138,0.8788402080535889,1.0229746103286743,0.7066071629524231,0.7028571367263794
139,0.8050212860107422,1.0750806331634521,0.7325000166893005,0.7128571271896362
140,0.807349443435669,1.107309341430664,0.7257142663002014,0.7028571367263794
141,0.7320966124534607,1.0103305578231812,0.7526785731315613,0.7157142758369446
142,0.6940562725067139,1.1514993906021118,0.7607142925262451,0.7171428799629211
143,0.6868678331375122,1.076487421989441,0.7658928632736206,0.7114285826683044
144,0.6829442977905273,1.1218615770339966,0.7580357193946838,0.704285740852356
145,0.6561184525489807,1.0435631275177002,0.7716071605682373,0.7242857217788696
146,0.6161105036735535,1.1142903566360474,0.7862499952316284,0.7114285826683044
147,0.6171888709068298,1.1335279941558838,0.789821445941925,0.7099999785423279
148,1.3701306581497192,1.4059361219406128,0.6258928775787354,0.5400000214576721
149,1.1388226747512817,1.0949710607528687,0.6150000095367432,0.6742857098579407
150,0.884468138217926,1.021030306816101,0.6971428394317627,0.7028571367263794
151,0.7888575196266174,1.0346858501434326,0.7321428656578064,0.7014285922050476
152,0.7496985793113708,1.0129162073135376,0.746071457862854,0.7028571367263794
153,0.6885638236999512,1.0775266885757446,0.7633928656578064,0.691428542137146
154,0.6611949801445007,1.127387523651123,0.7719643115997314,0.7099999785423279
155,0.6714414358139038,0.9909629225730896,0.7721428275108337,0.7142857313156128
156,0.6715560555458069,1.0478593111038208,0.7653571367263794,0.7085714340209961
157,0.6394515633583069,1.0732817649841309,0.7753571271896362,0.7185714244842529
158,0.6265550851821899,1.062302827835083,0.7853571176528931,0.7142857313156128
159,0.6310673356056213,1.207345962524414,0.7875000238418579,0.6857143044471741
160,0.7656271457672119,1.1091220378875732,0.7478571534156799,0.7028571367263794
161,0.6952698230743408,1.0838128328323364,0.7558928728103638,0.7142857313156128
162,0.6542472243309021,1.103333592414856,0.7730357050895691,0.6899999976158142
163,0.6344143748283386,1.1249792575836182,0.7846428751945496,0.7085714340209961
164,0.6190062165260315,1.1457384824752808,0.789821445941925,0.6899999976158142
165,0.6158704161643982,1.1359833478927612,0.7892857193946838,0.699999988079071
166,0.6089827418327332,1.1453298330307007,0.7900000214576721,0.704285740852356
167,0.6337277889251709,1.1465526819229126,0.7869642972946167,0.6871428489685059
168,0.6408992409706116,1.1310189962387085,0.7782142758369446,0.7157142758369446
169,0.6259602308273315,1.1489485502243042,0.7830356955528259,0.7071428298950195
170,0.724083662033081,1.1342551708221436,0.7532142996788025,0.6971428394317627
171,1.5340927839279175,5.599698543548584,0.6114285588264465,0.1128571406006813
172,3.8173723220825195,2.191455364227295,0.13214285671710968,0.28142857551574707
173,2.327141761779785,1.9274975061416626,0.22178570926189423,0.3685714304447174
174,2.0924558639526367,1.8104872703552246,0.2858928442001343,0.4300000071525574
175,1.946527123451233,1.7156018018722534,0.32249999046325684,0.45571428537368774
176,1.8354660272598267,1.645764708518982,0.36892858147621155,0.488571435213089
177,1.7474379539489746,1.590010166168213,0.39500001072883606,0.4942857027053833
178,1.6539276838302612,1.5408097505569458,0.4203571379184723,0.5257142782211304
179,1.597773790359497,1.5089555978775024,0.4414285719394684,0.5285714268684387
180,1.5387970209121704,1.439090371131897,0.45321428775787354,0.550000011920929
181,1.4920989274978638,1.4173299074172974,0.48124998807907104,0.5471428632736206
182,1.4470553398132324,1.3675880432128906,0.4966071546077728,0.5671428442001343
183,1.406438946723938,1.3372325897216797,0.5082142949104309,0.581428587436676
184,1.3671704530715942,1.3159407377243042,0.5199999809265137,0.5842857360839844
185,1.3511173725128174,1.2718219757080078,0.5296428799629211,0.5899999737739563
186,1.312807321548462,1.2529926300048828,0.5401785969734192,0.6114285588264465
187,1.2811503410339355,1.2389931678771973,0.5491071343421936,0.6071428656578064
188,1.247357726097107,1.211887240409851,0.5623214244842529,0.6128571629524231
189,1.2060166597366333,1.193853497505188,0.5766071677207947,0.6171428561210632
190,1.2156341075897217,1.1936874389648438,0.576964259147644,0.6214285492897034
191,1.1945914030075073,1.1683849096298218,0.5821428298950195,0.6171428561210632
192,1.170696496963501,1.1619747877120972,0.5846428275108337,0.6414285898208618
193,1.1725326776504517,1.1594210863113403,0.5980356931686401,0.6271428465843201
194,1.1354626417160034,1.1308053731918335,0.6008928418159485,0.6342856884002686
195,1.1275291442871094,1.1186559200286865,0.6055356860160828,0.6371428370475769
196,1.0883135795593262,1.1321836709976196,0.614642858505249,0.6399999856948853
197,1.0810564756393433,1.1023669242858887,0.6173214316368103,0.6471428275108337
198,1.0707452297210693,1.119258999824524,0.6241071224212646,0.6428571343421936
199,1.0795142650604248,1.1070834398269653,0.6194642782211304,0.6485714316368103
200,1.069551944732666,1.1138582229614258,0.6328571438789368,0.6485714316368103
201,1.1496186256408691,1.1330375671386719,0.5967857241630554,0.6142857074737549
202,1.1304032802581787,1.1054071187973022,0.6103571653366089,0.654285728931427
203,1.054365873336792,1.0991156101226807,0.6308928728103638,0.6499999761581421
204,1.0206681489944458,1.0904288291931152,0.6533928513526917,0.6471428275108337
205,0.9903709888458252,1.080156922340393,0.6519643068313599,0.6657142639160156
206,0.9835066199302673,1.078757405281067,0.6548214554786682,0.6642857193946838
207,0.9626522660255432,1.0777605772018433,0.6689285635948181,0.668571412563324
208,0.9715219140052795,1.0911084413528442,0.6571428775787354,0.6700000166893005
209,0.983196496963501,1.078931212425232,0.6580356955528259,0.6742857098579407
210,0.9560784697532654,1.0523513555526733,0.6705357432365417,0.6899999976158142
211,0.9361549019813538,1.0579842329025269,0.6796428561210632,0.6785714030265808
212,0.9410297870635986,1.0805987119674683,0.6726785898208618,0.677142858505249
213,0.9232426285743713,1.1083987951278687,0.6776785850524902,0.6728571653366089
214,0.8968210816383362,1.0908358097076416,0.6830357313156128,0.6828571557998657
215,0.8787238597869873,1.0730262994766235,0.6917856931686401,0.6785714030265808
216,0.9016678333282471,1.0688267946243286,0.6819642782211304,0.691428542137146
217,0.8806833624839783,1.0500446557998657,0.6989285945892334,0.6899999976158142
218,0.8825094699859619,1.0750497579574585,0.6962500214576721,0.699999988079071
219,0.8681871891021729,1.0627769231796265,0.7028571367263794,0.691428542137146
220,0.9969072937965393,1.23031747341156,0.6691071391105652,0.6414285898208618
221,0.943067193031311,1.0539870262145996,0.6792857050895691,0.6828571557998657
222,0.9062950015068054,1.08457350730896,0.6848214268684387,0.6814285516738892
223,0.8644210696220398,1.0620256662368774,0.7017857432365417,0.6700000166893005
224,0.9236901998519897,1.0444141626358032,0.6891071200370789,0.6785714030265808
225,0.8729692101478577,1.0578051805496216,0.6974999904632568,0.691428542137146
226,0.8509218692779541,1.0435703992843628,0.6983928680419922,0.6928571462631226
227,0.8357047438621521,1.0170129537582397,0.7076785564422607,0.6942856907844543
228,0.8183006048202515,1.0274786949157715,0.7192857265472412,0.6857143044471741
229,0.8288065195083618,1.0309324264526367,0.7133928537368774,0.699999988079071
230,0.8377286791801453,1.025710940361023,0.7158928513526917,0.6742857098579407
231,0.8133416771888733,1.0344737768173218,0.7237499952316284,0.6985714435577393
232,0.8014421463012695,1.074156641960144,0.7285714149475098,0.6728571653366089
233,0.7886644005775452,1.078063726425171,0.7248214483261108,0.6814285516738892
234,0.8319003582000732,1.0980464220046997,0.716785728931427,0.6871428489685059
235,0.8438025116920471,1.0494589805603027,0.7066071629524231,0.6971428394317627
236,0.8150014281272888,1.0411847829818726,0.7178571224212646,0.6942856907844543
237,0.8205152153968811,1.026509404182434,0.7142857313156128,0.6971428394317627
238,0.7749780416488647,1.0546106100082397,0.7307142615318298,0.6928571462631226
239,0.7667168974876404,1.0899406671524048,0.7333928346633911,0.6800000071525574
240,0.771672785282135,1.0871083736419678,0.7305356860160828,0.6885714530944824
241,0.7467367053031921,1.115216851234436,0.7337499856948853,0.6800000071525574
242,0.7505676746368408,1.124332308769226,0.7401785850524902,0.6857143044471741
243,0.7499807476997375,1.1093546152114868,0.7437499761581421,0.6885714530944824
244,0.762179970741272,1.0763403177261353,0.7410714030265808,0.6885714530944824
245,0.7413380146026611,1.1160120964050293,0.7425000071525574,0.6942856907844543
246,0.7760840058326721,1.1055325269699097,0.7342857122421265,0.7028571367263794
247,0.7353519797325134,1.0662592649459839,0.7412499785423279,0.7085714340209961
248,0.7546766400337219,1.0749319791793823,0.7423214316368103,0.7071428298950195
249,0.7531801462173462,1.1010087728500366,0.7408928275108337,0.7028571367263794
