,loss,val_loss,accuracy,val_accuracy
0,2.7046701908111572,2.700948715209961,0.07660714536905289,0.07000000029802322
1,2.696107864379883,2.6944758892059326,0.07857143133878708,0.0714285746216774
2,2.6916544437408447,2.6893703937530518,0.08053571730852127,0.07571428269147873
3,2.686664342880249,2.6837570667266846,0.08535714447498322,0.07857143133878708
4,2.6802773475646973,2.6788222789764404,0.08964285999536514,0.09857142716646194
5,2.672189950942993,2.672919511795044,0.09714286029338837,0.1257142871618271
6,2.6677405834198,2.6666815280914307,0.09839285910129547,0.1371428519487381
7,2.664531946182251,2.662494659423828,0.10125000029802322,0.1485714316368103
8,2.6597115993499756,2.657745838165283,0.10464286059141159,0.1371428519487381
9,2.655552625656128,2.652954339981079,0.1058928593993187,0.167142853140831
10,2.6496264934539795,2.6469850540161133,0.10803571343421936,0.1899999976158142
11,2.645521879196167,2.642634153366089,0.11017857491970062,0.1971428543329239
12,2.6381218433380127,2.6360645294189453,0.11946428567171097,0.20000000298023224
13,2.634371757507324,2.6296069622039795,0.11553571373224258,0.18142856657505035
14,2.6266467571258545,2.62534499168396,0.11589285731315613,0.20714285969734192
15,2.61905837059021,2.6168015003204346,0.13160714507102966,0.20571428537368774
16,2.6106271743774414,2.6104249954223633,0.1307142823934555,0.23000000417232513
17,2.605562686920166,2.6013801097869873,0.12982143461704254,0.2257142812013626
18,2.6000096797943115,2.5978994369506836,0.13875000178813934,0.24571429193019867
19,2.5939395427703857,2.5892715454101562,0.14107142388820648,0.25999999046325684
20,2.5837366580963135,2.578921318054199,0.15321429073810577,0.261428564786911
21,2.5731937885284424,2.5682337284088135,0.14839285612106323,0.2628571391105652
22,2.5632543563842773,2.5575501918792725,0.14964285492897034,0.27142858505249023
23,2.553445816040039,2.5458500385284424,0.1498214304447174,0.2742857038974762
24,2.5426225662231445,2.5346155166625977,0.16017857193946838,0.272857129573822
25,2.5270938873291016,2.5204036235809326,0.16160714626312256,0.2871428430080414
26,2.5093111991882324,2.5040535926818848,0.17249999940395355,0.28285714983940125
27,2.5060179233551025,2.4961328506469727,0.16571427881717682,0.2914285659790039
28,2.4843943119049072,2.4734442234039307,0.17714285850524902,0.30000001192092896
29,2.4706060886383057,2.4530375003814697,0.1855357140302658,0.30000001192092896
30,2.4539566040039062,2.4374632835388184,0.19625000655651093,0.3042857050895691
31,2.4324402809143066,2.4192087650299072,0.20232142508029938,0.3214285671710968
32,2.420531988143921,2.3998262882232666,0.20624999701976776,0.31857141852378845
33,2.390997886657715,2.3732478618621826,0.21964286267757416,0.3271428644657135
34,2.3717269897460938,2.3470163345336914,0.21875,0.33571428060531616
35,2.354731798171997,2.326413869857788,0.22714285552501678,0.34142857789993286
36,2.3343007564544678,2.302467107772827,0.2326785773038864,0.334285706281662
37,2.29489803314209,2.2641446590423584,0.2492857128381729,0.3514285683631897
38,2.2735307216644287,2.2409098148345947,0.2505357265472412,0.35428571701049805
39,2.244903326034546,2.2043025493621826,0.26232144236564636,0.36714285612106323
40,2.2357263565063477,2.185502767562866,0.251964271068573,0.36571428179740906
41,2.194091320037842,2.1495511531829834,0.271785706281662,0.37142857909202576
42,2.1782138347625732,2.1277010440826416,0.2778571546077728,0.3700000047683716
43,2.134979486465454,2.092236280441284,0.2921428680419922,0.3700000047683716
44,2.1230409145355225,2.0673515796661377,0.2919642925262451,0.3742857277393341
45,2.1041066646575928,2.0428690910339355,0.29232141375541687,0.37142857909202576
46,2.0601918697357178,2.0213544368743896,0.31214284896850586,0.37285715341567993
47,2.0464494228363037,1.986376166343689,0.31267857551574707,0.3871428668498993
48,2.0235936641693115,1.9570645093917847,0.3155357241630554,0.404285728931427
49,2.0128724575042725,1.9346060752868652,0.3196428716182709,0.4000000059604645
50,1.9954254627227783,1.9244953393936157,0.3226785659790039,0.40142858028411865
51,1.966365098953247,1.8957457542419434,0.3392857015132904,0.41428571939468384
52,1.9461575746536255,1.8638114929199219,0.345714271068573,0.41428571939468384
53,1.9293726682662964,1.842530608177185,0.34857141971588135,0.4171428680419922
54,1.8997244834899902,1.8238636255264282,0.35178571939468384,0.4328571557998657
55,1.8806984424591064,1.7992420196533203,0.3641071319580078,0.4414285719394684
56,1.866355538368225,1.781906008720398,0.3703571557998657,0.4528571367263794
57,1.843274712562561,1.7526582479476929,0.3692857027053833,0.4657142758369446
58,1.8235220909118652,1.7334078550338745,0.3789285719394684,0.4528571367263794
59,1.8160008192062378,1.725540280342102,0.3744642734527588,0.4514285624027252
60,1.7830032110214233,1.7031115293502808,0.3792857229709625,0.46142858266830444
61,1.7721458673477173,1.7029399871826172,0.38732144236564636,0.4571428596973419
62,1.7588977813720703,1.6647089719772339,0.3960714340209961,0.47285714745521545
63,1.7362602949142456,1.6467676162719727,0.4005357027053833,0.4585714340209961
64,1.7105740308761597,1.6313886642456055,0.42375001311302185,0.47428572177886963
65,1.702768325805664,1.615221619606018,0.4108928442001343,0.47857141494750977
66,1.695501446723938,1.5957568883895874,0.414642870426178,0.47857141494750977
67,1.6626858711242676,1.5737107992172241,0.42250001430511475,0.4871428608894348
68,1.6320323944091797,1.5504764318466187,0.4350000023841858,0.49714285135269165
69,1.6299750804901123,1.5437793731689453,0.4417857229709625,0.5071428418159485
70,1.6228985786437988,1.5320810079574585,0.4375,0.5057142972946167
71,1.6025848388671875,1.5134919881820679,0.4426785707473755,0.5028571486473083
72,1.5900763273239136,1.501378059387207,0.4471428692340851,0.5142857432365417
73,1.585311770439148,1.4824947118759155,0.44607141613960266,0.5299999713897705
74,1.5519391298294067,1.476409912109375,0.466785728931427,0.5271428823471069
75,1.5521889925003052,1.4574519395828247,0.46517857909202576,0.5271428823471069
76,1.5530250072479248,1.4469590187072754,0.47678571939468384,0.5342857241630554
77,1.5306979417800903,1.4334906339645386,0.47535714507102966,0.5414285659790039
78,1.5077439546585083,1.4150816202163696,0.4769642949104309,0.5371428728103638
79,1.4937595129013062,1.4072237014770508,0.47857141494750977,0.5514285564422607
80,1.498487114906311,1.3933213949203491,0.48500001430511475,0.5528571605682373
81,1.4756919145584106,1.3946585655212402,0.4935714304447174,0.5471428632736206
82,1.4724617004394531,1.3741477727890015,0.491607129573822,0.5485714077949524
83,1.4599518775939941,1.3650926351547241,0.49464285373687744,0.572857141494751
84,1.4369763135910034,1.3515819311141968,0.5053571462631226,0.5671428442001343
85,1.4278843402862549,1.3515743017196655,0.5032142996788025,0.5685714483261108
86,1.4145396947860718,1.3335837125778198,0.5094642639160156,0.5514285564422607
87,1.4169349670410156,1.3184446096420288,0.5116071701049805,0.5757142901420593
88,1.4040430784225464,1.3106493949890137,0.5076785683631897,0.5785714387893677
89,1.3831806182861328,1.3068400621414185,0.5319643020629883,0.5857142806053162
90,1.3735591173171997,1.2898112535476685,0.5289285778999329,0.5799999833106995
91,1.380036473274231,1.2921762466430664,0.5212500095367432,0.5842857360839844
92,1.3495745658874512,1.2713783979415894,0.5375000238418579,0.5928571224212646
93,1.3368357419967651,1.2628543376922607,0.5391071438789368,0.5985714197158813
94,1.3311269283294678,1.2521852254867554,0.545714259147644,0.6000000238418579
95,1.339659571647644,1.2519549131393433,0.5308928489685059,0.5971428751945496
96,1.312547206878662,1.232981562614441,0.5530357360839844,0.6128571629524231
97,1.325528621673584,1.2307409048080444,0.541785717010498,0.6142857074737549
98,1.3069535493850708,1.2411354780197144,0.5564285516738892,0.6000000238418579
99,1.2834712266921997,1.2207813262939453,0.5642856955528259,0.6014285683631897
100,1.2892355918884277,1.2073298692703247,0.5557143092155457,0.6142857074737549
101,1.2742066383361816,1.1990021467208862,0.5600000023841858,0.6128571629524231
102,1.2710691690444946,1.2065180540084839,0.5617856979370117,0.6200000047683716
103,1.25435471534729,1.1904032230377197,0.5632143020629883,0.6100000143051147
104,1.2443933486938477,1.1768125295639038,0.564464271068573,0.6271428465843201
105,1.2541381120681763,1.174864411354065,0.5632143020629883,0.631428599357605
106,1.2387224435806274,1.1748312711715698,0.5667856931686401,0.6128571629524231
107,1.2492811679840088,1.1811732053756714,0.5673214197158813,0.6028571724891663
108,1.223070502281189,1.1710623502731323,0.5798214077949524,0.6257143020629883
109,1.2131104469299316,1.157181978225708,0.5849999785423279,0.6285714507102966
110,1.223732829093933,1.1519192457199097,0.5735714435577393,0.6342856884002686
111,1.199510097503662,1.1501870155334473,0.5849999785423279,0.6271428465843201
112,1.204158902168274,1.147800087928772,0.5946428775787354,0.6214285492897034
113,1.1924277544021606,1.145693302154541,0.5871428847312927,0.6242856979370117
114,1.176337718963623,1.1276090145111084,0.5941071510314941,0.6357142925262451
115,1.1785407066345215,1.122843623161316,0.5964285731315613,0.6414285898208618
116,1.1983554363250732,1.1211609840393066,0.5935714244842529,0.6271428465843201
117,1.1574115753173828,1.116038203239441,0.6055356860160828,0.6257143020629883
118,1.1403002738952637,1.1161681413650513,0.6058928370475769,0.6257143020629883
119,1.1578456163406372,1.107892632484436,0.5967857241630554,0.6399999856948853
120,1.1597342491149902,1.1245213747024536,0.5919643044471741,0.6271428465843201
121,1.1452845335006714,1.111304759979248,0.606249988079071,0.631428599357605
122,1.1313676834106445,1.0914661884307861,0.6153571605682373,0.6385714411735535
123,1.1265709400177002,1.0925239324569702,0.6160714030265808,0.6357142925262451
124,1.1195248365402222,1.0884965658187866,0.6214285492897034,0.631428599357605
125,1.1142224073410034,1.085537075996399,0.6169642806053162,0.6371428370475769
126,1.1195584535598755,1.078096866607666,0.612678587436676,0.6357142925262451
127,1.1147571802139282,1.0879510641098022,0.6200000047683716,0.6328571438789368
128,1.104815125465393,1.0866791009902954,0.6112499833106995,0.6442857384681702
129,1.1000758409500122,1.0790899991989136,0.6169642806053162,0.6399999856948853
130,1.0964497327804565,1.0790241956710815,0.6276785731315613,0.6442857384681702
131,1.102172613143921,1.0875318050384521,0.6219642758369446,0.6371428370475769
132,1.0725734233856201,1.0753717422485352,0.6360714435577393,0.631428599357605
133,1.10622239112854,1.0768837928771973,0.6221428513526917,0.6385714411735535
134,1.0798217058181763,1.0658289194107056,0.6330357193946838,0.6328571438789368
135,1.080679178237915,1.0515354871749878,0.6308928728103638,0.654285728931427
136,1.073142170906067,1.0586432218551636,0.6305357217788696,0.6428571343421936
137,1.0626553297042847,1.047555685043335,0.6303571462631226,0.6499999761581421
138,1.0705714225769043,1.0694916248321533,0.6378571391105652,0.6528571248054504
139,1.0656185150146484,1.0775812864303589,0.6326785683631897,0.6257143020629883
140,1.051981806755066,1.0483927726745605,0.6451785564422607,0.6428571343421936
141,1.0246590375900269,1.0416265726089478,0.6496428847312927,0.6585714221000671
142,1.0526816844940186,1.030477523803711,0.6407142877578735,0.6600000262260437
143,1.0275050401687622,1.0401805639266968,0.6483928561210632,0.6471428275108337
144,1.0344496965408325,1.0385429859161377,0.645892858505249,0.6571428775787354
145,1.0459389686584473,1.0310691595077515,0.6357142925262451,0.6471428275108337
146,1.0189505815505981,1.0397659540176392,0.6466071605682373,0.6471428275108337
147,1.0318381786346436,1.0318738222122192,0.6514285802841187,0.6485714316368103
148,1.0273858308792114,1.0283126831054688,0.6462500095367432,0.6557142734527588
149,1.0181883573532104,1.0237016677856445,0.6539285778999329,0.654285728931427
150,1.0169504880905151,1.0368157625198364,0.6508928537368774,0.6499999761581421
151,1.0136865377426147,1.0309258699417114,0.6507142782211304,0.6442857384681702
152,1.0082885026931763,1.0130162239074707,0.6541071534156799,0.6514285802841187
153,1.0082926750183105,1.0106358528137207,0.654285728931427,0.6600000262260437
154,1.003482699394226,1.0254884958267212,0.6558928489685059,0.6471428275108337
155,0.9971578121185303,1.0083836317062378,0.6637499928474426,0.6571428775787354
156,0.9922401309013367,1.0271475315093994,0.6605356931686401,0.6614285707473755
157,0.9879179000854492,1.0165517330169678,0.6566071510314941,0.6571428775787354
158,0.9947336316108704,1.0101313591003418,0.6608928442001343,0.6514285802841187
159,0.9789367318153381,1.0261826515197754,0.6678571701049805,0.6557142734527588
160,0.9853654503822327,1.0038509368896484,0.664821445941925,0.6657142639160156
161,0.9891664981842041,1.0100663900375366,0.6632142663002014,0.6557142734527588
162,0.9695636630058289,1.0113401412963867,0.6575000286102295,0.6528571248054504
163,0.9755793213844299,1.004806637763977,0.6614285707473755,0.6614285707473755
164,0.9653478860855103,1.0049843788146973,0.6737499833106995,0.654285728931427
165,0.9889588952064514,0.9945531487464905,0.6671428680419922,0.6585714221000671
166,0.971476137638092,0.9941496253013611,0.6692857146263123,0.6585714221000671
167,0.9618614315986633,1.0034929513931274,0.666785717010498,0.6657142639160156
168,0.9587650299072266,0.9962998032569885,0.6744642853736877,0.6642857193946838
169,0.9627347588539124,0.9959011077880859,0.6721428632736206,0.6528571248054504
170,0.957210123538971,0.9967198371887207,0.675000011920929,0.6628571152687073
171,0.9424741864204407,1.010999083518982,0.6746428608894348,0.6671428680419922
172,0.9580430388450623,0.9927958846092224,0.6739285588264465,0.6571428775787354
173,0.9382843375205994,1.0026377439498901,0.6782143115997314,0.6499999761581421
174,0.9279239177703857,0.9928929805755615,0.6805357336997986,0.6657142639160156
175,0.9383045434951782,1.002902865409851,0.6839285492897034,0.6571428775787354
176,0.9406694769859314,0.9874207973480225,0.678928554058075,0.6600000262260437
177,0.9418207406997681,0.9788385033607483,0.6691071391105652,0.6600000262260437
178,0.933281660079956,0.983344554901123,0.6832143068313599,0.6585714221000671
179,0.9352366924285889,0.9826700091362,0.6778571605682373,0.6571428775787354
180,0.9275383353233337,0.9839428067207336,0.6808928847312927,0.6657142639160156
181,0.9445945620536804,0.9753408432006836,0.679107129573822,0.6671428680419922
182,0.9256080985069275,0.9804827570915222,0.6898214221000671,0.6728571653366089
183,0.9230599999427795,0.9880375266075134,0.6805357336997986,0.6657142639160156
184,0.9328149557113647,0.9778878092765808,0.6760714054107666,0.6671428680419922
185,0.9072667956352234,0.9731779098510742,0.6891071200370789,0.6671428680419922
186,0.9235567450523376,0.9818757176399231,0.6892856955528259,0.6714285612106323
187,0.9082342386245728,0.9844143986701965,0.6887500286102295,0.6571428775787354
188,0.9101448655128479,0.99278324842453,0.6896428465843201,0.6642857193946838
189,0.9084745049476624,0.9826221466064453,0.6830357313156128,0.6614285707473755
190,0.9005447626113892,0.9832690358161926,0.6880357265472412,0.6585714221000671
191,0.8890806436538696,0.9907848238945007,0.6994642615318298,0.668571412563324
192,0.8922439813613892,0.9722251296043396,0.6962500214576721,0.668571412563324
193,0.8937672972679138,0.9857096672058105,0.696071445941925,0.6628571152687073
194,0.8959489464759827,0.9665424227714539,0.6885714530944824,0.6657142639160156
195,0.884655237197876,0.9685096740722656,0.7010714411735535,0.6671428680419922
196,0.8847109079360962,0.967029869556427,0.7010714411735535,0.6671428680419922
197,0.8721393346786499,0.9707996845245361,0.693928599357605,0.6657142639160156
198,0.8841610550880432,0.9870750308036804,0.6944642663002014,0.6600000262260437
199,0.8845909237861633,0.9680349826812744,0.6962500214576721,0.6671428680419922
200,0.8775110244750977,0.975680410861969,0.6994642615318298,0.6671428680419922
201,0.8824360370635986,1.013446569442749,0.6967856884002686,0.6528571248054504
202,0.8672910928726196,0.9673931002616882,0.7053571343421936,0.6714285612106323
203,0.880135178565979,0.9707223773002625,0.699821412563324,0.668571412563324
204,0.8619148135185242,0.980584442615509,0.7028571367263794,0.6642857193946838
205,0.863216757774353,0.9731464385986328,0.7114285826683044,0.6728571653366089
206,0.8785083889961243,0.9874980449676514,0.6985714435577393,0.677142858505249
207,0.8664867877960205,0.9692740440368652,0.704285740852356,0.668571412563324
208,0.8440751433372498,0.9742600321769714,0.7158928513526917,0.6728571653366089
209,0.8549306392669678,0.9595810770988464,0.7087500095367432,0.6614285707473755
210,0.8639844655990601,0.9720690250396729,0.7026785612106323,0.6657142639160156
211,0.8608392477035522,0.9613370895385742,0.7037500143051147,0.6600000262260437
212,0.8615825772285461,0.9574644565582275,0.7026785612106323,0.6642857193946838
213,0.8477258086204529,0.9583479762077332,0.7067857384681702,0.6671428680419922
214,0.855277419090271,0.968907356262207,0.7051785588264465,0.668571412563324
215,0.8524231314659119,0.9551560878753662,0.7033928632736206,0.6657142639160156
216,0.8397979140281677,0.9743549823760986,0.706428587436676,0.6671428680419922
217,0.8527603149414062,0.9735677242279053,0.7041071653366089,0.6728571653366089
218,0.852783739566803,0.964210033416748,0.7116071581840515,0.6785714030265808
219,0.8443899750709534,0.9580658078193665,0.7053571343421936,0.677142858505249
220,0.839247465133667,0.9609282612800598,0.7133928537368774,0.6800000071525574
221,0.8469628691673279,0.9655186533927917,0.7094643115997314,0.6800000071525574
222,0.8404436707496643,0.9595890045166016,0.7114285826683044,0.6700000166893005
223,0.8274877071380615,0.9889256358146667,0.7221428751945496,0.6671428680419922
224,0.8209694027900696,0.9890732169151306,0.727142870426178,0.6628571152687073
225,0.8451493978500366,0.9518232345581055,0.708214282989502,0.6657142639160156
226,0.8381995558738708,0.9540149569511414,0.714821457862854,0.6742857098579407
227,0.8265820145606995,0.9745414853096008,0.7141071557998657,0.6757143139839172
228,0.8226726651191711,0.9578836560249329,0.7217857241630554,0.677142858505249
229,0.8248016834259033,0.9612587094306946,0.716785728931427,0.6714285612106323
230,0.8406935334205627,0.9557428359985352,0.7176785469055176,0.6785714030265808
231,0.826803982257843,0.958972156047821,0.7183928489685059,0.6814285516738892
232,0.8165313601493835,0.9776046276092529,0.720714271068573,0.6742857098579407
233,0.8181061148643494,0.994333028793335,0.7210714221000671,0.668571412563324
234,0.8295066952705383,0.9493710994720459,0.7078571319580078,0.668571412563324
235,0.8254470229148865,0.9440980553627014,0.7117857336997986,0.6814285516738892
236,0.8118219375610352,0.9565088748931885,0.7285714149475098,0.6785714030265808
237,0.8232155442237854,0.9456143975257874,0.7078571319580078,0.6814285516738892
238,0.8225532174110413,0.9517620205879211,0.7201785445213318,0.6857143044471741
239,0.8269988894462585,0.961162805557251,0.7162500023841858,0.6842857003211975
240,0.8004105091094971,0.9794065952301025,0.7230356931686401,0.6757143139839172
241,0.8042491674423218,0.9503681659698486,0.7189285755157471,0.6757143139839172
242,0.8127570748329163,0.9625359177589417,0.7246428728103638,0.6814285516738892
243,0.8184532523155212,0.973862886428833,0.7171428799629211,0.6785714030265808
244,0.7996087670326233,0.9676645398139954,0.731249988079071,0.6828571557998657
245,0.8159599900245667,0.9535684585571289,0.7183928489685059,0.6814285516738892
246,0.8081075549125671,0.9644210934638977,0.7208928465843201,0.6814285516738892
247,0.793236494064331,0.9571544528007507,0.7321428656578064,0.677142858505249
248,0.8105664849281311,0.9474887251853943,0.7248214483261108,0.6871428489685059
249,0.8096646666526794,0.9595261216163635,0.7264285683631897,0.6800000071525574
