,loss,val_loss,accuracy,val_accuracy
0,2.6463558673858643,2.594541311264038,0.08267857134342194,0.10428571701049805
1,2.5729563236236572,2.5073535442352295,0.13035714626312256,0.15142856538295746
2,2.474297523498535,2.463435173034668,0.15678571164608002,0.1728571355342865
3,2.395900249481201,2.42756724357605,0.17714285850524902,0.14571428298950195
4,2.381776809692383,2.382669687271118,0.1855357140302658,0.18857142329216003
5,2.3379735946655273,2.4686295986175537,0.2053571492433548,0.18571428954601288
6,2.3251571655273438,2.353780746459961,0.2028571367263794,0.19142857193946838
7,2.273986577987671,2.341661214828491,0.230178564786911,0.22428570687770844
8,2.2934632301330566,2.3507699966430664,0.22607143223285675,0.19571428000926971
9,2.280541181564331,2.3666582107543945,0.22142857313156128,0.18714286386966705
10,2.244607448577881,2.2910149097442627,0.22803571820259094,0.22285714745521545
11,2.1950206756591797,2.2405779361724854,0.2551785707473755,0.23000000417232513
12,2.1267943382263184,2.3358492851257324,0.27017858624458313,0.22857142984867096
13,2.08105206489563,2.1537249088287354,0.2978571355342865,0.2671428620815277
14,2.0032167434692383,2.0630335807800293,0.3169642984867096,0.3199999928474426
15,2.0828866958618164,2.506756544113159,0.2966071367263794,0.18142856657505035
16,2.346073627471924,2.1757848262786865,0.21785713732242584,0.2671428620815277
17,2.04347825050354,2.0841498374938965,0.29232141375541687,0.28857141733169556
18,2.1856679916381836,3.021780014038086,0.29232141375541687,0.1542857140302658
19,2.344791889190674,2.1036148071289062,0.2251785695552826,0.2842857241630554
20,2.039228677749634,2.00920033454895,0.30000001192092896,0.2971428632736206
21,1.888641357421875,1.907880425453186,0.34785714745521545,0.36000001430511475
22,1.7776730060577393,1.8781627416610718,0.3819642961025238,0.3499999940395355
23,1.6816445589065552,1.7224231958389282,0.41999998688697815,0.4114285707473755
24,1.5862468481063843,1.6659177541732788,0.4491071403026581,0.4228571355342865
25,1.530640721321106,1.6507929563522339,0.4612500071525574,0.44285714626312256
26,1.4604121446609497,1.5709441900253296,0.4867857098579407,0.48428571224212646
27,1.407800316810608,1.5333709716796875,0.5094642639160156,0.477142870426178
28,1.3790854215621948,1.4599370956420898,0.5180357098579407,0.5042856931686401
29,1.3285561800003052,1.48745596408844,0.5348214507102966,0.48428571224212646
30,1.2976065874099731,1.511797308921814,0.5389285683631897,0.4985714256763458
31,1.2819688320159912,1.411870002746582,0.5475000143051147,0.5142857432365417
32,1.2295362949371338,1.405225157737732,0.5682142972946167,0.5128571391105652
33,1.2103396654129028,1.377785086631775,0.574821412563324,0.5185714364051819
34,1.194448709487915,1.3650139570236206,0.576964259147644,0.5299999713897705
35,1.1567143201828003,1.4279704093933105,0.5916071534156799,0.5314285755157471
36,1.1327654123306274,1.3469724655151367,0.6003571152687073,0.5471428632736206
37,1.1083979606628418,1.3350729942321777,0.604107141494751,0.545714259147644
38,1.0961978435516357,1.308782935142517,0.6096428632736206,0.5514285564422607
39,1.0769082307815552,1.288957953453064,0.6178571581840515,0.581428587436676
40,1.0504311323165894,1.264620065689087,0.6299999952316284,0.5642856955528259
41,1.040122389793396,1.301632046699524,0.633571445941925,0.5557143092155457
42,1.016985535621643,1.275009274482727,0.6387500166893005,0.5742856860160828
43,0.996777355670929,1.2547879219055176,0.6532142758369446,0.5857142806053162
44,0.9833527207374573,1.193239688873291,0.6632142663002014,0.5985714197158813
45,0.9530513286590576,1.201912760734558,0.6712499856948853,0.604285717010498
46,0.9392852783203125,1.1827963590621948,0.6741071343421936,0.618571400642395
47,0.9271697998046875,1.1868411302566528,0.6796428561210632,0.6200000047683716
48,0.9081525206565857,1.2168188095092773,0.6878571510314941,0.6000000238418579
49,0.9057913422584534,1.178414225578308,0.6876785755157471,0.6299999952316284
50,0.8796541094779968,1.183817982673645,0.701964259147644,0.645714282989502
51,0.8712688088417053,1.1579052209854126,0.7028571367263794,0.645714282989502
52,0.8573301434516907,1.1239598989486694,0.7137500047683716,0.6414285898208618
53,0.8514465689659119,1.1505235433578491,0.7091071605682373,0.6371428370475769
54,0.8338404297828674,1.1346259117126465,0.7210714221000671,0.645714282989502
55,0.8028536438941956,1.164736270904541,0.7308928370475769,0.6471428275108337
56,0.803051233291626,1.1460533142089844,0.7314285635948181,0.654285728931427
57,0.7849891185760498,1.1158970594406128,0.7366071343421936,0.6728571653366089
58,0.785405158996582,1.120949387550354,0.7398214340209961,0.6528571248054504
59,0.7524656653404236,1.106855869293213,0.7501785755157471,0.6728571653366089
60,0.748513400554657,1.1365545988082886,0.7498214244842529,0.6728571653366089
61,0.7528756856918335,1.1714756488800049,0.7541071176528931,0.6485714316368103
62,0.739540159702301,1.1112303733825684,0.7535714507102966,0.6700000166893005
63,0.7055177092552185,1.1811197996139526,0.764464259147644,0.6600000262260437
64,0.6880391240119934,1.1008037328720093,0.7712500095367432,0.6871428489685059
65,0.7110388278961182,1.0971328020095825,0.7662500143051147,0.6800000071525574
66,0.6871322989463806,1.0906044244766235,0.7735714316368103,0.6857143044471741
67,0.7113295793533325,1.1937178373336792,0.7628571391105652,0.6628571152687073
68,0.6893400549888611,1.094180703163147,0.7733928561210632,0.6871428489685059
69,0.6602072715759277,1.1064461469650269,0.7799999713897705,0.6814285516738892
70,0.6298739910125732,1.1100436449050903,0.7919642925262451,0.6828571557998657
71,0.6331652998924255,1.2281301021575928,0.7912499904632568,0.6585714221000671
72,0.6211125254631042,1.1538065671920776,0.7946428656578064,0.6757143139839172
73,0.601147472858429,1.1764808893203735,0.7983928322792053,0.668571412563324
74,0.6013055443763733,1.1014982461929321,0.7978571653366089,0.6842857003211975
75,0.5829210877418518,1.1921521425247192,0.8100000023841858,0.6785714030265808
76,0.5821910500526428,1.1768041849136353,0.8082143068313599,0.6928571462631226
77,0.6129845976829529,1.1721137762069702,0.7944642901420593,0.6700000166893005
78,0.611046552658081,1.1512327194213867,0.7992857098579407,0.6800000071525574
79,0.6101425886154175,1.1649538278579712,0.7994642853736877,0.6671428680419922
80,0.60403972864151,1.158638834953308,0.800000011920929,0.668571412563324
81,0.5380763411521912,1.1721194982528687,0.8191071152687073,0.6814285516738892
82,0.5274626016616821,1.1444720029830933,0.8267857432365417,0.677142858505249
83,0.5192452073097229,1.1592551469802856,0.831250011920929,0.677142858505249
84,0.6455579400062561,1.1992192268371582,0.7907142639160156,0.6657142639160156
85,0.5418376326560974,1.1656943559646606,0.8233928680419922,0.6885714530944824
86,0.538383424282074,1.1560347080230713,0.823035717010498,0.677142858505249
87,0.49942779541015625,1.1961653232574463,0.8319643139839172,0.6814285516738892
88,0.4998675584793091,1.2240694761276245,0.8337500095367432,0.6785714030265808
89,0.4675101339817047,1.2089859247207642,0.8485714197158813,0.6871428489685059
90,0.46530768275260925,1.2422524690628052,0.8510714173316956,0.6757143139839172
91,0.4803435504436493,1.251257061958313,0.8416071534156799,0.6671428680419922
92,0.5210809707641602,1.187493920326233,0.8317857384681702,0.6885714530944824
93,0.49363136291503906,1.184929370880127,0.8391071557998657,0.677142858505249
94,0.4611312747001648,1.2605026960372925,0.8528571724891663,0.6714285612106323
95,0.43359601497650146,1.219281792640686,0.8621428608894348,0.6842857003211975
96,0.42798537015914917,1.2606581449508667,0.864464282989502,0.6842857003211975
97,0.4976470172405243,1.3064018487930298,0.8419643044471741,0.6385714411735535
98,0.6692939400672913,1.2131143808364868,0.7816071510314941,0.6842857003211975
99,0.5118036270141602,1.1967447996139526,0.8258928656578064,0.6814285516738892
100,0.4738321006298065,1.2186874151229858,0.8494642972946167,0.691428542137146
101,0.43410179018974304,1.2121065855026245,0.8619642853736877,0.6785714030265808
102,0.4100109338760376,1.2719351053237915,0.8721428513526917,0.6885714530944824
103,0.4046489894390106,1.2408536672592163,0.8698214292526245,0.6785714030265808
104,0.391989141702652,1.268318772315979,0.8735714554786682,0.6842857003211975
105,0.3919060528278351,1.2778409719467163,0.8753571510314941,0.6828571557998657
106,0.38842639327049255,1.3308357000350952,0.8751785755157471,0.6757143139839172
107,0.3926572799682617,1.3508343696594238,0.8732143044471741,0.6757143139839172
108,0.396319180727005,1.3314716815948486,0.8676785826683044,0.6757143139839172
109,0.37129589915275574,1.3906035423278809,0.8798214197158813,0.6742857098579407
110,0.38158828020095825,1.2860651016235352,0.8746428489685059,0.699999988079071
111,0.3622698187828064,1.3452152013778687,0.8821428418159485,0.6828571557998657
112,0.38465186953544617,1.3327339887619019,0.8717857003211975,0.6828571557998657
113,0.36322540044784546,1.3887863159179688,0.8791071176528931,0.6842857003211975
114,0.46765395998954773,1.390800952911377,0.8430356979370117,0.677142858505249
115,0.40087395906448364,1.316630482673645,0.8678571581840515,0.6942856907844543
116,0.3688851296901703,1.285862922668457,0.8791071176528931,0.6899999976158142
117,0.36084163188934326,1.2972732782363892,0.8805357217788696,0.6899999976158142
118,0.3426440954208374,1.369616150856018,0.8876785635948181,0.6857143044471741
119,0.3444875478744507,1.349596381187439,0.8878571391105652,0.6800000071525574
120,0.3621080815792084,1.3472222089767456,0.881428599357605,0.7028571367263794
121,0.3545696437358856,1.3970651626586914,0.8841071724891663,0.704285740852356
122,0.3225799798965454,1.3452330827713013,0.9008928537368774,0.691428542137146
123,0.34100013971328735,1.419615626335144,0.8914285898208618,0.6842857003211975
124,0.32559096813201904,1.4204577207565308,0.8955357074737549,0.691428542137146
125,0.348242849111557,1.4102506637573242,0.8826785683631897,0.6899999976158142
126,0.3261966407299042,1.4015125036239624,0.8914285898208618,0.7028571367263794
127,0.3166276812553406,1.3730363845825195,0.9016071557998657,0.6985714435577393
128,0.29273396730422974,1.4413684606552124,0.9105356931686401,0.6885714530944824
129,0.28807929158210754,1.475569248199463,0.9041071534156799,0.6842857003211975
130,0.29779595136642456,1.396927833557129,0.9048214554786682,0.699999988079071
131,0.32529783248901367,1.433801293373108,0.8928571343421936,0.704285740852356
132,0.31677719950675964,1.4655332565307617,0.8960714340209961,0.6828571557998657
133,0.30355924367904663,1.4310578107833862,0.9016071557998657,0.6785714030265808
134,0.29942649602890015,1.5208840370178223,0.9003571271896362,0.6828571557998657
135,0.30370187759399414,1.481583595275879,0.9019643068313599,0.6857143044471741
136,0.43093955516815186,1.3784723281860352,0.8585714101791382,0.6871428489685059
137,0.43580105900764465,1.3693819046020508,0.8567857146263123,0.6785714030265808
138,0.41522568464279175,1.4094953536987305,0.8617857098579407,0.6700000166893005
139,0.3134726285934448,1.5037908554077148,0.8973214030265808,0.6800000071525574
140,0.2883565127849579,1.4484728574752808,0.9024999737739563,0.6957142949104309
141,0.2660162150859833,1.497880458831787,0.9150000214576721,0.699999988079071
142,0.2706378102302551,1.5723118782043457,0.9123214483261108,0.6871428489685059
143,0.2453610748052597,1.5310217142105103,0.923035740852356,0.6899999976158142
144,0.2567901313304901,1.5445690155029297,0.9178571701049805,0.6928571462631226
145,0.3105010390281677,1.4892081022262573,0.8989285826683044,0.7057142853736877
146,0.26469066739082336,1.612870216369629,0.9178571701049805,0.6885714530944824
147,0.30882522463798523,1.4209283590316772,0.8989285826683044,0.6885714530944824
148,0.33077237010002136,1.462145447731018,0.8883928656578064,0.6928571462631226
149,0.2792205512523651,1.53773832321167,0.9064285755157471,0.6871428489685059
150,0.24897152185440063,1.525111198425293,0.9196428656578064,0.6971428394317627
151,0.2617717385292053,1.5796154737472534,0.9158928394317627,0.6842857003211975
152,0.36526450514793396,1.4915971755981445,0.8832142949104309,0.6928571462631226
153,0.33385154604911804,1.4766935110092163,0.8821428418159485,0.6871428489685059
154,0.2981238067150116,1.4843759536743164,0.897678554058075,0.6928571462631226
155,0.2928939461708069,1.4754987955093384,0.9032142758369446,0.6899999976158142
156,0.28942224383354187,1.4865455627441406,0.9067857265472412,0.6985714435577393
157,0.2730083167552948,1.607253909111023,0.9150000214576721,0.677142858505249
158,0.3068341910839081,1.466884970664978,0.9035714268684387,0.6971428394317627
159,0.2843949496746063,1.529736876487732,0.9066071510314941,0.6899999976158142
160,0.2866562306880951,1.5509858131408691,0.9100000262260437,0.704285740852356
161,0.28183797001838684,1.608843207359314,0.9078571200370789,0.691428542137146
162,0.2386452555656433,1.6440744400024414,0.9232142567634583,0.6885714530944824
163,0.21051716804504395,1.6497244834899902,0.9362499713897705,0.6828571557998657
164,0.2084396779537201,1.6607121229171753,0.9369642734527588,0.6828571557998657
165,0.21756936609745026,1.6615018844604492,0.9339285492897034,0.6828571557998657
166,0.23126769065856934,1.744702696800232,0.9296428561210632,0.6800000071525574
167,0.36407968401908875,1.5774259567260742,0.8839285969734192,0.6957142949104309
168,0.36367788910865784,1.5690168142318726,0.8810714483261108,0.704285740852356
169,0.2766536474227905,1.6439005136489868,0.9039285778999329,0.6885714530944824
170,0.2624751329421997,1.7535099983215332,0.916785717010498,0.6899999976158142
171,0.23686285316944122,1.6774722337722778,0.9210714101791382,0.6828571557998657
172,0.24855643510818481,1.5848766565322876,0.9219642877578735,0.691428542137146
173,0.219877228140831,1.6483412981033325,0.9333928823471069,0.6828571557998657
174,0.24564428627490997,1.6516523361206055,0.9258928298950195,0.6728571653366089
175,0.31962576508522034,1.5821150541305542,0.8949999809265137,0.6971428394317627
176,0.27182480692863464,1.633103847503662,0.9123214483261108,0.6899999976158142
177,0.23000025749206543,1.6811259984970093,0.9257143139839172,0.6728571653366089
178,0.2090097963809967,1.645025610923767,0.9348214268684387,0.6757143139839172
179,0.21086297929286957,1.6304434537887573,0.9323214292526245,0.677142858505249
180,0.21145400404930115,1.714673638343811,0.9344642758369446,0.6757143139839172
181,0.2761283218860626,1.8142518997192383,0.9107142686843872,0.654285728931427
182,0.24603524804115295,1.6705487966537476,0.9189285635948181,0.6828571557998657
183,0.22137683629989624,1.7129122018814087,0.9280357360839844,0.6757143139839172
184,0.2103460431098938,1.6976782083511353,0.9307143092155457,0.6700000166893005
185,0.20366601645946503,1.7874797582626343,0.9351785778999329,0.677142858505249
186,0.3698250949382782,1.6014951467514038,0.8885714411735535,0.6600000262260437
187,0.40735694766044617,1.6063064336776733,0.8642857074737549,0.6814285516738892
188,0.2813141644001007,1.6006592512130737,0.9067857265472412,0.6785714030265808
189,0.25505220890045166,1.6780918836593628,0.9155356884002686,0.691428542137146
190,0.22911062836647034,1.6107946634292603,0.9260714054107666,0.6928571462631226
191,0.20923924446105957,1.6370104551315308,0.9316071271896362,0.6885714530944824
192,0.181868314743042,1.6778068542480469,0.9453571438789368,0.6857143044471741
193,0.16590629518032074,1.7240629196166992,0.9523214101791382,0.6800000071525574
194,0.16350562870502472,1.75934636592865,0.9521428346633911,0.6728571653366089
195,0.1682433933019638,1.7444952726364136,0.9517857432365417,0.6742857098579407
196,0.1721525341272354,1.7655543088912964,0.9521428346633911,0.6842857003211975
197,0.1747840791940689,1.679888129234314,0.946071445941925,0.6785714030265808
198,0.1844998002052307,1.7766691446304321,0.9453571438789368,0.6714285612106323
199,0.25258439779281616,1.7515478134155273,0.9280357360839844,0.6742857098579407
200,0.294704407453537,1.753886342048645,0.9021428823471069,0.6642857193946838
201,0.23390626907348633,1.780117154121399,0.923035740852356,0.6742857098579407
202,0.23134422302246094,1.863184928894043,0.9255357384681702,0.6728571653366089
203,0.21143798530101776,1.788928508758545,0.9326785802841187,0.6742857098579407
204,0.3290562927722931,1.7567572593688965,0.8966071605682373,0.6671428680419922
205,0.33742693066596985,1.7617202997207642,0.8857142925262451,0.6714285612106323
206,0.25250044465065,1.718105673789978,0.9203571677207947,0.6857143044471741
207,0.198738232254982,1.7789100408554077,0.9367856979370117,0.6800000071525574
208,0.17487141489982605,1.845744252204895,0.9487500190734863,0.6942856907844543
209,0.17445798218250275,1.759543776512146,0.947857141494751,0.6842857003211975
210,0.15556861460208893,1.780691146850586,0.9535714387893677,0.6814285516738892
211,0.18666453659534454,1.8701039552688599,0.9408928751945496,0.6885714530944824
212,0.2057138830423355,1.8273731470108032,0.9333928823471069,0.691428542137146
213,0.18276728689670563,1.7536360025405884,0.9408928751945496,0.677142858505249
214,0.17292259633541107,1.7863892316818237,0.9474999904632568,0.6800000071525574
215,0.15181365609169006,1.8999881744384766,0.9566071629524231,0.6871428489685059
216,0.13330839574337006,1.9252872467041016,0.9605357050895691,0.6757143139839172
217,0.1276559680700302,1.9429068565368652,0.9649999737739563,0.6899999976158142
218,0.13302990794181824,1.94629967212677,0.9624999761581421,0.6857143044471741
219,0.13714934885501862,1.907492995262146,0.9624999761581421,0.6928571462631226
220,0.16301675140857697,2.1247763633728027,0.9503571391105652,0.6628571152687073
221,0.27288535237312317,1.925333023071289,0.9125000238418579,0.6642857193946838
222,0.28322136402130127,1.917664885520935,0.90625,0.645714282989502
223,0.36405178904533386,1.8440847396850586,0.8757143020629883,0.668571412563324
224,0.2800280749797821,2.0610063076019287,0.9130356907844543,0.6657142639160156
225,0.3290882408618927,1.71112859249115,0.8899999856948853,0.6971428394317627
226,0.23015345633029938,1.8558611869812012,0.9257143139839172,0.6700000166893005
227,0.2656221091747284,1.7495070695877075,0.9112499952316284,0.6985714435577393
228,0.2934436500072479,1.7067238092422485,0.9014285802841187,0.6814285516738892
229,0.6237152218818665,3.457280397415161,0.8641071319580078,0.41999998688697815
230,1.83647882938385,1.7423607110977173,0.5378571152687073,0.5328571200370789
231,1.1783146858215332,1.555594801902771,0.6362500190734863,0.5942857265472412
232,0.9692975878715515,1.4048932790756226,0.6933928728103638,0.6257143020629883
233,0.8584907650947571,1.3641481399536133,0.7194643020629883,0.6299999952316284
234,0.7771052718162537,1.3226217031478882,0.7473214268684387,0.6357142925262451
235,0.7134197354316711,1.30683171749115,0.7685714364051819,0.6442857384681702
236,0.6640939116477966,1.2638459205627441,0.7857142686843872,0.6642857193946838
237,0.619163453578949,1.2405599355697632,0.7982142567634583,0.6671428680419922
238,0.5771275162696838,1.2567907571792603,0.8117856979370117,0.6671428680419922
239,0.5453070998191833,1.2635852098464966,0.8216071724891663,0.6728571653366089
240,0.5184544920921326,1.2737174034118652,0.8296428322792053,0.6757143139839172
241,0.48766791820526123,1.2721377611160278,0.8430356979370117,0.6742857098579407
242,0.4677099883556366,1.247288465499878,0.8451785445213318,0.6757143139839172
243,0.44836655259132385,1.2771397829055786,0.8503571152687073,0.677142858505249
244,0.44381192326545715,1.2663240432739258,0.8510714173316956,0.6842857003211975
245,0.4156865179538727,1.2957402467727661,0.8610714077949524,0.6871428489685059
246,0.40011805295944214,1.2799257040023804,0.8662499785423279,0.6857143044471741
247,0.3809637725353241,1.3091131448745728,0.8696428537368774,0.6842857003211975
248,0.37182188034057617,1.3502788543701172,0.8764285445213318,0.6899999976158142
249,0.3565182387828827,1.3069623708724976,0.8819642663002014,0.6985714435577393
