,loss,val_loss,accuracy,val_accuracy
0,2.7090070247650146,2.706221342086792,0.06803571432828903,0.06714285910129547
1,2.7031075954437256,2.7012059688568115,0.06642857193946838,0.05714285746216774
2,2.698132276535034,2.696976900100708,0.07089285552501678,0.058571428060531616
3,2.693941593170166,2.6933434009552,0.07321428507566452,0.06285714358091354
4,2.690418004989624,2.6901350021362305,0.07178571075201035,0.06857142597436905
5,2.6871886253356934,2.687253952026367,0.07178571075201035,0.07571428269147873
6,2.6842520236968994,2.684642791748047,0.07410714030265808,0.07285714149475098
7,2.6816141605377197,2.682246208190918,0.0758928582072258,0.07285714149475098
8,2.679318428039551,2.6800289154052734,0.07660714536905289,0.07285714149475098
9,2.677098035812378,2.677959442138672,0.07678571343421936,0.07428571581840515
10,2.6750106811523438,2.676029920578003,0.07999999821186066,0.07285714149475098
11,2.6731691360473633,2.674219846725464,0.0835714265704155,0.07285714149475098
12,2.671290874481201,2.6725046634674072,0.0835714265704155,0.0714285746216774
13,2.6695642471313477,2.670883893966675,0.08267857134342194,0.07285714149475098
14,2.6680102348327637,2.669346809387207,0.08321428298950195,0.07428571581840515
15,2.6665127277374268,2.6678974628448486,0.08392857015132904,0.0714285746216774
16,2.66498064994812,2.6665115356445312,0.08392857015132904,0.0714285746216774
17,2.663645029067993,2.665196180343628,0.08428571373224258,0.07000000029802322
18,2.6623454093933105,2.663919448852539,0.08267857134342194,0.0714285746216774
19,2.6611554622650146,2.6627204418182373,0.08303571492433548,0.0714285746216774
20,2.6599626541137695,2.6615517139434814,0.08303571492433548,0.07000000029802322
21,2.658810615539551,2.6604435443878174,0.08339285850524902,0.07000000029802322
22,2.65773606300354,2.6593899726867676,0.08267857134342194,0.07000000029802322
23,2.65665602684021,2.658369779586792,0.08321428298950195,0.06857142597436905
24,2.6556484699249268,2.657404661178589,0.08303571492433548,0.06857142597436905
25,2.654672622680664,2.6564598083496094,0.08392857015132904,0.07285714149475098
26,2.6537363529205322,2.6555469036102295,0.08303571492433548,0.0714285746216774
27,2.652878761291504,2.65466570854187,0.08446428924798965,0.0714285746216774
28,2.651963949203491,2.653822660446167,0.08392857015132904,0.0714285746216774
29,2.651155710220337,2.6530065536499023,0.08428571373224258,0.0714285746216774
30,2.6504080295562744,2.652218818664551,0.08571428805589676,0.07285714149475098
31,2.6495373249053955,2.651465654373169,0.08821428567171097,0.07285714149475098
32,2.6488144397735596,2.6507515907287598,0.08517856895923615,0.07285714149475098
33,2.648127794265747,2.650040864944458,0.08624999970197678,0.07285714149475098
34,2.647406816482544,2.649350881576538,0.08642856776714325,0.07285714149475098
35,2.6466543674468994,2.648678779602051,0.0848214253783226,0.07000000029802322
36,2.6460065841674805,2.648045778274536,0.08589285612106323,0.0657142847776413
37,2.6453535556793213,2.6474199295043945,0.08767857402563095,0.06285714358091354
38,2.644670248031616,2.6468074321746826,0.08517856895923615,0.06285714358091354
39,2.644134283065796,2.6462242603302,0.08535714447498322,0.06285714358091354
40,2.643531084060669,2.645650625228882,0.08642856776714325,0.06428571790456772
41,2.6429808139801025,2.645094156265259,0.08553571254014969,0.06428571790456772
42,2.6423418521881104,2.644549608230591,0.08642856776714325,0.06428571790456772
43,2.6418745517730713,2.644026279449463,0.08250000327825546,0.06285714358091354
44,2.6412954330444336,2.6435036659240723,0.08535714447498322,0.06285714358091354
45,2.6407625675201416,2.642991781234741,0.08214285969734192,0.06142857298254967
46,2.6402699947357178,2.642507791519165,0.08250000327825546,0.06285714358091354
47,2.639801502227783,2.6420352458953857,0.08107142895460129,0.06285714358091354
48,2.6393840312957764,2.64158296585083,0.08428571373224258,0.0657142847776413
49,2.638772964477539,2.6411218643188477,0.08142857253551483,0.0657142847776413
50,2.6383612155914307,2.640673875808716,0.08214285969734192,0.0657142847776413
51,2.6379430294036865,2.6402246952056885,0.08410714566707611,0.0657142847776413
52,2.637430429458618,2.6398050785064697,0.08142857253551483,0.0657142847776413
53,2.636995553970337,2.639378786087036,0.08321428298950195,0.0657142847776413
54,2.6366002559661865,2.6389658451080322,0.08285713940858841,0.06714285910129547
55,2.636214256286621,2.6385679244995117,0.08196428418159485,0.0657142847776413
56,2.6358256340026855,2.638164758682251,0.08250000327825546,0.06857142597436905
57,2.635357618331909,2.637784242630005,0.08375000208616257,0.0714285746216774
58,2.634962320327759,2.637403964996338,0.08178571611642838,0.07285714149475098
59,2.6346077919006348,2.6370151042938232,0.08178571611642838,0.07428571581840515
60,2.634251832962036,2.6366498470306396,0.08267857134342194,0.0714285746216774
61,2.6338155269622803,2.6362829208374023,0.0816071406006813,0.07285714149475098
62,2.633559465408325,2.6359407901763916,0.07946428656578064,0.07000000029802322
63,2.633035898208618,2.6355998516082764,0.08017857372760773,0.07428571581840515
64,2.6327593326568604,2.635251760482788,0.08107142895460129,0.0714285746216774
65,2.632383346557617,2.6348979473114014,0.08107142895460129,0.0714285746216774
66,2.6321024894714355,2.634570598602295,0.0892857164144516,0.08714285492897034
67,2.631765127182007,2.634242296218872,0.08321428298950195,0.08857142925262451
68,2.631338357925415,2.633910894393921,0.09017857164144516,0.09000000357627869
69,2.6310184001922607,2.6335947513580322,0.09107142686843872,0.09142857044935226
70,2.6307244300842285,2.6332738399505615,0.09107142686843872,0.09000000357627869
71,2.6303882598876953,2.6329452991485596,0.08821428567171097,0.09142857044935226
72,2.6300766468048096,2.632638931274414,0.09160714596509933,0.08857142925262451
73,2.629577875137329,2.632331609725952,0.09196428209543228,0.08857142925262451
74,2.629373073577881,2.6320364475250244,0.09160714596509933,0.08714285492897034
75,2.629075765609741,2.6317245960235596,0.09142857044935226,0.09000000357627869
76,2.628696918487549,2.6314427852630615,0.09178571403026581,0.09142857044935226
77,2.6284399032592773,2.6311490535736084,0.09285714477300644,0.09000000357627869
78,2.6280157566070557,2.630851984024048,0.09303571283817291,0.08714285492897034
79,2.62791109085083,2.6305603981018066,0.09232142567634583,0.09000000357627869
80,2.6275181770324707,2.6302645206451416,0.09464285522699356,0.08857142925262451
81,2.6272242069244385,2.629981279373169,0.09517857432365417,0.09000000357627869
82,2.6269116401672363,2.629713773727417,0.09303571283817291,0.09000000357627869
83,2.6265878677368164,2.6294305324554443,0.09375,0.08857142925262451
84,2.6263375282287598,2.6291520595550537,0.09303571283817291,0.08714285492897034
85,2.626067876815796,2.6288843154907227,0.0925000011920929,0.08857142925262451
86,2.6259734630584717,2.628608465194702,0.09464285522699356,0.08714285492897034
87,2.625460147857666,2.6283347606658936,0.0925000011920929,0.09000000357627869
88,2.6252264976501465,2.628087043762207,0.09410714358091354,0.08714285492897034
89,2.624911308288574,2.6278293132781982,0.09214285761117935,0.08714285492897034
90,2.6245768070220947,2.627556562423706,0.09392856806516647,0.08714285492897034
91,2.624532699584961,2.6273138523101807,0.09321428835391998,0.08857142925262451
92,2.6241281032562256,2.627056360244751,0.09339285641908646,0.08857142925262451
93,2.623952865600586,2.6268069744110107,0.09214285761117935,0.08714285492897034
94,2.6236658096313477,2.6265459060668945,0.09303571283817291,0.08857142925262451
95,2.623276948928833,2.6263115406036377,0.09339285641908646,0.08857142925262451
96,2.6231815814971924,2.6260528564453125,0.09232142567634583,0.08857142925262451
97,2.6229727268218994,2.6257970333099365,0.09428571164608002,0.08857142925262451
98,2.6225385665893555,2.625558614730835,0.09392856806516647,0.08857142925262451
99,2.6222822666168213,2.6253297328948975,0.09428571164608002,0.08857142925262451
100,2.6219747066497803,2.6250784397125244,0.09303571283817291,0.08857142925262451
101,2.6218669414520264,2.624845504760742,0.09446428716182709,0.09142857044935226
102,2.6213760375976562,2.6246049404144287,0.09446428716182709,0.09142857044935226
103,2.6212422847747803,2.6243793964385986,0.09375,0.09000000357627869
104,2.6211225986480713,2.6241259574890137,0.09428571164608002,0.09142857044935226
105,2.6207406520843506,2.6239025592803955,0.09464285522699356,0.09142857044935226
106,2.620664358139038,2.6236703395843506,0.09410714358091354,0.09142857044935226
107,2.6204471588134766,2.62345027923584,0.09571428596973419,0.09142857044935226
108,2.6202943325042725,2.623211622238159,0.09446428716182709,0.09000000357627869
109,2.6199393272399902,2.622980833053589,0.09642857313156128,0.09142857044935226
110,2.6196670532226562,2.622767448425293,0.09517857432365417,0.09142857044935226
111,2.619633913040161,2.6225624084472656,0.09571428596973419,0.09000000357627869
112,2.619145393371582,2.622342348098755,0.09624999761581421,0.09142857044935226
113,2.6188836097717285,2.6221108436584473,0.0949999988079071,0.08857142925262451
114,2.6190640926361084,2.6218972206115723,0.09732142835855484,0.08857142925262451
115,2.6184005737304688,2.621661424636841,0.09714286029338837,0.08571428805589676
116,2.618250846862793,2.621432304382324,0.09624999761581421,0.08428571373224258
117,2.618048667907715,2.621232271194458,0.09660714119672775,0.08571428805589676
118,2.6178808212280273,2.621011972427368,0.09767857193946838,0.08714285492897034
119,2.6176984310150146,2.6208043098449707,0.09642857313156128,0.08571428805589676
120,2.617535352706909,2.620579242706299,0.09660714119672775,0.08714285492897034
121,2.617236614227295,2.6203720569610596,0.09785714000463486,0.08857142925262451
122,2.616999626159668,2.620161771774292,0.09660714119672775,0.08857142925262451
123,2.6169729232788086,2.6199848651885986,0.09749999642372131,0.08428571373224258
124,2.6165130138397217,2.619765520095825,0.09714286029338837,0.08857142925262451
125,2.6163363456726074,2.619572877883911,0.09732142835855484,0.08714285492897034
126,2.6162731647491455,2.619365930557251,0.09785714000463486,0.08857142925262451
127,2.6161577701568604,2.6191813945770264,0.09910714626312256,0.08857142925262451
128,2.6158578395843506,2.6189937591552734,0.09785714000463486,0.08857142925262451
129,2.6157162189483643,2.618797779083252,0.0994642823934555,0.08714285492897034
130,2.6154890060424805,2.618621349334717,0.0982142835855484,0.08714285492897034
131,2.6151816844940186,2.6184356212615967,0.09875000268220901,0.08714285492897034
132,2.6151578426361084,2.618242025375366,0.09785714000463486,0.08714285492897034
133,2.614753007888794,2.618056535720825,0.09767857193946838,0.08714285492897034
134,2.6147098541259766,2.6178839206695557,0.09749999642372131,0.08571428805589676
135,2.6146795749664307,2.6176936626434326,0.09803571552038193,0.08571428805589676
136,2.6144070625305176,2.617522716522217,0.09839285910129547,0.08571428805589676
137,2.6143763065338135,2.617342710494995,0.09803571552038193,0.08428571373224258
138,2.613949775695801,2.6171557903289795,0.09857142716646194,0.08714285492897034
139,2.6137285232543945,2.616995096206665,0.09910714626312256,0.08714285492897034
140,2.6136820316314697,2.616833209991455,0.09928571432828903,0.08428571373224258
141,2.6135141849517822,2.616649627685547,0.09928571432828903,0.08428571373224258
142,2.61338472366333,2.616480588912964,0.1007142886519432,0.08571428805589676
143,2.6129567623138428,2.616302251815796,0.09803571552038193,0.08428571373224258
144,2.6129589080810547,2.616128444671631,0.09785714000463486,0.08428571373224258
145,2.6126770973205566,2.6159565448760986,0.09892857074737549,0.08428571373224258
146,2.612821578979492,2.615802049636841,0.1014285683631897,0.08285713940858841
147,2.612666606903076,2.6156375408172607,0.09892857074737549,0.08428571373224258
148,2.6121206283569336,2.6155025959014893,0.10017856955528259,0.08428571373224258
149,2.612290620803833,2.6153390407562256,0.10089285671710968,0.08428571373224258
150,2.61179518699646,2.615189552307129,0.10000000149011612,0.08428571373224258
151,2.6117022037506104,2.615028142929077,0.10053571313619614,0.08428571373224258
152,2.6118693351745605,2.614877939224243,0.10035714507102966,0.08428571373224258
153,2.61150860786438,2.6147236824035645,0.10017856955528259,0.08571428805589676
154,2.611314296722412,2.6145808696746826,0.10035714507102966,0.08571428805589676
155,2.611210823059082,2.6144416332244873,0.10160714387893677,0.08571428805589676
156,2.6109848022460938,2.614283800125122,0.09928571432828903,0.08571428805589676
157,2.61093807220459,2.61415696144104,0.10035714507102966,0.08714285492897034
158,2.6106863021850586,2.613997459411621,0.10017856955528259,0.08714285492897034
159,2.6106107234954834,2.6138646602630615,0.10160714387893677,0.08714285492897034
160,2.610349178314209,2.613724708557129,0.09892857074737549,0.08714285492897034
161,2.6103503704071045,2.6135945320129395,0.10053571313619614,0.08428571373224258
162,2.6103155612945557,2.6134603023529053,0.1007142886519432,0.08428571373224258
163,2.610037088394165,2.6133158206939697,0.09964285790920258,0.08428571373224258
164,2.609829902648926,2.6131649017333984,0.10000000149011612,0.08428571373224258
165,2.609947919845581,2.6130387783050537,0.1007142886519432,0.08285713940858841
166,2.609781503677368,2.6129202842712402,0.1014285683631897,0.08428571373224258
167,2.609546422958374,2.612786054611206,0.10017856955528259,0.08571428805589676
168,2.6093599796295166,2.612672805786133,0.09964285790920258,0.08571428805589676
169,2.6092538833618164,2.6125524044036865,0.1007142886519432,0.08714285492897034
170,2.609050989151001,2.6124355792999268,0.09982142597436905,0.08571428805589676
171,2.6089611053466797,2.6123130321502686,0.09910714626312256,0.08428571373224258
172,2.6089892387390137,2.6121785640716553,0.0994642823934555,0.08571428805589676
173,2.6086623668670654,2.6120615005493164,0.09749999642372131,0.08428571373224258
174,2.608645439147949,2.611971139907837,0.10000000149011612,0.08428571373224258
175,2.6084978580474854,2.611845016479492,0.0982142835855484,0.08428571373224258
176,2.608523368835449,2.6117327213287354,0.09910714626312256,0.08714285492897034
177,2.6082570552825928,2.611604928970337,0.10053571313619614,0.08428571373224258
178,2.6081888675689697,2.61148738861084,0.0982142835855484,0.08857142925262451
179,2.60782527923584,2.6113603115081787,0.09839285910129547,0.08857142925262451
180,2.6075587272644043,2.6112375259399414,0.10000000149011612,0.08857142925262451
181,2.6075644493103027,2.611119508743286,0.0982142835855484,0.09000000357627869
182,2.6073131561279297,2.6110403537750244,0.10232143104076385,0.09428571164608002
183,2.6076409816741943,2.61092472076416,0.09714286029338837,0.09000000357627869
184,2.6072709560394287,2.6108086109161377,0.09964285790920258,0.09142857044935226
185,2.607300043106079,2.610705614089966,0.10017856955528259,0.09142857044935226
186,2.6069705486297607,2.610618829727173,0.10053571313619614,0.09142857044935226
187,2.607048988342285,2.610508918762207,0.09982142597436905,0.09142857044935226
188,2.606720209121704,2.6104094982147217,0.10107143223285675,0.09428571164608002
189,2.6067512035369873,2.6103227138519287,0.10125000029802322,0.09285714477300644
190,2.606633186340332,2.610208749771118,0.09910714626312256,0.09142857044935226
191,2.6063807010650635,2.610107898712158,0.09910714626312256,0.09428571164608002
192,2.6064882278442383,2.6100244522094727,0.10160714387893677,0.09428571164608002
193,2.6062681674957275,2.6099231243133545,0.0969642847776413,0.09285714477300644
194,2.606278419494629,2.6098291873931885,0.09964285790920258,0.09571428596973419
195,2.606361150741577,2.6097445487976074,0.0994642823934555,0.09285714477300644
196,2.6059889793395996,2.609633445739746,0.0994642823934555,0.09571428596973419
197,2.6060686111450195,2.6095354557037354,0.10089285671710968,0.09571428596973419
198,2.605722188949585,2.6094472408294678,0.10160714387893677,0.09571428596973419
199,2.605792284011841,2.6093616485595703,0.10035714507102966,0.09571428596973419
200,2.605666399002075,2.609257459640503,0.10089285671710968,0.09428571164608002
201,2.605339288711548,2.6091763973236084,0.1014285683631897,0.09428571164608002
202,2.605534553527832,2.6090896129608154,0.10089285671710968,0.09571428596973419
203,2.605375051498413,2.609023332595825,0.10053571313619614,0.09571428596973419
204,2.6051807403564453,2.6089389324188232,0.1007142886519432,0.09571428596973419
205,2.6050825119018555,2.608841896057129,0.10160714387893677,0.09571428596973419
206,2.605156660079956,2.608743906021118,0.09875000268220901,0.09714286029338837
207,2.6049296855926514,2.6086816787719727,0.10178571194410324,0.09714286029338837
208,2.604651927947998,2.6085917949676514,0.09910714626312256,0.09428571164608002
209,2.6044836044311523,2.6084845066070557,0.10107143223285675,0.09714286029338837
210,2.604768991470337,2.6084072589874268,0.1014285683631897,0.09571428596973419
211,2.6044671535491943,2.608327865600586,0.1014285683631897,0.09571428596973419
212,2.604430913925171,2.6082351207733154,0.10125000029802322,0.09571428596973419
213,2.6044552326202393,2.608165979385376,0.10160714387893677,0.09571428596973419
214,2.604288339614868,2.6080896854400635,0.09982142597436905,0.09571428596973419
215,2.604074478149414,2.608034372329712,0.10035714507102966,0.09428571164608002
216,2.604151725769043,2.6079649925231934,0.10017856955528259,0.09571428596973419
217,2.6037676334381104,2.6079189777374268,0.10089285671710968,0.09428571164608002
218,2.6038684844970703,2.6078500747680664,0.09982142597436905,0.09571428596973419
219,2.6037230491638184,2.6077535152435303,0.10249999910593033,0.09714286029338837
220,2.603829860687256,2.607668399810791,0.09982142597436905,0.09714286029338837
221,2.6034364700317383,2.607607126235962,0.10160714387893677,0.09714286029338837
222,2.6033518314361572,2.6075189113616943,0.1014285683631897,0.09714286029338837
223,2.6035079956054688,2.6074345111846924,0.10107143223285675,0.09714286029338837
224,2.603344440460205,2.6073670387268066,0.10053571313619614,0.09714286029338837
225,2.603107452392578,2.607271909713745,0.10035714507102966,0.09714286029338837
226,2.603055238723755,2.6072044372558594,0.10196428745985031,0.09857142716646194
227,2.6030261516571045,2.6071512699127197,0.10160714387893677,0.09857142716646194
228,2.6029341220855713,2.6071059703826904,0.10089285671710968,0.09714286029338837
229,2.603083610534668,2.607043504714966,0.10125000029802322,0.09714286029338837
230,2.6028482913970947,2.6069679260253906,0.1007142886519432,0.09714286029338837
231,2.6029844284057617,2.6069116592407227,0.10053571313619614,0.09714286029338837
232,2.602721929550171,2.6068308353424072,0.0994642823934555,0.10000000149011612
233,2.6028919219970703,2.6067888736724854,0.1007142886519432,0.09857142716646194
234,2.6025397777557373,2.606720209121704,0.10196428745985031,0.09857142716646194
235,2.602358818054199,2.6066346168518066,0.10089285671710968,0.09857142716646194
236,2.6024882793426514,2.606577157974243,0.10089285671710968,0.09857142716646194
237,2.6023688316345215,2.6065261363983154,0.10178571194410324,0.09857142716646194
238,2.6023805141448975,2.606485605239868,0.10232143104076385,0.09857142716646194
239,2.601976156234741,2.606414556503296,0.10000000149011612,0.10000000149011612
240,2.602154016494751,2.6063365936279297,0.10125000029802322,0.10000000149011612
241,2.6018364429473877,2.6062934398651123,0.10178571194410324,0.09714286029338837
242,2.601989507675171,2.6062400341033936,0.10249999910593033,0.09571428596973419
243,2.6019845008850098,2.6061675548553467,0.1007142886519432,0.09714286029338837
244,2.60166072845459,2.6061136722564697,0.10160714387893677,0.09714286029338837
245,2.602001190185547,2.6060523986816406,0.09964285790920258,0.09571428596973419
246,2.6015689373016357,2.6059958934783936,0.10214285552501678,0.09428571164608002
247,2.6016886234283447,2.605959177017212,0.1026785746216774,0.09714286029338837
248,2.6014132499694824,2.6059141159057617,0.10089285671710968,0.09714286029338837
249,2.6013991832733154,2.605848789215088,0.1014285683631897,0.09571428596973419
