,loss,val_loss,accuracy,val_accuracy
0,2.707136392593384,2.7007639408111572,0.09000000357627869,0.1014285683631897
1,2.697413444519043,2.6927435398101807,0.11874999850988388,0.11857143044471741
2,2.6894094944000244,2.6851682662963867,0.12357142567634583,0.1371428519487381
3,2.681544065475464,2.6771671772003174,0.14553570747375488,0.14142857491970062
4,2.673063278198242,2.668217897415161,0.1485714316368103,0.15571428835391998
5,2.664029121398926,2.658787250518799,0.15839286148548126,0.1728571355342865
6,2.6540639400482178,2.648266077041626,0.1823214292526245,0.1785714328289032
7,2.642896890640259,2.6366331577301025,0.18982142210006714,0.1899999976158142
8,2.6303865909576416,2.623868465423584,0.20374999940395355,0.1971428543329239
9,2.616204261779785,2.608738660812378,0.2085714340209961,0.21285714209079742
10,2.5996575355529785,2.5912392139434814,0.21857142448425293,0.22142857313156128
11,2.5805914402008057,2.571930170059204,0.22357143461704254,0.21857142448425293
12,2.558988571166992,2.5483791828155518,0.22428570687770844,0.2199999988079071
13,2.533019781112671,2.5215635299682617,0.22339285910129547,0.22714285552501678
14,2.502563714981079,2.4894495010375977,0.22535714507102966,0.2314285784959793
15,2.4665515422821045,2.4522705078125,0.23000000417232513,0.22142857313156128
16,2.4247124195098877,2.409428119659424,0.2360714226961136,0.2257142812013626
17,2.378664255142212,2.364184617996216,0.238571435213089,0.2514285743236542
18,2.328871726989746,2.317682981491089,0.2582142949104309,0.238571435213089
19,2.280186653137207,2.2711775302886963,0.2628571391105652,0.25857141613960266
20,2.232569932937622,2.228705406188965,0.28357142210006714,0.272857129573822
21,2.1884424686431885,2.187030553817749,0.29357144236564636,0.28285714983940125
22,2.1450109481811523,2.1510629653930664,0.30714285373687744,0.2928571403026581
23,2.1044485569000244,2.1237332820892334,0.3142857253551483,0.30142858624458313
24,2.0652201175689697,2.0763378143310547,0.3246428668498993,0.34142857789993286
25,2.0282061100006104,2.0461392402648926,0.3430357277393341,0.33571428060531616
26,1.990473985671997,2.012854814529419,0.3583928644657135,0.35428571701049805
27,1.9573317766189575,1.9866377115249634,0.3703571557998657,0.3685714304447174
28,1.918901801109314,1.9437323808670044,0.3923214375972748,0.38428571820259094
29,1.8846203088760376,1.9185386896133423,0.4099999964237213,0.3928571343421936
30,1.8470505475997925,1.9082975387573242,0.41428571939468384,0.3928571343421936
31,1.812504529953003,1.8575419187545776,0.4337500035762787,0.4214285612106323
32,1.7758880853652954,1.8318012952804565,0.44482141733169556,0.4228571355342865
33,1.7410368919372559,1.792404294013977,0.4580357074737549,0.4414285719394684
34,1.7077949047088623,1.7557358741760254,0.4705357253551483,0.43142858147621155
35,1.666459560394287,1.7391009330749512,0.4860714375972748,0.4342857003211975
36,1.6383888721466064,1.706008791923523,0.4903571307659149,0.44999998807907104
37,1.6004409790039062,1.6697875261306763,0.5008928775787354,0.4699999988079071
38,1.5681004524230957,1.6532655954360962,0.5089285969734192,0.4514285624027252
39,1.5310337543487549,1.6203826665878296,0.5246428847312927,0.46714285016059875
40,1.5080546140670776,1.6229310035705566,0.5230357050895691,0.49000000953674316
41,1.4734489917755127,1.571530818939209,0.5375000238418579,0.49142858386039734
42,1.4546070098876953,1.5310651063919067,0.5392857193946838,0.4957142770290375
43,1.4215129613876343,1.5034326314926147,0.5505357384681702,0.4957142770290375
44,1.393644094467163,1.5008550882339478,0.5555357336997986,0.5057142972946167
45,1.3806051015853882,1.4672647714614868,0.5616071224212646,0.5214285850524902
46,1.3592528104782104,1.4765046834945679,0.5682142972946167,0.5171428322792053
47,1.3398901224136353,1.5139007568359375,0.571071445941925,0.5028571486473083
48,1.3050836324691772,1.4217357635498047,0.5874999761581421,0.5342857241630554
49,1.288540005683899,1.413917899131775,0.5764285922050476,0.5342857241630554
50,1.2635540962219238,1.3987888097763062,0.5958928465843201,0.5214285850524902
51,1.2450475692749023,1.391616702079773,0.600178599357605,0.5442857146263123
52,1.2232635021209717,1.4058319330215454,0.6073214411735535,0.5371428728103638
53,1.1982403993606567,1.3493324518203735,0.612678587436676,0.5371428728103638
54,1.1952561140060425,1.3330248594284058,0.6142857074737549,0.5642856955528259
55,1.1686019897460938,1.3369389772415161,0.623035728931427,0.550000011920929
56,1.1594936847686768,1.3642195463180542,0.6255357265472412,0.545714259147644
57,1.138641357421875,1.3145661354064941,0.6310714483261108,0.5771428346633911
58,1.1335126161575317,1.2878875732421875,0.6337500214576721,0.5557143092155457
59,1.104942798614502,1.3113670349121094,0.643750011920929,0.5557143092155457
60,1.1065200567245483,1.2988420724868774,0.6446428298950195,0.5699999928474426
61,1.068202257156372,1.3805161714553833,0.6619642972946167,0.5557143092155457
62,1.070333480834961,1.3444541692733765,0.6591071486473083,0.5485714077949524
63,1.056145429611206,1.2371169328689575,0.6587499976158142,0.5971428751945496
64,1.0424710512161255,1.2192935943603516,0.6644642949104309,0.6071428656578064
65,1.0371358394622803,1.2702587842941284,0.6710714101791382,0.5714285969734192
66,1.0433589220046997,1.229398488998413,0.6700000166893005,0.6000000238418579
67,1.0085800886154175,1.224907636642456,0.677142858505249,0.6142857074737549
68,0.9836225509643555,1.203243374824524,0.6857143044471741,0.604285717010498
69,0.970581591129303,1.2306772470474243,0.6917856931686401,0.5914285778999329
70,0.9579018950462341,1.235870361328125,0.6941071152687073,0.5871428847312927
71,0.9456416964530945,1.2773531675338745,0.7017857432365417,0.5714285969734192
72,0.9392070174217224,1.2663383483886719,0.697857141494751,0.6014285683631897
73,0.9356303811073303,1.1647230386734009,0.7017857432365417,0.6171428561210632
74,0.9164913296699524,1.1414837837219238,0.7035714387893677,0.6271428465843201
75,0.9030067324638367,1.1446173191070557,0.7094643115997314,0.6228571534156799
76,0.9004884958267212,1.1742171049118042,0.7149999737739563,0.6114285588264465
77,0.8846874833106995,1.172005534172058,0.7201785445213318,0.6257143020629883
78,0.8921105861663818,1.1592810153961182,0.7158928513526917,0.6242856979370117
79,0.8577630519866943,1.195961356163025,0.7250000238418579,0.6157143115997314
80,0.8700472116470337,1.1566028594970703,0.7221428751945496,0.6214285492897034
81,0.848601758480072,1.1444650888442993,0.7328571677207947,0.6328571438789368
82,0.853165864944458,1.1400423049926758,0.7276785969734192,0.6257143020629883
83,0.8363614678382874,1.1232422590255737,0.7348214387893677,0.6299999952316284
84,0.8240311145782471,1.1456223726272583,0.7380357384681702,0.6257143020629883
85,0.8273062109947205,1.1536787748336792,0.733214259147644,0.6200000047683716
86,0.7992231845855713,1.1766630411148071,0.7476785778999329,0.6085714101791382
87,0.8018419146537781,1.2807502746582031,0.7498214244842529,0.5971428751945496
88,0.7980371117591858,1.092299461364746,0.75,0.6385714411735535
89,0.7788829803466797,1.187785267829895,0.7524999976158142,0.6057142615318298
90,0.7985731363296509,1.0996869802474976,0.7451785802841187,0.6285714507102966
91,0.7738050222396851,1.0911868810653687,0.7573214173316956,0.6357142925262451
92,0.758441150188446,1.0962955951690674,0.7616071701049805,0.6357142925262451
93,0.7614109516143799,1.1185606718063354,0.7635714411735535,0.6257143020629883
94,0.7555674910545349,1.0925829410552979,0.762321412563324,0.645714282989502
95,0.738757848739624,1.089924693107605,0.7678571343421936,0.6299999952316284
96,0.729118287563324,1.133973240852356,0.7769643068313599,0.6371428370475769
97,0.7273202538490295,1.1792320013046265,0.768928587436676,0.6157143115997314
98,0.7153628468513489,1.07485032081604,0.7751785516738892,0.631428599357605
99,0.7036464810371399,1.0979981422424316,0.7796428799629211,0.6371428370475769
100,0.7114568948745728,1.1711602210998535,0.7803571224212646,0.6157143115997314
101,0.7182542085647583,1.0635982751846313,0.7682142853736877,0.645714282989502
102,0.7257439494132996,1.0772148370742798,0.7696428298950195,0.6399999856948853
103,0.6812649965286255,1.072180151939392,0.7914285659790039,0.6428571343421936
104,0.6861751675605774,1.064809799194336,0.7853571176528931,0.6585714221000671
105,0.6805932521820068,1.1035152673721313,0.7864285707473755,0.6371428370475769
106,0.6679378151893616,1.244921088218689,0.7921428680419922,0.6100000143051147
107,0.6778711676597595,1.0665148496627808,0.7798214554786682,0.6485714316368103
108,0.6929938793182373,1.1248003244400024,0.7821428775787354,0.6499999761581421
109,0.6758005023002625,1.0585135221481323,0.7844642996788025,0.6585714221000671
110,0.6525986790657043,1.081000804901123,0.7941071391105652,0.6385714411735535
111,0.6383361220359802,1.043495535850525,0.8033928275108337,0.6571428775787354
112,0.6506232023239136,1.0587126016616821,0.789821445941925,0.6514285802841187
113,0.6203017830848694,1.0394266843795776,0.8051785826683044,0.6499999761581421
114,0.6445516347885132,1.0820976495742798,0.7962499856948853,0.645714282989502
115,0.6404216885566711,1.0403778553009033,0.8037499785423279,0.6514285802841187
116,0.6397833228111267,1.0842536687850952,0.8030357360839844,0.6471428275108337
117,0.6083030104637146,1.0857828855514526,0.8089285492897034,0.654285728931427
118,0.5928128957748413,1.0449857711791992,0.8160714507102966,0.6628571152687073
119,0.6000595092773438,1.0389188528060913,0.8130357265472412,0.6600000262260437
120,0.5989378094673157,1.0417958498001099,0.8142856955528259,0.6614285707473755
121,0.6230564713478088,1.0491207838058472,0.802142858505249,0.6514285802841187
122,0.5894821286201477,1.0488687753677368,0.8160714507102966,0.6628571152687073
123,0.5788983106613159,1.1037079095840454,0.824821412563324,0.6442857384681702
124,0.5757524967193604,1.0496480464935303,0.8160714507102966,0.6614285707473755
125,0.6021486520767212,1.0492267608642578,0.8094642758369446,0.6557142734527588
126,0.5648901462554932,1.052871823310852,0.8262500166893005,0.6585714221000671
127,0.6225901246070862,1.0861845016479492,0.798035740852356,0.6528571248054504
128,0.5701723098754883,1.1279116868972778,0.8232142925262451,0.6428571343421936
129,0.5499377846717834,1.1291990280151367,0.833214282989502,0.645714282989502
130,0.5436977744102478,1.1402822732925415,0.8348214030265808,0.6428571343421936
131,0.5524864792823792,1.346661925315857,0.831250011920929,0.5971428751945496
132,0.5536441802978516,1.1052590608596802,0.8242856860160828,0.6485714316368103
133,0.5240703225135803,1.0912574529647827,0.8385714292526245,0.6600000262260437
134,0.5525638461112976,1.03843355178833,0.8278571367263794,0.6628571152687073
135,0.5302563309669495,1.0500881671905518,0.837321400642395,0.6671428680419922
136,0.5408691763877869,1.0396662950515747,0.8321428298950195,0.6700000166893005
137,0.5118873119354248,1.041933298110962,0.8421428799629211,0.6742857098579407
138,0.5668244957923889,1.3238319158554077,0.8221428394317627,0.618571400642395
139,0.5280976891517639,1.1007413864135742,0.8362500071525574,0.6514285802841187
140,0.539208173751831,1.077928900718689,0.826964259147644,0.6700000166893005
141,0.5148289203643799,1.0371900796890259,0.8374999761581421,0.6657142639160156
142,0.49875974655151367,1.0550564527511597,0.8433928489685059,0.6657142639160156
143,0.5555082559585571,1.0422358512878418,0.8221428394317627,0.6728571653366089
144,0.49550220370292664,1.0860227346420288,0.8460714221000671,0.6514285802841187
145,0.48380374908447266,1.0805870294570923,0.8505356907844543,0.6628571152687073
146,0.49197691679000854,1.0953280925750732,0.8444643020629883,0.6528571248054504
147,0.5465030074119568,1.3027138710021973,0.8233928680419922,0.6171428561210632
148,0.4830682873725891,1.0361993312835693,0.8530356884002686,0.6800000071525574
149,0.478419691324234,1.116172432899475,0.8525000214576721,0.6671428680419922
150,0.4731305241584778,1.0508241653442383,0.854107141494751,0.668571412563324
151,0.4728371798992157,1.040777325630188,0.854107141494751,0.6700000166893005
152,0.4592345952987671,1.0804704427719116,0.860535740852356,0.6700000166893005
153,0.4649016559123993,1.1414557695388794,0.8569642901420593,0.6528571248054504
154,0.4716908633708954,1.127434253692627,0.8551785945892334,0.6628571152687073
155,0.45731180906295776,1.0493818521499634,0.8580357432365417,0.6742857098579407
156,0.44697248935699463,1.0726934671401978,0.8632143139839172,0.6571428775787354
157,0.44954872131347656,1.0917726755142212,0.8596428632736206,0.6628571152687073
158,0.47658297419548035,1.0639252662658691,0.8489285707473755,0.6642857193946838
159,0.4371112585067749,1.1159199476242065,0.8655357360839844,0.668571412563324
160,0.4312613308429718,1.061755657196045,0.868571400642395,0.6671428680419922
161,0.5098400712013245,1.1145366430282593,0.8337500095367432,0.668571412563324
162,0.43465563654899597,1.1402190923690796,0.8648214340209961,0.6571428775787354
163,0.4740545153617859,1.1953738927841187,0.8533928394317627,0.6471428275108337
164,0.42187049984931946,1.0851601362228394,0.875,0.6814285516738892
165,0.42659398913383484,1.1275612115859985,0.868571400642395,0.6571428775787354
166,0.42831191420555115,1.0900709629058838,0.8735714554786682,0.6742857098579407
167,0.41810235381126404,1.1534792184829712,0.8737499713897705,0.6671428680419922
168,0.4251957833766937,1.0683484077453613,0.8721428513526917,0.6942856907844543
169,0.4430236518383026,1.1677981615066528,0.866607129573822,0.6585714221000671
170,0.4124439060688019,1.1081637144088745,0.8748214244842529,0.668571412563324
171,0.41503965854644775,1.0921307802200317,0.8687499761581421,0.6714285612106323
172,0.39192458987236023,1.1214689016342163,0.887321412563324,0.668571412563324
173,0.40418732166290283,1.1336231231689453,0.8751785755157471,0.6628571152687073
174,0.40771979093551636,1.2231935262680054,0.8741071224212646,0.6471428275108337
175,0.39275625348091125,1.1152898073196411,0.8824999928474426,0.6728571653366089
176,0.4050983488559723,1.178450345993042,0.8728571534156799,0.6642857193946838
177,0.38240402936935425,1.1148042678833008,0.885357141494751,0.6757143139839172
178,0.3903219997882843,1.1104174852371216,0.8810714483261108,0.6800000071525574
179,0.38508012890815735,1.2088409662246704,0.8808928728103638,0.6428571343421936
180,0.4191852807998657,1.1915377378463745,0.8678571581840515,0.6614285707473755
181,0.38153326511383057,1.1142078638076782,0.8824999928474426,0.668571412563324
182,0.3837028443813324,1.2485376596450806,0.8826785683631897,0.6657142639160156
183,0.40769079327583313,1.5314570665359497,0.8753571510314941,0.6014285683631897
184,0.4066215753555298,1.2416514158248901,0.8737499713897705,0.6485714316368103
185,0.38470423221588135,1.216564416885376,0.8796428442001343,0.6585714221000671
186,0.4225720167160034,1.1035710573196411,0.8662499785423279,0.6742857098579407
187,0.3680361807346344,1.189197301864624,0.8901785612106323,0.6585714221000671
188,0.3700461685657501,1.1803956031799316,0.8860714435577393,0.6628571152687073
189,0.3554894030094147,1.1361753940582275,0.8928571343421936,0.6814285516738892
190,0.34338441491127014,1.097785234451294,0.9014285802841187,0.6785714030265808
191,0.3588721752166748,1.1540502309799194,0.8910714387893677,0.6842857003211975
192,0.33247533440589905,1.2251055240631104,0.9053571224212646,0.6628571152687073
193,0.362601637840271,1.131535530090332,0.8908928632736206,0.6800000071525574
194,0.33586937189102173,1.152488350868225,0.9012500047683716,0.6671428680419922
195,0.3691500723361969,1.2246289253234863,0.8841071724891663,0.6528571248054504
196,0.3791203200817108,1.2448720932006836,0.8846428394317627,0.6471428275108337
197,0.34095606207847595,1.1272039413452148,0.8973214030265808,0.6742857098579407
198,0.34453466534614563,1.1096231937408447,0.8964285850524902,0.6785714030265808
199,0.33776870369911194,1.1902730464935303,0.8985714316368103,0.6714285612106323
200,0.3434101343154907,1.1398730278015137,0.8916071653366089,0.6814285516738892
201,0.3405658006668091,1.2382243871688843,0.8994643092155457,0.6585714221000671
202,0.3203360438346863,1.1592738628387451,0.9091071486473083,0.6700000166893005
203,0.3161616325378418,1.268349289894104,0.9075000286102295,0.654285728931427
204,0.31106460094451904,1.131856083869934,0.9092857241630554,0.6742857098579407
205,0.3125196099281311,1.173978328704834,0.9067857265472412,0.6728571653366089
206,0.3070065677165985,1.1553362607955933,0.9139285683631897,0.6728571653366089
207,0.35828521847724915,1.14801824092865,0.8923214077949524,0.6657142639160156
208,0.3043387532234192,1.1356844902038574,0.9139285683631897,0.6828571557998657
209,0.31146129965782166,1.2925901412963867,0.9100000262260437,0.6471428275108337
210,0.3050650358200073,1.1561602354049683,0.9130356907844543,0.6828571557998657
211,0.303159236907959,1.1701701879501343,0.9135714173316956,0.6714285612106323
212,0.33290526270866394,1.1552263498306274,0.8983928561210632,0.6757143139839172
213,0.32215583324432373,1.160634994506836,0.904285728931427,0.6828571557998657
214,0.2991674244403839,1.2262629270553589,0.9123214483261108,0.6557142734527588
215,0.3015917241573334,1.184712290763855,0.910178542137146,0.677142858505249
216,0.3013651967048645,1.2039786577224731,0.9158928394317627,0.668571412563324
217,0.3383389711380005,1.3542207479476929,0.8953571319580078,0.6371428370475769
218,0.3086552619934082,1.1669634580612183,0.9094642996788025,0.6714285612106323
219,0.2858654260635376,1.1914399862289429,0.9210714101791382,0.6728571653366089
220,0.27326199412345886,1.1884765625,0.9257143139839172,0.6742857098579407
221,0.27977514266967773,1.1967661380767822,0.9223214387893677,0.6757143139839172
222,0.28162214159965515,1.2251590490341187,0.9223214387893677,0.6614285707473755
223,0.2838557958602905,1.3111153841018677,0.9182142615318298,0.6571428775787354
224,0.28378817439079285,1.2261548042297363,0.9132142663002014,0.6671428680419922
225,0.2873168885707855,1.1949249505996704,0.918749988079071,0.6728571653366089
226,0.27776962518692017,1.2762482166290283,0.918571412563324,0.6600000262260437
227,0.29133275151252747,1.2611513137817383,0.9112499952316284,0.6614285707473755
228,0.2902992069721222,1.2287529706954956,0.9098214507102966,0.6785714030265808
229,0.2814304530620575,1.3266706466674805,0.9178571701049805,0.6528571248054504
230,0.2956719398498535,1.2465900182724,0.9096428751945496,0.6671428680419922
231,0.28870466351509094,1.2525826692581177,0.914642870426178,0.6614285707473755
232,0.2561872899532318,1.2084673643112183,0.9314285516738892,0.6742857098579407
233,0.26678648591041565,1.2361769676208496,0.925178587436676,0.6742857098579407
234,0.2573137581348419,1.2405093908309937,0.9305357336997986,0.668571412563324
235,0.2740266025066376,1.2686657905578613,0.9183928370475769,0.6714285612106323
236,0.24329881370067596,1.244803786277771,0.9364285469055176,0.6614285707473755
237,0.25954049825668335,1.2554854154586792,0.926964282989502,0.6628571152687073
238,0.26320040225982666,1.298344612121582,0.925000011920929,0.6671428680419922
239,0.2571948170661926,1.3067913055419922,0.9276785850524902,0.6600000262260437
240,0.2541408836841583,1.2740099430084229,0.931071400642395,0.654285728931427
241,0.2539297342300415,1.4148091077804565,0.9257143139839172,0.6499999761581421
242,0.2480452060699463,1.280900239944458,0.9316071271896362,0.6671428680419922
243,0.30009838938713074,1.3101345300674438,0.9094642996788025,0.6628571152687073
244,0.24665459990501404,1.2504075765609741,0.9325000047683716,0.6700000166893005
245,0.26887932419776917,1.2555270195007324,0.925178587436676,0.6671428680419922
246,0.246876522898674,1.4792274236679077,0.9328571557998657,0.6371428370475769
247,0.23783813416957855,1.270520567893982,0.9378571510314941,0.668571412563324
248,0.2284027487039566,1.282817006111145,0.9391071200370789,0.677142858505249
249,0.21942606568336487,1.387506365776062,0.9476785659790039,0.6571428775787354
