,loss,val_loss,accuracy,val_accuracy
0,2.7229249477386475,2.7276461124420166,0.07214285433292389,0.05714285746216774
1,2.7116048336029053,2.7168314456939697,0.07874999940395355,0.06857142597436905
2,2.703856945037842,2.7162740230560303,0.07928571105003357,0.0714285746216774
3,2.695502996444702,2.6964807510375977,0.08339285850524902,0.07571428269147873
4,2.6903069019317627,2.702812910079956,0.09196428209543228,0.08571428805589676
5,2.6864240169525146,2.6880111694335938,0.10089285671710968,0.10857142508029938
6,2.6809895038604736,2.672739028930664,0.10249999910593033,0.10285714268684387
7,2.669407606124878,2.7291059494018555,0.10642857104539871,0.07571428269147873
8,2.6716086864471436,2.669321060180664,0.10285714268684387,0.1071428582072258
9,2.6603503227233887,2.6534276008605957,0.11446428298950195,0.11714285612106323
10,2.6578288078308105,2.687408447265625,0.11232142895460129,0.08714285492897034
11,2.6535065174102783,2.6538023948669434,0.11357142776250839,0.11714285612106323
12,2.6465399265289307,2.6897828578948975,0.11660714447498322,0.08571428805589676
13,2.648599863052368,2.674362897872925,0.10946428775787354,0.09285714477300644
14,2.6407227516174316,2.63388729095459,0.11874999850988388,0.11857143044471741
15,2.6396753787994385,2.6454830169677734,0.11249999701976776,0.10571428388357162
16,2.6329686641693115,2.633723020553589,0.11839285492897034,0.1128571406006813
17,2.643749952316284,2.6613950729370117,0.1148214265704155,0.09857142716646194
18,2.6286449432373047,2.672496795654297,0.11874999850988388,0.09428571164608002
19,2.632418632507324,2.6734654903411865,0.11571428924798965,0.09000000357627869
20,2.6266355514526367,2.6412951946258545,0.11678571254014969,0.10857142508029938
21,2.623680353164673,2.6963891983032227,0.12214285880327225,0.08857142925262451
22,2.622077226638794,2.6221442222595215,0.12232142686843872,0.1128571406006813
23,2.6069960594177246,2.681525468826294,0.1262499988079071,0.08571428805589676
24,2.6479063034057617,2.622943162918091,0.10517857223749161,0.10428571701049805
25,2.6062254905700684,2.60292649269104,0.12428571283817291,0.11999999731779099
26,2.616107702255249,2.6575675010681152,0.125,0.1014285683631897
27,2.61673641204834,2.6103546619415283,0.11839285492897034,0.11571428924798965
28,2.6023051738739014,2.6445610523223877,0.1294642835855484,0.10000000149011612
29,2.63653564453125,2.679650068283081,0.11446428298950195,0.08428571373224258
30,2.6038365364074707,2.5928173065185547,0.12517857551574707,0.12428571283817291
31,2.617812156677246,2.5998761653900146,0.12071428447961807,0.12285714596509933
32,2.615173816680908,2.6154305934906006,0.12017857283353806,0.1128571406006813
33,2.5906050205230713,2.6009528636932373,0.13214285671710968,0.12714286148548126
34,2.60589861869812,2.668036699295044,0.12607142329216003,0.09142857044935226
35,2.613715887069702,2.5863375663757324,0.11839285492897034,0.12285714596509933
36,2.5969905853271484,2.635105848312378,0.12642857432365417,0.10571428388357162
37,2.6603755950927734,2.73781418800354,0.10553571581840515,0.07428571581840515
38,2.710824728012085,2.715256690979004,0.08785714209079742,0.07000000029802322
39,2.691131830215454,2.700800895690918,0.08642856776714325,0.07000000029802322
40,2.6781976222991943,2.6906840801239014,0.09214285761117935,0.0714285746216774
41,2.669029712677002,2.6831111907958984,0.08696428686380386,0.0657142847776413
42,2.6620073318481445,2.677570343017578,0.08589285612106323,0.06142857298254967
43,2.656571388244629,2.673269271850586,0.08749999850988388,0.06857142597436905
44,2.652250051498413,2.669909715652466,0.08785714209079742,0.07571428269147873
45,2.649047374725342,2.6673009395599365,0.08839285373687744,0.07428571581840515
46,2.6463146209716797,2.665093183517456,0.08874999731779099,0.07000000029802322
47,2.643829584121704,2.663431406021118,0.08946428447961807,0.07285714149475098
48,2.642085075378418,2.661940813064575,0.0905357152223587,0.08142857253551483
49,2.6405599117279053,2.6606884002685547,0.09035713970661163,0.0771428570151329
50,2.6392557621002197,2.6596033573150635,0.09035713970661163,0.07571428269147873
51,2.637925863265991,2.658705234527588,0.08964285999536514,0.07857143133878708
52,2.636972188949585,2.657808303833008,0.0905357152223587,0.07428571581840515
53,2.6358892917633057,2.657025098800659,0.09017857164144516,0.0714285746216774
54,2.6350886821746826,2.6563377380371094,0.09125000238418579,0.07000000029802322
55,2.634253740310669,2.655686140060425,0.09267856925725937,0.06857142597436905
56,2.633493661880493,2.655059576034546,0.0925000011920929,0.06857142597436905
57,2.632539987564087,2.6544606685638428,0.09107142686843872,0.06857142597436905
58,2.6320018768310547,2.6538922786712646,0.09017857164144516,0.0714285746216774
59,2.631168842315674,2.6533520221710205,0.09375,0.0714285746216774
60,2.630434274673462,2.652865409851074,0.09160714596509933,0.07285714149475098
61,2.629930257797241,2.6523330211639404,0.09517857432365417,0.0714285746216774
62,2.629324197769165,2.651822090148926,0.09321428835391998,0.0714285746216774
63,2.6284565925598145,2.65136456489563,0.09303571283817291,0.0714285746216774
64,2.6279215812683105,2.6508708000183105,0.09071428328752518,0.07428571581840515
65,2.627215623855591,2.6504058837890625,0.09214285761117935,0.07571428269147873
66,2.6266820430755615,2.6499507427215576,0.09267856925725937,0.07285714149475098
67,2.6260435581207275,2.649465799331665,0.09446428716182709,0.07428571581840515
68,2.6253035068511963,2.6489529609680176,0.09267856925725937,0.07428571581840515
69,2.624551296234131,2.6484463214874268,0.09214285761117935,0.07571428269147873
70,2.624037742614746,2.647969961166382,0.09196428209543228,0.07428571581840515
71,2.623427629470825,2.647406578063965,0.09375,0.0714285746216774
72,2.6226823329925537,2.6469414234161377,0.09571428596973419,0.07571428269147873
73,2.6220037937164307,2.6464192867279053,0.09339285641908646,0.07428571581840515
74,2.6212236881256104,2.645831346511841,0.09749999642372131,0.07285714149475098
75,2.620736598968506,2.645296335220337,0.09392856806516647,0.0714285746216774
76,2.619868516921997,2.644773244857788,0.09392856806516647,0.07285714149475098
77,2.619159460067749,2.644240140914917,0.09446428716182709,0.07285714149475098
78,2.6186015605926514,2.64359188079834,0.10053571313619614,0.0714285746216774
79,2.617838144302368,2.6430037021636963,0.10017856955528259,0.0714285746216774
80,2.617093086242676,2.642364025115967,0.10553571581840515,0.07857143133878708
81,2.616419553756714,2.6416752338409424,0.09928571432828903,0.08571428805589676
82,2.6153998374938965,2.6410436630249023,0.10571428388357162,0.08714285492897034
83,2.614697217941284,2.640397310256958,0.1083928570151329,0.09285714477300644
84,2.6139514446258545,2.6396024227142334,0.10910714417695999,0.08857142925262451
85,2.61311674118042,2.6389071941375732,0.10785714536905289,0.08428571373224258
86,2.6122920513153076,2.638166666030884,0.10857142508029938,0.08857142925262451
87,2.611530065536499,2.637481927871704,0.11089285463094711,0.09000000357627869
88,2.6106491088867188,2.6366891860961914,0.10892856866121292,0.09000000357627869
89,2.610064744949341,2.63598370552063,0.10999999940395355,0.09142857044935226
90,2.6089627742767334,2.635392904281616,0.10821428894996643,0.09571428596973419
91,2.6081132888793945,2.63456392288208,0.1071428582072258,0.09142857044935226
92,2.6075193881988525,2.6337637901306152,0.10750000178813934,0.08571428805589676
93,2.606677770614624,2.633087158203125,0.11107143014669418,0.08428571373224258
94,2.605790138244629,2.6323955059051514,0.10732142627239227,0.08571428805589676
95,2.6050479412078857,2.631866693496704,0.11178571730852127,0.09428571164608002
96,2.604541540145874,2.6312506198883057,0.10910714417695999,0.09285714477300644
97,2.6037678718566895,2.6307413578033447,0.11089285463094711,0.09285714477300644
98,2.603165626525879,2.6301305294036865,0.10892856866121292,0.09285714477300644
99,2.6024341583251953,2.6295902729034424,0.10875000059604645,0.09571428596973419
100,2.6016411781311035,2.6291873455047607,0.10999999940395355,0.09714286029338837
101,2.601179361343384,2.6286094188690186,0.10946428775787354,0.09714286029338837
102,2.600623846054077,2.628173828125,0.10750000178813934,0.1014285683631897
103,2.5998575687408447,2.6277458667755127,0.10928571224212646,0.1014285683631897
104,2.5998189449310303,2.6273393630981445,0.10892856866121292,0.10285714268684387
105,2.599294900894165,2.6271376609802246,0.10999999940395355,0.09857142716646194
106,2.5984418392181396,2.6265182495117188,0.11089285463094711,0.09714286029338837
107,2.597970724105835,2.6262552738189697,0.10910714417695999,0.09714286029338837
108,2.597562551498413,2.6261041164398193,0.11017857491970062,0.10000000149011612
109,2.5969560146331787,2.6257987022399902,0.10964285582304001,0.09857142716646194
110,2.5964529514312744,2.6252996921539307,0.11142857372760773,0.09714286029338837
111,2.596127510070801,2.6250808238983154,0.11089285463094711,0.09714286029338837
112,2.595789909362793,2.624664545059204,0.11053571105003357,0.09285714477300644
113,2.5954511165618896,2.624433755874634,0.10999999940395355,0.09428571164608002
114,2.5946736335754395,2.624285936355591,0.11053571105003357,0.09142857044935226
115,2.594456672668457,2.6241421699523926,0.10875000059604645,0.09285714477300644
116,2.593935966491699,2.62382435798645,0.11124999821186066,0.09285714477300644
117,2.593905448913574,2.6239309310913086,0.11232142895460129,0.09428571164608002
118,2.5933444499969482,2.623701572418213,0.11124999821186066,0.09571428596973419
119,2.5930206775665283,2.6233699321746826,0.11428571492433548,0.09000000357627869
120,2.592559576034546,2.6233298778533936,0.1128571406006813,0.09571428596973419
121,2.592233180999756,2.6229984760284424,0.11321428418159485,0.09428571164608002
122,2.5918173789978027,2.623189687728882,0.11464285850524902,0.09714286029338837
123,2.591581106185913,2.6229989528656006,0.11339285969734192,0.09714286029338837
124,2.591355085372925,2.6227784156799316,0.11428571492433548,0.09714286029338837
125,2.590826988220215,2.6224441528320312,0.11535714566707611,0.09142857044935226
126,2.5908761024475098,2.622271776199341,0.11249999701976776,0.09285714477300644
127,2.5902442932128906,2.622070789337158,0.11678571254014969,0.09428571164608002
128,2.5901310443878174,2.6220016479492188,0.11642856895923615,0.08714285492897034
129,2.5896193981170654,2.621748447418213,0.1160714253783226,0.09142857044935226
130,2.589308500289917,2.6216652393341064,0.1173214316368103,0.09142857044935226
131,2.588650703430176,2.6217010021209717,0.1160714253783226,0.09142857044935226
132,2.5886240005493164,2.621613025665283,0.11660714447498322,0.09000000357627869
133,2.588484287261963,2.621450662612915,0.11767856776714325,0.09285714477300644
134,2.5882437229156494,2.621300458908081,0.11857143044471741,0.09142857044935226
135,2.5881457328796387,2.621182441711426,0.11857143044471741,0.09285714477300644
136,2.587229013442993,2.6210811138153076,0.11910714209079742,0.09142857044935226
137,2.586942434310913,2.6208481788635254,0.11714285612106323,0.09714286029338837
138,2.5866284370422363,2.6206395626068115,0.11785714328289032,0.09428571164608002
139,2.586310386657715,2.6204733848571777,0.11785714328289032,0.09142857044935226
140,2.585881471633911,2.620680093765259,0.1205357164144516,0.09428571164608002
141,2.5859375,2.620089292526245,0.11910714209079742,0.08714285492897034
142,2.5853679180145264,2.6202681064605713,0.11785714328289032,0.08714285492897034
143,2.5849456787109375,2.62017560005188,0.12035714089870453,0.09000000357627869
144,2.584669589996338,2.6197316646575928,0.11821428686380386,0.09285714477300644
145,2.583704710006714,2.6192455291748047,0.11964285373687744,0.08571428805589676
146,2.5837557315826416,2.6189308166503906,0.11857143044471741,0.09142857044935226
147,2.5827395915985107,2.619039297103882,0.12107142806053162,0.09000000357627869
148,2.582056999206543,2.6200335025787354,0.12089285999536514,0.09142857044935226
149,2.5828425884246826,2.6175317764282227,0.12017857283353806,0.09571428596973419
150,2.581604242324829,2.617741584777832,0.1237500011920929,0.09142857044935226
151,2.58207106590271,2.6176071166992188,0.11767856776714325,0.08857142925262451
152,2.5801007747650146,2.6169140338897705,0.11910714209079742,0.09285714477300644
153,2.581048011779785,2.6198806762695312,0.12017857283353806,0.08571428805589676
154,2.5790746212005615,2.6175944805145264,0.12357142567634583,0.09571428596973419
155,2.5776891708374023,2.615044593811035,0.12392856925725937,0.08571428805589676
156,2.575792074203491,2.607715368270874,0.12142857164144516,0.09285714477300644
157,2.5783660411834717,2.6231305599212646,0.12589286267757416,0.10285714268684387
158,2.578594923019409,2.6163196563720703,0.12339285761117935,0.09285714477300644
159,2.5760459899902344,2.615037679672241,0.11999999731779099,0.1014285683631897
160,2.5747575759887695,2.617349147796631,0.12357142567634583,0.1014285683631897
161,2.575208902359009,2.6126537322998047,0.12035714089870453,0.09285714477300644
162,2.5763261318206787,2.609957695007324,0.12446428835391998,0.08857142925262451
163,2.569718837738037,2.6645960807800293,0.12464285641908646,0.09428571164608002
164,2.572690725326538,2.644477605819702,0.12428571283817291,0.09714286029338837
165,2.5691537857055664,2.7614784240722656,0.12303571403026581,0.08571428805589676
166,2.579145669937134,2.5984184741973877,0.11696428805589676,0.10285714268684387
167,2.567373514175415,2.6228983402252197,0.12535713613033295,0.09857142716646194
168,2.572237253189087,2.603646993637085,0.12125000357627869,0.10000000149011612
169,2.5661418437957764,2.6111879348754883,0.12839286029338837,0.1014285683631897
170,2.563734292984009,2.6005141735076904,0.12464285641908646,0.10571428388357162
171,2.5632684230804443,2.663553476333618,0.12517857551574707,0.09285714477300644
172,2.5650136470794678,2.602566957473755,0.125,0.10999999940395355
173,2.5626626014709473,2.593796730041504,0.12303571403026581,0.10571428388357162
174,2.5568971633911133,2.5740790367126465,0.12910714745521545,0.11714285612106323
175,2.558365821838379,2.695063829421997,0.12464285641908646,0.09000000357627869
176,2.562382459640503,2.5916759967803955,0.12928570806980133,0.10857142508029938
177,2.5596935749053955,2.5827972888946533,0.1257142871618271,0.10571428388357162
178,2.554079294204712,2.6024649143218994,0.13107143342494965,0.10285714268684387
179,2.5573480129241943,2.6064999103546143,0.12910714745521545,0.09285714477300644
180,2.550908327102661,2.5978879928588867,0.13089285790920258,0.10000000149011612
181,2.5521256923675537,2.703808069229126,0.13214285671710968,0.08857142925262451
182,2.5522704124450684,2.6062278747558594,0.13124999403953552,0.1014285683631897
183,2.5561444759368896,2.5986690521240234,0.12642857432365417,0.1014285683631897
184,2.5484204292297363,2.5998144149780273,0.1389285773038864,0.09571428596973419
185,2.546872138977051,2.576796770095825,0.1326785683631897,0.10857142508029938
186,2.546398401260376,2.6332714557647705,0.1314285695552826,0.1071428582072258
187,2.5531129837036133,2.5565884113311768,0.13285714387893677,0.11999999731779099
188,2.548456907272339,2.5550506114959717,0.13428571820259094,0.10428571701049805
189,2.5422298908233643,2.5584278106689453,0.13875000178813934,0.10285714268684387
190,2.5501363277435303,2.565835952758789,0.13500000536441803,0.1128571406006813
191,2.5416154861450195,2.5586726665496826,0.13428571820259094,0.11571428924798965
192,2.542224645614624,2.539233684539795,0.13500000536441803,0.11428571492433548
193,2.548211097717285,2.5862860679626465,0.13678571581840515,0.10285714268684387
194,2.5426688194274902,2.5763654708862305,0.13285714387893677,0.10857142508029938
195,2.5362792015075684,2.6305296421051025,0.1403571367263794,0.09000000357627869
196,2.5438756942749023,2.5680952072143555,0.1319642812013626,0.11142857372760773
197,2.5321552753448486,2.5732386112213135,0.14446428418159485,0.11571428924798965
198,2.527130603790283,2.6467862129211426,0.14267857372760773,0.10428571701049805
199,2.5329713821411133,2.580078601837158,0.14464285969734192,0.10857142508029938
200,2.531651020050049,2.5594723224639893,0.13946428894996643,0.11857143044471741
201,2.5280063152313232,2.5677919387817383,0.14107142388820648,0.12142857164144516
202,2.5334887504577637,2.7370903491973877,0.13928571343421936,0.08285713940858841
203,2.5288496017456055,2.537203073501587,0.14000000059604645,0.11571428924798965
204,2.5246496200561523,2.5858309268951416,0.1435714215040207,0.1071428582072258
205,2.5214009284973145,2.5444600582122803,0.14142857491970062,0.11571428924798965
206,2.51387357711792,2.528824806213379,0.14875000715255737,0.11714285612106323
207,2.520249366760254,2.7564642429351807,0.1408928632736206,0.07571428269147873
208,2.535123348236084,2.5324738025665283,0.13625000417232513,0.11714285612106323
209,2.514230966567993,2.5756797790527344,0.14910714328289032,0.1071428582072258
210,2.513622999191284,2.6026833057403564,0.144821435213089,0.10000000149011612
211,2.5238451957702637,2.5277888774871826,0.13946428894996643,0.11428571492433548
212,2.514693260192871,2.5430967807769775,0.14553570747375488,0.1257142871618271
213,2.5081591606140137,2.695810556411743,0.14696428179740906,0.09000000357627869
214,2.514204502105713,2.5152528285980225,0.14642857015132904,0.12999999523162842
215,2.515559196472168,2.5167131423950195,0.14464285969734192,0.1314285695552826
216,2.5081725120544434,2.5308773517608643,0.1492857187986374,0.13428571820259094
217,2.5174381732940674,2.511214017868042,0.14392857253551483,0.12999999523162842
218,2.4998064041137695,2.5505688190460205,0.15214285254478455,0.12714286148548126
219,2.5075674057006836,2.5194900035858154,0.1428571492433548,0.13285714387893677
220,2.5052430629730225,2.5928561687469482,0.144821435213089,0.1014285683631897
221,2.50937557220459,2.5128333568573,0.1492857187986374,0.14000000059604645
222,2.5048606395721436,2.494774580001831,0.15214285254478455,0.13428571820259094
223,2.4979355335235596,2.536405086517334,0.1498214304447174,0.13285714387893677
224,2.4961512088775635,2.4950172901153564,0.14714285731315613,0.13285714387893677
225,2.498552083969116,2.5499751567840576,0.1525000035762787,0.12714286148548126
226,2.498138427734375,2.517245292663574,0.15517857670783997,0.12857143580913544
227,2.5060057640075684,2.500666618347168,0.14892856776714325,0.1314285695552826
228,2.493222951889038,2.513273000717163,0.15232142806053162,0.13857142627239227
229,2.5069079399108887,2.49853253364563,0.14678572118282318,0.1314285695552826
230,2.4949493408203125,2.5210092067718506,0.1537500023841858,0.14000000059604645
231,2.493586301803589,2.614006996154785,0.1510714292526245,0.11571428924798965
232,2.485450029373169,2.5584418773651123,0.15982143580913544,0.11714285612106323
233,2.48850417137146,2.511911630630493,0.1492857187986374,0.12428571283817291
234,2.488861083984375,2.532090902328491,0.15482142567634583,0.1371428519487381
235,2.497427463531494,2.532843828201294,0.15142856538295746,0.14142857491970062
236,2.4885692596435547,2.478846311569214,0.1525000035762787,0.13857142627239227
237,2.488744020462036,2.493924856185913,0.14946427941322327,0.14142857491970062
238,2.481069326400757,2.500141143798828,0.1537500023841858,0.1314285695552826
239,2.4851722717285156,2.520416021347046,0.15589286386966705,0.14142857491970062
240,2.4868412017822266,2.55251145362854,0.15125000476837158,0.11857143044471741
241,2.482372522354126,2.5559194087982178,0.15642857551574707,0.12999999523162842
242,2.485067129135132,2.5655384063720703,0.1505357176065445,0.11571428924798965
243,2.478245258331299,2.4692742824554443,0.1505357176065445,0.12999999523162842
244,2.4939663410186768,2.529261589050293,0.15392857789993286,0.13285714387893677
245,2.4727258682250977,2.4893670082092285,0.1619642823934555,0.13857142627239227
246,2.475832223892212,2.6109306812286377,0.15928570926189423,0.10285714268684387
247,2.481440544128418,2.466939687728882,0.1537500023841858,0.1371428519487381
248,2.4743072986602783,2.4853413105010986,0.1574999988079071,0.13857142627239227
249,2.468695878982544,2.4894673824310303,0.15964286029338837,0.1371428519487381
