,loss,val_loss,accuracy,val_accuracy
0,2.4377520084381104,1.8597702980041504,0.1626785695552826,0.38999998569488525
1,1.6437305212020874,1.3781108856201172,0.4216071367263794,0.5071428418159485
2,1.3799210786819458,1.2574540376663208,0.5021428465843201,0.5671428442001343
3,1.2374452352523804,1.1685014963150024,0.5583928823471069,0.5942857265472412
4,1.1384685039520264,1.1008590459823608,0.5951785445213318,0.6471428275108337
5,1.0636035203933716,1.107864260673523,0.6308928728103638,0.6171428561210632
6,0.9966458678245544,1.0351980924606323,0.649821400642395,0.6671428680419922
7,0.9443960785865784,1.0453847646713257,0.6746428608894348,0.6485714316368103
8,0.9152897000312805,1.0369163751602173,0.6801785826683044,0.6399999856948853
9,0.8879585862159729,0.978993833065033,0.6982142925262451,0.6628571152687073
10,0.8465208411216736,0.9730063080787659,0.7126785516738892,0.6728571653366089
11,0.840802013874054,0.9836313128471375,0.7098214030265808,0.668571412563324
12,0.8071081638336182,0.9412570595741272,0.7178571224212646,0.691428542137146
13,0.7635904550552368,0.9980854988098145,0.7385714054107666,0.6785714030265808
14,0.7703056931495667,0.9859409332275391,0.7303571701049805,0.6800000071525574
15,0.7586753368377686,0.9674463272094727,0.7325000166893005,0.6928571462631226
16,0.7396137118339539,0.9745381474494934,0.7425000071525574,0.677142858505249
17,0.7256274819374084,0.9517002105712891,0.7514285445213318,0.6857143044471741
18,0.7332636117935181,0.9866771101951599,0.7541071176528931,0.6600000262260437
19,0.7395389676094055,0.9836487770080566,0.7482143044471741,0.668571412563324
20,0.7037599086761475,0.9591693878173828,0.7594642639160156,0.677142858505249
21,0.6790986657142639,0.9710540771484375,0.7617856860160828,0.6785714030265808
22,0.6996600031852722,0.9884009957313538,0.7591071724891663,0.6528571248054504
23,0.6733007431030273,1.0095735788345337,0.7666071653366089,0.6671428680419922
24,0.6658604145050049,0.9741382002830505,0.7757142782211304,0.6785714030265808
25,0.6762707829475403,0.9886685013771057,0.7755357027053833,0.6714285612106323
26,0.6552677750587463,0.9525116086006165,0.7766071557998657,0.6842857003211975
27,0.6675238013267517,0.9738277792930603,0.7783928513526917,0.6828571557998657
28,0.6650766730308533,0.9624560475349426,0.7780357003211975,0.6714285612106323
29,0.6332363486289978,0.9838626980781555,0.7878571152687073,0.6671428680419922
30,0.651333749294281,0.9899843335151672,0.7875000238418579,0.6671428680419922
31,0.6294047236442566,0.9723283648490906,0.7939285635948181,0.668571412563324
32,0.6377607583999634,1.010987401008606,0.7825000286102295,0.654285728931427
33,0.6535022258758545,1.010506510734558,0.7864285707473755,0.6614285707473755
34,0.6235079169273376,0.9653797745704651,0.7964285612106323,0.6642857193946838
35,0.62205970287323,0.9831047058105469,0.793749988079071,0.6557142734527588
36,0.6312312483787537,0.9656264781951904,0.7953571677207947,0.6728571653366089
37,0.6254467964172363,0.9888237118721008,0.7914285659790039,0.6600000262260437
38,0.610252857208252,0.9574140906333923,0.7971428632736206,0.7014285922050476
39,0.6060537099838257,0.9577934741973877,0.7946428656578064,0.6871428489685059
40,0.6155449151992798,0.9422090649604797,0.7958928346633911,0.6785714030265808
41,0.6133012175559998,0.994720995426178,0.8010714054107666,0.6671428680419922
42,0.5872061252593994,0.9884865283966064,0.8073214292526245,0.6742857098579407
43,0.5865153670310974,0.9647167325019836,0.8048214316368103,0.6785714030265808
44,0.5777976512908936,0.9682239890098572,0.8080357313156128,0.6757143139839172
45,0.6202908158302307,0.9528000950813293,0.795714259147644,0.6942856907844543
46,0.5822372436523438,1.0086970329284668,0.8051785826683044,0.6700000166893005
47,0.5779523253440857,1.0156246423721313,0.8167856931686401,0.6899999976158142
48,0.5890331864356995,0.9996333122253418,0.8057143092155457,0.6899999976158142
49,0.5806107521057129,0.9815883636474609,0.8101785778999329,0.6785714030265808
50,0.5867631435394287,0.9695355296134949,0.8075000047683716,0.6785714030265808
51,0.5968225002288818,0.9761786460876465,0.8098214268684387,0.691428542137146
52,0.5914544463157654,0.9723098278045654,0.8026785850524902,0.6885714530944824
53,0.5688191056251526,0.9932885766029358,0.8185714483261108,0.6842857003211975
54,0.5618382096290588,1.0089302062988281,0.8103571534156799,0.6885714530944824
55,0.5706736445426941,0.9809818863868713,0.814464271068573,0.6800000071525574
56,0.5679659843444824,0.9718113541603088,0.8167856931686401,0.6971428394317627
57,0.5928146839141846,1.0048092603683472,0.8016071319580078,0.691428542137146
58,0.5681008696556091,1.0232542753219604,0.8191071152687073,0.691428542137146
59,0.5430046319961548,1.0165871381759644,0.8255357146263123,0.6871428489685059
60,0.5780881643295288,0.9974145889282227,0.8139285445213318,0.6928571462631226
61,0.5621488094329834,0.9930400252342224,0.8146428465843201,0.6857143044471741
62,0.5443918108940125,1.0287257432937622,0.821071445941925,0.6757143139839172
63,0.5613612532615662,1.0370386838912964,0.8166071176528931,0.691428542137146
64,0.5706868767738342,1.0502535104751587,0.8098214268684387,0.6714285612106323
65,0.5593281388282776,1.0161012411117554,0.8180357217788696,0.6757143139839172
66,0.5439937710762024,1.0036768913269043,0.8237500190734863,0.6899999976158142
67,0.5515323877334595,1.0175069570541382,0.8192856907844543,0.6714285612106323
68,0.5431014895439148,1.010947823524475,0.8198214173316956,0.6728571653366089
69,0.555366575717926,1.0397696495056152,0.824999988079071,0.6814285516738892
70,0.5216789841651917,1.0279840230941772,0.8330357074737549,0.668571412563324
71,0.5367075800895691,1.0579060316085815,0.8274999856948853,0.6842857003211975
72,0.5390756130218506,1.0356112718582153,0.8330357074737549,0.6842857003211975
73,0.5185034275054932,1.0207089185714722,0.8321428298950195,0.6800000071525574
74,0.5277737975120544,1.0380911827087402,0.8280357122421265,0.6942856907844543
75,0.5419960618019104,1.0546690225601196,0.8262500166893005,0.6871428489685059
76,0.5326587557792664,1.094436764717102,0.829285740852356,0.6728571653366089
77,0.5635672211647034,1.0628165006637573,0.8207142949104309,0.691428542137146
78,0.5309470295906067,1.0527821779251099,0.831250011920929,0.6714285612106323
79,0.5300474762916565,1.0544171333312988,0.8280357122421265,0.6842857003211975
80,0.5413606762886047,1.0737411975860596,0.8251785635948181,0.691428542137146
81,0.546722412109375,0.9775812029838562,0.8241071701049805,0.7028571367263794
82,0.5597005486488342,1.006823182106018,0.821071445941925,0.6857143044471741
83,0.5416702628135681,0.9948685765266418,0.823035717010498,0.6800000071525574
84,0.5241733193397522,1.0442622900009155,0.8298214077949524,0.6842857003211975
85,0.532366156578064,1.0330803394317627,0.8310714364051819,0.6785714030265808
86,0.5199061632156372,1.0692468881607056,0.8291071653366089,0.6785714030265808
87,0.5340877771377563,1.0788809061050415,0.8305357098579407,0.6828571557998657
88,0.5052938461303711,1.0648781061172485,0.8392857313156128,0.6899999976158142
89,0.5176794528961182,1.0714197158813477,0.8364285826683044,0.677142858505249
90,0.5374314188957214,1.0118576288223267,0.8310714364051819,0.6957142949104309
91,0.5375421643257141,0.9886830449104309,0.8266071677207947,0.6899999976158142
92,0.5027394890785217,1.024990439414978,0.8450000286102295,0.6928571462631226
93,0.5416938066482544,1.0122367143630981,0.833392858505249,0.691428542137146
94,0.5278948545455933,1.0266536474227905,0.831428587436676,0.6757143139839172
95,0.5282629132270813,1.057105541229248,0.826964259147644,0.6871428489685059
96,0.5119652152061462,1.0627193450927734,0.8360714316368103,0.6842857003211975
97,0.5087689161300659,1.0533658266067505,0.8362500071525574,0.6728571653366089
98,0.5229397416114807,1.0559364557266235,0.8305357098579407,0.6899999976158142
99,0.5226245522499084,1.0462576150894165,0.8358928561210632,0.6928571462631226
100,0.5172085165977478,1.0422353744506836,0.8376785516738892,0.6985714435577393
101,0.5152170062065125,1.0843019485473633,0.8337500095367432,0.677142858505249
102,0.545505940914154,1.0632456541061401,0.8291071653366089,0.691428542137146
103,0.5279573202133179,1.0839952230453491,0.835178554058075,0.6857143044471741
104,0.5253340601921082,1.0442533493041992,0.8308928608894348,0.6857143044471741
105,0.5282834768295288,1.0494331121444702,0.833392858505249,0.6928571462631226
106,0.5179842114448547,1.0606071949005127,0.8323214054107666,0.6842857003211975
107,0.5106452703475952,1.0611530542373657,0.8360714316368103,0.6885714530944824
108,0.5063392519950867,1.1068402528762817,0.8392857313156128,0.6800000071525574
109,0.5041185021400452,1.1030210256576538,0.8385714292526245,0.6742857098579407
110,0.49536797404289246,1.18756902217865,0.8455356955528259,0.6671428680419922
111,0.5239472985267639,1.0656152963638306,0.8396428823471069,0.677142858505249
112,0.5231708288192749,1.1164525747299194,0.8419643044471741,0.6742857098579407
113,0.5274866223335266,1.0909980535507202,0.8344643115997314,0.6971428394317627
114,0.49622029066085815,1.108931303024292,0.8408928513526917,0.6957142949104309
115,0.4790222942829132,1.1438274383544922,0.8432142734527588,0.6885714530944824
116,0.49604567885398865,1.0998088121414185,0.8424999713897705,0.6757143139839172
117,0.494349867105484,1.117517113685608,0.8435714244842529,0.6942856907844543
118,0.504849374294281,1.1087778806686401,0.8435714244842529,0.6785714030265808
119,0.4975629150867462,1.1326738595962524,0.839821457862854,0.6757143139839172
120,0.5105670094490051,1.1218844652175903,0.8387500047683716,0.6842857003211975
121,0.4870501458644867,1.1295429468154907,0.8467857241630554,0.6842857003211975
122,0.4818836450576782,1.1226491928100586,0.8444643020629883,0.6985714435577393
123,0.5139532685279846,1.0821610689163208,0.8433928489685059,0.7028571367263794
124,0.4922996461391449,1.0955133438110352,0.8462499976158142,0.6971428394317627
125,0.49888351559638977,1.111954689025879,0.8462499976158142,0.6800000071525574
126,0.49820849299430847,1.1179865598678589,0.8410714268684387,0.6857143044471741
127,0.5034866333007812,1.0998955965042114,0.8423214554786682,0.6814285516738892
128,0.5215880274772644,1.1394968032836914,0.8383928537368774,0.6942856907844543
129,0.5039926767349243,1.1403254270553589,0.8430356979370117,0.6928571462631226
130,0.5023921132087708,1.1506998538970947,0.8416071534156799,0.6800000071525574
131,0.5027255415916443,1.1305409669876099,0.8392857313156128,0.6785714030265808
132,0.5110597014427185,1.0680354833602905,0.8426785469055176,0.7057142853736877
133,0.5217136740684509,1.0880749225616455,0.8366071581840515,0.6871428489685059
134,0.527935266494751,1.1085751056671143,0.8367857336997986,0.6757143139839172
135,0.4923843443393707,1.1042169332504272,0.84375,0.6800000071525574
136,0.5018220543861389,1.1274282932281494,0.8430356979370117,0.6971428394317627
137,0.4884202778339386,1.1108591556549072,0.8453571200370789,0.668571412563324
138,0.47960731387138367,1.114195704460144,0.8471428751945496,0.6757143139839172
139,0.5116598010063171,1.0869001150131226,0.8358928561210632,0.6828571557998657
140,0.5306432843208313,1.124213695526123,0.8392857313156128,0.6757143139839172
141,0.5035514235496521,1.1712297201156616,0.8458928465843201,0.677142858505249
142,0.5464642643928528,1.1411837339401245,0.8319643139839172,0.6742857098579407
143,0.5283957123756409,1.0744045972824097,0.8380357027053833,0.677142858505249
144,0.5011744499206543,1.1115630865097046,0.84375,0.6942856907844543
145,0.48141756653785706,1.0718257427215576,0.8528571724891663,0.6928571462631226
146,0.4964177906513214,1.172006368637085,0.8408928513526917,0.6857143044471741
147,0.47773969173431396,1.1307847499847412,0.8505356907844543,0.6928571462631226
148,0.5018057823181152,1.134159803390503,0.8432142734527588,0.6814285516738892
149,0.4919567108154297,1.173837423324585,0.8385714292526245,0.6885714530944824
150,0.5374748706817627,1.1263536214828491,0.835357129573822,0.6842857003211975
151,0.5244593620300293,1.0750446319580078,0.839821457862854,0.6871428489685059
152,0.521969735622406,1.1320985555648804,0.8399999737739563,0.6828571557998657
153,0.4984439015388489,1.0658715963363647,0.8442857265472412,0.6928571462631226
154,0.47752416133880615,1.0464776754379272,0.845714271068573,0.6928571462631226
155,0.4668639898300171,1.1104942560195923,0.8553571701049805,0.691428542137146
156,0.4828246831893921,1.0908087491989136,0.8455356955528259,0.6942856907844543
157,0.47541847825050354,1.104375958442688,0.8487499952316284,0.691428542137146
158,0.4853111207485199,1.1039234399795532,0.8478571176528931,0.6957142949104309
159,0.4825136363506317,1.1114383935928345,0.8444643020629883,0.691428542137146
160,0.49832960963249207,1.1963928937911987,0.8485714197158813,0.6700000166893005
161,0.5013716816902161,1.1308287382125854,0.8403571248054504,0.6842857003211975
162,0.49055221676826477,1.1170191764831543,0.8492857217788696,0.6700000166893005
163,0.518683910369873,1.1270500421524048,0.8426785469055176,0.6657142639160156
164,0.4762828052043915,1.1360303163528442,0.8519642949104309,0.6814285516738892
165,0.47511112689971924,1.164801001548767,0.8537499904632568,0.6657142639160156
166,0.49791133403778076,1.1272190809249878,0.8439285755157471,0.6885714530944824
167,0.4846186637878418,1.114151120185852,0.8480356931686401,0.6571428775787354
168,0.4898640811443329,1.0822879076004028,0.8464285731315613,0.6885714530944824
169,0.5176215767860413,1.1359732151031494,0.8419643044471741,0.691428542137146
170,0.5035049915313721,1.1331032514572144,0.8423214554786682,0.6828571557998657
171,0.4848071038722992,1.1278736591339111,0.8492857217788696,0.6928571462631226
172,0.5075745582580566,1.1583009958267212,0.8401785492897034,0.699999988079071
173,0.49898043274879456,1.1798286437988281,0.8433928489685059,0.6899999976158142
174,0.4960981607437134,1.2347460985183716,0.8419643044471741,0.6714285612106323
175,0.5089527368545532,1.1916146278381348,0.8410714268684387,0.6814285516738892
176,0.4739134907722473,1.1502876281738281,0.8507142663002014,0.6757143139839172
177,0.48381149768829346,1.1483365297317505,0.8478571176528931,0.6828571557998657
178,0.47906219959259033,1.215003490447998,0.8505356907844543,0.6899999976158142
179,0.48280030488967896,1.2333992719650269,0.8471428751945496,0.691428542137146
180,0.4564017951488495,1.2520042657852173,0.8517857193946838,0.6714285612106323
181,0.492330938577652,1.2020829916000366,0.8510714173316956,0.6857143044471741
182,0.4786266088485718,1.2138478755950928,0.8546428680419922,0.6885714530944824
183,0.45899611711502075,1.1649047136306763,0.8508928418159485,0.6828571557998657
184,0.45760709047317505,1.2147883176803589,0.8575000166893005,0.6814285516738892
185,0.45888516306877136,1.197533369064331,0.8532142639160156,0.6842857003211975
186,0.478831022977829,1.207688570022583,0.8480356931686401,0.6785714030265808
187,0.46691685914993286,1.220281958580017,0.8564285635948181,0.6985714435577393
188,0.4892317056655884,1.199999451637268,0.8464285731315613,0.6871428489685059
189,0.4831242263317108,1.2133904695510864,0.8487499952316284,0.6800000071525574
190,0.47093209624290466,1.229608178138733,0.8525000214576721,0.6800000071525574
191,0.5249379277229309,1.201154351234436,0.8403571248054504,0.6671428680419922
192,0.5019433498382568,1.2091847658157349,0.8466071486473083,0.6842857003211975
193,0.4765644967556,1.189690113067627,0.854107141494751,0.677142858505249
194,0.49415504932403564,1.1604174375534058,0.8485714197158813,0.6857143044471741
195,0.4914184808731079,1.1906304359436035,0.8483928442001343,0.6757143139839172
196,0.45206502079963684,1.2127505540847778,0.8573214411735535,0.6728571653366089
197,0.4818209707736969,1.184773564338684,0.847678542137146,0.6885714530944824
198,0.458960622549057,1.2035926580429077,0.8569642901420593,0.6899999976158142
199,0.45393306016921997,1.2404037714004517,0.8619642853736877,0.6985714435577393
200,0.4867454469203949,1.2009719610214233,0.8507142663002014,0.6842857003211975
201,0.5213581919670105,1.1533143520355225,0.8426785469055176,0.6842857003211975
202,0.4859161078929901,1.1191219091415405,0.8473214507102966,0.677142858505249
203,0.4851894676685333,1.1463853120803833,0.8507142663002014,0.6899999976158142
204,0.5082189440727234,1.1717344522476196,0.8466071486473083,0.6642857193946838
205,0.46931883692741394,1.1659760475158691,0.8517857193946838,0.6800000071525574
206,0.45852595567703247,1.1971155405044556,0.8555356860160828,0.6871428489685059
207,0.514407217502594,1.1944316625595093,0.8405357003211975,0.6800000071525574
208,0.5240955948829651,1.1562505960464478,0.8448214530944824,0.6700000166893005
209,0.5180875062942505,1.173780083656311,0.8371428847312927,0.6800000071525574
210,0.48579397797584534,1.2364944219589233,0.8503571152687073,0.6714285612106323
211,0.5241170525550842,1.205389142036438,0.8444643020629883,0.6671428680419922
212,0.49941110610961914,1.2382296323776245,0.8483928442001343,0.6671428680419922
213,0.46534064412117004,1.2602744102478027,0.8578571677207947,0.668571412563324
214,0.44517698884010315,1.2872320413589478,0.8566071391105652,0.668571412563324
215,0.46122363209724426,1.20801842212677,0.8566071391105652,0.6728571653366089
216,0.4853191077709198,1.262393593788147,0.8512499928474426,0.6728571653366089
217,0.47070178389549255,1.2939428091049194,0.8558928370475769,0.6728571653366089
218,0.47166404128074646,1.252177119255066,0.8539285659790039,0.6785714030265808
219,0.46435829997062683,1.336971640586853,0.8589285612106323,0.6728571653366089
220,0.46884968876838684,1.3238900899887085,0.8564285635948181,0.668571412563324
221,0.4848380982875824,1.2996665239334106,0.852142870426178,0.6700000166893005
222,0.4662635922431946,1.2765039205551147,0.8535714149475098,0.6842857003211975
223,0.50284343957901,1.2976946830749512,0.8451785445213318,0.6728571653366089
224,0.4885556399822235,1.360601544380188,0.8494642972946167,0.6714285612106323
225,0.4805219769477844,1.3447507619857788,0.8498214483261108,0.6657142639160156
226,0.5074644684791565,1.3541609048843384,0.8446428775787354,0.6814285516738892
227,0.5029404163360596,1.3335105180740356,0.8450000286102295,0.6828571557998657
228,0.4710076153278351,1.387672781944275,0.8514285683631897,0.6828571557998657
229,0.4941352903842926,1.2873955965042114,0.8514285683631897,0.6857143044471741
230,0.5128327012062073,1.38353431224823,0.8419643044471741,0.6657142639160156
231,0.5059807300567627,1.3685011863708496,0.8469642996788025,0.6628571152687073
232,0.470785528421402,1.3650850057601929,0.8516071438789368,0.6742857098579407
233,0.5010450482368469,1.376738429069519,0.8466071486473083,0.6742857098579407
234,0.5068160891532898,1.3188761472702026,0.8491071462631226,0.6842857003211975
235,0.4833427369594574,1.3932647705078125,0.8544642925262451,0.6800000071525574
236,0.4570178687572479,1.3489340543746948,0.852142870426178,0.6857143044471741
237,0.4715127646923065,1.338708758354187,0.8537499904632568,0.6842857003211975
238,0.4787064492702484,1.3561722040176392,0.8503571152687073,0.6800000071525574
239,0.4748290777206421,1.367827296257019,0.8519642949104309,0.6742857098579407
240,0.48233500123023987,1.2902178764343262,0.8514285683631897,0.6671428680419922
241,0.4729304611682892,1.365255355834961,0.8580357432365417,0.6742857098579407
242,0.5165286064147949,1.2674589157104492,0.8471428751945496,0.6742857098579407
243,0.47381600737571716,1.2492237091064453,0.8525000214576721,0.668571412563324
244,0.46066921949386597,1.2710164785385132,0.8580357432365417,0.677142858505249
245,0.4866766631603241,1.2399572134017944,0.8496428728103638,0.677142858505249
246,0.48528286814689636,1.2912938594818115,0.8525000214576721,0.6785714030265808
247,0.4956573247909546,1.2570736408233643,0.8444643020629883,0.6757143139839172
248,0.49891671538352966,1.2553013563156128,0.8482142686843872,0.6671428680419922
249,0.4680628478527069,1.3144584894180298,0.8608928322792053,0.6671428680419922
