,loss,val_loss,accuracy,val_accuracy
0,2.6780169010162354,2.629991054534912,0.0835714265704155,0.08714285492897034
1,2.610177993774414,2.6232879161834717,0.10374999791383743,0.09285714477300644
2,2.5895519256591797,2.627154588699341,0.11339285969734192,0.09428571164608002
3,2.571147918701172,2.5793774127960205,0.12553571164608002,0.11571428924798965
4,2.55271577835083,2.693892478942871,0.13928571343421936,0.08142857253551483
5,2.61773419380188,2.67513108253479,0.11696428805589676,0.08571428805589676
6,2.5961766242980957,2.656149387359619,0.11874999850988388,0.09714286029338837
7,2.566372871398926,2.6491806507110596,0.13303571939468384,0.08428571373224258
8,2.5476555824279785,2.6592891216278076,0.13553571701049805,0.10571428388357162
9,2.5269439220428467,2.636275291442871,0.14374999701976776,0.09571428596973419
10,2.520265817642212,2.6496458053588867,0.1505357176065445,0.1071428582072258
11,2.513394594192505,2.613581895828247,0.15857142210006714,0.11571428924798965
12,2.488971471786499,2.607194423675537,0.1599999964237213,0.11142857372760773
13,2.4715051651000977,2.5685532093048096,0.16357143223285675,0.1128571406006813
14,2.479454755783081,2.655806064605713,0.16446428000926971,0.10428571701049805
15,2.5150601863861084,2.6424782276153564,0.16107143461704254,0.1014285683631897
16,2.4753894805908203,2.591756582260132,0.16017857193946838,0.12999999523162842
17,2.495826482772827,2.735731840133667,0.16214285790920258,0.09571428596973419
18,2.688140392303467,2.6909894943237305,0.09589285403490067,0.08714285492897034
19,2.71671462059021,2.6658146381378174,0.07928571105003357,0.08857142925262451
20,2.667344331741333,2.671616315841675,0.08071428537368774,0.07428571581840515
21,2.6577768325805664,2.6623668670654297,0.07839285582304001,0.058571428060531616
22,2.6494290828704834,2.6638126373291016,0.08089285343885422,0.06714285910129547
23,2.651171922683716,2.6580896377563477,0.08321428298950195,0.0657142847776413
24,2.651794195175171,2.6589083671569824,0.07839285582304001,0.08142857253551483
25,2.6504175662994385,2.6676762104034424,0.08017857372760773,0.07571428269147873
26,2.6484973430633545,2.661940336227417,0.08196428418159485,0.06714285910129547
27,2.6438701152801514,2.653899908065796,0.08410714566707611,0.07000000029802322
28,2.644487142562866,2.662177324295044,0.08017857372760773,0.07428571581840515
29,2.642453193664551,2.6601507663726807,0.08589285612106323,0.06285714358091354
30,2.641627073287964,2.66759991645813,0.08642856776714325,0.06857142597436905
31,2.6411588191986084,2.663182258605957,0.08375000208616257,0.07857143133878708
32,2.643523931503296,2.6551904678344727,0.09071428328752518,0.07428571581840515
33,2.6443445682525635,2.658019781112671,0.08714285492897034,0.07999999821186066
34,2.6434316635131836,2.6540749073028564,0.08553571254014969,0.07999999821186066
35,2.6364030838012695,2.650988817214966,0.09392856806516647,0.08428571373224258
36,2.637761116027832,2.654379367828369,0.08839285373687744,0.08142857253551483
37,2.637937068939209,2.664968967437744,0.09357143193483353,0.06714285910129547
38,2.641190528869629,2.6674978733062744,0.08964285999536514,0.0714285746216774
39,2.644869804382324,2.6576712131500244,0.08553571254014969,0.09428571164608002
40,2.6393027305603027,2.673330545425415,0.08714285492897034,0.07999999821186066
41,2.634897470474243,2.654778242111206,0.08892857283353806,0.08571428805589676
42,2.633363962173462,2.6766884326934814,0.09125000238418579,0.07857143133878708
43,2.6419565677642822,2.6779747009277344,0.0925000011920929,0.07999999821186066
44,2.6346499919891357,2.652653932571411,0.09285714477300644,0.08142857253551483
45,2.6329352855682373,2.650096893310547,0.09517857432365417,0.07000000029802322
46,2.6272499561309814,2.650933265686035,0.09982142597436905,0.08714285492897034
47,2.6224136352539062,2.6473920345306396,0.09303571283817291,0.07999999821186066
48,2.624614953994751,2.645557165145874,0.09803571552038193,0.07571428269147873
49,2.6236751079559326,2.647528648376465,0.10107143223285675,0.09142857044935226
50,2.625755548477173,2.646822452545166,0.09660714119672775,0.07571428269147873
51,2.6197104454040527,2.6362946033477783,0.09892857074737549,0.09142857044935226
52,2.6197333335876465,2.633592367172241,0.10089285671710968,0.09428571164608002
53,2.6169755458831787,2.6365842819213867,0.10285714268684387,0.08857142925262451
54,2.619978189468384,2.6284329891204834,0.09785714000463486,0.09142857044935226
55,2.6139464378356934,2.6429951190948486,0.10553571581840515,0.09142857044935226
56,2.639854907989502,2.64628267288208,0.09535714238882065,0.06714285910129547
57,2.6354596614837646,2.655698776245117,0.09535714238882065,0.06428571790456772
58,2.6190547943115234,2.638643741607666,0.10125000029802322,0.08428571373224258
59,2.6110141277313232,2.6321184635162354,0.10464286059141159,0.09000000357627869
60,2.6213479042053223,2.6426050662994385,0.10053571313619614,0.09857142716646194
61,2.633232355117798,2.646578073501587,0.09000000357627869,0.09000000357627869
62,2.6212501525878906,2.64145565032959,0.09857142716646194,0.09428571164608002
63,2.6000540256500244,2.6245646476745605,0.10892856866121292,0.09714286029338837
64,2.6253585815429688,2.633453607559204,0.0969642847776413,0.09142857044935226
65,2.632254123687744,2.6419105529785156,0.10089285671710968,0.07000000029802322
66,2.6326396465301514,2.63824462890625,0.0867857113480568,0.09428571164608002
67,2.625088691711426,2.636489152908325,0.08767857402563095,0.08857142925262451
68,2.6101629734039307,2.6479103565216064,0.10571428388357162,0.08285713940858841
69,2.5951738357543945,2.6216185092926025,0.10982143133878708,0.08285713940858841
70,2.6258811950683594,2.640674352645874,0.09892857074737549,0.07999999821186066
71,2.6174001693725586,2.6610257625579834,0.1007142886519432,0.09571428596973419
72,2.608602285385132,2.655416488647461,0.1116071417927742,0.09285714477300644
73,2.6066572666168213,2.6336660385131836,0.10517857223749161,0.1128571406006813
74,2.597142457962036,2.624616861343384,0.11464285850524902,0.11142857372760773
75,2.602152109146118,2.6224923133850098,0.11392857134342194,0.09285714477300644
76,2.615384101867676,2.653038263320923,0.10249999910593033,0.08857142925262451
77,2.5988569259643555,2.647732973098755,0.10964285582304001,0.08142857253551483
78,2.5902059078216553,2.6102712154388428,0.11142857372760773,0.10285714268684387
79,2.616955041885376,2.6563313007354736,0.09339285641908646,0.09142857044935226
80,2.615602731704712,2.6580770015716553,0.09214285761117935,0.08857142925262451
81,2.618438720703125,2.6572859287261963,0.09767857193946838,0.09714286029338837
82,2.613011360168457,2.6551513671875,0.1007142886519432,0.10285714268684387
83,2.72969126701355,2.6434223651885986,0.07982143014669418,0.08714285492897034
84,2.628077507019043,2.627206802368164,0.09446428716182709,0.08714285492897034
85,2.620234489440918,2.621312141418457,0.09624999761581421,0.10000000149011612
86,2.6088011264801025,2.615061044692993,0.09714286029338837,0.08857142925262451
87,2.6024327278137207,2.6162221431732178,0.10000000149011612,0.10285714268684387
88,2.600313425064087,2.6301071643829346,0.10249999910593033,0.08714285492897034
89,2.6075353622436523,2.629596471786499,0.09607142955064774,0.09142857044935226
90,2.6016361713409424,2.619192361831665,0.09767857193946838,0.09714286029338837
91,2.6190850734710693,2.6831791400909424,0.09964285790920258,0.07428571581840515
92,2.6414570808410645,2.652268171310425,0.08321428298950195,0.09714286029338837
93,2.624969482421875,2.6461000442504883,0.0949999988079071,0.08571428805589676
94,2.6028103828430176,2.6183669567108154,0.10785714536905289,0.09857142716646194
95,2.5980820655822754,2.611415386199951,0.10464286059141159,0.09857142716646194
96,2.590023994445801,2.614978075027466,0.10821428894996643,0.10285714268684387
97,2.593752384185791,2.603186845779419,0.11071428656578064,0.10000000149011612
98,2.6318399906158447,2.622288465499878,0.09749999642372131,0.09571428596973419
99,2.594451904296875,2.614784002304077,0.11249999701976776,0.10285714268684387
100,2.584500312805176,2.6963951587677,0.11999999731779099,0.08285713940858841
101,2.616213321685791,2.649162530899048,0.1071428582072258,0.08428571373224258
102,2.615323781967163,2.6752054691314697,0.10964285582304001,0.09571428596973419
103,2.6399614810943604,2.6341159343719482,0.08785714209079742,0.09000000357627869
104,2.618177652359009,2.648663282394409,0.09589285403490067,0.1071428582072258
105,2.6100502014160156,2.6300437450408936,0.10660714656114578,0.10285714268684387
106,2.5993006229400635,2.625218629837036,0.11071428656578064,0.09142857044935226
107,2.6120171546936035,2.661816358566284,0.11339285969734192,0.09857142716646194
108,2.5980405807495117,2.6096348762512207,0.1148214265704155,0.09142857044935226
109,2.600937843322754,2.6349968910217285,0.10607142746448517,0.07285714149475098
110,2.6125128269195557,2.6173746585845947,0.10107143223285675,0.08857142925262451
111,2.603100538253784,2.6184184551239014,0.10196428745985031,0.10000000149011612
112,2.597909450531006,2.622950553894043,0.10875000059604645,0.09000000357627869
113,2.619513511657715,2.6315114498138428,0.10000000149011612,0.07999999821186066
114,2.608815908432007,2.6689646244049072,0.10214285552501678,0.08285713940858841
115,2.633809804916382,2.644808530807495,0.09017857164144516,0.07999999821186066
116,2.609511613845825,2.644595146179199,0.09910714626312256,0.09857142716646194
117,2.576387643814087,2.5670459270477295,0.12285714596509933,0.10571428388357162
118,2.5815541744232178,2.6036202907562256,0.11625000089406967,0.09285714477300644
119,2.5982449054718018,2.650104284286499,0.11303571611642838,0.0771428570151329
120,2.616771936416626,2.6588504314422607,0.09285714477300644,0.08285713940858841
121,2.606828212738037,2.6314191818237305,0.10910714417695999,0.08285713940858841
122,2.597641944885254,2.6161949634552,0.10982143133878708,0.09428571164608002
123,2.5948939323425293,2.611402988433838,0.11375000327825546,0.09857142716646194
124,2.580605983734131,2.628844976425171,0.11196428537368774,0.10571428388357162
125,2.5975682735443115,2.619690179824829,0.11535714566707611,0.09428571164608002
126,2.5799977779388428,2.601109743118286,0.11535714566707611,0.12999999523162842
127,2.646136522293091,2.6618266105651855,0.09428571164608002,0.08714285492897034
128,2.624584197998047,2.6414542198181152,0.09982142597436905,0.08714285492897034
129,2.598660707473755,2.6268537044525146,0.10660714656114578,0.10428571701049805
130,2.6065094470977783,2.6381301879882812,0.09982142597436905,0.07857143133878708
131,2.6002931594848633,2.626246213912964,0.10910714417695999,0.10571428388357162
132,2.5961523056030273,2.628418207168579,0.10857142508029938,0.1128571406006813
133,2.588155746459961,2.623183012008667,0.11107143014669418,0.09714286029338837
134,2.583472967147827,2.6280601024627686,0.11571428924798965,0.1071428582072258
135,2.5869228839874268,2.6243417263031006,0.11517857015132904,0.10571428388357162
136,2.5784518718719482,2.6235828399658203,0.1205357164144516,0.09857142716646194
137,2.5734567642211914,2.62434458732605,0.12071428447961807,0.11428571492433548
138,2.565683364868164,2.5888001918792725,0.12607142329216003,0.1128571406006813
139,2.5764877796173096,2.61053729057312,0.12339285761117935,0.12142857164144516
140,2.6479310989379883,2.6531713008880615,0.10750000178813934,0.06857142597436905
141,2.6305174827575684,2.663198232650757,0.09035713970661163,0.09285714477300644
142,2.6246206760406494,2.669408082962036,0.09017857164144516,0.07000000029802322
143,2.629631996154785,2.6424190998077393,0.09267856925725937,0.10000000149011612
144,2.5940213203430176,2.6122052669525146,0.1160714253783226,0.1071428582072258
145,2.6128530502319336,2.6281120777130127,0.10892856866121292,0.09428571164608002
146,2.621878147125244,2.666572332382202,0.10000000149011612,0.09000000357627869
147,2.609431266784668,2.62978196144104,0.09732142835855484,0.1014285683631897
148,2.5829176902770996,2.626453161239624,0.11589285731315613,0.10000000149011612
149,2.567408561706543,2.60416841506958,0.1148214265704155,0.10999999940395355
150,2.577631711959839,2.6366164684295654,0.12339285761117935,0.08428571373224258
151,2.604567527770996,2.6356911659240723,0.10196428745985031,0.08571428805589676
152,2.6066555976867676,2.6458497047424316,0.10696428269147873,0.1014285683631897
153,2.6021790504455566,2.657625436782837,0.1083928570151329,0.10428571701049805
154,2.617314338684082,2.5832669734954834,0.09875000268220901,0.10428571701049805
155,2.6542069911956787,2.653817892074585,0.07553571462631226,0.0771428570151329
156,2.6482057571411133,2.6617650985717773,0.07928571105003357,0.0771428570151329
157,2.6452276706695557,2.651804208755493,0.0726785734295845,0.08142857253551483
158,2.645400047302246,2.670846700668335,0.07750000059604645,0.07285714149475098
159,2.6398792266845703,2.6533331871032715,0.08250000327825546,0.07571428269147873
160,2.6447603702545166,2.6510965824127197,0.07482142746448517,0.09285714477300644
161,2.6427669525146484,2.653797149658203,0.08517856895923615,0.0714285746216774
162,2.6399574279785156,2.6473162174224854,0.0803571417927742,0.08857142925262451
163,2.62913179397583,2.6453702449798584,0.09160714596509933,0.07000000029802322
164,2.62602162361145,2.6598241329193115,0.0949999988079071,0.0771428570151329
165,2.6342973709106445,2.6842072010040283,0.09642857313156128,0.08857142925262451
166,2.628929376602173,2.6395692825317383,0.09660714119672775,0.0771428570151329
167,2.6228108406066895,2.634077787399292,0.10107143223285675,0.09571428596973419
168,2.634671926498413,2.64754056930542,0.1007142886519432,0.09000000357627869
169,2.6302096843719482,2.735126495361328,0.10750000178813934,0.09428571164608002
170,2.6658198833465576,2.6706736087799072,0.07999999821186066,0.06714285910129547
171,2.6388254165649414,2.6487185955047607,0.08589285612106323,0.08571428805589676
172,2.628056764602661,2.6589622497558594,0.0905357152223587,0.07428571581840515
173,2.6241323947906494,2.651285409927368,0.09000000357627869,0.08857142925262451
174,2.6301984786987305,2.6443748474121094,0.08732143044471741,0.08857142925262451
175,2.6221392154693604,2.6308176517486572,0.08285713940858841,0.09571428596973419
176,2.611877679824829,2.6286990642547607,0.09785714000463486,0.09714286029338837
177,2.610649585723877,2.626603841781616,0.09535714238882065,0.08714285492897034
178,2.6098337173461914,2.6785686016082764,0.10482142865657806,0.0771428570151329
179,2.6387252807617188,2.6594202518463135,0.09589285403490067,0.08428571373224258
180,2.6300103664398193,2.652024507522583,0.09517857432365417,0.09000000357627869
181,2.625056505203247,2.6526410579681396,0.0949999988079071,0.08285713940858841
182,2.611948013305664,2.6505372524261475,0.11214285343885422,0.10999999940395355
183,2.6211068630218506,2.6730148792266846,0.10946428775787354,0.10285714268684387
184,2.627741813659668,2.652386426925659,0.09196428209543228,0.08857142925262451
185,2.6082544326782227,2.644728422164917,0.0994642823934555,0.10285714268684387
186,2.59891676902771,2.637589454650879,0.10196428745985031,0.11999999731779099
187,2.594175100326538,2.65470027923584,0.11071428656578064,0.07000000029802322
188,2.6208760738372803,2.648106813430786,0.10017856955528259,0.09142857044935226
189,2.6100242137908936,2.6363284587860107,0.10321428626775742,0.08571428805589676
190,2.6038382053375244,2.6421382427215576,0.10232143104076385,0.09285714477300644
191,2.5995538234710693,2.6366469860076904,0.10696428269147873,0.09571428596973419
192,2.597506046295166,2.634298086166382,0.10464286059141159,0.08857142925262451
193,2.591007947921753,2.6446568965911865,0.10339285433292389,0.09000000357627869
194,2.5865190029144287,2.637035846710205,0.11321428418159485,0.09714286029338837
195,2.607130765914917,2.6736347675323486,0.12357142567634583,0.08571428805589676
196,2.624786376953125,2.6304962635040283,0.08839285373687744,0.10999999940395355
197,2.5635011196136475,2.7037534713745117,0.11357142776250839,0.08428571373224258
198,2.668133020401001,2.6374614238739014,0.0848214253783226,0.07571428269147873
199,2.6477348804473877,2.6305439472198486,0.07946428656578064,0.07571428269147873
200,2.6158089637756348,2.636033773422241,0.0905357152223587,0.08571428805589676
201,2.61318039894104,2.6367805004119873,0.09196428209543228,0.10571428388357162
202,2.6342737674713135,2.651881456375122,0.08696428686380386,0.07857143133878708
203,2.645815849304199,2.6502294540405273,0.07678571343421936,0.08285713940858841
204,2.6389925479888916,2.6524498462677,0.08178571611642838,0.07857143133878708
205,2.6437718868255615,2.6525585651397705,0.07821428775787354,0.08428571373224258
206,2.639916181564331,2.6537320613861084,0.08214285969734192,0.0714285746216774
207,2.6367392539978027,2.6326920986175537,0.08553571254014969,0.09571428596973419
208,2.6186933517456055,2.6340744495391846,0.09714286029338837,0.10285714268684387
209,2.606475591659546,2.6374223232269287,0.10678571462631226,0.1014285683631897
210,2.6166608333587646,2.6842095851898193,0.11107143014669418,0.09285714477300644
211,2.641937494277954,2.715346336364746,0.1026785746216774,0.09000000357627869
212,2.632829427719116,2.6358983516693115,0.08946428447961807,0.09000000357627869
213,2.6127805709838867,2.666536808013916,0.09517857432365417,0.09857142716646194
214,2.6427197456359863,2.6765286922454834,0.1014285683631897,0.07428571581840515
215,2.626857042312622,2.6654303073883057,0.0949999988079071,0.08428571373224258
216,2.6072258949279785,2.6407010555267334,0.10357142984867096,0.09285714477300644
217,2.6005923748016357,2.6242358684539795,0.1007142886519432,0.09714286029338837
218,2.592712163925171,2.631500244140625,0.10821428894996643,0.10571428388357162
219,2.586604356765747,2.6303884983062744,0.11232142895460129,0.08571428805589676
220,2.5823607444763184,2.6324174404144287,0.1173214316368103,0.11999999731779099
221,2.5733728408813477,2.625493049621582,0.11571428924798965,0.11142857372760773
222,2.579509973526001,2.6390912532806396,0.11339285969734192,0.10571428388357162
223,2.5832996368408203,2.6348323822021484,0.10750000178813934,0.09285714477300644
224,2.566131591796875,2.6220407485961914,0.12142857164144516,0.09857142716646194
225,2.5543336868286133,2.615372896194458,0.1319642812013626,0.1128571406006813
226,2.55814528465271,2.619795799255371,0.12714286148548126,0.09857142716646194
227,2.551654100418091,2.6203439235687256,0.12410714477300644,0.12999999523162842
228,2.5730130672454834,2.624424457550049,0.11874999850988388,0.09428571164608002
229,2.5637972354888916,2.6395435333251953,0.1237500011920929,0.08714285492897034
230,2.573153495788574,2.626835584640503,0.1148214265704155,0.09428571164608002
231,2.5446155071258545,2.621112585067749,0.12999999523162842,0.09285714477300644
232,2.5778377056121826,2.663257360458374,0.11999999731779099,0.09571428596973419
233,2.596019744873047,2.6386349201202393,0.10607142746448517,0.10000000149011612
234,2.595221757888794,2.6480891704559326,0.10928571224212646,0.07999999821186066
235,2.6056180000305176,2.6537420749664307,0.10035714507102966,0.09142857044935226
236,2.5969297885894775,2.649761438369751,0.10607142746448517,0.09571428596973419
237,2.5878000259399414,2.649822473526001,0.11464285850524902,0.0771428570151329
238,2.602133274078369,2.6404099464416504,0.09517857432365417,0.08857142925262451
239,2.6015148162841797,2.6432743072509766,0.09732142835855484,0.09000000357627869
240,2.594066858291626,2.6324543952941895,0.10928571224212646,0.10571428388357162
241,2.5888278484344482,2.65397572517395,0.10696428269147873,0.10285714268684387
242,2.586930990219116,2.6448118686676025,0.10857142508029938,0.08285713940858841
243,2.5800423622131348,2.639195203781128,0.11124999821186066,0.09714286029338837
244,2.569110631942749,2.6423776149749756,0.1237500011920929,0.10285714268684387
245,2.574475049972534,2.6280324459075928,0.11178571730852127,0.11857143044471741
246,2.5750763416290283,2.6509077548980713,0.1103571429848671,0.10285714268684387
247,2.5790293216705322,2.649916887283325,0.10821428894996643,0.11428571492433548
248,2.5731306076049805,2.6390373706817627,0.11107143014669418,0.07857143133878708
249,2.575690269470215,2.6402201652526855,0.11232142895460129,0.11428571492433548
