,loss,val_loss,accuracy,val_accuracy
0,2.144084930419922,1.6178960800170898,0.26767855882644653,0.44999998807907104
1,1.2945795059204102,1.261820912361145,0.5516071319580078,0.5614285469055176
2,0.9351955056190491,1.1704885959625244,0.6782143115997314,0.6214285492897034
3,0.7523887753486633,1.1630101203918457,0.737678587436676,0.6514285802841187
4,0.6127684116363525,1.1568248271942139,0.7855356931686401,0.6585714221000671
5,0.47080743312835693,1.2313151359558105,0.8405357003211975,0.6728571653366089
6,0.40784934163093567,1.3289390802383423,0.8639285564422607,0.6614285707473755
7,0.33281275629997253,1.5507540702819824,0.8924999833106995,0.6342856884002686
8,0.3120173513889313,1.6284815073013306,0.8960714340209961,0.6428571343421936
9,0.26680615544319153,1.7856398820877075,0.9119642972946167,0.6571428775787354
10,0.21743665635585785,1.8341151475906372,0.9278571605682373,0.6428571343421936
11,0.17886509001255035,2.1604349613189697,0.9378571510314941,0.6328571438789368
12,0.15616267919540405,1.998131275177002,0.9473214149475098,0.6485714316368103
13,0.14068132638931274,2.0775482654571533,0.9512500166893005,0.6485714316368103
14,0.1299206018447876,2.3645741939544678,0.9533928632736206,0.6342856884002686
15,0.19863654673099518,2.331048011779785,0.9303571581840515,0.6371428370475769
16,0.16789761185646057,2.687438726425171,0.9412500262260437,0.6157143115997314
17,0.1610657423734665,2.415775775909424,0.945892870426178,0.6442857384681702
18,0.11932811886072159,2.494516611099243,0.9576785564422607,0.6557142734527588
19,0.14769643545150757,2.6589527130126953,0.948035717010498,0.6485714316368103
20,0.13313984870910645,2.624293565750122,0.9521428346633911,0.654285728931427
21,0.10524070262908936,2.6612555980682373,0.9632142782211304,0.6428571343421936
22,0.0726022869348526,2.701596260070801,0.9742857217788696,0.6571428775787354
23,0.05446910858154297,2.7138893604278564,0.9817857146263123,0.6657142639160156
24,0.058408237993717194,3.0081405639648438,0.979107141494751,0.6228571534156799
25,0.07853592187166214,3.0401241779327393,0.9737499952316284,0.6342856884002686
26,0.08412646502256393,3.0368454456329346,0.970714271068573,0.6371428370475769
27,0.07868630439043045,3.284289598464966,0.972678542137146,0.631428599357605
28,0.08918318152427673,3.2746095657348633,0.9698214530944824,0.6428571343421936
29,0.11790383607149124,3.3638899326324463,0.9614285826683044,0.6214285492897034
30,0.19982117414474487,3.3122642040252686,0.9375,0.6442857384681702
31,0.2317437082529068,3.2062571048736572,0.9319642782211304,0.645714282989502
32,0.16930821537971497,3.3337295055389404,0.9473214149475098,0.6242856979370117
33,0.13504372537136078,3.3148505687713623,0.9548214077949524,0.6414285898208618
34,0.10924991965293884,3.394500970840454,0.9616071581840515,0.645714282989502
35,0.07764123380184174,3.2797813415527344,0.9716071486473083,0.6471428275108337
36,0.05929933488368988,3.272761106491089,0.9798214435577393,0.6557142734527588
37,0.043091122061014175,3.278993844985962,0.9851785898208618,0.6499999761581421
38,0.02555023320019245,3.443547248840332,0.9910714030265808,0.6485714316368103
39,0.015737395733594894,3.442960023880005,0.9950000047683716,0.6414285898208618
40,0.01726149208843708,3.411663293838501,0.9942857027053833,0.6499999761581421
41,0.01123048271983862,3.524935007095337,0.9975000023841858,0.6442857384681702
42,0.00992515403777361,3.515946626663208,0.9978571534156799,0.6485714316368103
43,0.015442715026438236,3.4530019760131836,0.9950000047683716,0.6514285802841187
44,0.009985408745706081,3.560840606689453,0.9976785778999329,0.6557142734527588
45,0.027251945808529854,3.6176631450653076,0.9898214340209961,0.6442857384681702
46,0.040552131831645966,3.515960931777954,0.9883928298950195,0.6571428775787354
47,0.05166724696755409,3.6800014972686768,0.9839285612106323,0.6399999856948853
48,0.2317373901605606,3.521357536315918,0.9392856955528259,0.6499999761581421
49,0.33915093541145325,3.6931655406951904,0.9153571724891663,0.6057142615318298
50,0.2807517349720001,3.493244171142578,0.923035740852356,0.6257143020629883
51,0.21398968994617462,3.554340124130249,0.9423214197158813,0.631428599357605
52,0.22590069472789764,3.8603780269622803,0.9353571534156799,0.6085714101791382
53,0.12282349914312363,3.8569509983062744,0.9621428847312927,0.6200000047683716
54,0.07075150310993195,3.834177017211914,0.977321445941925,0.6142857074737549
55,0.05040757730603218,3.8733866214752197,0.9814285635948181,0.631428599357605
56,0.043866489082574844,3.782078981399536,0.9857142567634583,0.6285714507102966
57,0.01919100619852543,3.8474361896514893,0.9928571581840515,0.6285714507102966
58,0.010522291995584965,3.836477518081665,0.9967857003211975,0.6242856979370117
59,0.005294141825288534,3.880911111831665,0.9992856979370117,0.6271428465843201
60,0.0026694773696362972,3.8872175216674805,0.9998214244842529,0.631428599357605
61,0.001533015863969922,3.8752782344818115,1.0,0.6357142925262451
62,0.001194870681501925,3.8852999210357666,1.0,0.6371428370475769
63,0.0010460051707923412,3.8974521160125732,1.0,0.6357142925262451
64,0.0009697500499896705,3.9081344604492188,1.0,0.6357142925262451
65,0.0008761623757891357,3.9169533252716064,1.0,0.6342856884002686
66,0.0007627520826645195,3.9249298572540283,1.0,0.6342856884002686
67,0.0007149637094698846,3.931295394897461,1.0,0.6371428370475769
68,0.0006582500645890832,3.9427216053009033,1.0,0.6357142925262451
69,0.0006126440712250769,3.9471395015716553,1.0,0.631428599357605
70,0.000564703659620136,3.954129934310913,1.0,0.6342856884002686
71,0.0005321034113876522,3.961332321166992,1.0,0.631428599357605
72,0.000496012857183814,3.9656102657318115,1.0,0.6328571438789368
73,0.0004748853971250355,3.9713199138641357,1.0,0.6328571438789368
74,0.0004405365325510502,3.975526809692383,1.0,0.6342856884002686
75,0.00042191287502646446,3.9817707538604736,1.0,0.6328571438789368
76,0.0003929690574295819,3.9850142002105713,1.0,0.631428599357605
77,0.0003717055369634181,3.9897148609161377,1.0,0.631428599357605
78,0.00036383644328452647,3.99518084526062,1.0,0.631428599357605
79,0.00033469515619799495,3.9996039867401123,1.0,0.6328571438789368
80,0.0003210263093933463,4.0037007331848145,1.0,0.631428599357605
81,0.0003098177840001881,4.004947185516357,1.0,0.6342856884002686
82,0.00030970750958658755,4.009632587432861,1.0,0.6328571438789368
83,0.0002789510472211987,4.014919757843018,1.0,0.6342856884002686
84,0.00026253366377204657,4.019153594970703,1.0,0.6357142925262451
85,0.00025398514117114246,4.02216100692749,1.0,0.6342856884002686
86,0.00024408410536125302,4.026671886444092,1.0,0.6357142925262451
87,0.00023511542531196028,4.028788089752197,1.0,0.6357142925262451
88,0.0002246661897515878,4.031888484954834,1.0,0.6357142925262451
89,0.00021505527547560632,4.036263942718506,1.0,0.6357142925262451
90,0.00020481324463617057,4.039046764373779,1.0,0.6371428370475769
91,0.00019702444842550904,4.042054653167725,1.0,0.6371428370475769
92,0.00018963692127726972,4.047205924987793,1.0,0.6385714411735535
93,0.00018294816254638135,4.0495171546936035,1.0,0.6385714411735535
94,0.00017575366655364633,4.0528645515441895,1.0,0.6399999856948853
95,0.00017014076001942158,4.056065082550049,1.0,0.6385714411735535
96,0.00016090503777377307,4.058150768280029,1.0,0.6399999856948853
97,0.00015935928968247026,4.062404155731201,1.0,0.6399999856948853
98,0.00015150918625295162,4.064803600311279,1.0,0.6399999856948853
99,0.000145841870107688,4.067363262176514,1.0,0.6399999856948853
100,0.00014132809883449227,4.0716938972473145,1.0,0.6399999856948853
101,0.00013659815886057913,4.072821617126465,1.0,0.6399999856948853
102,0.0001320942974416539,4.0763726234436035,1.0,0.6399999856948853
103,0.00012879491259809583,4.079407691955566,1.0,0.6399999856948853
104,0.00012319980305619538,4.0817084312438965,1.0,0.6399999856948853
105,0.00011873120092786849,4.0840373039245605,1.0,0.6399999856948853
106,0.00011666536011034623,4.087203502655029,1.0,0.6399999856948853
107,0.00011290791735518724,4.09022331237793,1.0,0.6399999856948853
108,0.00010777891293400899,4.093085289001465,1.0,0.6399999856948853
109,0.00010468890104675665,4.095713138580322,1.0,0.6399999856948853
110,0.00010096999176312238,4.097959995269775,1.0,0.6399999856948853
111,9.693484025774524e-05,4.099721431732178,1.0,0.6428571343421936
112,9.471040539210662e-05,4.103287220001221,1.0,0.6428571343421936
113,9.234762546839193e-05,4.106350421905518,1.0,0.6428571343421936
114,8.872517355484888e-05,4.109132289886475,1.0,0.6428571343421936
115,8.579876885050908e-05,4.1112213134765625,1.0,0.6428571343421936
116,8.49992356961593e-05,4.114223003387451,1.0,0.6428571343421936
117,8.107738540275022e-05,4.116818904876709,1.0,0.6428571343421936
118,8.036403596634045e-05,4.117844104766846,1.0,0.6428571343421936
119,7.683905278099701e-05,4.1204142570495605,1.0,0.6428571343421936
120,7.403473136946559e-05,4.1229729652404785,1.0,0.6428571343421936
121,7.179575186455622e-05,4.125214576721191,1.0,0.6428571343421936
122,6.983355706324801e-05,4.128330707550049,1.0,0.6428571343421936
123,6.779850809834898e-05,4.130758762359619,1.0,0.6428571343421936
124,6.668078276561573e-05,4.132884502410889,1.0,0.6428571343421936
125,6.42545783193782e-05,4.1348748207092285,1.0,0.6428571343421936
126,6.20168648310937e-05,4.136495590209961,1.0,0.6428571343421936
127,6.0244019550736994e-05,4.141333103179932,1.0,0.6428571343421936
128,5.8911318774335086e-05,4.1428632736206055,1.0,0.6428571343421936
129,5.672486804542132e-05,4.1448845863342285,1.0,0.6428571343421936
130,5.533651346922852e-05,4.147320747375488,1.0,0.6442857384681702
131,5.384799078456126e-05,4.14915657043457,1.0,0.6442857384681702
132,5.241557664703578e-05,4.152780532836914,1.0,0.6442857384681702
133,5.144536044099368e-05,4.153676509857178,1.0,0.6442857384681702
134,4.94746163894888e-05,4.155003070831299,1.0,0.6442857384681702
135,4.8951409553410485e-05,4.15704345703125,1.0,0.6428571343421936
136,4.7275527322199196e-05,4.160815238952637,1.0,0.6428571343421936
137,4.567932046484202e-05,4.162928104400635,1.0,0.6428571343421936
138,4.505063407123089e-05,4.1652445793151855,1.0,0.6442857384681702
139,4.3694275518646464e-05,4.1668572425842285,1.0,0.6442857384681702
140,4.2437106458237395e-05,4.170042037963867,1.0,0.6442857384681702
141,4.1225532186217606e-05,4.172582149505615,1.0,0.6442857384681702
142,4.0194227040046826e-05,4.173326015472412,1.0,0.6442857384681702
143,3.8930356822675094e-05,4.177127838134766,1.0,0.6442857384681702
144,3.819672201643698e-05,4.178587436676025,1.0,0.6442857384681702
145,3.739878593478352e-05,4.1798906326293945,1.0,0.6442857384681702
146,3.631580693763681e-05,4.182535171508789,1.0,0.6428571343421936
147,3.523890336509794e-05,4.185646057128906,1.0,0.6442857384681702
148,3.4446653444319963e-05,4.186792850494385,1.0,0.6428571343421936
149,3.356658999109641e-05,4.1890645027160645,1.0,0.6442857384681702
150,3.2824595109559596e-05,4.19065523147583,1.0,0.6442857384681702
151,3.209910209989175e-05,4.1920599937438965,1.0,0.6428571343421936
152,3.108232340309769e-05,4.196745872497559,1.0,0.6442857384681702
153,3.0530642106896266e-05,4.199488162994385,1.0,0.6442857384681702
154,2.9622280635521747e-05,4.199679851531982,1.0,0.6442857384681702
155,2.8909264074172825e-05,4.201283931732178,1.0,0.6442857384681702
156,2.8214895792189054e-05,4.204478740692139,1.0,0.6442857384681702
157,2.7701089493348263e-05,4.205532073974609,1.0,0.6442857384681702
158,2.7124320695293136e-05,4.208786964416504,1.0,0.6442857384681702
159,2.629202208481729e-05,4.21045446395874,1.0,0.645714282989502
160,2.5849061785265803e-05,4.213010311126709,1.0,0.6442857384681702
161,2.5094881493714638e-05,4.214358806610107,1.0,0.645714282989502
162,2.4663215299369767e-05,4.216084957122803,1.0,0.645714282989502
163,2.406430576229468e-05,4.219554424285889,1.0,0.6442857384681702
164,2.3272838006960228e-05,4.2214741706848145,1.0,0.6442857384681702
165,2.3030308511806652e-05,4.22260856628418,1.0,0.645714282989502
166,2.229989695479162e-05,4.225833415985107,1.0,0.645714282989502
167,2.186755409638863e-05,4.227114200592041,1.0,0.645714282989502
168,2.1295407350407913e-05,4.22902250289917,1.0,0.645714282989502
169,2.0857554773101583e-05,4.230525493621826,1.0,0.645714282989502
170,2.035484794760123e-05,4.232860088348389,1.0,0.645714282989502
171,1.9850936951115727e-05,4.23544454574585,1.0,0.645714282989502
172,1.941851405717898e-05,4.236411094665527,1.0,0.6442857384681702
173,1.9009996321983635e-05,4.239075183868408,1.0,0.6442857384681702
174,1.876817441370804e-05,4.24057149887085,1.0,0.6442857384681702
175,1.817170596041251e-05,4.243197441101074,1.0,0.6442857384681702
176,1.7913278497871943e-05,4.244619846343994,1.0,0.645714282989502
177,1.7399603166268207e-05,4.246391773223877,1.0,0.6442857384681702
178,1.698698179097846e-05,4.248873233795166,1.0,0.6442857384681702
179,1.665257877903059e-05,4.25036096572876,1.0,0.645714282989502
180,1.636841807339806e-05,4.253358364105225,1.0,0.6442857384681702
181,1.58945895236684e-05,4.2541680335998535,1.0,0.6471428275108337
182,1.563117439218331e-05,4.256564617156982,1.0,0.645714282989502
183,1.5208705008262768e-05,4.2579522132873535,1.0,0.6471428275108337
184,1.4939418178983033e-05,4.2602972984313965,1.0,0.6471428275108337
185,1.465866262151394e-05,4.261842727661133,1.0,0.6471428275108337
186,1.4340222151076887e-05,4.263662815093994,1.0,0.6471428275108337
187,1.4070584256842267e-05,4.266625881195068,1.0,0.645714282989502
188,1.3844174645782914e-05,4.268190860748291,1.0,0.6471428275108337
189,1.3468783436110243e-05,4.270198822021484,1.0,0.6471428275108337
190,1.3231381672085263e-05,4.271684169769287,1.0,0.6471428275108337
191,1.2843659533245955e-05,4.273715972900391,1.0,0.645714282989502
192,1.2670521755353548e-05,4.274514675140381,1.0,0.645714282989502
193,1.2287303434277419e-05,4.276908874511719,1.0,0.6485714316368103
194,1.2109036106267013e-05,4.279140472412109,1.0,0.6485714316368103
195,1.1891416761500295e-05,4.280243396759033,1.0,0.6471428275108337
196,1.1571824870770797e-05,4.2827911376953125,1.0,0.6485714316368103
197,1.1372476365067996e-05,4.284172534942627,1.0,0.6485714316368103
198,1.1156952496094164e-05,4.286862850189209,1.0,0.6485714316368103
199,1.094908202503575e-05,4.288323402404785,1.0,0.6485714316368103
200,1.0778422620205674e-05,4.289731502532959,1.0,0.6485714316368103
201,1.0623791240504943e-05,4.291189670562744,1.0,0.6485714316368103
202,1.0343756912334356e-05,4.2924089431762695,1.0,0.6485714316368103
203,1.0127657333214302e-05,4.296306133270264,1.0,0.6485714316368103
204,9.87911789707141e-06,4.2972636222839355,1.0,0.6471428275108337
205,9.676236004452221e-06,4.300914287567139,1.0,0.6471428275108337
206,9.497885912423953e-06,4.30139684677124,1.0,0.6471428275108337
207,9.259665603167377e-06,4.304191589355469,1.0,0.645714282989502
208,9.174903425446246e-06,4.304599761962891,1.0,0.6471428275108337
209,9.001347279991023e-06,4.306487560272217,1.0,0.645714282989502
210,8.743900252738968e-06,4.308690071105957,1.0,0.645714282989502
211,8.589376193413045e-06,4.311324596405029,1.0,0.645714282989502
212,8.416195669269655e-06,4.314002513885498,1.0,0.645714282989502
213,8.271648766822182e-06,4.313914775848389,1.0,0.645714282989502
214,8.154795978043694e-06,4.315913677215576,1.0,0.645714282989502
215,7.94546303950483e-06,4.318233013153076,1.0,0.645714282989502
216,7.845220352464821e-06,4.321004867553711,1.0,0.645714282989502
217,7.683024705329444e-06,4.321987152099609,1.0,0.645714282989502
218,7.5566199484455865e-06,4.32316255569458,1.0,0.645714282989502
219,7.358158654824365e-06,4.325309753417969,1.0,0.645714282989502
220,7.258373443619348e-06,4.326694011688232,1.0,0.645714282989502
221,7.115334938134765e-06,4.328423023223877,1.0,0.645714282989502
222,6.983188995945966e-06,4.331508159637451,1.0,0.645714282989502
223,6.879974080220563e-06,4.332254886627197,1.0,0.645714282989502
224,6.761608801753027e-06,4.334807872772217,1.0,0.645714282989502
225,6.637239494011737e-06,4.335986614227295,1.0,0.645714282989502
226,6.446512998081744e-06,4.336740016937256,1.0,0.645714282989502
227,6.30088334219181e-06,4.338503837585449,1.0,0.645714282989502
228,6.179059255373431e-06,4.340445041656494,1.0,0.645714282989502
229,6.045987447578227e-06,4.34161376953125,1.0,0.6471428275108337
230,5.95509209233569e-06,4.342554569244385,1.0,0.645714282989502
231,5.8067967074748594e-06,4.34438943862915,1.0,0.6485714316368103
232,5.699564553651726e-06,4.346314430236816,1.0,0.6471428275108337
233,5.616564521915279e-06,4.3480682373046875,1.0,0.645714282989502
234,5.596657956630224e-06,4.348771572113037,1.0,0.6471428275108337
235,5.433681963040726e-06,4.352304458618164,1.0,0.645714282989502
236,5.3367884902399965e-06,4.352138042449951,1.0,0.645714282989502
237,5.247853550827131e-06,4.353814125061035,1.0,0.645714282989502
238,5.162057732377434e-06,4.355372905731201,1.0,0.6471428275108337
239,5.0664452828641515e-06,4.356673240661621,1.0,0.6442857384681702
240,4.991872174286982e-06,4.3587565422058105,1.0,0.645714282989502
241,4.9250138545176014e-06,4.3604817390441895,1.0,0.6442857384681702
242,4.878682375419885e-06,4.361395359039307,1.0,0.645714282989502
243,4.772165993927047e-06,4.363893032073975,1.0,0.6442857384681702
244,4.6607387957919855e-06,4.365585803985596,1.0,0.6442857384681702
245,4.609248662745813e-06,4.366581439971924,1.0,0.6442857384681702
246,4.526925295067485e-06,4.3685126304626465,1.0,0.6442857384681702
247,4.513904968916904e-06,4.370960235595703,1.0,0.6442857384681702
248,4.415828243509168e-06,4.372753143310547,1.0,0.6442857384681702
249,4.34059438703116e-06,4.373108386993408,1.0,0.6442857384681702
