,loss,val_loss,accuracy,val_accuracy
0,2.7044522762298584,2.703749895095825,0.060178570449352264,0.058571428060531616
1,2.7010719776153564,2.7004849910736084,0.061964284628629684,0.06285714358091354
2,2.6980535984039307,2.697524070739746,0.060178570449352264,0.0657142847776413
3,2.695251226425171,2.694805860519409,0.07500000298023224,0.08428571373224258
4,2.692697286605835,2.6923084259033203,0.0791071429848671,0.08142857253551483
5,2.6903586387634277,2.689997911453247,0.08053571730852127,0.07999999821186066
6,2.6882567405700684,2.6878528594970703,0.07946428656578064,0.08142857253551483
7,2.686223268508911,2.685840606689453,0.08089285343885422,0.07999999821186066
8,2.6842901706695557,2.683948278427124,0.08285713940858841,0.08142857253551483
9,2.682555913925171,2.6821632385253906,0.0816071406006813,0.07999999821186066
10,2.680889129638672,2.680468797683716,0.08250000327825546,0.08142857253551483
11,2.6792445182800293,2.678863286972046,0.07892857491970062,0.07999999821186066
12,2.6778311729431152,2.677337646484375,0.07946428656578064,0.07857143133878708
13,2.6764302253723145,2.67587947845459,0.07928571105003357,0.07999999821186066
14,2.6749608516693115,2.674480438232422,0.07785714417695999,0.07857143133878708
15,2.673703908920288,2.673140287399292,0.08178571611642838,0.07999999821186066
16,2.672548532485962,2.6718568801879883,0.08017857372760773,0.08285713940858841
17,2.6713247299194336,2.670625686645508,0.08017857372760773,0.08285713940858841
18,2.670119285583496,2.6694347858428955,0.07982143014669418,0.08428571373224258
19,2.6690163612365723,2.668297529220581,0.08017857372760773,0.08142857253551483
20,2.667982816696167,2.6671953201293945,0.07964285463094711,0.07999999821186066
21,2.6669209003448486,2.6661369800567627,0.0803571417927742,0.08142857253551483
22,2.665955066680908,2.665114402770996,0.08339285850524902,0.07999999821186066
23,2.6649246215820312,2.664127826690674,0.08089285343885422,0.07999999821186066
24,2.664085626602173,2.663172483444214,0.08196428418159485,0.08142857253551483
25,2.6632063388824463,2.662245750427246,0.08250000327825546,0.08285713940858841
26,2.6622819900512695,2.661351442337036,0.08250000327825546,0.08285713940858841
27,2.6614325046539307,2.660478353500366,0.08196428418159485,0.08142857253551483
28,2.6606576442718506,2.6596250534057617,0.08178571611642838,0.08285713940858841
29,2.659855604171753,2.6588008403778076,0.08303571492433548,0.08428571373224258
30,2.6590964794158936,2.658003807067871,0.08285713940858841,0.08428571373224258
31,2.6583096981048584,2.6572265625,0.0848214253783226,0.08571428805589676
32,2.657611608505249,2.6564743518829346,0.08339285850524902,0.08714285492897034
33,2.6569457054138184,2.6557416915893555,0.08624999970197678,0.08714285492897034
34,2.656182050704956,2.6550307273864746,0.08589285612106323,0.08714285492897034
35,2.655565023422241,2.6543350219726562,0.08660714328289032,0.08714285492897034
36,2.6548540592193604,2.653658628463745,0.08660714328289032,0.08714285492897034
37,2.6542415618896484,2.653010129928589,0.08732143044471741,0.08714285492897034
38,2.6536495685577393,2.652369737625122,0.0880357176065445,0.09000000357627869
39,2.653074026107788,2.651747703552246,0.08767857402563095,0.09000000357627869
40,2.6524903774261475,2.651137590408325,0.08714285492897034,0.09000000357627869
41,2.6518948078155518,2.650540590286255,0.08571428805589676,0.09000000357627869
42,2.651322364807129,2.6499643325805664,0.0892857164144516,0.09000000357627869
43,2.650797128677368,2.6493947505950928,0.08660714328289032,0.09285714477300644
44,2.650289535522461,2.6488394737243652,0.08642856776714325,0.09142857044935226
45,2.6497418880462646,2.6483004093170166,0.08767857402563095,0.09285714477300644
46,2.649238348007202,2.6477701663970947,0.08785714209079742,0.09285714477300644
47,2.6488022804260254,2.647247314453125,0.08839285373687744,0.09142857044935226
48,2.6482315063476562,2.646735429763794,0.08714285492897034,0.09285714477300644
49,2.647800922393799,2.6462345123291016,0.08857142925262451,0.09571428596973419
50,2.647350311279297,2.645747661590576,0.08749999850988388,0.09571428596973419
51,2.646836042404175,2.645268440246582,0.09035713970661163,0.09571428596973419
52,2.646369695663452,2.644788980484009,0.08767857402563095,0.09428571164608002
53,2.6459619998931885,2.644319772720337,0.08910714089870453,0.09285714477300644
54,2.6455326080322266,2.6438655853271484,0.0880357176065445,0.09285714477300644
55,2.64508056640625,2.6434199810028076,0.08910714089870453,0.09571428596973419
56,2.644692897796631,2.642986536026001,0.09035713970661163,0.09714286029338837
57,2.644277811050415,2.642550230026245,0.08946428447961807,0.09714286029338837
58,2.643815755844116,2.642117500305176,0.08874999731779099,0.09714286029338837
59,2.643529176712036,2.6416940689086914,0.08821428567171097,0.1014285683631897
60,2.643195152282715,2.64128041267395,0.08857142925262451,0.10000000149011612
61,2.642711639404297,2.640873908996582,0.08946428447961807,0.10428571701049805
62,2.6423723697662354,2.6404740810394287,0.09035713970661163,0.10285714268684387
63,2.642014265060425,2.640075445175171,0.08857142925262451,0.10571428388357162
64,2.641627311706543,2.6396801471710205,0.08696428686380386,0.10571428388357162
65,2.6412534713745117,2.639284372329712,0.08821428567171097,0.10428571701049805
66,2.6408560276031494,2.6389057636260986,0.0892857164144516,0.10285714268684387
67,2.640502691268921,2.6385247707366943,0.08785714209079742,0.10285714268684387
68,2.6402781009674072,2.6381497383117676,0.08749999850988388,0.1071428582072258
69,2.639853000640869,2.637782096862793,0.08732143044471741,0.1071428582072258
70,2.639528512954712,2.6374127864837646,0.0892857164144516,0.1071428582072258
71,2.639139413833618,2.6370418071746826,0.0867857113480568,0.10857142508029938
72,2.6387884616851807,2.636671304702759,0.08767857402563095,0.10857142508029938
73,2.638474941253662,2.6363093852996826,0.0860714316368103,0.1071428582072258
74,2.6381020545959473,2.635939359664917,0.0880357176065445,0.10999999940395355
75,2.637824296951294,2.6355772018432617,0.08874999731779099,0.10428571701049805
76,2.637523889541626,2.6352124214172363,0.08660714328289032,0.10428571701049805
77,2.6372482776641846,2.6348485946655273,0.08839285373687744,0.10571428388357162
78,2.6368837356567383,2.634506940841675,0.08732143044471741,0.10428571701049805
79,2.636583089828491,2.6341655254364014,0.0892857164144516,0.1071428582072258
80,2.6362621784210205,2.6337997913360596,0.08821428567171097,0.10857142508029938
81,2.6359522342681885,2.633453130722046,0.08874999731779099,0.1071428582072258
82,2.6356375217437744,2.633089065551758,0.08839285373687744,0.10857142508029938
83,2.6353037357330322,2.632744550704956,0.08946428447961807,0.10571428388357162
84,2.634941339492798,2.63238263130188,0.09089285880327225,0.10571428388357162
85,2.6346747875213623,2.632042407989502,0.0880357176065445,0.1071428582072258
86,2.6343319416046143,2.6316914558410645,0.09035713970661163,0.10857142508029938
87,2.6340181827545166,2.6313316822052,0.09214285761117935,0.10428571701049805
88,2.633751630783081,2.630962610244751,0.08874999731779099,0.1014285683631897
89,2.6334054470062256,2.6306204795837402,0.09035713970661163,0.1014285683631897
90,2.6330833435058594,2.6302664279937744,0.09035713970661163,0.1014285683631897
91,2.632803201675415,2.6299121379852295,0.08874999731779099,0.10000000149011612
92,2.6325366497039795,2.629566192626953,0.09035713970661163,0.1014285683631897
93,2.6320321559906006,2.629210948944092,0.0892857164144516,0.1014285683631897
94,2.631911277770996,2.6288416385650635,0.08946428447961807,0.10000000149011612
95,2.631629705429077,2.628485918045044,0.09000000357627869,0.09571428596973419
96,2.6312718391418457,2.628122091293335,0.09160714596509933,0.1014285683631897
97,2.630880117416382,2.627746105194092,0.09232142567634583,0.09857142716646194
98,2.6306350231170654,2.6273903846740723,0.08857142925262451,0.10285714268684387
99,2.6303601264953613,2.6270339488983154,0.0925000011920929,0.1014285683631897
100,2.6300129890441895,2.6266651153564453,0.08982142806053162,0.1014285683631897
101,2.62970232963562,2.626300573348999,0.09071428328752518,0.1014285683631897
102,2.62943959236145,2.625915288925171,0.0925000011920929,0.1014285683631897
103,2.629016876220703,2.6255457401275635,0.09196428209543228,0.10000000149011612
104,2.628790855407715,2.6251888275146484,0.09232142567634583,0.10285714268684387
105,2.6285958290100098,2.624826669692993,0.09160714596509933,0.09857142716646194
106,2.6281609535217285,2.6244595050811768,0.09339285641908646,0.1014285683631897
107,2.627763271331787,2.6240837574005127,0.09196428209543228,0.09857142716646194
108,2.6276044845581055,2.6237123012542725,0.09303571283817291,0.09714286029338837
109,2.627164125442505,2.623311758041382,0.09267856925725937,0.09857142716646194
110,2.6267831325531006,2.6229450702667236,0.09303571283817291,0.09857142716646194
111,2.626574993133545,2.622551441192627,0.09285714477300644,0.09857142716646194
112,2.6261401176452637,2.622180223464966,0.0949999988079071,0.10000000149011612
113,2.6258065700531006,2.621809720993042,0.09285714477300644,0.09857142716646194
114,2.6255197525024414,2.6214187145233154,0.09285714477300644,0.09714286029338837
115,2.625283718109131,2.621039390563965,0.09553571790456772,0.09857142716646194
116,2.6249380111694336,2.62064266204834,0.09446428716182709,0.09857142716646194
117,2.624690532684326,2.6202454566955566,0.09357143193483353,0.09857142716646194
118,2.6240766048431396,2.619884490966797,0.09392856806516647,0.10000000149011612
119,2.6240291595458984,2.619493246078491,0.09428571164608002,0.10000000149011612
120,2.623631000518799,2.6191208362579346,0.09517857432365417,0.10000000149011612
121,2.6232473850250244,2.618727922439575,0.09517857432365417,0.10000000149011612
122,2.6228911876678467,2.6183202266693115,0.09339285641908646,0.10000000149011612
123,2.6226861476898193,2.617950677871704,0.09392856806516647,0.10428571701049805
124,2.622335195541382,2.617600679397583,0.09482143074274063,0.10285714268684387
125,2.6220927238464355,2.617244005203247,0.09607142955064774,0.1014285683631897
126,2.621717691421509,2.6168715953826904,0.09535714238882065,0.1014285683631897
127,2.6213667392730713,2.6165425777435303,0.0982142835855484,0.10428571701049805
128,2.6211860179901123,2.6161787509918213,0.09660714119672775,0.10428571701049805
129,2.620760202407837,2.615800380706787,0.09642857313156128,0.10428571701049805
130,2.620391607284546,2.6153838634490967,0.09749999642372131,0.10000000149011612
131,2.620004415512085,2.615027666091919,0.09482143074274063,0.1014285683631897
132,2.619886636734009,2.6146960258483887,0.09803571552038193,0.10000000149011612
133,2.619504451751709,2.6143429279327393,0.09607142955064774,0.10000000149011612
134,2.6192591190338135,2.6140105724334717,0.09857142716646194,0.09714286029338837
135,2.6187515258789062,2.6136093139648438,0.09642857313156128,0.09285714477300644
136,2.618575096130371,2.6132466793060303,0.09732142835855484,0.09714286029338837
137,2.618128776550293,2.6129090785980225,0.09785714000463486,0.09714286029338837
138,2.6178812980651855,2.61259388923645,0.09875000268220901,0.09857142716646194
139,2.617671489715576,2.6122329235076904,0.09839285910129547,0.09571428596973419
140,2.617260456085205,2.6119225025177,0.09892857074737549,0.09714286029338837
141,2.6171343326568604,2.6115920543670654,0.09910714626312256,0.09571428596973419
142,2.616696834564209,2.611262559890747,0.09875000268220901,0.1014285683631897
143,2.6164026260375977,2.6109328269958496,0.09839285910129547,0.09571428596973419
144,2.6161696910858154,2.610649824142456,0.09875000268220901,0.10285714268684387
145,2.615701675415039,2.6103365421295166,0.09875000268220901,0.10000000149011612
146,2.6156256198883057,2.610038995742798,0.0994642823934555,0.10428571701049805
147,2.6151845455169678,2.6097025871276855,0.10000000149011612,0.1014285683631897
148,2.615039587020874,2.6093931198120117,0.10107143223285675,0.09857142716646194
149,2.6147754192352295,2.6091861724853516,0.10017856955528259,0.10428571701049805
150,2.6145718097686768,2.6088860034942627,0.10107143223285675,0.10428571701049805
151,2.6141951084136963,2.6085853576660156,0.1014285683631897,0.09857142716646194
152,2.6138699054718018,2.608342409133911,0.10035714507102966,0.09714286029338837
153,2.613478899002075,2.608077049255371,0.10107143223285675,0.1014285683631897
154,2.6132469177246094,2.6077382564544678,0.10089285671710968,0.10000000149011612
155,2.6129837036132812,2.6074559688568115,0.10125000029802322,0.10285714268684387
156,2.612724781036377,2.6072232723236084,0.10232143104076385,0.10000000149011612
157,2.612474203109741,2.606980562210083,0.09857142716646194,0.1014285683631897
158,2.6120595932006836,2.6067392826080322,0.10035714507102966,0.1071428582072258
159,2.6118485927581787,2.6064817905426025,0.10178571194410324,0.1071428582072258
160,2.6117300987243652,2.606267213821411,0.10196428745985031,0.10999999940395355
161,2.61124849319458,2.605945110321045,0.10178571194410324,0.1071428582072258
162,2.611112356185913,2.6056768894195557,0.1039285734295845,0.10571428388357162
163,2.610867977142334,2.6054768562316895,0.10214285552501678,0.10857142508029938
164,2.610860824584961,2.605299949645996,0.10232143104076385,0.1071428582072258
165,2.6103103160858154,2.6050097942352295,0.10285714268684387,0.10428571701049805
166,2.6100046634674072,2.6048552989959717,0.10303571075201035,0.10571428388357162
167,2.6098387241363525,2.6046581268310547,0.10410714149475098,0.10571428388357162
168,2.609685182571411,2.60439395904541,0.10410714149475098,0.10857142508029938
169,2.6094019412994385,2.6041219234466553,0.10464286059141159,0.10857142508029938
170,2.6089887619018555,2.6039180755615234,0.10428571701049805,0.1071428582072258
171,2.608654260635376,2.603621244430542,0.10499999672174454,0.10857142508029938
172,2.608712911605835,2.603501319885254,0.10660714656114578,0.1071428582072258
173,2.6085519790649414,2.603273868560791,0.10232143104076385,0.10857142508029938
174,2.6082019805908203,2.603121757507324,0.10410714149475098,0.10571428388357162
175,2.608161211013794,2.6028759479522705,0.10625000298023224,0.10428571701049805
176,2.607539653778076,2.602832078933716,0.10357142984867096,0.1071428582072258
177,2.6074533462524414,2.602449655532837,0.10892856866121292,0.10428571701049805
178,2.607292413711548,2.6022346019744873,0.10571428388357162,0.10285714268684387
179,2.6070752143859863,2.6021032333374023,0.1058928593993187,0.10571428388357162
180,2.606785774230957,2.6018216609954834,0.10642857104539871,0.10285714268684387
181,2.606397867202759,2.6016438007354736,0.10571428388357162,0.10285714268684387
182,2.6063387393951416,2.6017963886260986,0.10517857223749161,0.1128571406006813
183,2.6060876846313477,2.601264238357544,0.10750000178813934,0.10571428388357162
184,2.605809211730957,2.6009750366210938,0.10767856985330582,0.10857142508029938
185,2.605485677719116,2.600951910018921,0.10767856985330582,0.11999999731779099
186,2.6055426597595215,2.6008007526397705,0.10767856985330582,0.12142857164144516
187,2.605076789855957,2.6004140377044678,0.10892856866121292,0.10571428388357162
188,2.6046087741851807,2.6007332801818848,0.10857142508029938,0.12285714596509933
189,2.6048107147216797,2.599966287612915,0.11214285343885422,0.10857142508029938
190,2.6043102741241455,2.599919319152832,0.10982143133878708,0.11857143044471741
191,2.6040875911712646,2.599471092224121,0.10964285582304001,0.10999999940395355
192,2.604055643081665,2.5993072986602783,0.11017857491970062,0.11714285612106323
193,2.6033852100372314,2.5989997386932373,0.1083928570151329,0.10999999940395355
194,2.603212594985962,2.5987002849578857,0.10678571462631226,0.11142857372760773
195,2.6028695106506348,2.5983927249908447,0.1148214265704155,0.10999999940395355
196,2.602464437484741,2.5981547832489014,0.1103571429848671,0.1128571406006813
197,2.602238655090332,2.5981109142303467,0.10875000059604645,0.11714285612106323
198,2.6018710136413574,2.5974714756011963,0.11553571373224258,0.1128571406006813
199,2.6014516353607178,2.5974884033203125,0.11267857253551483,0.11857143044471741
200,2.6008760929107666,2.5969834327697754,0.1173214316368103,0.11857143044471741
201,2.6003358364105225,2.596393585205078,0.11678571254014969,0.11714285612106323
202,2.599604368209839,2.5956454277038574,0.11839285492897034,0.1128571406006813
203,2.5988450050354004,2.5953829288482666,0.11553571373224258,0.11571428924798965
204,2.597743034362793,2.593376874923706,0.11964285373687744,0.11428571492433548
205,2.5957529544830322,2.5922281742095947,0.11553571373224258,0.10857142508029938
206,2.59140682220459,2.5873372554779053,0.12035714089870453,0.10428571701049805
207,2.5898282527923584,2.581188201904297,0.11625000089406967,0.11428571492433548
208,2.5886285305023193,2.5777699947357178,0.11910714209079742,0.11142857372760773
209,2.5863237380981445,2.57171893119812,0.11714285612106323,0.11714285612106323
210,2.5815324783325195,2.5960004329681396,0.11678571254014969,0.09857142716646194
211,2.585228681564331,2.5938796997070312,0.11678571254014969,0.1014285683631897
212,2.5796306133270264,2.562176465988159,0.11964285373687744,0.10857142508029938
213,2.5815622806549072,2.569877862930298,0.11535714566707611,0.11428571492433548
214,2.574176788330078,2.559453248977661,0.12142857164144516,0.12285714596509933
215,2.58975887298584,2.568948745727539,0.1058928593993187,0.11428571492433548
216,2.5729031562805176,2.5968358516693115,0.11785714328289032,0.09428571164608002
217,2.5843985080718994,2.568983316421509,0.11428571492433548,0.11714285612106323
218,2.577019214630127,2.551586389541626,0.11839285492897034,0.11999999731779099
219,2.5668435096740723,2.680283546447754,0.12767857313156128,0.07428571581840515
220,2.576308012008667,2.5930659770965576,0.1192857176065445,0.1128571406006813
221,2.5761444568634033,2.5553081035614014,0.11749999970197678,0.11142857372760773
222,2.5663747787475586,2.575303077697754,0.12321428209543228,0.11571428924798965
223,2.5758132934570312,2.543407678604126,0.11696428805589676,0.1371428519487381
224,2.5579710006713867,2.5440003871917725,0.13178572058677673,0.1371428519487381
225,2.5575428009033203,2.551732063293457,0.1314285695552826,0.11428571492433548
226,2.5629234313964844,2.5999996662139893,0.12982143461704254,0.1014285683631897
227,2.562774419784546,2.5908868312835693,0.13089285790920258,0.10000000149011612
228,2.557469129562378,2.583975076675415,0.13178572058677673,0.12285714596509933
229,2.560589551925659,2.5339863300323486,0.1326785683631897,0.1371428519487381
230,2.5513360500335693,2.5943212509155273,0.13446427881717682,0.11428571492433548
231,2.5559518337249756,2.558212995529175,0.136428564786911,0.1257142871618271
232,2.5539097785949707,2.5223662853240967,0.1346428543329239,0.15000000596046448
233,2.54750394821167,2.570359945297241,0.1391071379184723,0.10857142508029938
234,2.541256904602051,2.5330498218536377,0.14571428298950195,0.13285714387893677
235,2.543848991394043,2.5109055042266846,0.13803571462631226,0.1542857140302658
236,2.5472049713134766,2.513584852218628,0.136428564786911,0.16428571939468384
237,2.5425431728363037,2.57246470451355,0.14196428656578064,0.1071428582072258
238,2.5364091396331787,2.565960168838501,0.14124999940395355,0.12142857164144516
239,2.5369954109191895,2.5295331478118896,0.14714285731315613,0.15142856538295746
240,2.5335984230041504,2.5734219551086426,0.14749999344348907,0.1257142871618271
241,2.528242349624634,2.523707389831543,0.14517857134342194,0.13857142627239227
242,2.5212717056274414,2.497591018676758,0.1498214304447174,0.167142853140831
243,2.5345184803009033,2.550727605819702,0.15000000596046448,0.13857142627239227
244,2.5198981761932373,2.542912006378174,0.1550000011920929,0.14142857491970062
245,2.5223052501678467,2.516045570373535,0.14696428179740906,0.14142857491970062
246,2.5309972763061523,2.513195753097534,0.14910714328289032,0.15142856538295746
247,2.517714262008667,2.586296558380127,0.15071429312229156,0.11428571492433548
248,2.5136754512786865,2.5328989028930664,0.1574999988079071,0.13428571820259094
249,2.5121541023254395,2.503492593765259,0.15321429073810577,0.18285714089870453
