,loss,val_loss,accuracy,val_accuracy
0,2.650696277618408,2.620776891708374,0.08250000327825546,0.09428571164608002
1,2.5970332622528076,2.583392381668091,0.10982143133878708,0.11999999731779099
2,2.5210211277008057,2.4383890628814697,0.15125000476837158,0.1614285707473755
3,2.205962896347046,2.1491763591766357,0.2442857176065445,0.27142858505249023
4,1.911348819732666,1.862345814704895,0.32696428894996643,0.36000001430511475
5,1.7043496370315552,1.6628084182739258,0.39696428179740906,0.4114285707473755
6,1.5131449699401855,1.5398057699203491,0.4617857038974762,0.46714285016059875
7,1.3670789003372192,1.4056053161621094,0.5119642615318298,0.5028571486473083
8,1.2603005170822144,1.3628240823745728,0.5512499809265137,0.5242857336997986
9,1.181650996208191,1.3454041481018066,0.5849999785423279,0.545714259147644
10,1.0969206094741821,1.2261205911636353,0.6278571486473083,0.6057142615318298
11,1.0303393602371216,1.163814663887024,0.6496428847312927,0.6285714507102966
12,0.9630817174911499,1.1364738941192627,0.6780357360839844,0.6228571534156799
13,0.9061504006385803,1.0825608968734741,0.6982142925262451,0.645714282989502
14,0.8610935211181641,1.0498019456863403,0.7080357074737549,0.645714282989502
15,0.8184438943862915,1.035445213317871,0.7278571724891663,0.6628571152687073
16,0.7947165966033936,1.040732741355896,0.7373214364051819,0.6700000166893005
17,0.7540140151977539,1.038884162902832,0.7505357265472412,0.6828571557998657
18,0.7292339205741882,1.0333329439163208,0.7578571438789368,0.6857143044471741
19,0.6927288174629211,1.0037639141082764,0.7730357050895691,0.6942856907844543
20,0.6610286235809326,1.0190696716308594,0.7869642972946167,0.6928571462631226
21,0.6490718126296997,1.0372949838638306,0.789642870426178,0.6785714030265808
22,0.6261541843414307,1.0030686855316162,0.7962499856948853,0.6757143139839172
23,0.6161378622055054,0.9993804097175598,0.7976785898208618,0.6942856907844543
24,0.6011934876441956,0.9700763821601868,0.7958928346633911,0.6928571462631226
25,0.590151846408844,0.9894210696220398,0.8057143092155457,0.6942856907844543
26,0.5736744999885559,0.9838491082191467,0.8117856979370117,0.7071428298950195
27,0.5380653142929077,1.0646589994430542,0.8221428394317627,0.6942856907844543
28,0.5402771830558777,1.0276700258255005,0.8217856884002686,0.7128571271896362
29,0.5216678977012634,1.0184568166732788,0.8267857432365417,0.7028571367263794
30,0.5021687150001526,1.0100189447402954,0.8374999761581421,0.7157142758369446
31,0.49504324793815613,1.060490608215332,0.8371428847312927,0.6871428489685059
32,0.48949766159057617,1.0398811101913452,0.8357142806053162,0.7114285826683044
33,0.4705667197704315,1.0285980701446533,0.8424999713897705,0.7142857313156128
34,0.45557090640068054,1.0519442558288574,0.852321445941925,0.7157142758369446
35,0.4563547968864441,1.0611361265182495,0.8555356860160828,0.7114285826683044
36,0.4250454902648926,1.0938483476638794,0.8632143139839172,0.7028571367263794
37,0.4214448034763336,1.101033329963684,0.8639285564422607,0.7085714340209961
38,0.43465039134025574,1.1477723121643066,0.8603571653366089,0.7057142853736877
39,0.44467297196388245,1.1065350770950317,0.8575000166893005,0.7057142853736877
40,0.44068869948387146,1.086112141609192,0.8587499856948853,0.7128571271896362
41,0.42366018891334534,1.1657140254974365,0.8669642806053162,0.7071428298950195
42,0.41440919041633606,1.128104567527771,0.8651785850524902,0.7142857313156128
43,0.393775075674057,1.1202502250671387,0.8728571534156799,0.7142857313156128
44,0.4021055996417999,1.139473557472229,0.8712499737739563,0.7014285922050476
45,0.42327916622161865,1.1149441003799438,0.8648214340209961,0.7171428799629211
46,0.3850068747997284,1.1705583333969116,0.8742856979370117,0.704285740852356
47,0.3651152551174164,1.1688156127929688,0.8841071724891663,0.7028571367263794
48,0.367679238319397,1.1695833206176758,0.8826785683631897,0.7071428298950195
49,0.38319090008735657,1.1611042022705078,0.8773214221000671,0.7142857313156128
50,0.36020776629447937,1.2153363227844238,0.8867856860160828,0.7057142853736877
51,0.35206058621406555,1.2424954175949097,0.8878571391105652,0.6971428394317627
52,0.36849460005760193,1.2206343412399292,0.885357141494751,0.7128571271896362
53,0.37305203080177307,1.2221676111221313,0.8816071152687073,0.7085714340209961
54,0.35772618651390076,1.3104420900344849,0.8930357098579407,0.6800000071525574
55,0.38000527024269104,1.2083851099014282,0.8767856955528259,0.6942856907844543
56,0.37332865595817566,1.1728328466415405,0.8808928728103638,0.7085714340209961
57,0.3195013105869293,1.1685471534729004,0.8992857336997986,0.7099999785423279
58,0.30808380246162415,1.2100303173065186,0.9051785469055176,0.7099999785423279
59,0.30411896109580994,1.1956994533538818,0.9091071486473083,0.7114285826683044
60,0.3394402265548706,1.2646690607070923,0.8926785588264465,0.699999988079071
61,0.337042897939682,1.230711817741394,0.8887500166893005,0.7085714340209961
62,0.3069104552268982,1.2641359567642212,0.9071428775787354,0.7071428298950195
63,0.3059890568256378,1.2141040563583374,0.9069643020629883,0.7214285731315613
64,0.3119046688079834,1.236742377281189,0.9055356979370117,0.7228571176528931
65,0.30485135316848755,1.2429139614105225,0.9048214554786682,0.7071428298950195
66,0.32446563243865967,1.2310017347335815,0.897678554058075,0.7071428298950195
67,0.3248012065887451,1.297052264213562,0.8980357050895691,0.699999988079071
68,0.32357680797576904,1.3158806562423706,0.8996428847312927,0.7028571367263794
69,0.32915201783180237,1.2628949880599976,0.9003571271896362,0.7014285922050476
70,0.28604450821876526,1.3477941751480103,0.9155356884002686,0.6957142949104309
71,0.2909896969795227,1.274824619293213,0.9112499952316284,0.7071428298950195
72,0.28765007853507996,1.2741351127624512,0.9112499952316284,0.7099999785423279
73,0.2988051176071167,1.3456908464431763,0.9066071510314941,0.6985714435577393
74,0.2792881727218628,1.29144287109375,0.9114285707473755,0.6971428394317627
75,0.2708596885204315,1.4191807508468628,0.9200000166893005,0.6928571462631226
76,0.2674294412136078,1.3742209672927856,0.9191071391105652,0.704285740852356
77,0.2659604549407959,1.3541580438613892,0.9182142615318298,0.699999988079071
78,0.26530036330223083,1.3641656637191772,0.9210714101791382,0.7099999785423279
79,0.26988375186920166,1.426681637763977,0.9158928394317627,0.699999988079071
80,0.26384860277175903,1.3618569374084473,0.9175000190734863,0.691428542137146
81,0.2773773968219757,1.3542460203170776,0.9089285731315613,0.6957142949104309
82,0.2673926055431366,1.4368871450424194,0.9194642901420593,0.6871428489685059
83,0.2581706941127777,1.396538257598877,0.9194642901420593,0.699999988079071
84,0.255863755941391,1.4460402727127075,0.9201785922050476,0.7057142853736877
85,0.2565905749797821,1.4052734375,0.9212499856948853,0.6942856907844543
86,0.2578361928462982,1.4037624597549438,0.9192857146263123,0.6928571462631226
87,0.23447589576244354,1.4034970998764038,0.9257143139839172,0.6985714435577393
88,0.25714871287345886,1.4231470823287964,0.9210714101791382,0.6942856907844543
89,0.2681002914905548,1.382642388343811,0.9153571724891663,0.7114285826683044
90,0.25641074776649475,1.4695147275924683,0.9194642901420593,0.6957142949104309
91,0.25610634684562683,1.521985411643982,0.9180356860160828,0.7014285922050476
92,0.2711561918258667,1.4586337804794312,0.9157142639160156,0.7014285922050476
93,0.2591518759727478,1.4362382888793945,0.9216071367263794,0.7128571271896362
94,0.2403756082057953,1.4704104661941528,0.9257143139839172,0.7157142758369446
95,0.22697509825229645,1.426072120666504,0.9346428513526917,0.7157142758369446
96,0.2374422401189804,1.5013418197631836,0.9294642806053162,0.6942856907844543
97,0.22980672121047974,1.4290142059326172,0.9308928847312927,0.7157142758369446
98,0.23274092376232147,1.489689826965332,0.9275000095367432,0.7085714340209961
99,0.2710631191730499,1.44258451461792,0.9175000190734863,0.7285714149475098
100,0.25009262561798096,1.5598958730697632,0.9219642877578735,0.704285740852356
101,0.26782917976379395,1.5009976625442505,0.9141071438789368,0.7057142853736877
102,0.234707310795784,1.4877208471298218,0.9257143139839172,0.7071428298950195
103,0.24483650922775269,1.519821286201477,0.9226785898208618,0.7128571271896362
104,0.27981507778167725,1.4606094360351562,0.9116071462631226,0.7099999785423279
105,0.24994684755802155,1.5097136497497559,0.9232142567634583,0.7142857313156128
106,0.2488754242658615,1.549367904663086,0.9196428656578064,0.7114285826683044
107,0.24394486844539642,1.5800594091415405,0.925000011920929,0.6800000071525574
108,0.23160281777381897,1.5623526573181152,0.9294642806053162,0.7114285826683044
109,0.24852631986141205,1.4463629722595215,0.9208928346633911,0.6985714435577393
110,0.22712764143943787,1.4748859405517578,0.926964282989502,0.7085714340209961
111,0.22171439230442047,1.4715204238891602,0.9330357313156128,0.7142857313156128
112,0.1985405534505844,1.5809046030044556,0.9392856955528259,0.7185714244842529
113,0.19630497694015503,1.640273928642273,0.9423214197158813,0.7014285922050476
114,0.187964528799057,1.6193703413009644,0.9437500238418579,0.699999988079071
115,0.223163902759552,1.5866459608078003,0.9333928823471069,0.704285740852356
116,0.2294236123561859,1.6382427215576172,0.9276785850524902,0.6985714435577393
117,0.24570029973983765,1.6303143501281738,0.9219642877578735,0.6971428394317627
118,0.21280056238174438,1.6035065650939941,0.9337499737739563,0.6971428394317627
119,0.19065971672534943,1.5826448202133179,0.9437500238418579,0.7171428799629211
120,0.17827020585536957,1.5978631973266602,0.9492856860160828,0.7171428799629211
121,0.18722176551818848,1.722092628479004,0.9455357193946838,0.6957142949104309
122,0.21593894064426422,1.7352761030197144,0.9337499737739563,0.704285740852356
123,0.1994454264640808,1.688787579536438,0.9382143020629883,0.7085714340209961
124,0.19943267107009888,1.7345386743545532,0.9403571486473083,0.7099999785423279
125,0.19541436433792114,1.621395230293274,0.9408928751945496,0.7114285826683044
126,0.21762396395206451,1.6946357488632202,0.9362499713897705,0.7057142853736877
127,0.2211485505104065,1.678639531135559,0.9346428513526917,0.6985714435577393
128,0.24107235670089722,1.650719165802002,0.9235714077949524,0.6971428394317627
129,0.2501779794692993,1.6487044095993042,0.9223214387893677,0.7099999785423279
130,0.2058722972869873,1.7656935453414917,0.9358928799629211,0.704285740852356
131,0.20644201338291168,1.6023465394973755,0.9399999976158142,0.7157142758369446
132,0.2022315114736557,1.6765575408935547,0.9373214244842529,0.7114285826683044
133,0.22698192298412323,1.72967529296875,0.9308928847312927,0.7071428298950195
134,0.21154345571994781,1.8145102262496948,0.9351785778999329,0.691428542137146
135,0.2069602906703949,1.745914101600647,0.9351785778999329,0.6828571557998657
136,0.19685059785842896,1.7411003112792969,0.9396428465843201,0.6857143044471741
137,0.1879211962223053,1.773547649383545,0.948035717010498,0.6957142949104309
138,0.1758488118648529,1.8176862001419067,0.9469642639160156,0.6985714435577393
139,0.17103160917758942,1.7427430152893066,0.9503571391105652,0.6971428394317627
140,0.17834311723709106,1.7103160619735718,0.9462500214576721,0.6857143044471741
141,0.19703936576843262,1.7168978452682495,0.939464271068573,0.6857143044471741
142,0.2131519317626953,1.8225321769714355,0.9344642758369446,0.699999988079071
143,0.23150597512722015,1.7120715379714966,0.9319642782211304,0.704285740852356
144,0.22356586158275604,1.7326669692993164,0.9305357336997986,0.7157142758369446
145,0.23589563369750977,1.7292953729629517,0.9262499809265137,0.691428542137146
146,0.23234911262989044,1.8373355865478516,0.9316071271896362,0.6785714030265808
147,0.2156270444393158,1.7720955610275269,0.9337499737739563,0.6985714435577393
148,0.1942874938249588,1.7342796325683594,0.9401785731315613,0.704285740852356
149,0.18519453704357147,1.7906895875930786,0.9441071152687073,0.7014285922050476
150,0.21082037687301636,1.7847472429275513,0.9351785778999329,0.7085714340209961
151,0.20699386298656464,1.8323136568069458,0.9380357265472412,0.699999988079071
152,0.21129971742630005,1.8159853219985962,0.9328571557998657,0.6942856907844543
153,0.22277387976646423,1.8870905637741089,0.9325000047683716,0.677142858505249
154,0.22508493065834045,1.8597949743270874,0.9330357313156128,0.6857143044471741
155,0.20819230377674103,1.7742458581924438,0.9403571486473083,0.704285740852356
156,0.18796643614768982,1.7173160314559937,0.9441071152687073,0.6971428394317627
157,0.20417670905590057,1.8051971197128296,0.9385714530944824,0.6842857003211975
158,0.17197592556476593,1.815212368965149,0.9496428370475769,0.7014285922050476
159,0.16379718482494354,1.9860962629318237,0.9521428346633911,0.6828571557998657
160,0.17426107823848724,1.8780165910720825,0.9489285945892334,0.699999988079071
161,0.18757124245166779,1.8426576852798462,0.9442856907844543,0.7085714340209961
162,0.18245196342468262,1.8911744356155396,0.9435714483261108,0.704285740852356
163,0.19142185151576996,1.8858472108840942,0.9417856931686401,0.6800000071525574
164,0.17480424046516418,1.9031505584716797,0.9482142925262451,0.6857143044471741
165,0.16583950817584991,1.8087490797042847,0.9467856884002686,0.6971428394317627
166,0.18079277873039246,1.9193669557571411,0.9467856884002686,0.6842857003211975
167,0.16911418735980988,1.9222536087036133,0.948035717010498,0.6842857003211975
168,0.19705629348754883,1.8284984827041626,0.9407142996788025,0.6857143044471741
169,0.19533558189868927,1.9951435327529907,0.9375,0.6842857003211975
170,0.1970396190881729,1.7554646730422974,0.9391071200370789,0.6957142949104309
171,0.20770646631717682,1.7640752792358398,0.9348214268684387,0.7028571367263794
172,0.19439391791820526,1.7452540397644043,0.9444642663002014,0.6957142949104309
173,0.19949030876159668,1.7804551124572754,0.9348214268684387,0.691428542137146
174,0.19219079613685608,1.907510757446289,0.9399999976158142,0.6899999976158142
175,0.19803309440612793,1.9148969650268555,0.9423214197158813,0.6842857003211975
176,0.18198652565479279,1.8195444345474243,0.9417856931686401,0.6885714530944824
177,0.199399933218956,1.8056615591049194,0.9378571510314941,0.704285740852356
178,0.18701480329036713,1.9666897058486938,0.9432142972946167,0.6942856907844543
179,0.1961383819580078,1.8896220922470093,0.9362499713897705,0.6985714435577393
180,0.18385323882102966,1.912858486175537,0.9451785683631897,0.6957142949104309
181,0.18949151039123535,1.8862122297286987,0.9451785683631897,0.699999988079071
182,0.19852595031261444,1.9182134866714478,0.9373214244842529,0.7057142853736877
183,0.19136089086532593,1.8806453943252563,0.9396428465843201,0.699999988079071
184,0.17247582972049713,1.8510503768920898,0.949821412563324,0.7071428298950195
185,0.16121141612529755,2.0226829051971436,0.954285740852356,0.7014285922050476
186,0.17783159017562866,1.8261314630508423,0.9449999928474426,0.6942856907844543
187,0.1704939752817154,1.8937582969665527,0.9476785659790039,0.6928571462631226
188,0.20593300461769104,1.8239682912826538,0.9385714530944824,0.7028571367263794
189,0.20083743333816528,1.7485679388046265,0.9360714554786682,0.7171428799629211
190,0.17180977761745453,1.8603836297988892,0.949821412563324,0.7085714340209961
191,0.17153652012348175,1.820849895477295,0.9501785635948181,0.7142857313156128
192,0.1861822009086609,1.9317439794540405,0.9435714483261108,0.6971428394317627
193,0.18669100105762482,1.9431883096694946,0.9426785707473755,0.7157142758369446
194,0.2191697061061859,1.8408008813858032,0.933571457862854,0.7028571367263794
195,0.18905068933963776,1.8755067586898804,0.9392856955528259,0.704285740852356
196,0.1682000756263733,1.9110437631607056,0.9485714435577393,0.7099999785423279
197,0.16325829923152924,1.8759398460388184,0.9508928656578064,0.6885714530944824
198,0.19268479943275452,1.907973289489746,0.9392856955528259,0.7014285922050476
199,0.2174953818321228,1.9676475524902344,0.9326785802841187,0.6942856907844543
200,0.203419029712677,1.8961070775985718,0.9367856979370117,0.699999988079071
201,0.1970406472682953,1.9306716918945312,0.9376785755157471,0.691428542137146
202,0.2059425264596939,1.8847041130065918,0.9391071200370789,0.7099999785423279
203,0.16306346654891968,1.8707414865493774,0.9503571391105652,0.7028571367263794
204,0.16036443412303925,1.9376583099365234,0.9532142877578735,0.6928571462631226
205,0.16686968505382538,1.85997474193573,0.9517857432365417,0.6899999976158142
206,0.1780504584312439,1.9019891023635864,0.9464285969734192,0.699999988079071
207,0.17317697405815125,1.8849983215332031,0.948035717010498,0.6971428394317627
208,0.19802512228488922,1.8381792306900024,0.9391071200370789,0.6857143044471741
209,0.18223287165164948,1.8688111305236816,0.9482142925262451,0.6899999976158142
210,0.17956076562404633,1.931522250175476,0.947857141494751,0.7057142853736877
211,0.16853654384613037,1.9612833261489868,0.945892870426178,0.6928571462631226
212,0.15976080298423767,1.9757696390151978,0.9528571367263794,0.6928571462631226
213,0.15175215899944305,1.92057466506958,0.9541071653366089,0.7014285922050476
214,0.16702419519424438,1.9051403999328613,0.9537500143051147,0.699999988079071
215,0.20174990594387054,1.8576170206069946,0.9328571557998657,0.6971428394317627
216,0.16443966329097748,2.015369176864624,0.9507142901420593,0.6928571462631226
217,0.16800205409526825,1.9712070226669312,0.9546428322792053,0.6971428394317627
218,0.1807124763727188,1.96725594997406,0.945892870426178,0.6971428394317627
219,0.17959843575954437,1.9156694412231445,0.9441071152687073,0.704285740852356
220,0.16252201795578003,1.9926449060440063,0.9501785635948181,0.6942856907844543
221,0.1636914610862732,2.028557062149048,0.9516071677207947,0.6985714435577393
222,0.14570747315883636,2.005625009536743,0.958392858505249,0.6857143044471741
223,0.14544777572155,2.0314736366271973,0.9580357074737549,0.699999988079071
224,0.19778761267662048,2.059391736984253,0.9419642686843872,0.6985714435577393
225,0.20580044388771057,1.9940048456192017,0.9375,0.6928571462631226
226,0.19025373458862305,1.8769022226333618,0.9389285445213318,0.6899999976158142
227,0.15680371224880219,1.9226484298706055,0.9521428346633911,0.6814285516738892
228,0.1566706895828247,1.912967562675476,0.9530357122421265,0.6857143044471741
229,0.15685899555683136,2.032870054244995,0.951964259147644,0.691428542137146
230,0.14599789679050446,1.9433859586715698,0.956250011920929,0.7057142853736877
231,0.15475332736968994,1.9993033409118652,0.9539285898208618,0.699999988079071
232,0.1672191023826599,2.011608600616455,0.949999988079071,0.6871428489685059
233,0.17673079669475555,2.0219027996063232,0.9485714435577393,0.6871428489685059
234,0.17138801515102386,2.0840542316436768,0.9516071677207947,0.6742857098579407
235,0.19130045175552368,2.001804828643799,0.941428542137146,0.6985714435577393
236,0.18905600905418396,2.017296314239502,0.941428542137146,0.6828571557998657
237,0.16257983446121216,2.042909860610962,0.949999988079071,0.6957142949104309
238,0.15370236337184906,2.018653631210327,0.9523214101791382,0.6985714435577393
239,0.17040802538394928,1.9894157648086548,0.9466071724891663,0.6928571462631226
240,0.14176300168037415,1.979352355003357,0.9569643139839172,0.704285740852356
241,0.1706315279006958,1.952267050743103,0.9501785635948181,0.6942856907844543
242,0.17258569598197937,1.9286494255065918,0.9462500214576721,0.704285740852356
243,0.16487957537174225,1.9564270973205566,0.9517857432365417,0.6885714530944824
244,0.14719241857528687,1.9759408235549927,0.9541071653366089,0.704285740852356
245,0.14090116322040558,1.9595818519592285,0.9598214030265808,0.6885714530944824
246,0.15539294481277466,1.9117493629455566,0.956428587436676,0.7099999785423279
247,0.16781313717365265,2.0286247730255127,0.9503571391105652,0.6814285516738892
248,0.17585431039333344,1.9895029067993164,0.9455357193946838,0.6928571462631226
249,0.16416500508785248,2.049527883529663,0.9492856860160828,0.6757143139839172
