,loss,val_loss,accuracy,val_accuracy
0,2.6475114822387695,2.6141340732574463,0.08839285373687744,0.09857142716646194
1,2.5468881130218506,2.407827854156494,0.1262499988079071,0.16571427881717682
2,2.279008626937866,2.242064952850342,0.18696428835391998,0.2199999988079071
3,2.063683032989502,2.0059194564819336,0.25910714268684387,0.2971428632736206
4,1.8708577156066895,1.8455119132995605,0.3214285671710968,0.3400000035762787
5,1.7169948816299438,1.7654856443405151,0.383392870426178,0.3757142722606659
6,1.5824214220046997,1.6187494993209839,0.44232141971588135,0.4471428692340851
7,1.437756896018982,1.4580988883972168,0.49767857789993286,0.4871428608894348
8,1.301446795463562,1.3944568634033203,0.5451785922050476,0.4957142770290375
9,1.2419967651367188,1.3618359565734863,0.5628571510314941,0.5199999809265137
10,1.1470052003860474,1.302899718284607,0.5946428775787354,0.5571428537368774
11,1.0689934492111206,1.2296260595321655,0.614642858505249,0.5685714483261108
12,1.0127854347229004,1.2128139734268188,0.6421428322792053,0.5828571319580078
13,0.9660600423812866,1.180153489112854,0.6576785445213318,0.6000000238418579
14,0.9331129193305969,1.1257282495498657,0.675178587436676,0.6371428370475769
15,0.8832700848579407,1.0941803455352783,0.6924999952316284,0.6442857384681702
16,0.8443102240562439,1.0890053510665894,0.7073214054107666,0.631428599357605
17,0.8269323110580444,1.0698665380477905,0.7132142782211304,0.6399999856948853
18,0.7858627438545227,1.0506203174591064,0.7266071438789368,0.654285728931427
19,0.7772560119628906,1.0796722173690796,0.7385714054107666,0.645714282989502
20,0.759661078453064,1.044573187828064,0.7442857027053833,0.6528571248054504
21,0.7175869941711426,1.0865023136138916,0.7537500262260437,0.6700000166893005
22,0.7228923439979553,1.037980079650879,0.7587500214576721,0.654285728931427
23,0.6907079219818115,1.0548672676086426,0.7669642567634583,0.6614285707473755
24,0.6719834804534912,1.077051043510437,0.7696428298950195,0.677142858505249
25,0.6597591042518616,1.0431053638458252,0.7766071557998657,0.6757143139839172
26,0.6305568218231201,1.0077871084213257,0.7921428680419922,0.6957142949104309
27,0.6392766833305359,0.9963704943656921,0.7908928394317627,0.6928571462631226
28,0.6091579794883728,1.0246268510818481,0.7941071391105652,0.6671428680419922
29,0.6077643036842346,1.0216881036758423,0.7967857122421265,0.6885714530944824
30,0.6032861471176147,1.0151472091674805,0.793571412563324,0.6942856907844543
31,0.6058740615844727,1.007967472076416,0.7944642901420593,0.6885714530944824
32,0.5842015147209167,1.0009304285049438,0.806071400642395,0.6985714435577393
33,0.5780507922172546,1.0144586563110352,0.8100000023841858,0.6928571462631226
34,0.5625394582748413,0.9873862862586975,0.8082143068313599,0.7028571367263794
35,0.542375385761261,1.0470284223556519,0.8192856907844543,0.7028571367263794
36,0.5617818832397461,1.0594422817230225,0.8110714554786682,0.6928571462631226
37,0.6574944853782654,1.1177427768707275,0.7733928561210632,0.668571412563324
38,0.640956461429596,1.0463166236877441,0.7803571224212646,0.6942856907844543
39,0.5420633554458618,1.0407472848892212,0.8176785707473755,0.7028571367263794
40,0.5097940564155579,1.072913646697998,0.8276785612106323,0.704285740852356
41,0.5260816216468811,1.0499993562698364,0.8207142949104309,0.7057142853736877
42,0.5043785572052002,1.0384420156478882,0.8260714411735535,0.7014285922050476
43,0.5014846920967102,1.1248294115066528,0.8307142853736877,0.6828571557998657
44,0.5068908333778381,1.1003321409225464,0.8257142901420593,0.6885714530944824
45,0.4732670783996582,1.0892030000686646,0.8399999737739563,0.6871428489685059
46,0.477845162153244,1.0680164098739624,0.8382142782211304,0.6971428394317627
47,0.4562026858329773,1.1657187938690186,0.8435714244842529,0.699999988079071
48,0.4707696735858917,1.1381548643112183,0.8408928513526917,0.7057142853736877
49,0.4494360685348511,1.1090078353881836,0.8519642949104309,0.6928571462631226
50,0.443974107503891,1.1303046941757202,0.8487499952316284,0.7028571367263794
51,0.43829345703125,1.098880410194397,0.8555356860160828,0.6957142949104309
52,0.46173638105392456,1.134921669960022,0.8446428775787354,0.6957142949104309
53,0.4441910684108734,1.185979962348938,0.8553571701049805,0.6871428489685059
54,0.47113311290740967,1.0948318243026733,0.8378571271896362,0.6814285516738892
55,0.44790399074554443,1.1843098402023315,0.8500000238418579,0.6785714030265808
56,0.4592083692550659,1.2160485982894897,0.8492857217788696,0.6828571557998657
57,0.4523276090621948,1.1720560789108276,0.8455356955528259,0.6985714435577393
58,0.42974328994750977,1.1651575565338135,0.856249988079071,0.6971428394317627
59,0.3968661427497864,1.1811686754226685,0.868571400642395,0.6800000071525574
60,0.5115293860435486,1.0917991399765015,0.8262500166893005,0.6871428489685059
61,0.46835166215896606,1.1894261837005615,0.8442857265472412,0.6828571557998657
62,0.4377325773239136,1.1895896196365356,0.8533928394317627,0.704285740852356
63,0.417527973651886,1.2191468477249146,0.8616071343421936,0.6871428489685059
64,0.40129393339157104,1.1901785135269165,0.8608928322792053,0.6928571462631226
65,0.403276264667511,1.1437309980392456,0.8650000095367432,0.7085714340209961
66,0.4044722318649292,1.1627769470214844,0.8653571605682373,0.699999988079071
67,0.4137393832206726,1.1309473514556885,0.8637499809265137,0.6942856907844543
68,0.7177665829658508,1.7537468671798706,0.7860714197158813,0.545714259147644
69,0.9859664440155029,1.1206921339035034,0.6967856884002686,0.6657142639160156
70,0.6711707711219788,1.0460463762283325,0.7724999785423279,0.704285740852356
71,0.5553805828094482,1.0214227437973022,0.814464271068573,0.7157142758369446
72,0.4889988601207733,1.026781678199768,0.8410714268684387,0.6985714435577393
73,0.46808668971061707,1.1178609132766724,0.8480356931686401,0.7057142853736877
74,0.44053974747657776,1.125147819519043,0.8510714173316956,0.6957142949104309
75,0.4315680265426636,1.0746644735336304,0.854107141494751,0.7028571367263794
76,0.4057791829109192,1.0730655193328857,0.868571400642395,0.7057142853736877
77,0.3862851858139038,1.1389216184616089,0.8748214244842529,0.7028571367263794
78,0.4075639545917511,1.1190094947814941,0.8633928298950195,0.7085714340209961
79,0.37580615282058716,1.1130870580673218,0.8766071200370789,0.6928571462631226
80,0.367130845785141,1.2047041654586792,0.8808928728103638,0.6985714435577393
81,0.3605320155620575,1.2172598838806152,0.8807142972946167,0.704285740852356
82,0.33306553959846497,1.1999783515930176,0.8928571343421936,0.7128571271896362
83,0.3508670926094055,1.2634310722351074,0.8842856884002686,0.6857143044471741
84,0.42528000473976135,1.1159030199050903,0.8583928346633911,0.7071428298950195
85,0.4120965301990509,1.168887734413147,0.8637499809265137,0.6928571462631226
86,0.346150279045105,1.1974080801010132,0.8916071653366089,0.691428542137146
87,0.37140482664108276,1.2197375297546387,0.8733928799629211,0.6871428489685059
88,0.3440477252006531,1.273393988609314,0.889464259147644,0.6899999976158142
89,0.46655985713005066,1.1920398473739624,0.8430356979370117,0.6957142949104309
90,0.3967573940753937,1.207130789756775,0.8675000071525574,0.7014285922050476
91,0.3339332640171051,1.2055659294128418,0.8910714387893677,0.7171428799629211
92,0.369565486907959,1.272858738899231,0.8792856931686401,0.6885714530944824
93,0.35456475615501404,1.2892097234725952,0.8841071724891663,0.6942856907844543
94,0.36368101835250854,1.227983832359314,0.8805357217788696,0.6985714435577393
95,0.3583541512489319,1.2300046682357788,0.8819642663002014,0.704285740852356
96,0.36920955777168274,1.2783218622207642,0.8794642686843872,0.6885714530944824
97,0.6211235523223877,1.374874472618103,0.8026785850524902,0.6285714507102966
98,0.6696901917457581,1.1904710531234741,0.7755357027053833,0.6928571462631226
99,0.5165354609489441,1.158094048500061,0.8276785612106323,0.704285740852356
100,0.4486227333545685,1.1569145917892456,0.852142870426178,0.7114285826683044
101,0.39826756715774536,1.1260524988174438,0.8667857050895691,0.7200000286102295
102,0.39402952790260315,1.1384391784667969,0.8716071248054504,0.7214285731315613
103,0.3870697021484375,1.193886637687683,0.8708928823471069,0.7057142853736877
104,0.35986074805259705,1.1862188577651978,0.8817856907844543,0.7142857313156128
105,0.3435717821121216,1.225854516029358,0.8869642615318298,0.7200000286102295
106,0.3407866060733795,1.217694640159607,0.8851785659790039,0.7142857313156128
107,0.3892044723033905,1.3148245811462402,0.8692857027053833,0.6942856907844543
108,0.3646089434623718,1.2096234560012817,0.8810714483261108,0.7128571271896362
109,0.3239675760269165,1.284226417541504,0.8919642567634583,0.6985714435577393
110,0.32563307881355286,1.2693246603012085,0.8912500143051147,0.7071428298950195
111,0.34122273325920105,1.3045693635940552,0.8878571391105652,0.7014285922050476
112,0.3397482633590698,1.3819886445999146,0.885357141494751,0.691428542137146
113,0.32054784893989563,1.3051283359527588,0.8933928608894348,0.7071428298950195
114,0.3210819959640503,1.3065111637115479,0.8923214077949524,0.7099999785423279
115,0.3125118017196655,1.327396273612976,0.897857129573822,0.704285740852356
116,0.2973181903362274,1.3567944765090942,0.9041071534156799,0.6942856907844543
117,0.372125506401062,1.425275444984436,0.875,0.6742857098579407
118,0.39135706424713135,1.307375431060791,0.8708928823471069,0.7028571367263794
119,0.314383327960968,1.271712303161621,0.8980357050895691,0.7099999785423279
120,0.3321287930011749,1.2910041809082031,0.8933928608894348,0.6985714435577393
121,0.4614708721637726,1.3116225004196167,0.8530356884002686,0.6942856907844543
122,0.37685519456863403,1.2529575824737549,0.8692857027053833,0.7114285826683044
123,0.30553847551345825,1.3404955863952637,0.9001785516738892,0.6985714435577393
124,0.28537508845329285,1.3264323472976685,0.9049999713897705,0.704285740852356
125,0.29377928376197815,1.385793685913086,0.9049999713897705,0.691428542137146
126,0.3080061674118042,1.3724561929702759,0.9001785516738892,0.6942856907844543
127,0.3633805215358734,1.3175866603851318,0.8812500238418579,0.6885714530944824
128,0.43600937724113464,1.3072750568389893,0.8548214435577393,0.7028571367263794
129,0.320071816444397,1.3378835916519165,0.895892858505249,0.7028571367263794
130,0.3352973163127899,1.3706011772155762,0.8935714364051819,0.6857143044471741
131,0.31397777795791626,1.3235112428665161,0.8973214030265808,0.6928571462631226
132,0.29912257194519043,1.3533602952957153,0.8974999785423279,0.704285740852356
133,0.2853355407714844,1.3722997903823853,0.9048214554786682,0.7014285922050476
134,0.2673478424549103,1.4368764162063599,0.9110714197158813,0.6971428394317627
135,0.4398325979709625,1.3546409606933594,0.8575000166893005,0.691428542137146
136,0.5012528300285339,1.3113853931427002,0.8391071557998657,0.6971428394317627
137,0.3720410466194153,1.2372990846633911,0.8764285445213318,0.7071428298950195
138,0.3141089081764221,1.261769413948059,0.8942857384681702,0.7142857313156128
139,0.29043564200401306,1.3305221796035767,0.9033928513526917,0.7114285826683044
140,0.2854234576225281,1.3283666372299194,0.9055356979370117,0.7157142758369446
141,0.3008003532886505,1.3222604990005493,0.8983928561210632,0.699999988079071
142,0.2942144572734833,1.3414627313613892,0.8994643092155457,0.7157142758369446
143,0.2889125347137451,1.3693957328796387,0.9010714292526245,0.7142857313156128
144,0.2703498303890228,1.383658528327942,0.9105356931686401,0.7242857217788696
145,0.2446591854095459,1.363077163696289,0.9219642877578735,0.7214285731315613
146,0.26795223355293274,1.364233374595642,0.912678599357605,0.7242857217788696
147,0.2450048327445984,1.365820050239563,0.9198214411735535,0.7242857217788696
148,0.30400189757347107,1.491219401359558,0.8994643092155457,0.704285740852356
149,0.41668903827667236,1.3472164869308472,0.8619642853736877,0.6971428394317627
150,0.3644130825996399,1.29788076877594,0.8764285445213318,0.7185714244842529
151,0.29590094089508057,1.30016028881073,0.9032142758369446,0.7057142853736877
152,0.3215184807777405,1.2288012504577637,0.8924999833106995,0.7285714149475098
153,0.30759719014167786,1.3335665464401245,0.8964285850524902,0.727142870426178
154,0.2707810401916504,1.3988898992538452,0.9098214507102966,0.7157142758369446
155,0.3381606638431549,1.304399013519287,0.8842856884002686,0.7014285922050476
156,0.3110477328300476,1.2966532707214355,0.893750011920929,0.7057142853736877
157,0.30272114276885986,1.319624662399292,0.9001785516738892,0.6985714435577393
158,0.28477776050567627,1.3336538076400757,0.9053571224212646,0.7142857313156128
159,0.27468517422676086,1.3955801725387573,0.9058928489685059,0.6971428394317627
160,0.3545854389667511,1.349223256111145,0.8794642686843872,0.7114285826683044
161,0.34393706917762756,1.3640669584274292,0.8849999904632568,0.7242857217788696
162,0.2877573072910309,1.4150642156600952,0.9089285731315613,0.6957142949104309
163,0.30851227045059204,1.3713947534561157,0.8953571319580078,0.7128571271896362
164,0.2863546311855316,1.3688873052597046,0.9055356979370117,0.7099999785423279
165,0.25916558504104614,1.4132970571517944,0.9137499928474426,0.7185714244842529
166,0.30030107498168945,1.4060910940170288,0.8994643092155457,0.6957142949104309
167,0.3261038064956665,1.45356023311615,0.8901785612106323,0.6985714435577393
168,0.2709057927131653,1.3900446891784668,0.9069643020629883,0.7085714340209961
169,0.24297453463077545,1.413000226020813,0.923035740852356,0.7228571176528931
170,0.22915707528591156,1.413887619972229,0.927142858505249,0.6971428394317627
171,0.23841090500354767,1.4158411026000977,0.9198214411735535,0.7057142853736877
172,0.25862711668014526,1.431639313697815,0.9160714149475098,0.7142857313156128
173,0.2688201665878296,1.450595736503601,0.9083928465843201,0.7114285826683044
174,0.3084929883480072,1.4744563102722168,0.893750011920929,0.6985714435577393
175,0.3228779137134552,1.4113391637802124,0.8969643115997314,0.704285740852356
176,0.30719634890556335,1.416164755821228,0.8896428346633911,0.7142857313156128
177,0.308421790599823,1.4069031476974487,0.893750011920929,0.7057142853736877
178,0.2596089243888855,1.5041271448135376,0.9108928442001343,0.7057142853736877
179,0.2822401225566864,1.404110074043274,0.9075000286102295,0.7157142758369446
180,0.24928593635559082,1.427595615386963,0.9175000190734863,0.7171428799629211
181,0.2607473134994507,1.434396743774414,0.9160714149475098,0.7185714244842529
182,0.2673065960407257,1.4152618646621704,0.9098214507102966,0.7157142758369446
183,0.2518157958984375,1.454527497291565,0.9164285659790039,0.7142857313156128
184,0.22796505689620972,1.4908790588378906,0.9233928322792053,0.7028571367263794
185,0.20898975431919098,1.506764531135559,0.9350000023841858,0.7071428298950195
186,0.2670385539531708,1.5433330535888672,0.914642870426178,0.699999988079071
187,0.3346841037273407,1.4696784019470215,0.887499988079071,0.699999988079071
188,0.3536396324634552,1.4595527648925781,0.8821428418159485,0.6957142949104309
189,0.2940976321697235,1.431736946105957,0.9012500047683716,0.704285740852356
190,0.28333619236946106,1.5337666273117065,0.9026785492897034,0.6971428394317627
191,0.2806096374988556,1.5886613130569458,0.9073214530944824,0.6857143044471741
192,0.3361280560493469,1.463609218597412,0.885535717010498,0.691428542137146
193,0.31359827518463135,1.3356269598007202,0.8946428298950195,0.7142857313156128
194,0.27980053424835205,1.3971428871154785,0.9073214530944824,0.7085714340209961
195,0.2779587209224701,1.4552717208862305,0.9071428775787354,0.699999988079071
196,0.27134209871292114,1.4209675788879395,0.9092857241630554,0.7085714340209961
197,0.2626710534095764,1.4670238494873047,0.9076785445213318,0.699999988079071
198,0.25983476638793945,1.5165897607803345,0.912678599357605,0.7142857313156128
199,0.21206539869308472,1.4145861864089966,0.9307143092155457,0.7171428799629211
200,0.19054313004016876,1.4413102865219116,0.9378571510314941,0.7200000286102295
201,0.20352445542812347,1.553006649017334,0.9382143020629883,0.6971428394317627
202,0.43556639552116394,1.3774865865707397,0.8614285588264465,0.6985714435577393
203,0.3502108156681061,1.5122133493423462,0.8821428418159485,0.7028571367263794
204,0.27157047390937805,1.4434971809387207,0.9057142734527588,0.7128571271896362
205,0.22852438688278198,1.463797688484192,0.9264285564422607,0.7157142758369446
206,0.2284906506538391,1.4640926122665405,0.9260714054107666,0.7185714244842529
207,0.2950868606567383,1.409036636352539,0.904285728931427,0.7171428799629211
208,0.25125715136528015,1.484952449798584,0.914821445941925,0.7085714340209961
209,0.3506305515766144,1.4538699388504028,0.8864285945892334,0.7085714340209961
210,0.2929806411266327,1.4510489702224731,0.9019643068313599,0.7142857313156128
211,0.2723444402217865,1.5095945596694946,0.9100000262260437,0.7099999785423279
212,0.2625332474708557,1.5248993635177612,0.9116071462631226,0.7114285826683044
213,0.2514689862728119,1.5000524520874023,0.9135714173316956,0.7157142758369446
214,0.22208911180496216,1.5026664733886719,0.9219642877578735,0.7200000286102295
215,0.22834376990795135,1.6045093536376953,0.9278571605682373,0.704285740852356
216,0.2960926294326782,1.5302356481552124,0.9030357003211975,0.7114285826683044
217,0.4728272259235382,1.4402004480361938,0.8533928394317627,0.6957142949104309
218,0.4061223268508911,1.4083795547485352,0.8632143139839172,0.7285714149475098
219,0.29752856492996216,1.4803853034973145,0.8980357050895691,0.7071428298950195
220,0.2523072063922882,1.4391475915908813,0.9158928394317627,0.7157142758369446
221,1.0547772645950317,1.5923362970352173,0.7151785492897034,0.6385714411735535
222,0.7072914838790894,1.3926844596862793,0.7755357027053833,0.6728571653366089
223,0.5361529588699341,1.3960365056991577,0.8239285945892334,0.6871428489685059
224,0.45921799540519714,1.3544807434082031,0.8505356907844543,0.699999988079071
225,0.4097486436367035,1.3601341247558594,0.8603571653366089,0.7057142853736877
226,0.3715512156486511,1.3531869649887085,0.8744642734527588,0.699999988079071
227,0.3507789075374603,1.345319390296936,0.8787500262260437,0.7099999785423279
228,0.321442574262619,1.32395601272583,0.8908928632736206,0.7014285922050476
229,0.34518301486968994,1.3689684867858887,0.8839285969734192,0.691428542137146
230,0.3075084984302521,1.3755155801773071,0.8971428275108337,0.691428542137146
231,0.28309738636016846,1.3607066869735718,0.9028571248054504,0.7057142853736877
232,0.26206183433532715,1.3647390604019165,0.9128571152687073,0.7185714244842529
233,0.2501925230026245,1.4411884546279907,0.918749988079071,0.7157142758369446
234,0.23874583840370178,1.4227086305618286,0.925178587436676,0.7157142758369446
235,0.22438473999500275,1.4573086500167847,0.9296428561210632,0.7114285826683044
236,0.30533817410469055,1.4924712181091309,0.897857129573822,0.6728571653366089
237,0.5702366232872009,1.3713363409042358,0.8233928680419922,0.6985714435577393
238,0.39727476239204407,1.374189853668213,0.8675000071525574,0.7071428298950195
239,0.3177490532398224,1.3492897748947144,0.893750011920929,0.7099999785423279
240,0.28257882595062256,1.3315720558166504,0.9041071534156799,0.7200000286102295
241,0.2710094153881073,1.3724279403686523,0.9073214530944824,0.7185714244842529
242,0.24150480329990387,1.4024690389633179,0.9212499856948853,0.7171428799629211
243,0.2299564927816391,1.458828091621399,0.9246428608894348,0.7128571271896362
244,0.2638237774372101,1.415127158164978,0.916785717010498,0.7071428298950195
245,0.2583348751068115,1.4677739143371582,0.916607141494751,0.6928571462631226
246,0.23264354467391968,1.481873869895935,0.9226785898208618,0.7014285922050476
247,0.2310466170310974,1.5281063318252563,0.9253571629524231,0.691428542137146
248,0.22329813241958618,1.5492764711380005,0.9285714030265808,0.699999988079071
249,0.20577391982078552,1.473239779472351,0.9326785802841187,0.7085714340209961
