,loss,val_loss,accuracy,val_accuracy
0,2.6405277252197266,2.6090102195739746,0.09071428328752518,0.09857142716646194
1,2.565728187561035,2.426358699798584,0.11857143044471741,0.16857142746448517
2,2.279559850692749,2.111517906188965,0.1912499964237213,0.27142858505249023
3,1.9565962553024292,1.939742922782898,0.29875001311302185,0.3214285671710968
4,1.7420125007629395,1.6664997339248657,0.3789285719394684,0.4214285612106323
5,1.537835717201233,1.5608121156692505,0.45321428775787354,0.4571428596973419
6,1.3700308799743652,1.3944822549819946,0.5232142806053162,0.5299999713897705
7,1.1817004680633545,1.2810057401657104,0.5894643068313599,0.5871428847312927
8,1.0667349100112915,1.2456649541854858,0.6328571438789368,0.6028571724891663
9,0.9805634021759033,1.150879979133606,0.6578571200370789,0.6428571343421936
10,0.8954475522041321,1.1373709440231323,0.6901785731315613,0.6342856884002686
11,0.847995400428772,1.0491434335708618,0.7099999785423279,0.6742857098579407
12,0.7909945845603943,1.060073733329773,0.7344642877578735,0.6814285516738892
13,0.7366016507148743,1.0317435264587402,0.7505357265472412,0.6942856907844543
14,0.6826280355453491,1.0053070783615112,0.770714282989502,0.6942856907844543
15,0.6297202110290527,0.985271155834198,0.7923214435577393,0.6971428394317627
16,0.5894025564193726,0.9380709528923035,0.8050000071525574,0.7314285635948181
17,0.569425106048584,0.9638441205024719,0.8128571510314941,0.6985714435577393
18,0.5304315090179443,0.9631336331367493,0.8258928656578064,0.7242857217788696
19,0.5068605542182922,0.9866121411323547,0.8360714316368103,0.7242857217788696
20,0.4739057421684265,0.9641419053077698,0.8451785445213318,0.7285714149475098
21,0.442801833152771,0.9571049809455872,0.8573214411735535,0.7400000095367432
22,0.427340030670166,0.9486952424049377,0.8614285588264465,0.7400000095367432
23,0.41430214047431946,0.9443585276603699,0.868571400642395,0.7314285635948181
24,0.44715365767478943,0.9329705238342285,0.8512499928474426,0.7428571581840515
25,0.3779563009738922,0.9695830345153809,0.8757143020629883,0.7542856931686401
26,0.35301584005355835,0.9514522552490234,0.8830357193946838,0.7442857027053833
27,0.33182618021965027,0.9855272173881531,0.8921428322792053,0.7442857027053833
28,0.31034350395202637,0.9410383105278015,0.9010714292526245,0.7442857027053833
29,0.3126128315925598,0.9992616772651672,0.9008928537368774,0.7400000095367432
30,0.3183147609233856,0.9521892070770264,0.8926785588264465,0.758571445941925
31,0.3353745639324188,1.0157026052474976,0.8871428370475769,0.7285714149475098
32,0.3072874844074249,0.9880099892616272,0.9005357027053833,0.7442857027053833
33,0.29940664768218994,0.9862193465232849,0.9039285778999329,0.7400000095367432
34,0.26344239711761475,1.0303362607955933,0.9117857217788696,0.7357142567634583
35,0.24335215985774994,1.028777003288269,0.9239285588264465,0.7657142877578735
36,0.33133602142333984,0.9785462021827698,0.8907142877578735,0.7528571486473083
37,0.2570275664329529,1.0181490182876587,0.9192857146263123,0.7471428513526917
38,0.22954131662845612,1.0111678838729858,0.928928554058075,0.741428554058075
39,0.2138417661190033,1.0458711385726929,0.9296428561210632,0.7599999904632568
40,0.20677615702152252,1.067781925201416,0.9357143044471741,0.7428571581840515
41,0.17212459444999695,1.1234930753707886,0.9489285945892334,0.7400000095367432
42,0.2038140743970871,1.1896560192108154,0.9353571534156799,0.75
43,0.2225351482629776,1.1048730611801147,0.9278571605682373,0.7557142972946167
44,0.1883055716753006,1.1227959394454956,0.939464271068573,0.7571428418159485
45,0.16910327970981598,1.1736552715301514,0.9508928656578064,0.7442857027053833
46,0.18814882636070251,1.1558752059936523,0.9407142996788025,0.758571445941925
47,0.19914259016513824,1.1559780836105347,0.9348214268684387,0.7571428418159485
48,0.19011512398719788,1.21626615524292,0.9391071200370789,0.7400000095367432
49,0.19045309722423553,1.2491191625595093,0.9358928799629211,0.7300000190734863
50,0.20963101089000702,1.1273387670516968,0.9298214316368103,0.7400000095367432
51,0.2869703769683838,1.1310633420944214,0.9046428799629211,0.741428554058075
52,0.18039600551128387,1.1905359029769897,0.9424999952316284,0.7442857027053833
53,0.20276564359664917,1.201195478439331,0.9337499737739563,0.7457143068313599
54,0.1708681285381317,1.2038137912750244,0.946071445941925,0.7557142972946167
55,0.13844282925128937,1.2193280458450317,0.9576785564422607,0.7528571486473083
56,0.1175345927476883,1.2352008819580078,0.9662500023841858,0.7571428418159485
57,0.14065931737422943,1.4545159339904785,0.958214282989502,0.7357142567634583
58,0.22635464370250702,1.2877811193466187,0.925178587436676,0.741428554058075
59,0.1534404754638672,1.2983417510986328,0.9510714411735535,0.7471428513526917
60,0.14896167814731598,1.2775987386703491,0.9530357122421265,0.727142870426178
61,0.12229949980974197,1.288983941078186,0.9626785516738892,0.7528571486473083
62,0.26284968852996826,1.2453397512435913,0.9210714101791382,0.7428571581840515
63,0.22029033303260803,1.169532060623169,0.925178587436676,0.7599999904632568
64,0.14144717156887054,1.2190908193588257,0.9532142877578735,0.7614285945892334
65,0.13318265974521637,1.2550048828125,0.9599999785423279,0.7457143068313599
66,0.15842662751674652,1.2450145483016968,0.9503571391105652,0.7514285445213318
67,0.10136258602142334,1.2761081457138062,0.9708928465843201,0.7557142972946167
68,0.09082808345556259,1.3327062129974365,0.975178599357605,0.7571428418159485
69,0.09258785843849182,1.324196696281433,0.9741071462631226,0.7428571581840515
70,0.09102769196033478,1.423176646232605,0.9746428728103638,0.7457143068313599
71,0.09176091849803925,1.4170511960983276,0.9725000262260437,0.7400000095367432
72,0.09173590689897537,1.3748927116394043,0.9757142663002014,0.7628571391105652
73,0.08234523981809616,1.4221891164779663,0.9780356884002686,0.7400000095367432
74,0.1668330878019333,1.3287092447280884,0.946071445941925,0.7471428513526917
75,0.15361464023590088,1.3590401411056519,0.9476785659790039,0.7442857027053833
76,0.13661132752895355,1.4197505712509155,0.9535714387893677,0.75
77,0.1300635039806366,1.3452873229980469,0.9591071605682373,0.7557142972946167
78,0.09941188991069794,1.3819332122802734,0.9712499976158142,0.7400000095367432
79,0.10378594696521759,1.4548763036727905,0.9666071534156799,0.7357142567634583
80,0.08036046475172043,1.4338115453720093,0.977142870426178,0.741428554058075
81,0.062117792665958405,1.4687418937683105,0.9848214387893677,0.7385714054107666
82,0.05244350805878639,1.406236171722412,0.9883928298950195,0.7485714554786682
83,0.04153105989098549,1.4905842542648315,0.9919642806053162,0.7471428513526917
84,0.037330105900764465,1.543214201927185,0.9944642782211304,0.7457143068313599
85,0.0727379098534584,1.5637513399124146,0.9783928394317627,0.741428554058075
86,0.17493651807308197,1.5288156270980835,0.9474999904632568,0.7285714149475098
87,0.24884533882141113,1.384788990020752,0.923035740852356,0.7285714149475098
88,0.17347335815429688,1.4595338106155396,0.941428542137146,0.7342857122421265
89,0.12717537581920624,1.4327807426452637,0.9594643115997314,0.7485714554786682
90,0.0835520327091217,1.5607858896255493,0.9744642972946167,0.7300000190734863
91,0.06576461344957352,1.439963459968567,0.9828571677207947,0.7457143068313599
92,0.0480014830827713,1.4965211153030396,0.9889285564422607,0.7514285445213318
93,0.03607847914099693,1.4931159019470215,0.9948214292526245,0.75
94,0.03378085792064667,1.5304139852523804,0.9937499761581421,0.7542856931686401
95,0.0432138666510582,1.5763520002365112,0.9901785850524902,0.7385714054107666
96,0.03528594598174095,1.6017614603042603,0.9932143092155457,0.7371428608894348
97,0.06388900429010391,1.5655349493026733,0.9828571677207947,0.7371428608894348
98,0.13805177807807922,1.6079659461975098,0.9560714364051819,0.7442857027053833
99,0.12924416363239288,1.5180879831314087,0.9587500095367432,0.7400000095367432
100,0.09703731536865234,1.440552830696106,0.96875,0.75
101,0.06980813294649124,1.4401196241378784,0.9800000190734863,0.7542856931686401
102,0.09812168776988983,1.5564517974853516,0.9708928465843201,0.7471428513526917
103,0.08928412199020386,1.6239348649978638,0.9737499952316284,0.7628571391105652
104,0.11389047652482986,1.5218572616577148,0.9626785516738892,0.7471428513526917
105,0.07630891352891922,1.5912891626358032,0.9794642925262451,0.7485714554786682
106,0.05977996811270714,1.5764051675796509,0.9823214411735535,0.7657142877578735
107,0.046764813363552094,1.5915193557739258,0.9873214364051819,0.7657142877578735
108,0.029951833188533783,1.625365138053894,0.9942857027053833,0.7571428418159485
109,0.056094419211149216,1.5946688652038574,0.9858928322792053,0.7642857432365417
110,0.08711723983287811,1.6071418523788452,0.9728571176528931,0.7471428513526917
111,0.18154276907444,1.7068824768066406,0.945892870426178,0.7257142663002014
112,0.22747434675693512,1.4690953493118286,0.9283928275108337,0.758571445941925
113,0.2201249748468399,1.6249631643295288,0.9294642806053162,0.7385714054107666
114,0.163088858127594,1.4955686330795288,0.9485714435577393,0.7314285635948181
115,0.09678299725055695,1.3812532424926758,0.9683928489685059,0.758571445941925
116,0.06030452251434326,1.485615849494934,0.9841071367263794,0.7485714554786682
117,0.04272538796067238,1.5459861755371094,0.9910714030265808,0.7628571391105652
118,0.02611883357167244,1.5828386545181274,0.996071457862854,0.7528571486473083
119,0.018625663593411446,1.6254558563232422,0.9975000023841858,0.7514285445213318
120,0.012707171030342579,1.6169037818908691,0.9992856979370117,0.7642857432365417
121,0.010097857564687729,1.6441529989242554,0.9996428489685059,0.7642857432365417
122,0.0088340500369668,1.6544157266616821,0.9998214244842529,0.7657142877578735
123,0.007750369608402252,1.6734004020690918,0.9998214244842529,0.7685714364051819
124,0.00701393885537982,1.6798592805862427,0.9998214244842529,0.7657142877578735
125,0.0063639357686042786,1.6994876861572266,1.0,0.7642857432365417
126,0.005777241662144661,1.7128461599349976,0.9998214244842529,0.7657142877578735
127,0.005328448489308357,1.718631625175476,1.0,0.7657142877578735
128,0.004993047099560499,1.7361477613449097,1.0,0.7614285945892334
129,0.004602800589054823,1.7399343252182007,1.0,0.7599999904632568
130,0.004293777048587799,1.7572861909866333,1.0,0.7557142972946167
131,0.004062699154019356,1.7625484466552734,1.0,0.7599999904632568
132,0.0037876598071306944,1.7690114974975586,1.0,0.7614285945892334
133,0.003550246125087142,1.7805966138839722,1.0,0.7599999904632568
134,0.00337080261670053,1.7987486124038696,1.0,0.7599999904632568
135,0.003206657012924552,1.807133674621582,1.0,0.7614285945892334
136,0.003045043209567666,1.8073831796646118,1.0,0.758571445941925
137,0.0028732537757605314,1.822167992591858,1.0,0.7599999904632568
138,0.0027291348669677973,1.825607180595398,1.0,0.7571428418159485
139,0.0025881959591060877,1.8410964012145996,1.0,0.758571445941925
140,0.0024769732262939215,1.8479467630386353,1.0,0.758571445941925
141,0.002351272851228714,1.8558917045593262,1.0,0.758571445941925
142,0.002249538665637374,1.8705488443374634,1.0,0.7571428418159485
143,0.0021519483998417854,1.883112907409668,1.0,0.7571428418159485
144,0.002079747850075364,1.883909821510315,1.0,0.7557142972946167
145,0.0019795873668044806,1.8854316473007202,1.0,0.7571428418159485
146,0.0018916901899501681,1.8966652154922485,1.0,0.7557142972946167
147,0.0018053565872833133,1.9037708044052124,1.0,0.7557142972946167
148,0.0017258726293221116,1.9366270303726196,1.0,0.7542856931686401
149,0.0016671012854203582,1.9248806238174438,1.0,0.7557142972946167
150,0.0015982282347977161,1.9345639944076538,1.0,0.7528571486473083
151,0.0015397374518215656,1.9421342611312866,1.0,0.7514285445213318
152,0.001477358746342361,1.955467700958252,1.0,0.7528571486473083
153,0.0014225862687453628,1.9649003744125366,1.0,0.7528571486473083
154,0.0013684065779671073,1.9644145965576172,1.0,0.7514285445213318
155,0.001322538242675364,1.9730859994888306,1.0,0.7542856931686401
156,0.0012729880400002003,1.9823312759399414,1.0,0.7514285445213318
157,0.0012348854215815663,1.992181658744812,1.0,0.7542856931686401
158,0.001189335365779698,2.0012755393981934,1.0,0.7514285445213318
159,0.001150967087596655,2.0082921981811523,1.0,0.7514285445213318
160,0.001105072209611535,2.0160093307495117,1.0,0.75
161,0.0010657599195837975,2.0219311714172363,1.0,0.75
162,0.001035406719893217,2.037712335586548,1.0,0.75
163,0.0009932738030329347,2.0439088344573975,1.0,0.7485714554786682
164,0.0009636430186219513,2.0499846935272217,1.0,0.7471428513526917
165,0.0009257873753085732,2.0652241706848145,1.0,0.7471428513526917
166,0.0009031681111082435,2.07944393157959,1.0,0.7485714554786682
167,0.0008719438337720931,2.072567939758301,1.0,0.7471428513526917
168,0.0008427351131103933,2.081697702407837,1.0,0.7485714554786682
169,0.0008148353663273156,2.0970022678375244,1.0,0.7457143068313599
170,0.0007925942772999406,2.1063005924224854,1.0,0.7457143068313599
171,0.0007649092585779727,2.111433267593384,1.0,0.7457143068313599
172,0.00075231195660308,2.108797073364258,1.0,0.7457143068313599
173,0.0007225804147310555,2.134371042251587,1.0,0.7457143068313599
174,0.0006957866717129946,2.1224584579467773,1.0,0.7457143068313599
175,0.0006777280359528959,2.1482369899749756,1.0,0.741428554058075
176,0.0006563960923813283,2.1444923877716064,1.0,0.7428571581840515
177,0.0006350732874125242,2.1495156288146973,1.0,0.7428571581840515
178,0.0006131163099780679,2.1633541584014893,1.0,0.741428554058075
179,0.0005991379730403423,2.1679341793060303,1.0,0.7400000095367432
180,0.0005776011385023594,2.1753809452056885,1.0,0.741428554058075
181,0.0005601059528999031,2.1898891925811768,1.0,0.741428554058075
182,0.0005460439715534449,2.188631772994995,1.0,0.741428554058075
183,0.00052948686061427,2.201688528060913,1.0,0.7442857027053833
184,0.0005135703249834478,2.2010796070098877,1.0,0.741428554058075
185,0.000502127455547452,2.217493772506714,1.0,0.7442857027053833
186,0.0004862321657128632,2.2101008892059326,1.0,0.7428571581840515
187,0.0004735634720418602,2.2229244709014893,1.0,0.7428571581840515
188,0.00045944799785502255,2.2280352115631104,1.0,0.741428554058075
189,0.0004487945989239961,2.231058359146118,1.0,0.7400000095367432
190,0.0004592871991917491,2.2179572582244873,1.0,0.7442857027053833
191,0.00046014925464987755,2.214395046234131,1.0,0.741428554058075
192,0.5603331923484802,2.27778697013855,0.8951785564422607,0.6171428561210632
193,1.1114662885665894,1.1547858715057373,0.695892870426178,0.7014285922050476
194,0.6070628762245178,0.9786974787712097,0.8101785778999329,0.7314285635948181
195,0.44551122188568115,0.984147846698761,0.8551785945892334,0.7457143068313599
196,0.3605968654155731,0.9962188601493835,0.8832142949104309,0.7599999904632568
197,0.29919350147247314,0.9913282990455627,0.9021428823471069,0.7571428418159485
198,0.2638801634311676,1.0451970100402832,0.9114285707473755,0.758571445941925
199,0.2323453277349472,1.0227969884872437,0.9244642853736877,0.7614285945892334
200,0.19312191009521484,1.1030817031860352,0.9419642686843872,0.7599999904632568
201,0.17544977366924286,1.110264539718628,0.9455357193946838,0.7599999904632568
202,0.1652001440525055,1.1224111318588257,0.9469642639160156,0.7642857432365417
203,0.13864825665950775,1.1708338260650635,0.9585714340209961,0.7628571391105652
204,0.153498113155365,1.3049802780151367,0.9492856860160828,0.7385714054107666
205,0.1633535474538803,1.2047778367996216,0.9446428418159485,0.7528571486473083
206,0.15149468183517456,1.1959880590438843,0.946071445941925,0.7528571486473083
207,0.15117011964321136,1.1939514875411987,0.951964259147644,0.7685714364051819
208,0.160122811794281,1.175294280052185,0.9471428394317627,0.7528571486473083
209,0.14299041032791138,1.1708546876907349,0.9517857432365417,0.7628571391105652
210,0.11244487762451172,1.1905437707901,0.9628571271896362,0.7699999809265137
211,0.0910191610455513,1.2648314237594604,0.9739285707473755,0.7614285945892334
212,0.09174637496471405,1.2353540658950806,0.9730356931686401,0.7742857336997986
213,0.08935552090406418,1.3619006872177124,0.9733928442001343,0.7542856931686401
214,0.08377730846405029,1.2916659116744995,0.9758928418159485,0.7571428418159485
215,0.083536796271801,1.3394039869308472,0.9750000238418579,0.7457143068313599
216,0.08638272434473038,1.4675989151000977,0.9721428751945496,0.75
217,0.09050159156322479,1.3188462257385254,0.970714271068573,0.7671428322792053
218,0.05716909468173981,1.4434512853622437,0.985535740852356,0.7471428513526917
219,0.05461760610342026,1.4673408269882202,0.9867857098579407,0.7599999904632568
220,0.07706073671579361,1.3683615922927856,0.977321445941925,0.75
221,0.07362765818834305,1.5062381029129028,0.9789285659790039,0.7528571486473083
222,0.07321277260780334,1.479688286781311,0.9787499904632568,0.7542856931686401
223,0.0809607207775116,1.4897128343582153,0.9742857217788696,0.7528571486473083
224,0.07400821894407272,1.4807285070419312,0.9766071438789368,0.7442857027053833
225,0.07331158965826035,1.311815619468689,0.9767857193946838,0.7485714554786682
226,0.06609000265598297,1.3890718221664429,0.9814285635948181,0.7642857432365417
227,0.06994576007127762,1.412239909172058,0.9796428680419922,0.7642857432365417
228,0.0783124640583992,1.4182435274124146,0.9769642949104309,0.7628571391105652
229,0.09057553857564926,1.412924885749817,0.9691071510314941,0.7542856931686401
230,0.07890614122152328,1.381103515625,0.9721428751945496,0.7671428322792053
231,0.07728225737810135,1.468692660331726,0.9746428728103638,0.7685714364051819
232,0.079607754945755,1.4015897512435913,0.9721428751945496,0.7671428322792053
233,0.07491893321275711,1.468519687652588,0.9764285683631897,0.7542856931686401
234,0.08485975861549377,1.5150429010391235,0.9728571176528931,0.7457143068313599
235,0.05938071385025978,1.4849052429199219,0.9817857146263123,0.7714285850524902
236,0.06276842951774597,1.4418171644210815,0.9805356860160828,0.7514285445213318
237,0.041328247636556625,1.445960521697998,0.9878571629524231,0.758571445941925
238,0.03782466799020767,1.4743157625198364,0.991607129573822,0.758571445941925
239,0.09402317553758621,1.5360244512557983,0.9682142734527588,0.7528571486473083
240,0.14034388959407806,1.3716241121292114,0.9541071653366089,0.7428571581840515
241,0.10783238708972931,1.3509116172790527,0.9624999761581421,0.7628571391105652
242,0.06694135069847107,1.3661433458328247,0.979107141494751,0.7614285945892334
243,0.05050421133637428,1.4424877166748047,0.9864285588264465,0.7614285945892334
244,0.026087570935487747,1.468114972114563,0.9948214292526245,0.7657142877578735
245,0.01601860113441944,1.4608384370803833,0.9985714554786682,0.7685714364051819
246,0.010153965093195438,1.5028959512710571,0.9996428489685059,0.7714285850524902
247,0.0077344682067632675,1.5126047134399414,0.9996428489685059,0.7671428322792053
248,0.006426652893424034,1.5320361852645874,0.9998214244842529,0.7699999809265137
249,0.005550366826355457,1.54257333278656,0.9998214244842529,0.7671428322792053
