,loss,val_loss,accuracy,val_accuracy
0,2.7061593532562256,2.70267653465271,0.06910714507102966,0.0714285746216774
1,2.700096607208252,2.6974430084228516,0.0714285746216774,0.0714285746216774
2,2.6955928802490234,2.6934661865234375,0.0714285746216774,0.0714285746216774
3,2.6921162605285645,2.6902592182159424,0.0714285746216774,0.0714285746216774
4,2.6891977787017822,2.687535524368286,0.0714285746216774,0.0714285746216774
5,2.686683416366577,2.6852166652679443,0.0714285746216774,0.0714285746216774
6,2.6844847202301025,2.683123826980591,0.0714285746216774,0.0714285746216774
7,2.6825549602508545,2.6812362670898438,0.0714285746216774,0.0714285746216774
8,2.6807641983032227,2.6794955730438232,0.0714285746216774,0.0714285746216774
9,2.6790826320648193,2.677899122238159,0.0714285746216774,0.0714285746216774
10,2.6775591373443604,2.6764094829559326,0.0714285746216774,0.0714285746216774
11,2.6760904788970947,2.6749885082244873,0.0714285746216774,0.0714285746216774
12,2.6746156215667725,2.6736557483673096,0.0714285746216774,0.0714285746216774
13,2.6733603477478027,2.672379732131958,0.0714285746216774,0.0714285746216774
14,2.6721608638763428,2.6711719036102295,0.0714285746216774,0.0714285746216774
15,2.6708216667175293,2.670029401779175,0.0714285746216774,0.0714285746216774
16,2.6697421073913574,2.6689369678497314,0.0714285746216774,0.0714285746216774
17,2.668658971786499,2.6678905487060547,0.0714285746216774,0.0714285746216774
18,2.667579412460327,2.666882276535034,0.0714285746216774,0.0714285746216774
19,2.666656732559204,2.665919303894043,0.0714285746216774,0.0714285746216774
20,2.6656742095947266,2.664989471435547,0.0714285746216774,0.0714285746216774
21,2.6647610664367676,2.6640820503234863,0.0714285746216774,0.0714285746216774
22,2.663869619369507,2.6632204055786133,0.0714285746216774,0.0714285746216774
23,2.6630797386169434,2.662405490875244,0.0714285746216774,0.0714285746216774
24,2.662208080291748,2.661625623703003,0.0714285746216774,0.0714285746216774
25,2.6613821983337402,2.6608564853668213,0.0714285746216774,0.0714285746216774
26,2.6606810092926025,2.660125732421875,0.0714285746216774,0.0714285746216774
27,2.6599345207214355,2.659407615661621,0.0714285746216774,0.0714285746216774
28,2.6592347621917725,2.658735513687134,0.0714285746216774,0.0714285746216774
29,2.6586058139801025,2.6580851078033447,0.0714285746216774,0.0714285746216774
30,2.6579408645629883,2.65745210647583,0.0714285746216774,0.0714285746216774
31,2.6574018001556396,2.65684175491333,0.0714285746216774,0.0714285746216774
32,2.6567370891571045,2.6562650203704834,0.0714285746216774,0.0714285746216774
33,2.656137228012085,2.6557133197784424,0.0714285746216774,0.0714285746216774
34,2.6556124687194824,2.655158281326294,0.0714285746216774,0.0714285746216774
35,2.655092477798462,2.654648542404175,0.0714285746216774,0.0714285746216774
36,2.654513359069824,2.65415620803833,0.0714285746216774,0.0714285746216774
37,2.654080390930176,2.6536715030670166,0.0714285746216774,0.0714285746216774
38,2.6536364555358887,2.6532058715820312,0.0714285746216774,0.0714285746216774
39,2.653144121170044,2.652754068374634,0.0714285746216774,0.0714285746216774
40,2.6527161598205566,2.6523525714874268,0.0714285746216774,0.0714285746216774
41,2.6523144245147705,2.6519532203674316,0.0714285746216774,0.0714285746216774
42,2.6519017219543457,2.651548147201538,0.0714285746216774,0.0714285746216774
43,2.651493549346924,2.651176691055298,0.0714285746216774,0.0714285746216774
44,2.651076555252075,2.6508290767669678,0.0714285746216774,0.0714285746216774
45,2.6507890224456787,2.650477170944214,0.0714285746216774,0.0714285746216774
46,2.6504552364349365,2.650120496749878,0.0714285746216774,0.0714285746216774
47,2.6500728130340576,2.649822473526001,0.0714285746216774,0.0714285746216774
48,2.6497652530670166,2.649503469467163,0.0714285746216774,0.0714285746216774
49,2.649533271789551,2.649198532104492,0.0714285746216774,0.0714285746216774
50,2.6491611003875732,2.648918390274048,0.0714285746216774,0.0714285746216774
51,2.6489038467407227,2.648629903793335,0.06892856955528259,0.0714285746216774
52,2.648646354675293,2.648346424102783,0.0714285746216774,0.0714285746216774
53,2.6484487056732178,2.648080348968506,0.0714285746216774,0.0714285746216774
54,2.6481759548187256,2.6478307247161865,0.07124999910593033,0.0714285746216774
55,2.6479246616363525,2.6476213932037354,0.0714285746216774,0.0714285746216774
56,2.647681951522827,2.6473958492279053,0.0714285746216774,0.0714285746216774
57,2.6474435329437256,2.647178888320923,0.0714285746216774,0.0714285746216774
58,2.64725399017334,2.6469943523406982,0.0714285746216774,0.0714285746216774
59,2.64705753326416,2.6467835903167725,0.0714285746216774,0.0714285746216774
60,2.6468489170074463,2.6466023921966553,0.0714285746216774,0.0714285746216774
61,2.6466243267059326,2.646423101425171,0.0714285746216774,0.0714285746216774
62,2.646512031555176,2.6462414264678955,0.0714285746216774,0.0714285746216774
63,2.6463143825531006,2.646069288253784,0.07124999910593033,0.0714285746216774
64,2.646132469177246,2.645906925201416,0.07160714268684387,0.0714285746216774
65,2.646007776260376,2.645724058151245,0.06892856955528259,0.0714285746216774
66,2.6458728313446045,2.645559787750244,0.07160714268684387,0.0714285746216774
67,2.6456851959228516,2.645413637161255,0.0714285746216774,0.0714285746216774
68,2.6455037593841553,2.6452548503875732,0.06732142716646194,0.0714285746216774
69,2.645408868789673,2.6451094150543213,0.07160714268684387,0.0714285746216774
70,2.6452293395996094,2.6449546813964844,0.06964285671710968,0.0714285746216774
71,2.6451423168182373,2.644817352294922,0.0714285746216774,0.0714285746216774
72,2.6449804306030273,2.64469051361084,0.06803571432828903,0.0714285746216774
73,2.644843101501465,2.644590139389038,0.07124999910593033,0.0714285746216774
74,2.644761562347412,2.64445424079895,0.06839285790920258,0.0714285746216774
75,2.6446235179901123,2.6443586349487305,0.06857142597436905,0.0714285746216774
76,2.644524097442627,2.6442439556121826,0.07178571075201035,0.0714285746216774
77,2.644434928894043,2.6441357135772705,0.07124999910593033,0.0714285746216774
78,2.6443350315093994,2.644040822982788,0.07124999910593033,0.0714285746216774
79,2.6441948413848877,2.6439321041107178,0.06767857074737549,0.0714285746216774
80,2.6441378593444824,2.643854856491089,0.06553571671247482,0.0714285746216774
81,2.6440443992614746,2.643775224685669,0.06928571313619614,0.0714285746216774
82,2.6439554691314697,2.6436874866485596,0.0682142823934555,0.0714285746216774
83,2.6438543796539307,2.6435940265655518,0.0714285746216774,0.0714285746216774
84,2.6437795162200928,2.64351749420166,0.06910714507102966,0.0714285746216774
85,2.6436691284179688,2.6434216499328613,0.06767857074737549,0.0714285746216774
86,2.643575668334961,2.643333673477173,0.06732142716646194,0.0714285746216774
87,2.643547296524048,2.643303155899048,0.06910714507102966,0.0714285746216774
88,2.643444299697876,2.643231153488159,0.0714285746216774,0.06857142597436905
89,2.643388509750366,2.64311146736145,0.07107143104076385,0.0714285746216774
90,2.643307685852051,2.643042802810669,0.06642857193946838,0.0714285746216774
91,2.643261194229126,2.6429708003997803,0.06767857074737549,0.0714285746216774
92,2.6431710720062256,2.6429014205932617,0.06839285790920258,0.0714285746216774
93,2.643110513687134,2.642831563949585,0.0694642886519432,0.0714285746216774
94,2.6430366039276123,2.6427600383758545,0.07071428745985031,0.07285714149475098
95,2.642991065979004,2.6427011489868164,0.06428571790456772,0.07285714149475098
96,2.6429386138916016,2.642618179321289,0.06928571313619614,0.0714285746216774
97,2.6428568363189697,2.6425726413726807,0.06803571432828903,0.07285714149475098
98,2.6427993774414062,2.6424882411956787,0.06785714626312256,0.0714285746216774
99,2.6427621841430664,2.6424295902252197,0.06750000268220901,0.0714285746216774
100,2.6426782608032227,2.642382860183716,0.06624999642372131,0.0714285746216774
101,2.6426634788513184,2.6423323154449463,0.06607142835855484,0.0714285746216774
102,2.6426045894622803,2.6422832012176514,0.06732142716646194,0.0714285746216774
103,2.6425368785858154,2.6422646045684814,0.06785714626312256,0.07285714149475098
104,2.6424953937530518,2.642207622528076,0.06785714626312256,0.0714285746216774
105,2.6424334049224854,2.6421821117401123,0.06142857298254967,0.0714285746216774
106,2.6424131393432617,2.6421215534210205,0.06499999761581421,0.0714285746216774
107,2.642361640930176,2.64209246635437,0.06714285910129547,0.07285714149475098
108,2.642326593399048,2.6420528888702393,0.06642857193946838,0.0714285746216774
109,2.642270803451538,2.6420018672943115,0.0657142847776413,0.0714285746216774
110,2.642244577407837,2.641967535018921,0.060357142239809036,0.0714285746216774
111,2.642219305038452,2.641953229904175,0.06446428596973419,0.06857142597436905
112,2.6421663761138916,2.6419143676757812,0.06964285671710968,0.07000000029802322
113,2.6421144008636475,2.641855478286743,0.06839285790920258,0.07285714149475098
114,2.642092227935791,2.641814947128296,0.06482142955064774,0.0714285746216774
115,2.6420750617980957,2.641784429550171,0.06357143074274063,0.0714285746216774
116,2.641982078552246,2.6417181491851807,0.07053571194410324,0.0714285746216774
117,2.641996145248413,2.6416823863983154,0.06482142955064774,0.07000000029802322
118,2.641920328140259,2.64163875579834,0.06660714000463486,0.0714285746216774
119,2.641899347305298,2.64162540435791,0.0657142847776413,0.0714285746216774
120,2.6419029235839844,2.6415927410125732,0.06678571552038193,0.07285714149475098
121,2.6418540477752686,2.641571521759033,0.06678571552038193,0.0714285746216774
122,2.6418120861053467,2.641554832458496,0.06321428716182709,0.0714285746216774
123,2.641812324523926,2.6415321826934814,0.06660714000463486,0.07000000029802322
124,2.6417365074157715,2.641521453857422,0.0694642886519432,0.07000000029802322
125,2.6417315006256104,2.6414613723754883,0.06482142955064774,0.0714285746216774
126,2.6417224407196045,2.641439914703369,0.06660714000463486,0.07285714149475098
127,2.641688823699951,2.6414248943328857,0.06750000268220901,0.07285714149475098
128,2.641681671142578,2.641415596008301,0.06410714238882065,0.06857142597436905
129,2.641608953475952,2.641357183456421,0.06892856955528259,0.0714285746216774
130,2.641585350036621,2.641329526901245,0.06303571164608002,0.07285714149475098
131,2.641603708267212,2.6412923336029053,0.06750000268220901,0.07285714149475098
132,2.6415672302246094,2.641263723373413,0.06303571164608002,0.0714285746216774
133,2.6415257453918457,2.641261100769043,0.06464285403490067,0.0714285746216774
134,2.6414995193481445,2.6412289142608643,0.0657142847776413,0.0714285746216774
135,2.6414904594421387,2.641235113143921,0.06553571671247482,0.0714285746216774
136,2.6414835453033447,2.641188144683838,0.06714285910129547,0.0714285746216774
137,2.6414334774017334,2.6411526203155518,0.06410714238882065,0.07285714149475098
138,2.6414175033569336,2.6411359310150146,0.062142856419086456,0.07285714149475098
139,2.6413779258728027,2.64115309715271,0.06303571164608002,0.07000000029802322
140,2.641374349594116,2.6411125659942627,0.06535714119672775,0.07000000029802322
141,2.641366720199585,2.6411044597625732,0.0657142847776413,0.07285714149475098
142,2.6413092613220215,2.641056776046753,0.06482142955064774,0.07285714149475098
143,2.641303062438965,2.6410257816314697,0.06589286029338837,0.0714285746216774
144,2.6412911415100098,2.640991449356079,0.06428571790456772,0.07000000029802322
145,2.641265630722046,2.640962839126587,0.060357142239809036,0.07000000029802322
146,2.6412713527679443,2.6409406661987305,0.06267856806516647,0.0714285746216774
147,2.6412553787231445,2.640943765640259,0.061964284628629684,0.0714285746216774
148,2.641174793243408,2.6409382820129395,0.06803571432828903,0.0714285746216774
149,2.6412084102630615,2.6409451961517334,0.062142856419086456,0.0714285746216774
150,2.6411778926849365,2.640937089920044,0.06142857298254967,0.0714285746216774
151,2.641191005706787,2.6409077644348145,0.05982142686843872,0.0714285746216774
152,2.6411325931549072,2.6408755779266357,0.0625,0.06857142597436905
153,2.6411399841308594,2.6408793926239014,0.06517857313156128,0.0714285746216774
154,2.641073226928711,2.6408426761627197,0.06553571671247482,0.0714285746216774
155,2.6411020755767822,2.6408207416534424,0.06803571432828903,0.0714285746216774
156,2.6410794258117676,2.6407816410064697,0.0682142823934555,0.0714285746216774
157,2.6410462856292725,2.6407532691955566,0.06428571790456772,0.0714285746216774
158,2.641042947769165,2.6407411098480225,0.061250001192092896,0.0714285746216774
159,2.641035318374634,2.6407063007354736,0.06624999642372131,0.0714285746216774
160,2.641045570373535,2.640674352645874,0.06357143074274063,0.07285714149475098
161,2.640972375869751,2.6406662464141846,0.06357143074274063,0.07000000029802322
162,2.6409833431243896,2.640700340270996,0.06303571164608002,0.0714285746216774
163,2.6409966945648193,2.64068341255188,0.06624999642372131,0.07000000029802322
164,2.640962839126587,2.6406362056732178,0.06517857313156128,0.06714285910129547
165,2.6409451961517334,2.6406240463256836,0.06535714119672775,0.07000000029802322
166,2.6409494876861572,2.6406290531158447,0.06303571164608002,0.07285714149475098
167,2.64090633392334,2.6406238079071045,0.06607142835855484,0.0714285746216774
168,2.640920400619507,2.640646457672119,0.06535714119672775,0.0714285746216774
169,2.6408872604370117,2.640617609024048,0.06714285910129547,0.0714285746216774
170,2.640866756439209,2.640594482421875,0.06624999642372131,0.0714285746216774
171,2.6409010887145996,2.6405553817749023,0.0669642835855484,0.06857142597436905
172,2.6408398151397705,2.640537977218628,0.06482142955064774,0.06857142597436905
173,2.6408767700195312,2.6405184268951416,0.06071428582072258,0.07000000029802322
174,2.640786647796631,2.6405646800994873,0.06589286029338837,0.06857142597436905
175,2.640836477279663,2.6404974460601807,0.0625,0.07428571581840515
176,2.64082407951355,2.640509605407715,0.06714285910129547,0.0714285746216774
177,2.6407830715179443,2.640484094619751,0.06910714507102966,0.0714285746216774
178,2.640798330307007,2.64046311378479,0.06517857313156128,0.07285714149475098
179,2.6407620906829834,2.6404402256011963,0.06517857313156128,0.0714285746216774
180,2.6407887935638428,2.6404364109039307,0.06607142835855484,0.0714285746216774
181,2.6407687664031982,2.640418291091919,0.0657142847776413,0.07000000029802322
182,2.6407532691955566,2.6404035091400146,0.06392857432365417,0.0714285746216774
183,2.640737295150757,2.6403870582580566,0.06232142820954323,0.07000000029802322
184,2.640725612640381,2.6404056549072266,0.06321428716182709,0.06857142597436905
185,2.6407175064086914,2.640399217605591,0.06071428582072258,0.06857142597436905
186,2.64070987701416,2.6403658390045166,0.06660714000463486,0.0714285746216774
187,2.640679359436035,2.6403770446777344,0.05785714462399483,0.07428571581840515
188,2.6406900882720947,2.6403560638427734,0.06410714238882065,0.07428571581840515
189,2.6407015323638916,2.640340805053711,0.06446428596973419,0.0714285746216774
190,2.64070987701416,2.6403183937072754,0.06642857193946838,0.07428571581840515
191,2.6406354904174805,2.64028000831604,0.06678571552038193,0.0714285746216774
192,2.6406667232513428,2.6402623653411865,0.06535714119672775,0.07285714149475098
193,2.6406543254852295,2.6402645111083984,0.06892856955528259,0.07285714149475098
194,2.6406333446502686,2.640275239944458,0.06464285403490067,0.06857142597436905
195,2.6405985355377197,2.64029598236084,0.06624999642372131,0.07285714149475098
196,2.640596389770508,2.640329360961914,0.0682142823934555,0.0714285746216774
197,2.6405837535858154,2.640340566635132,0.06482142955064774,0.07000000029802322
198,2.6406023502349854,2.6403348445892334,0.06053571403026581,0.07000000029802322
199,2.6406145095825195,2.640303611755371,0.06303571164608002,0.0714285746216774
200,2.640615224838257,2.6402909755706787,0.06339285522699356,0.0714285746216774
201,2.640580892562866,2.640247106552124,0.060178570449352264,0.0714285746216774
202,2.6405909061431885,2.6402080059051514,0.06624999642372131,0.0714285746216774
203,2.6405649185180664,2.640216827392578,0.07035714387893677,0.0714285746216774
204,2.64058256149292,2.640211820602417,0.06589286029338837,0.0714285746216774
205,2.6405482292175293,2.640204906463623,0.06535714119672775,0.06857142597436905
206,2.640529155731201,2.6401774883270264,0.0637499988079071,0.0714285746216774
207,2.640531063079834,2.640172243118286,0.06464285403490067,0.06857142597436905
208,2.640512228012085,2.6402015686035156,0.06428571790456772,0.0714285746216774
209,2.6405210494995117,2.640174150466919,0.06321428716182709,0.07285714149475098
210,2.640462636947632,2.6401455402374268,0.06410714238882065,0.06857142597436905
211,2.6405367851257324,2.640151262283325,0.06499999761581421,0.07285714149475098
212,2.6405141353607178,2.640134572982788,0.05910714343190193,0.0714285746216774
213,2.6405141353607178,2.6401398181915283,0.0657142847776413,0.0714285746216774
214,2.640476703643799,2.6401147842407227,0.06839285790920258,0.0714285746216774
215,2.6404871940612793,2.640115976333618,0.059285715222358704,0.07000000029802322
216,2.640462636947632,2.640150308609009,0.06142857298254967,0.0714285746216774
217,2.640469551086426,2.6401193141937256,0.06714285910129547,0.0714285746216774
218,2.64044451713562,2.640118360519409,0.06357143074274063,0.0714285746216774
219,2.640404224395752,2.6401283740997314,0.06875000149011612,0.07285714149475098
220,2.640463352203369,2.6401383876800537,0.06732142716646194,0.0714285746216774
221,2.6404497623443604,2.640113115310669,0.06339285522699356,0.0714285746216774
222,2.6404471397399902,2.6401405334472656,0.06464285403490067,0.0714285746216774
223,2.6404008865356445,2.6400978565216064,0.06589286029338837,0.0714285746216774
224,2.6404082775115967,2.6400301456451416,0.06553571671247482,0.0714285746216774
225,2.6404263973236084,2.64005446434021,0.0625,0.07000000029802322
226,2.6404237747192383,2.6400575637817383,0.06624999642372131,0.07285714149475098
227,2.6403989791870117,2.6400649547576904,0.06642857193946838,0.0714285746216774
228,2.6404011249542236,2.6400089263916016,0.0657142847776413,0.06857142597436905
229,2.640378952026367,2.640028953552246,0.0657142847776413,0.0714285746216774
230,2.640385150909424,2.640045404434204,0.06803571432828903,0.0714285746216774
231,2.6403555870056152,2.6400349140167236,0.0657142847776413,0.0714285746216774
232,2.640385150909424,2.6400468349456787,0.06071428582072258,0.07000000029802322
233,2.6403563022613525,2.6400697231292725,0.06678571552038193,0.07000000029802322
234,2.6403391361236572,2.640042781829834,0.06892856955528259,0.07000000029802322
235,2.640369176864624,2.640019655227661,0.06267856806516647,0.0714285746216774
236,2.640350580215454,2.640048027038574,0.0637499988079071,0.0714285746216774
237,2.640342950820923,2.64001202583313,0.06321428716182709,0.0714285746216774
238,2.6403448581695557,2.6400489807128906,0.06535714119672775,0.0714285746216774
239,2.6403188705444336,2.6400156021118164,0.0657142847776413,0.0714285746216774
240,2.640373945236206,2.6400246620178223,0.06428571790456772,0.0714285746216774
241,2.640316963195801,2.6400163173675537,0.06803571432828903,0.0714285746216774
242,2.640334129333496,2.6400227546691895,0.06357143074274063,0.0714285746216774
243,2.640287160873413,2.6399753093719482,0.06535714119672775,0.0714285746216774
244,2.6402957439422607,2.6399574279785156,0.06464285403490067,0.07285714149475098
245,2.6402876377105713,2.6399545669555664,0.06499999761581421,0.06857142597436905
246,2.640287160873413,2.63993239402771,0.0682142823934555,0.07000000029802322
247,2.640312910079956,2.639920949935913,0.06285714358091354,0.06857142597436905
248,2.640284538269043,2.639925956726074,0.0637499988079071,0.07285714149475098
249,2.64028000831604,2.639909505844116,0.06499999761581421,0.0714285746216774
