,loss,val_loss,accuracy,val_accuracy
0,2.6795809268951416,2.6521573066711426,0.07321428507566452,0.0714285746216774
1,2.659407377243042,2.6474311351776123,0.07446428388357162,0.0714285746216774
2,2.651104211807251,2.643645763397217,0.06607142835855484,0.0714285746216774
3,2.6401546001434326,2.514509439468384,0.07964285463094711,0.16857142746448517
4,2.123570203781128,1.7818107604980469,0.20624999701976776,0.38285714387893677
5,1.4774895906448364,1.1995798349380493,0.4362500011920929,0.6200000047683716
6,0.9451670050621033,0.8673874735832214,0.6487500071525574,0.7871428728103638
7,0.6163727641105652,0.6776602864265442,0.7966071367263794,0.8342857360839844
8,0.44208815693855286,0.6215892434120178,0.8594642877578735,0.8571428656578064
9,0.32347992062568665,0.6650089025497437,0.9080356955528259,0.8600000143051147
10,0.2750866115093231,0.6726760268211365,0.920714259147644,0.8700000047683716
11,0.23941659927368164,0.7294883728027344,0.9305357336997986,0.8642857074737549
12,0.20064352452754974,0.6977799534797668,0.9378571510314941,0.8757143020629883
13,0.1620456576347351,0.7614415287971497,0.9510714411735535,0.8742856979370117
14,0.1396632194519043,0.8141095042228699,0.9560714364051819,0.8785714507102966
15,0.13970336318016052,0.8737809658050537,0.956428587436676,0.8757143020629883
16,0.19407512247562408,0.7741539478302002,0.9385714530944824,0.8571428656578064
17,0.19181226193904877,0.9566073417663574,0.9396428465843201,0.8357142806053162
18,0.17700892686843872,0.7607378363609314,0.9408928751945496,0.8571428656578064
19,0.1410921812057495,0.6901285648345947,0.9505357146263123,0.8671428561210632
20,0.10759718716144562,0.7042155265808105,0.9624999761581421,0.8785714507102966
21,0.11020027846097946,0.8243119120597839,0.9621428847312927,0.8657143115997314
22,0.10323112457990646,0.7963529229164124,0.9628571271896362,0.8799999952316284
23,0.08480607718229294,0.8199877738952637,0.9714285731315613,0.881428599357605
24,0.08246762305498123,0.9110952019691467,0.9703571200370789,0.8757143020629883
25,0.11098366230726242,0.8887346386909485,0.9619643092155457,0.8614285588264465
26,0.1345795840024948,0.861232578754425,0.9566071629524231,0.854285717010498
27,0.12552790343761444,0.853821337223053,0.9614285826683044,0.8642857074737549
28,0.09849412739276886,1.0335288047790527,0.9624999761581421,0.8442857265472412
29,0.09420499950647354,0.8929987549781799,0.9694643020629883,0.8657143115997314
30,0.08379970490932465,0.9979930520057678,0.9678571224212646,0.8628571629524231
31,0.07869002223014832,0.9015772938728333,0.9698214530944824,0.8799999952316284
32,0.0761241763830185,0.9607470631599426,0.9735714197158813,0.8600000143051147
33,0.06671083718538284,0.9698150753974915,0.9717857241630554,0.8671428561210632
34,0.13793906569480896,0.928497850894928,0.9569643139839172,0.8671428561210632
35,0.12013842910528183,0.977679967880249,0.9555357098579407,0.8557142615318298
36,0.2294575572013855,0.944718062877655,0.9296428561210632,0.8342857360839844
37,0.13538989424705505,0.8993023037910461,0.9541071653366089,0.8528571724891663
38,0.09826317429542542,0.8571796417236328,0.9685714244842529,0.8557142615318298
39,0.08703545480966568,0.909321129322052,0.9673214554786682,0.8600000143051147
40,0.07341005653142929,0.9327293038368225,0.9723214507102966,0.8628571629524231
41,0.06766897439956665,0.9836926460266113,0.9721428751945496,0.8585714101791382
42,0.06516879796981812,0.9175708889961243,0.9755356907844543,0.8771428465843201
43,0.07205861061811447,0.9751189351081848,0.9735714197158813,0.8657143115997314
44,0.05269638076424599,0.9931319355964661,0.981071412563324,0.8742856979370117
45,0.05890477076172829,1.0017504692077637,0.9767857193946838,0.8700000047683716
46,0.05373579263687134,0.978817880153656,0.977321445941925,0.8742856979370117
47,0.05550051108002663,0.9653376936912537,0.9764285683631897,0.8742856979370117
48,0.04875101149082184,0.9429652094841003,0.9801785945892334,0.8742856979370117
49,0.057143960148096085,1.0065652132034302,0.9780356884002686,0.8728571534156799
50,0.06712508201599121,1.0454199314117432,0.9755356907844543,0.8642857074737549
51,0.07744055241346359,0.8873623013496399,0.9730356931686401,0.8728571534156799
52,0.06920698285102844,0.9755747318267822,0.9785714149475098,0.8771428465843201
53,0.05277075618505478,0.9924382567405701,0.9803571701049805,0.8828571438789368
54,0.056362275034189224,0.9597804546356201,0.9775000214576721,0.8857142925262451
55,0.0659928098320961,0.9968449473381042,0.9758928418159485,0.8700000047683716
56,0.09885037690401077,1.0799407958984375,0.970714271068573,0.8600000143051147
57,0.11802121996879578,0.8653407096862793,0.9714285731315613,0.8714285492897034
58,0.08034238964319229,1.0519280433654785,0.9719642996788025,0.8585714101791382
59,0.07262732088565826,0.8830726146697998,0.9753571152687073,0.8842856884002686
60,0.06525996327400208,0.9942350387573242,0.979285717010498,0.8785714507102966
61,0.05586927756667137,1.008224368095398,0.9776785969734192,0.8828571438789368
62,0.052015069872140884,0.9928147792816162,0.9808928370475769,0.8899999856948853
63,0.044271960854530334,1.0384329557418823,0.9826785922050476,0.8871428370475769
64,0.1128128245472908,0.9815399050712585,0.9633928537368774,0.8642857074737549
65,0.07744859904050827,0.9767694473266602,0.9705356955528259,0.8700000047683716
66,0.07777167111635208,0.9240079522132874,0.9758928418159485,0.8700000047683716
67,0.05363819748163223,0.888833224773407,0.9798214435577393,0.8757143020629883
68,0.05572910234332085,0.9156978726387024,0.9807142615318298,0.8742856979370117
69,0.05904442444443703,1.0039268732070923,0.9817857146263123,0.8700000047683716
70,0.050476014614105225,1.0250517129898071,0.9807142615318298,0.8742856979370117
71,0.04032360017299652,1.0630149841308594,0.9826785922050476,0.8742856979370117
72,0.04497462138533592,1.0176604986190796,0.9828571677207947,0.8785714507102966
73,0.04205554351210594,1.0038930177688599,0.9839285612106323,0.8728571534156799
74,0.0365593396127224,1.031275987625122,0.9853571653366089,0.8785714507102966
75,0.041666802018880844,1.10734224319458,0.9841071367263794,0.8700000047683716
76,0.07077955454587936,1.2448323965072632,0.977321445941925,0.868571400642395
77,0.07207276672124863,1.21605384349823,0.9803571701049805,0.8671428561210632
78,0.05410569906234741,1.073620319366455,0.9803571701049805,0.8714285492897034
79,0.046994294971227646,1.0000003576278687,0.981249988079071,0.8799999952316284
80,0.040398623794317245,1.0543571710586548,0.9837499856948853,0.8700000047683716
81,0.0432627871632576,1.0445159673690796,0.9844642877578735,0.868571400642395
82,0.04682757705450058,1.1021873950958252,0.9841071367263794,0.8728571534156799
83,0.051505908370018005,1.1059603691101074,0.9846428632736206,0.8771428465843201
84,0.04399092122912407,1.2043240070343018,0.983214259147644,0.8585714101791382
85,0.042479414492845535,1.1524657011032104,0.9830357432365417,0.8628571629524231
86,0.038102418184280396,1.2484878301620483,0.9842857122421265,0.8600000143051147
87,0.034339625388383865,1.1755014657974243,0.9853571653366089,0.8614285588264465
88,0.03705911710858345,1.1568037271499634,0.9851785898208618,0.8657143115997314
89,0.03335964307188988,1.169890284538269,0.9866071343421936,0.868571400642395
90,0.027921028435230255,1.166617512702942,0.989464282989502,0.8585714101791382
91,0.03268339857459068,1.1337543725967407,0.9844642877578735,0.8657143115997314
92,0.02829073555767536,1.2645584344863892,0.9885714054107666,0.8614285588264465
93,0.02751874178647995,1.2680059671401978,0.9880357384681702,0.8657143115997314
94,0.03484557941555977,1.205993890762329,0.9837499856948853,0.868571400642395
95,0.029833229258656502,1.1838347911834717,0.9867857098579407,0.8657143115997314
96,0.02811659500002861,1.1903389692306519,0.9864285588264465,0.8642857074737549
97,0.02637113817036152,1.1862026453018188,0.9900000095367432,0.8657143115997314
98,0.02745094895362854,1.2217135429382324,0.9885714054107666,0.8628571629524231
99,0.030601205304265022,1.3068572282791138,0.9880357384681702,0.8571428656578064
100,0.039574019610881805,1.3175057172775269,0.9828571677207947,0.8557142615318298
101,0.07415799051523209,1.4023022651672363,0.9803571701049805,0.845714271068573
102,0.09846925735473633,1.2850006818771362,0.9750000238418579,0.8514285683631897
103,0.18412472307682037,1.1490188837051392,0.956428587436676,0.8671428561210632
104,0.14432530105113983,1.014714241027832,0.9637500047683716,0.8757143020629883
105,0.07132404297590256,0.9240884780883789,0.9755356907844543,0.8828571438789368
106,0.06871778517961502,0.898749828338623,0.9828571677207947,0.8857142925262451
107,0.06597937643527985,1.0749531984329224,0.979285717010498,0.8785714507102966
108,0.052750345319509506,0.9650194644927979,0.9807142615318298,0.8899999856948853
109,0.04763660207390785,1.0025557279586792,0.9851785898208618,0.8842856884002686
110,0.036508843302726746,1.0060324668884277,0.9846428632736206,0.8785714507102966
111,0.03661849722266197,0.9508795738220215,0.9848214387893677,0.8857142925262451
112,0.02953099086880684,1.050331950187683,0.989464282989502,0.8885714411735535
113,0.030704440549016,1.0118342638015747,0.9858928322792053,0.8899999856948853
114,0.030483722686767578,1.0192424058914185,0.9887499809265137,0.895714282989502
115,0.03455623611807823,0.9584271907806396,0.9851785898208618,0.904285728931427
116,0.030731700360774994,0.9621526598930359,0.9858928322792053,0.9014285802841187
117,0.02741486392915249,0.9900384545326233,0.9873214364051819,0.9028571248054504
118,0.030064046382904053,1.003656029701233,0.9869642853736877,0.9014285802841187
119,0.029065115377306938,1.0363832712173462,0.9871428608894348,0.9014285802841187
120,0.03408873453736305,1.089591383934021,0.9850000143051147,0.8871428370475769
121,0.027161134406924248,1.113784909248352,0.9878571629524231,0.8928571343421936
122,0.026727639138698578,1.086499571800232,0.9887499809265137,0.8985714316368103
123,0.030583472922444344,1.087061882019043,0.9883928298950195,0.8985714316368103
124,0.05093800649046898,1.2384123802185059,0.9860714077949524,0.8742856979370117
125,0.08690553903579712,1.0570175647735596,0.9758928418159485,0.8628571629524231
126,0.09654103964567184,0.930910587310791,0.9717857241630554,0.8757143020629883
127,0.14098268747329712,0.960387647151947,0.9671428799629211,0.8771428465843201
128,0.07459775358438492,0.8780863285064697,0.9737499952316284,0.8914285898208618
129,0.05002394691109657,0.927659273147583,0.9830357432365417,0.8899999856948853
130,0.05130035802721977,1.0026441812515259,0.9830357432365417,0.8828571438789368
131,0.0487472303211689,1.007781982421875,0.9823214411735535,0.8871428370475769
132,0.05145461857318878,1.0743488073349,0.9828571677207947,0.8799999952316284
133,0.04316803812980652,1.0954071283340454,0.9866071343421936,0.8742856979370117
134,0.03682391345500946,1.0872387886047363,0.9850000143051147,0.8742856979370117
135,0.033227745443582535,1.1078873872756958,0.9880357384681702,0.8714285492897034
136,0.040365274995565414,1.0218528509140015,0.9871428608894348,0.881428599357605
137,0.04129080846905708,1.0282974243164062,0.985535740852356,0.8871428370475769
138,0.032260045409202576,1.0881931781768799,0.9901785850524902,0.8871428370475769
139,0.03488415479660034,1.1232372522354126,0.9891071319580078,0.8828571438789368
140,0.03296111524105072,1.1364717483520508,0.9857142567634583,0.8785714507102966
141,0.029391320422291756,1.141184687614441,0.9869642853736877,0.8828571438789368
142,0.03752151504158974,1.2264505624771118,0.9841071367263794,0.8771428465843201
143,0.03809948265552521,1.0793465375900269,0.9858928322792053,0.8828571438789368
144,0.11147145926952362,1.1324963569641113,0.970714271068573,0.8571428656578064
145,0.10038948059082031,0.9874740242958069,0.9685714244842529,0.8700000047683716
146,0.06558394432067871,1.002625823020935,0.9794642925262451,0.8742856979370117
147,0.05504101514816284,1.028823733329773,0.9814285635948181,0.8742856979370117
148,0.041077472269535065,1.0848621129989624,0.9841071367263794,0.868571400642395
149,0.038736674934625626,1.0843185186386108,0.9846428632736206,0.8728571534156799
150,0.03748006001114845,1.078149437904358,0.9853571653366089,0.8700000047683716
151,0.034636903554201126,1.0746649503707886,0.9860714077949524,0.868571400642395
152,0.03309091925621033,1.1371049880981445,0.9857142567634583,0.868571400642395
153,0.04044247046113014,1.6816844940185547,0.9839285612106323,0.8157142996788025
154,0.1999838501214981,1.165342926979065,0.9462500214576721,0.854285717010498
155,0.30298301577568054,1.160030722618103,0.9246428608894348,0.8485714197158813
156,0.14563190937042236,1.0105276107788086,0.958392858505249,0.8642857074737549
157,0.10490883141756058,0.9755005240440369,0.9701785445213318,0.8614285588264465
158,0.08101247996091843,0.9691943526268005,0.9746428728103638,0.8742856979370117
159,0.0782003104686737,0.9414858818054199,0.9783928394317627,0.8742856979370117
160,0.053380414843559265,0.9350884556770325,0.9798214435577393,0.881428599357605
161,0.05090455710887909,0.9367058873176575,0.9819642901420593,0.8757143020629883
162,0.04494127258658409,0.938349187374115,0.9853571653366089,0.8785714507102966
163,0.040864113718271255,0.9504848122596741,0.9844642877578735,0.8771428465843201
164,0.03741690143942833,0.9542400240898132,0.9860714077949524,0.8799999952316284
165,0.03863139450550079,0.9564984440803528,0.9848214387893677,0.8799999952316284
166,0.040970563888549805,0.9793055057525635,0.9833928346633911,0.8628571629524231
167,0.0384078249335289,0.8893630504608154,0.9848214387893677,0.8799999952316284
168,0.03617731109261513,0.9649081826210022,0.9860714077949524,0.868571400642395
169,0.0375608466565609,0.9565852284431458,0.985535740852356,0.8771428465843201
170,0.037312284111976624,0.9291295409202576,0.9848214387893677,0.8728571534156799
171,0.03067978098988533,0.9357133507728577,0.987678587436676,0.8742856979370117
172,0.028225839138031006,0.9540562033653259,0.9878571629524231,0.8771428465843201
173,0.027259742841124535,0.95582515001297,0.9887499809265137,0.8757143020629883
174,0.027165954932570457,0.9673678874969482,0.9889285564422607,0.8785714507102966
175,0.021403303369879723,0.9633192420005798,0.9905357360839844,0.8771428465843201
176,0.03014633245766163,0.9568484425544739,0.9860714077949524,0.8771428465843201
177,0.029683120548725128,0.967947244644165,0.9878571629524231,0.8785714507102966
178,0.027323486283421516,0.9860155582427979,0.9880357384681702,0.8757143020629883
179,0.0242153350263834,1.0101391077041626,0.989642858505249,0.8728571534156799
180,0.02573499269783497,0.9775180220603943,0.9869642853736877,0.8757143020629883
181,0.028686130419373512,0.9765323996543884,0.9866071343421936,0.8757143020629883
182,0.02547716349363327,0.9772987961769104,0.9873214364051819,0.8757143020629883
183,0.019197870045900345,0.9752315878868103,0.9923214316368103,0.8842856884002686
184,0.027102207764983177,0.9361255168914795,0.9887499809265137,0.8842856884002686
185,0.027103185653686523,0.9330212473869324,0.9866071343421936,0.8828571438789368
186,0.028923602774739265,0.9473945498466492,0.9867857098579407,0.881428599357605
187,0.02723296359181404,0.971636950969696,0.9880357384681702,0.8785714507102966
188,0.02826552279293537,0.9690725207328796,0.987678587436676,0.8842856884002686
189,0.027239667251706123,0.9822108149528503,0.9873214364051819,0.8842856884002686
190,0.027531040832400322,0.9873621463775635,0.9882143139839172,0.8799999952316284
191,0.02409222722053528,0.9852147698402405,0.9887499809265137,0.881428599357605
192,0.024811197072267532,0.99625164270401,0.9908928275108337,0.8828571438789368
193,0.02493376098573208,1.0214430093765259,0.9887499809265137,0.8842856884002686
194,0.024455685168504715,1.0395647287368774,0.9891071319580078,0.8828571438789368
195,0.042821623384952545,1.1402510404586792,0.9841071367263794,0.8600000143051147
196,0.07396404445171356,1.1268470287322998,0.9798214435577393,0.8628571629524231
197,0.05960721895098686,1.1611350774765015,0.9814285635948181,0.8642857074737549
198,0.05465589836239815,1.0526725053787231,0.9826785922050476,0.8771428465843201
199,0.040522828698158264,1.080428957939148,0.9837499856948853,0.8799999952316284
200,0.0362786203622818,1.0526829957962036,0.9873214364051819,0.8799999952316284
201,0.041234005242586136,0.9508857131004333,0.9867857098579407,0.8914285898208618
202,0.04048058018088341,0.9453322887420654,0.9853571653366089,0.8928571343421936
203,0.038361866027116776,0.9426832795143127,0.9867857098579407,0.8857142925262451
204,0.043887898325920105,0.9446622729301453,0.9862499833106995,0.8971428275108337
205,0.03065579943358898,0.9972032904624939,0.985535740852356,0.8928571343421936
206,0.035779114812612534,1.0526771545410156,0.987678587436676,0.8857142925262451
207,0.030791057273745537,1.0186824798583984,0.9885714054107666,0.8871428370475769
208,0.03377246484160423,1.0215035676956177,0.987678587436676,0.8928571343421936
209,0.03399020433425903,1.0568740367889404,0.9858928322792053,0.8799999952316284
210,0.034114450216293335,1.0286935567855835,0.9850000143051147,0.8857142925262451
211,0.028912115842103958,0.9959660172462463,0.989464282989502,0.8928571343421936
212,0.024881035089492798,0.9945478439331055,0.9910714030265808,0.8942857384681702
213,0.03303633630275726,1.0071238279342651,0.9891071319580078,0.8928571343421936
214,0.03045477718114853,0.9810022711753845,0.9871428608894348,0.8942857384681702
215,0.027594823390245438,1.0001863241195679,0.9880357384681702,0.8885714411735535
216,0.025531137362122536,1.0289219617843628,0.9887499809265137,0.8914285898208618
217,0.020661329850554466,1.009308934211731,0.9921428561210632,0.8942857384681702
218,0.03292824327945709,0.9361992478370667,0.9892857074737549,0.895714282989502
219,0.03041823022067547,0.992332935333252,0.9878571629524231,0.881428599357605
220,0.024453748017549515,0.9251217842102051,0.9912499785423279,0.895714282989502
221,0.02463563159108162,0.9275157451629639,0.9910714030265808,0.8914285898208618
222,0.02588992565870285,0.955828845500946,0.9882143139839172,0.8885714411735535
223,0.024612752720713615,0.9566821455955505,0.9889285564422607,0.8885714411735535
224,0.021308740600943565,0.9976046085357666,0.9912499785423279,0.8871428370475769
225,0.02231471799314022,0.9798632264137268,0.9912499785423279,0.8928571343421936
226,0.029624903574585915,1.0474369525909424,0.9891071319580078,0.8914285898208618
227,0.038704272359609604,1.3591870069503784,0.9846428632736206,0.8742856979370117
228,0.04065912589430809,1.1420178413391113,0.9853571653366089,0.8885714411735535
229,0.03492498770356178,1.1236634254455566,0.9871428608894348,0.8871428370475769
230,0.03729337826371193,1.0704301595687866,0.9891071319580078,0.8928571343421936
231,0.028337804600596428,1.0734353065490723,0.9905357360839844,0.8842856884002686
232,0.026695316657423973,1.0324960947036743,0.9885714054107666,0.8928571343421936
233,0.027576250955462456,1.0288912057876587,0.9891071319580078,0.8942857384681702
234,0.021601183339953423,1.1040276288986206,0.9917857050895691,0.8899999856948853
235,0.024393366649746895,1.0758429765701294,0.9917857050895691,0.8842856884002686
236,0.027975542470812798,1.1742777824401855,0.9887499809265137,0.8885714411735535
237,0.029317287728190422,1.2346967458724976,0.9903571605682373,0.8657143115997314
238,0.46491602063179016,1.312883734703064,0.9135714173316956,0.8299999833106995
239,0.19938816130161285,1.1628650426864624,0.954285740852356,0.868571400642395
240,0.18656335771083832,1.2227815389633179,0.956428587436676,0.8385714292526245
241,0.19912272691726685,1.0080783367156982,0.9433928728103638,0.8642857074737549
242,0.10184001922607422,1.0089162588119507,0.9678571224212646,0.8642857074737549
243,0.07453633099794388,1.0274513959884644,0.9744642972946167,0.8714285492897034
244,0.06825992465019226,1.0141997337341309,0.9805356860160828,0.8700000047683716
245,0.06245514005422592,0.9952732920646667,0.9816071391105652,0.8714285492897034
246,0.057076577097177505,0.9730139374732971,0.981249988079071,0.8757143020629883
247,0.050972986966371536,0.9885923266410828,0.9835714101791382,0.881428599357605
248,0.04180598631501198,1.040675163269043,0.9844642877578735,0.8714285492897034
249,0.050666358321905136,1.0603922605514526,0.9841071367263794,0.8700000047683716
