,loss,val_loss,accuracy,val_accuracy
0,2.6713907718658447,2.649587869644165,0.07446428388357162,0.0714285746216774
1,2.646773338317871,2.661412000656128,0.07553571462631226,0.07999999821186066
2,2.6445977687835693,2.650024652481079,0.07357142865657806,0.0771428570151329
3,2.6436421871185303,2.6450881958007812,0.07964285463094711,0.07000000029802322
4,2.6455843448638916,2.651183843612671,0.07571428269147873,0.0714285746216774
5,2.6434550285339355,2.6408579349517822,0.07446428388357162,0.08571428805589676
6,2.638409376144409,2.6694138050079346,0.09071428328752518,0.07428571581840515
7,2.6652584075927734,2.6814489364624023,0.08089285343885422,0.07999999821186066
8,2.655212640762329,2.6502797603607178,0.06910714507102966,0.06714285910129547
9,2.644253730773926,2.6412150859832764,0.07571428269147873,0.07571428269147873
10,2.647583246231079,2.6440718173980713,0.07517857104539871,0.08142857253551483
11,2.6427745819091797,2.6401612758636475,0.07750000059604645,0.08428571373224258
12,2.643836498260498,2.6420047283172607,0.07535714656114578,0.07857143133878708
13,2.646122932434082,2.641002893447876,0.08392857015132904,0.09285714477300644
14,2.636676549911499,2.64507794380188,0.09017857164144516,0.08571428805589676
15,2.6327245235443115,2.6523003578186035,0.09000000357627869,0.0771428570151329
16,2.6281440258026123,2.630452871322632,0.09196428209543228,0.07000000029802322
17,2.628471612930298,2.6367835998535156,0.09214285761117935,0.09285714477300644
18,2.629697561264038,2.645282030105591,0.09071428328752518,0.09571428596973419
19,2.626594305038452,2.6323163509368896,0.09071428328752518,0.10000000149011612
20,2.6271674633026123,2.629467487335205,0.08892857283353806,0.10285714268684387
21,2.625826835632324,2.6382477283477783,0.09107142686843872,0.10571428388357162
22,2.6293606758117676,2.6423778533935547,0.09767857193946838,0.09571428596973419
23,2.6332271099090576,2.6403417587280273,0.0867857113480568,0.10000000149011612
24,2.641853094100952,2.6179938316345215,0.08749999850988388,0.09571428596973419
25,2.6331734657287598,2.6262853145599365,0.09107142686843872,0.10285714268684387
26,2.631564140319824,2.6345393657684326,0.10321428626775742,0.08571428805589676
27,2.6414265632629395,2.625770330429077,0.09392856806516647,0.07857143133878708
28,2.643866539001465,2.6299362182617188,0.09196428209543228,0.08142857253551483
29,2.639040946960449,2.6368789672851562,0.08732143044471741,0.08714285492897034
30,2.6387276649475098,2.6292693614959717,0.08571428805589676,0.09428571164608002
31,2.637948989868164,2.6334450244903564,0.08982142806053162,0.07857143133878708
32,2.6355574131011963,2.6301329135894775,0.08517856895923615,0.08285713940858841
33,2.6364963054656982,2.637861490249634,0.08500000089406967,0.07571428269147873
34,2.632810115814209,2.6340181827545166,0.08428571373224258,0.08714285492897034
35,2.6318883895874023,2.6465678215026855,0.09107142686843872,0.07428571581840515
36,2.6367850303649902,2.630767822265625,0.08785714209079742,0.0657142847776413
37,2.632690668106079,2.637439489364624,0.08821428567171097,0.09571428596973419
38,2.635755777359009,2.6387269496917725,0.08839285373687744,0.08714285492897034
39,2.6347479820251465,2.6451196670532227,0.08839285373687744,0.0771428570151329
40,2.636099100112915,2.6462535858154297,0.08642856776714325,0.08571428805589676
41,2.6341588497161865,2.6310434341430664,0.08767857402563095,0.08714285492897034
42,2.63132643699646,2.636918783187866,0.08624999970197678,0.07285714149475098
43,2.6330575942993164,2.6313822269439697,0.08910714089870453,0.07571428269147873
44,2.634615898132324,2.635634660720825,0.09017857164144516,0.08571428805589676
45,2.6306536197662354,2.6451642513275146,0.09392856806516647,0.08714285492897034
46,2.6305010318756104,2.6327669620513916,0.0925000011920929,0.07571428269147873
47,2.631783962249756,2.6353206634521484,0.0867857113480568,0.1071428582072258
48,2.629006862640381,2.626744031906128,0.09196428209543228,0.08714285492897034
49,2.6305086612701416,2.640575408935547,0.08964285999536514,0.08714285492897034
50,2.627408027648926,2.6336750984191895,0.09000000357627869,0.09571428596973419
51,2.6290013790130615,2.622040033340454,0.09267856925725937,0.09714286029338837
52,2.6276252269744873,2.637606620788574,0.09214285761117935,0.07285714149475098
53,2.630565881729126,2.6283504962921143,0.09232142567634583,0.09714286029338837
54,2.633992910385132,2.6369779109954834,0.07571428269147873,0.10571428388357162
55,2.6443724632263184,2.6514201164245605,0.08107142895460129,0.0714285746216774
56,2.6403512954711914,2.630730628967285,0.0803571417927742,0.09714286029338837
57,2.641946792602539,2.6439642906188965,0.08660714328289032,0.08571428805589676
58,2.6424570083618164,2.6344375610351562,0.08232142776250839,0.08857142925262451
59,2.6425182819366455,2.640714406967163,0.0803571417927742,0.08285713940858841
60,2.641911745071411,2.635077476501465,0.08589285612106323,0.08857142925262451
61,2.6407251358032227,2.639047384262085,0.0835714265704155,0.08428571373224258
62,2.638988733291626,2.6327178478240967,0.08500000089406967,0.08857142925262451
63,2.6386733055114746,2.6408936977386475,0.08410714566707611,0.08142857253551483
64,2.6419875621795654,2.6239054203033447,0.08464285731315613,0.09714286029338837
65,2.6404061317443848,2.6262335777282715,0.08214285969734192,0.08857142925262451
66,2.6414546966552734,2.6428420543670654,0.0848214253783226,0.09000000357627869
67,2.637662887573242,2.6340692043304443,0.08071428537368774,0.08857142925262451
68,2.6414990425109863,2.6393909454345703,0.08553571254014969,0.07857143133878708
69,2.639378547668457,2.6366121768951416,0.08321428298950195,0.0771428570151329
70,2.6372201442718506,2.635845184326172,0.08124999701976776,0.07571428269147873
71,2.637575387954712,2.6407268047332764,0.07642856985330582,0.07999999821186066
72,2.64034366607666,2.6292388439178467,0.08196428418159485,0.08571428805589676
73,2.6390085220336914,2.6418118476867676,0.08714285492897034,0.0771428570151329
74,2.6400442123413086,2.6356217861175537,0.07767856866121292,0.06142857298254967
75,2.6397387981414795,2.6287214756011963,0.08303571492433548,0.08857142925262451
76,2.637756109237671,2.635047674179077,0.08767857402563095,0.06857142597436905
77,2.6408474445343018,2.630983591079712,0.08250000327825546,0.08714285492897034
78,2.6484782695770264,2.641176462173462,0.07696428894996643,0.0771428570151329
79,2.645003318786621,2.649360179901123,0.07982143014669418,0.08285713940858841
80,2.6394147872924805,2.6513607501983643,0.0867857113480568,0.07285714149475098
81,2.6438915729522705,2.6386382579803467,0.08428571373224258,0.07571428269147873
82,2.6419308185577393,2.635441541671753,0.08071428537368774,0.0771428570151329
83,2.64163875579834,2.632601022720337,0.08410714566707611,0.09857142716646194
84,2.6417295932769775,2.645486354827881,0.07678571343421936,0.08285713940858841
85,2.643986225128174,2.650860071182251,0.08464285731315613,0.05999999865889549
86,2.639214038848877,2.641988515853882,0.08053571730852127,0.06428571790456772
87,2.638336420059204,2.6558640003204346,0.0867857113480568,0.07285714149475098
88,2.6332197189331055,2.6667022705078125,0.08696428686380386,0.07428571581840515
89,2.639704465866089,2.6615114212036133,0.08535714447498322,0.05999999865889549
90,2.635071039199829,2.6606781482696533,0.08571428805589676,0.07000000029802322
91,2.6383020877838135,2.6568238735198975,0.08124999701976776,0.07000000029802322
92,2.63887619972229,2.649656057357788,0.08339285850524902,0.07000000029802322
93,2.6400339603424072,2.649461507797241,0.08446428924798965,0.0771428570151329
94,2.635120391845703,2.657414436340332,0.08017857372760773,0.07285714149475098
95,2.642408847808838,2.6762235164642334,0.08107142895460129,0.06714285910129547
96,2.641965627670288,2.6560537815093994,0.08553571254014969,0.07857143133878708
97,2.6473331451416016,2.6528573036193848,0.09071428328752518,0.07857143133878708
98,2.6411359310150146,2.6450822353363037,0.08250000327825546,0.08571428805589676
99,2.641446113586426,2.6574089527130127,0.08892857283353806,0.08285713940858841
100,2.638295888900757,2.65446400642395,0.08696428686380386,0.07285714149475098
101,2.6402528285980225,2.656379461288452,0.09071428328752518,0.07857143133878708
102,2.6442530155181885,2.667154550552368,0.08839285373687744,0.08285713940858841
103,2.639301300048828,2.6487443447113037,0.08410714566707611,0.08142857253551483
104,2.637679100036621,2.658590078353882,0.08392857015132904,0.0714285746216774
105,2.640305995941162,2.6491589546203613,0.08321428298950195,0.09428571164608002
106,2.654215097427368,2.6692416667938232,0.07999999821186066,0.07857143133878708
107,2.644826650619507,2.658950090408325,0.07660714536905289,0.07571428269147873
108,2.641064167022705,2.664144515991211,0.08500000089406967,0.07571428269147873
109,2.6439218521118164,2.6578474044799805,0.08142857253551483,0.0714285746216774
110,2.638544797897339,2.660714864730835,0.07571428269147873,0.0771428570151329
111,2.6400835514068604,2.668445348739624,0.08464285731315613,0.08428571373224258
112,2.640144109725952,2.6626999378204346,0.08946428447961807,0.0714285746216774
113,2.6393063068389893,2.654597282409668,0.07874999940395355,0.07285714149475098
114,2.6374921798706055,2.6495635509490967,0.08142857253551483,0.07857143133878708
115,2.642695903778076,2.6444809436798096,0.0726785734295845,0.06857142597436905
116,2.6548197269439697,2.698755979537964,0.07750000059604645,0.07285714149475098
117,2.674959421157837,2.6597073078155518,0.06857142597436905,0.07285714149475098
118,2.6531295776367188,2.653238534927368,0.06982143223285675,0.0714285746216774
119,2.6564066410064697,2.654186964035034,0.0746428593993187,0.0714285746216774
120,2.6482090950012207,2.648707628250122,0.07946428656578064,0.0714285746216774
121,2.6457738876342773,2.662553548812866,0.07160714268684387,0.07000000029802322
122,2.6535496711730957,2.6461589336395264,0.06892856955528259,0.0714285746216774
123,2.6529195308685303,2.650754690170288,0.07446428388357162,0.0714285746216774
124,2.648428201675415,2.661201238632202,0.07339286059141159,0.0714285746216774
125,2.6482417583465576,2.6447479724884033,0.07428571581840515,0.0714285746216774
126,2.646028757095337,2.650848627090454,0.07660714536905289,0.0714285746216774
127,2.6469950675964355,2.653893232345581,0.0726785734295845,0.06714285910129547
128,2.6492631435394287,2.65301251411438,0.07232142984867096,0.07000000029802322
129,2.646779775619507,2.6472103595733643,0.07517857104539871,0.0714285746216774
130,2.647613525390625,2.650473117828369,0.06482142955064774,0.0714285746216774
131,2.6470842361450195,2.6464574337005615,0.0694642886519432,0.0714285746216774
132,2.64614200592041,2.6468708515167236,0.07357142865657806,0.0771428570151329
133,2.6478707790374756,2.6513259410858154,0.06964285671710968,0.0714285746216774
134,2.6490445137023926,2.6537606716156006,0.06928571313619614,0.0714285746216774
135,2.6543538570404053,2.657116413116455,0.07160714268684387,0.07285714149475098
136,2.651871681213379,2.6533796787261963,0.07160714268684387,0.0714285746216774
137,2.650181770324707,2.663696527481079,0.07678571343421936,0.07000000029802322
138,2.6499979496002197,2.653172731399536,0.07196428626775742,0.07000000029802322
139,2.6500051021575928,2.6563050746917725,0.07750000059604645,0.0714285746216774
140,2.6459500789642334,2.6476948261260986,0.0694642886519432,0.07000000029802322
141,2.6462814807891846,2.688591241836548,0.07571428269147873,0.04571428522467613
142,2.670044422149658,2.6745119094848633,0.07285714149475098,0.0714285746216774
143,2.6549062728881836,2.6613595485687256,0.07285714149475098,0.0714285746216774
144,2.648750066757202,2.658217430114746,0.07107143104076385,0.07000000029802322
145,2.6542320251464844,2.6683218479156494,0.06964285671710968,0.07000000029802322
146,2.652010440826416,2.651176691055298,0.0669642835855484,0.0714285746216774
147,2.654756784439087,2.6657516956329346,0.0714285746216774,0.0714285746216774
148,2.647158622741699,2.6630401611328125,0.07410714030265808,0.0714285746216774
149,2.653733491897583,2.661790132522583,0.06857142597436905,0.0714285746216774
150,2.652555227279663,2.6581833362579346,0.06607142835855484,0.07000000029802322
151,2.64908766746521,2.6557960510253906,0.07000000029802322,0.0714285746216774
152,2.64741587638855,2.663233518600464,0.07678571343421936,0.0714285746216774
153,2.649294137954712,2.6687920093536377,0.07178571075201035,0.0714285746216774
154,2.647592782974243,2.6706581115722656,0.07392857223749161,0.07428571581840515
155,2.6490859985351562,2.665396213531494,0.07035714387893677,0.06857142597436905
156,2.6503520011901855,2.6692535877227783,0.07232142984867096,0.0714285746216774
157,2.6513512134552,2.6562559604644775,0.06785714626312256,0.07000000029802322
158,2.6517107486724854,2.6731748580932617,0.06875000149011612,0.07000000029802322
159,2.645343780517578,2.654730796813965,0.08017857372760773,0.0714285746216774
160,2.649404525756836,2.6561481952667236,0.06321428716182709,0.0714285746216774
161,2.6491458415985107,2.6526095867156982,0.06982143223285675,0.0714285746216774
162,2.6514339447021484,2.657540798187256,0.06857142597436905,0.07000000029802322
163,2.647174596786499,2.646258592605591,0.07178571075201035,0.0714285746216774
164,2.6475775241851807,2.660087823867798,0.07285714149475098,0.0714285746216774
165,2.655270576477051,2.6524159908294678,0.07321428507566452,0.07285714149475098
166,2.6514241695404053,2.6479804515838623,0.07428571581840515,0.0714285746216774
167,2.647446632385254,2.6524229049682617,0.06982143223285675,0.07285714149475098
168,2.6498584747314453,2.656895399093628,0.07857143133878708,0.07285714149475098
169,2.65579891204834,2.6549181938171387,0.07160714268684387,0.07285714149475098
170,2.6470038890838623,2.650909423828125,0.06892856955528259,0.07285714149475098
171,2.6489648818969727,2.647601842880249,0.07035714387893677,0.06142857298254967
172,2.6439967155456543,2.650144338607788,0.07625000178813934,0.0714285746216774
173,2.644181966781616,2.6625173091888428,0.07428571581840515,0.07428571581840515
174,2.646623134613037,2.651430606842041,0.07732142508029938,0.07285714149475098
175,2.6486387252807617,2.6462013721466064,0.06767857074737549,0.07285714149475098
176,2.6473445892333984,2.6487159729003906,0.07696428894996643,0.06857142597436905
177,2.645792245864868,2.6460840702056885,0.06535714119672775,0.07000000029802322
178,2.644461154937744,2.6647894382476807,0.0791071429848671,0.07285714149475098
179,2.649461030960083,2.645279884338379,0.07357142865657806,0.07857143133878708
180,2.647348403930664,2.6504740715026855,0.07232142984867096,0.08428571373224258
181,2.646273612976074,2.6554176807403564,0.07053571194410324,0.0714285746216774
182,2.6439006328582764,2.66019606590271,0.07678571343421936,0.07285714149475098
183,2.6488637924194336,2.6617023944854736,0.07124999910593033,0.07285714149475098
184,2.6485002040863037,2.6526615619659424,0.07285714149475098,0.07285714149475098
185,2.6452410221099854,2.6515884399414062,0.07357142865657806,0.07571428269147873
186,2.6468451023101807,2.652369499206543,0.07785714417695999,0.0771428570151329
187,2.6423094272613525,2.649223804473877,0.07535714656114578,0.06857142597436905
188,2.6455702781677246,2.6509110927581787,0.07874999940395355,0.06142857298254967
189,2.644585371017456,2.651149034500122,0.07535714656114578,0.08142857253551483
190,2.643458843231201,2.656813383102417,0.07535714656114578,0.05999999865889549
191,2.6463675498962402,2.6563379764556885,0.07625000178813934,0.08142857253551483
192,2.645456552505493,2.6490087509155273,0.07642856985330582,0.07285714149475098
193,2.64597487449646,2.663414716720581,0.07285714149475098,0.07285714149475098
194,2.6460680961608887,2.6543734073638916,0.07124999910593033,0.0714285746216774
195,2.646381139755249,2.6669673919677734,0.0758928582072258,0.07285714149475098
196,2.644843816757202,2.659968614578247,0.07285714149475098,0.07285714149475098
197,2.6495397090911865,2.6500723361968994,0.07482142746448517,0.07285714149475098
198,2.642165184020996,2.65618896484375,0.07196428626775742,0.06714285910129547
199,2.648775577545166,2.651125431060791,0.07357142865657806,0.05999999865889549
200,2.6481215953826904,2.650832176208496,0.07124999910593033,0.0714285746216774
201,2.647552251815796,2.66088604927063,0.07214285433292389,0.07000000029802322
202,2.6456685066223145,2.658543825149536,0.07535714656114578,0.0657142847776413
203,2.650712251663208,2.661031723022461,0.07160714268684387,0.0714285746216774
204,2.644667387008667,2.6590497493743896,0.07321428507566452,0.07285714149475098
205,2.6498334407806396,2.6612236499786377,0.0694642886519432,0.0771428570151329
206,2.645627021789551,2.658256769180298,0.07500000298023224,0.0714285746216774
207,2.6504271030426025,2.656937599182129,0.06982143223285675,0.07000000029802322
208,2.6514697074890137,2.660285711288452,0.07214285433292389,0.0714285746216774
209,2.649630308151245,2.66741681098938,0.07035714387893677,0.0714285746216774
210,2.653092384338379,2.6725549697875977,0.07946428656578064,0.0714285746216774
211,2.650294303894043,2.656696319580078,0.0726785734295845,0.0714285746216774
212,2.651489496231079,2.660996675491333,0.06785714626312256,0.0714285746216774
213,2.6512060165405273,2.6716320514678955,0.0694642886519432,0.07000000029802322
214,2.6552369594573975,2.66890811920166,0.07249999791383743,0.0714285746216774
215,2.6528055667877197,2.660233497619629,0.07249999791383743,0.07000000029802322
216,2.646160840988159,2.6657145023345947,0.07214285433292389,0.07000000029802322
217,2.6491854190826416,2.64829421043396,0.0726785734295845,0.0714285746216774
218,2.649750232696533,2.6513242721557617,0.06928571313619614,0.0714285746216774
219,2.6453516483306885,2.652670383453369,0.07374999672174454,0.0714285746216774
220,2.647087812423706,2.6526577472686768,0.07625000178813934,0.0714285746216774
221,2.6458730697631836,2.6536004543304443,0.07249999791383743,0.0714285746216774
222,2.6485023498535156,2.659852981567383,0.06750000268220901,0.0714285746216774
223,2.651637554168701,2.6505813598632812,0.06892856955528259,0.0714285746216774
224,2.6473681926727295,2.6507415771484375,0.0694642886519432,0.0714285746216774
225,2.6469333171844482,2.6546688079833984,0.07392857223749161,0.0714285746216774
226,2.645979166030884,2.656794786453247,0.07214285433292389,0.0714285746216774
227,2.6503522396087646,2.65934681892395,0.07446428388357162,0.0714285746216774
228,2.646050214767456,2.6560487747192383,0.07303571701049805,0.0714285746216774
229,2.6470162868499756,2.648390769958496,0.06857142597436905,0.06857142597436905
230,2.6483218669891357,2.6533782482147217,0.06732142716646194,0.0714285746216774
231,2.648270606994629,2.6475062370300293,0.07196428626775742,0.0714285746216774
232,2.645965337753296,2.660248279571533,0.07500000298023224,0.0714285746216774
233,2.6508708000183105,2.651902437210083,0.07249999791383743,0.0714285746216774
234,2.653270959854126,2.6580991744995117,0.07392857223749161,0.0714285746216774
235,2.6490678787231445,2.6561522483825684,0.07196428626775742,0.07000000029802322
236,2.645918130874634,2.646662712097168,0.07517857104539871,0.07000000029802322
237,2.645443916320801,2.645277738571167,0.07089285552501678,0.07000000029802322
238,2.6456518173217773,2.6563990116119385,0.07535714656114578,0.0714285746216774
239,2.6509618759155273,2.6608777046203613,0.07571428269147873,0.0714285746216774
240,2.647092580795288,2.6497550010681152,0.07500000298023224,0.0771428570151329
241,2.6442677974700928,2.6689059734344482,0.07553571462631226,0.0714285746216774
242,2.6477723121643066,2.6498162746429443,0.0726785734295845,0.0714285746216774
243,2.650322198867798,2.654980421066284,0.07196428626775742,0.07285714149475098
244,2.6437370777130127,2.6585540771484375,0.08142857253551483,0.0714285746216774
245,2.649200201034546,2.651515007019043,0.0726785734295845,0.058571428060531616
246,2.6485397815704346,2.664553642272949,0.07607142627239227,0.0714285746216774
247,2.6516594886779785,2.6690189838409424,0.07178571075201035,0.07000000029802322
248,2.6476428508758545,2.664557456970215,0.0746428593993187,0.058571428060531616
249,2.646319627761841,2.659132242202759,0.07196428626775742,0.0714285746216774
