,loss,val_loss,accuracy,val_accuracy
0,2.7064311504364014,2.704725980758667,0.07124999910593033,0.07000000029802322
1,2.702444076538086,2.701059341430664,0.07124999910593033,0.0714285746216774
2,2.698989152908325,2.6978282928466797,0.07107143104076385,0.07000000029802322
3,2.6958813667297363,2.6949422359466553,0.07107143104076385,0.0714285746216774
4,2.693126916885376,2.6923463344573975,0.07107143104076385,0.0714285746216774
5,2.690613269805908,2.689972162246704,0.07107143104076385,0.0714285746216774
6,2.688312292098999,2.6878063678741455,0.07107143104076385,0.0714285746216774
7,2.686228036880493,2.685800790786743,0.07107143104076385,0.0714285746216774
8,2.684234380722046,2.683934450149536,0.07107143104076385,0.0714285746216774
9,2.6824796199798584,2.682202100753784,0.07107143104076385,0.0714285746216774
10,2.6807923316955566,2.680567502975464,0.07107143104076385,0.0714285746216774
11,2.67924427986145,2.679027795791626,0.07107143104076385,0.0714285746216774
12,2.6776978969573975,2.677583694458008,0.07107143104076385,0.0714285746216774
13,2.676314115524292,2.676215887069702,0.07107143104076385,0.0714285746216774
14,2.674985647201538,2.674920082092285,0.07071428745985031,0.0714285746216774
15,2.673764228820801,2.6736900806427,0.07089285552501678,0.0714285746216774
16,2.6725270748138428,2.6725165843963623,0.07107143104076385,0.0714285746216774
17,2.6714906692504883,2.6713955402374268,0.07107143104076385,0.0714285746216774
18,2.6703507900238037,2.6703293323516846,0.07107143104076385,0.0714285746216774
19,2.669334650039673,2.6693084239959717,0.07107143104076385,0.0714285746216774
20,2.6683290004730225,2.6683428287506104,0.07071428745985031,0.0714285746216774
21,2.6673943996429443,2.667409658432007,0.07089285552501678,0.0714285746216774
22,2.66650652885437,2.6665098667144775,0.07107143104076385,0.0714285746216774
23,2.6656339168548584,2.6656529903411865,0.07089285552501678,0.0714285746216774
24,2.664846420288086,2.6648316383361816,0.0714285746216774,0.0714285746216774
25,2.6640336513519287,2.664041757583618,0.07089285552501678,0.0714285746216774
26,2.663259983062744,2.6632766723632812,0.07089285552501678,0.0714285746216774
27,2.6625261306762695,2.6625490188598633,0.07089285552501678,0.0714285746216774
28,2.6618452072143555,2.6618449687957764,0.07089285552501678,0.0714285746216774
29,2.6611859798431396,2.661163330078125,0.07089285552501678,0.0714285746216774
30,2.660555362701416,2.6605138778686523,0.07089285552501678,0.0714285746216774
31,2.6598920822143555,2.6598927974700928,0.07089285552501678,0.0714285746216774
32,2.6593172550201416,2.659298896789551,0.07089285552501678,0.0714285746216774
33,2.658761501312256,2.658722162246704,0.07089285552501678,0.0714285746216774
34,2.6581971645355225,2.6581640243530273,0.07089285552501678,0.0714285746216774
35,2.6576554775238037,2.6576266288757324,0.07089285552501678,0.0714285746216774
36,2.6571271419525146,2.657127618789673,0.07089285552501678,0.0714285746216774
37,2.656653881072998,2.656634569168091,0.07089285552501678,0.0714285746216774
38,2.6562082767486572,2.656146764755249,0.07089285552501678,0.07000000029802322
39,2.6557395458221436,2.6556851863861084,0.07089285552501678,0.07000000029802322
40,2.6552982330322266,2.655249834060669,0.07089285552501678,0.07000000029802322
41,2.65486741065979,2.6548221111297607,0.07089285552501678,0.07000000029802322
42,2.654442548751831,2.6544148921966553,0.07089285552501678,0.07000000029802322
43,2.654078960418701,2.6540143489837646,0.07089285552501678,0.07000000029802322
44,2.6536903381347656,2.653639554977417,0.07089285552501678,0.07000000029802322
45,2.653337001800537,2.6532669067382812,0.07089285552501678,0.07000000029802322
46,2.652991533279419,2.652899980545044,0.07089285552501678,0.07000000029802322
47,2.652635335922241,2.6525561809539795,0.07089285552501678,0.07000000029802322
48,2.6522974967956543,2.6522247791290283,0.07089285552501678,0.07000000029802322
49,2.651987314224243,2.651902437210083,0.07089285552501678,0.07000000029802322
50,2.6516659259796143,2.651601791381836,0.06839285790920258,0.07000000029802322
51,2.6514089107513428,2.6512985229492188,0.07089285552501678,0.07000000029802322
52,2.6511082649230957,2.6510069370269775,0.07089285552501678,0.07000000029802322
53,2.6508171558380127,2.650724172592163,0.06928571313619614,0.07000000029802322
54,2.6505491733551025,2.650466203689575,0.07089285552501678,0.07000000029802322
55,2.65028977394104,2.650212287902832,0.07089285552501678,0.07000000029802322
56,2.650054931640625,2.6499598026275635,0.07089285552501678,0.07000000029802322
57,2.649807929992676,2.64972186088562,0.07000000029802322,0.07000000029802322
58,2.649587631225586,2.649493932723999,0.07035714387893677,0.07000000029802322
59,2.649374008178711,2.64927077293396,0.07089285552501678,0.07000000029802322
60,2.649146556854248,2.6490468978881836,0.06928571313619614,0.07000000029802322
61,2.6489317417144775,2.648836851119995,0.06892856955528259,0.07000000029802322
62,2.648716926574707,2.6486246585845947,0.06607142835855484,0.07000000029802322
63,2.648508310317993,2.648427724838257,0.07053571194410324,0.07000000029802322
64,2.648329734802246,2.648236036300659,0.06964285671710968,0.07000000029802322
65,2.6481521129608154,2.6480536460876465,0.06839285790920258,0.07000000029802322
66,2.6479475498199463,2.6478755474090576,0.06750000268220901,0.07000000029802322
67,2.6477911472320557,2.647704839706421,0.06964285671710968,0.07000000029802322
68,2.647642135620117,2.647524833679199,0.06732142716646194,0.07000000029802322
69,2.647451162338257,2.6473610401153564,0.06928571313619614,0.07000000029802322
70,2.6473207473754883,2.6471900939941406,0.07071428745985031,0.07000000029802322
71,2.647160768508911,2.647041082382202,0.06892856955528259,0.07000000029802322
72,2.64699649810791,2.6468963623046875,0.06428571790456772,0.07000000029802322
73,2.646862506866455,2.6467435359954834,0.0682142823934555,0.0714285746216774
74,2.646731376647949,2.6466012001037598,0.06785714626312256,0.07000000029802322
75,2.6465866565704346,2.646467924118042,0.06732142716646194,0.07000000029802322
76,2.646450996398926,2.646340847015381,0.06750000268220901,0.07000000029802322
77,2.64632511138916,2.6462085247039795,0.06750000268220901,0.07000000029802322
78,2.6461942195892334,2.646071195602417,0.06892856955528259,0.0714285746216774
79,2.6460769176483154,2.6459600925445557,0.0637499988079071,0.07285714149475098
80,2.645960807800293,2.6458399295806885,0.06464285403490067,0.0714285746216774
81,2.6458303928375244,2.645721673965454,0.06464285403490067,0.0714285746216774
82,2.6457302570343018,2.645617723464966,0.06767857074737549,0.0714285746216774
83,2.6456234455108643,2.6455228328704834,0.06392857432365417,0.07000000029802322
84,2.645521879196167,2.645402669906616,0.06660714000463486,0.0714285746216774
85,2.645425319671631,2.6453018188476562,0.06857142597436905,0.0714285746216774
86,2.645311117172241,2.64520263671875,0.06785714626312256,0.0714285746216774
87,2.645209312438965,2.645090103149414,0.06732142716646194,0.0714285746216774
88,2.6451451778411865,2.645002603530884,0.06803571432828903,0.0714285746216774
89,2.6450343132019043,2.6449038982391357,0.0669642835855484,0.0714285746216774
90,2.644930124282837,2.644808530807495,0.07178571075201035,0.0714285746216774
91,2.644847869873047,2.644726276397705,0.0701785683631897,0.0714285746216774
92,2.644751787185669,2.644648313522339,0.06839285790920258,0.0714285746216774
93,2.6446692943573,2.6445560455322266,0.06678571552038193,0.0714285746216774
94,2.644584894180298,2.6444790363311768,0.06892856955528259,0.0714285746216774
95,2.644516944885254,2.64441180229187,0.07089285552501678,0.0714285746216774
96,2.6444272994995117,2.6443264484405518,0.07035714387893677,0.0714285746216774
97,2.6443357467651367,2.6442348957061768,0.06392857432365417,0.0714285746216774
98,2.644277811050415,2.644148111343384,0.06392857432365417,0.0714285746216774
99,2.644207000732422,2.6440813541412354,0.07000000029802322,0.07285714149475098
100,2.6441593170166016,2.644019365310669,0.06857142597436905,0.0714285746216774
101,2.644071578979492,2.643949031829834,0.06339285522699356,0.0714285746216774
102,2.644005298614502,2.6438822746276855,0.06607142835855484,0.0714285746216774
103,2.6439452171325684,2.6438205242156982,0.07035714387893677,0.0714285746216774
104,2.6438684463500977,2.6437525749206543,0.06785714626312256,0.0714285746216774
105,2.643787145614624,2.643709182739258,0.07107143104076385,0.0714285746216774
106,2.6437504291534424,2.6436569690704346,0.0714285746216774,0.0714285746216774
107,2.6437153816223145,2.64359450340271,0.0669642835855484,0.07857143133878708
108,2.6436450481414795,2.643533706665039,0.06928571313619614,0.0714285746216774
109,2.6435539722442627,2.643458366394043,0.07053571194410324,0.0714285746216774
110,2.6435036659240723,2.6433937549591064,0.06803571432828903,0.0714285746216774
111,2.643456220626831,2.643355131149292,0.07000000029802322,0.0714285746216774
112,2.6433844566345215,2.6433050632476807,0.06785714626312256,0.0714285746216774
113,2.6433370113372803,2.643249273300171,0.06785714626312256,0.0714285746216774
114,2.6432993412017822,2.6431987285614014,0.06982143223285675,0.07285714149475098
115,2.643259286880493,2.643157720565796,0.06428571790456772,0.0714285746216774
116,2.6431963443756104,2.643115758895874,0.06553571671247482,0.0714285746216774
117,2.6431665420532227,2.6430509090423584,0.0657142847776413,0.0714285746216774
118,2.6431078910827637,2.6429853439331055,0.06892856955528259,0.0714285746216774
119,2.6430654525756836,2.6429450511932373,0.07000000029802322,0.0714285746216774
120,2.6430068016052246,2.6429107189178467,0.06910714507102966,0.0714285746216774
121,2.6429643630981445,2.6428639888763428,0.06732142716646194,0.0714285746216774
122,2.642951250076294,2.6428325176239014,0.06624999642372131,0.0714285746216774
123,2.6428797245025635,2.6427900791168213,0.07053571194410324,0.0714285746216774
124,2.6428475379943848,2.6427390575408936,0.06517857313156128,0.0714285746216774
125,2.642801523208618,2.6427009105682373,0.06642857193946838,0.0714285746216774
126,2.642763137817383,2.6426544189453125,0.06160714104771614,0.0714285746216774
127,2.642718553543091,2.6426141262054443,0.06624999642372131,0.0714285746216774
128,2.642692804336548,2.6425821781158447,0.06303571164608002,0.07999999821186066
129,2.642671823501587,2.6425421237945557,0.06482142955064774,0.07428571581840515
130,2.642618417739868,2.642507791519165,0.06553571671247482,0.0714285746216774
131,2.6425650119781494,2.6424777507781982,0.0657142847776413,0.07428571581840515
132,2.6425583362579346,2.642437696456909,0.06446428596973419,0.0714285746216774
133,2.6425068378448486,2.642418146133423,0.06982143223285675,0.0714285746216774
134,2.642483711242676,2.642369031906128,0.0657142847776413,0.0714285746216774
135,2.6424334049224854,2.6423258781433105,0.06482142955064774,0.0714285746216774
136,2.6423909664154053,2.642310857772827,0.06875000149011612,0.0714285746216774
137,2.642354726791382,2.6422531604766846,0.06357143074274063,0.07000000029802322
138,2.642322063446045,2.6422126293182373,0.06517857313156128,0.0714285746216774
139,2.6423280239105225,2.6421663761138916,0.0682142823934555,0.0714285746216774
140,2.6422595977783203,2.642158269882202,0.0669642835855484,0.0714285746216774
141,2.642232894897461,2.6421263217926025,0.06803571432828903,0.0714285746216774
142,2.642202138900757,2.64209246635437,0.055892858654260635,0.07285714149475098
143,2.642160654067993,2.64206862449646,0.0657142847776413,0.07285714149475098
144,2.642141103744507,2.6420340538024902,0.06589286029338837,0.0714285746216774
145,2.6421220302581787,2.6420164108276367,0.06839285790920258,0.07000000029802322
146,2.6420845985412598,2.6419785022735596,0.06589286029338837,0.0714285746216774
147,2.6420650482177734,2.6419546604156494,0.06178571283817291,0.07428571581840515
148,2.642040252685547,2.6419382095336914,0.06303571164608002,0.0714285746216774
149,2.6419801712036133,2.641897201538086,0.06857142597436905,0.0714285746216774
150,2.641972064971924,2.6418521404266357,0.06553571671247482,0.0714285746216774
151,2.6419427394866943,2.6418416500091553,0.06357143074274063,0.0714285746216774
152,2.64192795753479,2.641815423965454,0.06553571671247482,0.0714285746216774
153,2.6419103145599365,2.6417946815490723,0.062142856419086456,0.0714285746216774
154,2.6418814659118652,2.6417396068573,0.06517857313156128,0.0714285746216774
155,2.6418516635894775,2.641723394393921,0.06517857313156128,0.0714285746216774
156,2.6418142318725586,2.641705274581909,0.06767857074737549,0.07285714149475098
157,2.6418135166168213,2.64169979095459,0.06482142955064774,0.07285714149475098
158,2.6417810916900635,2.64167857170105,0.06428571790456772,0.0714285746216774
159,2.641775608062744,2.64166259765625,0.06875000149011612,0.07571428269147873
160,2.6417651176452637,2.6416304111480713,0.06285714358091354,0.0714285746216774
161,2.6417083740234375,2.641606569290161,0.0694642886519432,0.0714285746216774
162,2.6416780948638916,2.6415858268737793,0.06553571671247482,0.0714285746216774
163,2.6416800022125244,2.6415655612945557,0.06910714507102966,0.0714285746216774
164,2.641653299331665,2.6415512561798096,0.0682142823934555,0.07285714149475098
165,2.641634225845337,2.6415164470672607,0.06267856806516647,0.0714285746216774
166,2.641613245010376,2.64149808883667,0.06499999761581421,0.0714285746216774
167,2.6416027545928955,2.6414918899536133,0.06750000268220901,0.0714285746216774
168,2.6415529251098633,2.641477584838867,0.06410714238882065,0.0714285746216774
169,2.6415345668792725,2.6414670944213867,0.06839285790920258,0.0714285746216774
170,2.6415274143218994,2.6414544582366943,0.0669642835855484,0.0714285746216774
171,2.641547441482544,2.64141583442688,0.06464285403490067,0.0714285746216774
172,2.6414682865142822,2.641378164291382,0.07285714149475098,0.0714285746216774
173,2.6414742469787598,2.6413726806640625,0.06857142597436905,0.07285714149475098
174,2.641469717025757,2.6413562297821045,0.06839285790920258,0.0714285746216774
175,2.64142107963562,2.6413402557373047,0.06678571552038193,0.0714285746216774
176,2.6414096355438232,2.6413233280181885,0.06803571432828903,0.07285714149475098
177,2.641395330429077,2.6412861347198486,0.06624999642372131,0.0714285746216774
178,2.6413698196411133,2.641263484954834,0.06839285790920258,0.07285714149475098
179,2.641371726989746,2.6412642002105713,0.06410714238882065,0.0714285746216774
180,2.641343832015991,2.641238212585449,0.06678571552038193,0.0714285746216774
181,2.6413309574127197,2.641239881515503,0.0694642886519432,0.0714285746216774
182,2.641327142715454,2.641230583190918,0.062142856419086456,0.0714285746216774
183,2.641308307647705,2.641200304031372,0.06928571313619614,0.0714285746216774
184,2.6413190364837646,2.6411991119384766,0.06553571671247482,0.07571428269147873
185,2.641261339187622,2.6411654949188232,0.0657142847776413,0.0714285746216774
186,2.641263008117676,2.6411566734313965,0.06839285790920258,0.0714285746216774
187,2.641245126724243,2.6411235332489014,0.07107143104076385,0.07285714149475098
188,2.641226053237915,2.6411123275756836,0.06624999642372131,0.07285714149475098
189,2.641214370727539,2.6411139965057373,0.06499999761581421,0.07000000029802322
190,2.6412017345428467,2.641103506088257,0.06428571790456772,0.0714285746216774
191,2.64119553565979,2.641073226928711,0.06464285403490067,0.07571428269147873
192,2.64119291305542,2.64107084274292,0.06839285790920258,0.0714285746216774
193,2.6411592960357666,2.6410343647003174,0.06767857074737549,0.0714285746216774
194,2.641151189804077,2.6410226821899414,0.06660714000463486,0.0714285746216774
195,2.641119956970215,2.641005277633667,0.06750000268220901,0.0714285746216774
196,2.6410980224609375,2.640979051589966,0.06446428596973419,0.07285714149475098
197,2.641110897064209,2.6409671306610107,0.0669642835855484,0.0714285746216774
198,2.6410739421844482,2.6409566402435303,0.06446428596973419,0.0714285746216774
199,2.6410725116729736,2.6409380435943604,0.06892856955528259,0.0714285746216774
200,2.6410388946533203,2.640932321548462,0.07107143104076385,0.0714285746216774
201,2.641068696975708,2.640923261642456,0.06642857193946838,0.0714285746216774
202,2.6410422325134277,2.6409220695495605,0.06339285522699356,0.0771428570151329
203,2.64103102684021,2.6409010887145996,0.06678571552038193,0.0714285746216774
204,2.6410133838653564,2.6409130096435547,0.06910714507102966,0.0714285746216774
205,2.641017436981201,2.6408958435058594,0.06714285910129547,0.0714285746216774
206,2.640979528427124,2.640889883041382,0.05999999865889549,0.0714285746216774
207,2.6409788131713867,2.640864849090576,0.06160714104771614,0.07571428269147873
208,2.6409475803375244,2.6408517360687256,0.0637499988079071,0.0714285746216774
209,2.6409573554992676,2.6408302783966064,0.06053571403026581,0.0714285746216774
210,2.6409494876861572,2.6408188343048096,0.06464285403490067,0.0714285746216774
211,2.640944480895996,2.640800714492798,0.06839285790920258,0.0714285746216774
212,2.640923261642456,2.64078426361084,0.06517857313156128,0.0714285746216774
213,2.64092755317688,2.6407787799835205,0.062142856419086456,0.07285714149475098
214,2.640896797180176,2.640773057937622,0.06982143223285675,0.0714285746216774
215,2.64088773727417,2.6407530307769775,0.06428571790456772,0.0714285746216774
216,2.640875816345215,2.6407463550567627,0.06750000268220901,0.07285714149475098
217,2.6408910751342773,2.640756368637085,0.06428571790456772,0.0714285746216774
218,2.6408472061157227,2.6407625675201416,0.06607142835855484,0.0714285746216774
219,2.640857458114624,2.640752077102661,0.06053571403026581,0.0714285746216774
220,2.6408371925354004,2.6407546997070312,0.06910714507102966,0.0714285746216774
221,2.640807867050171,2.6407382488250732,0.06714285910129547,0.0714285746216774
222,2.6408302783966064,2.6407182216644287,0.06678571552038193,0.07571428269147873
223,2.6407907009124756,2.6407179832458496,0.0694642886519432,0.0714285746216774
224,2.640789031982422,2.640699625015259,0.06714285910129547,0.0714285746216774
225,2.6407907009124756,2.640686273574829,0.06160714104771614,0.0714285746216774
226,2.640763521194458,2.6406848430633545,0.060178570449352264,0.07000000029802322
227,2.640768051147461,2.640711784362793,0.0682142823934555,0.0714285746216774
228,2.6407482624053955,2.640686273574829,0.06446428596973419,0.0771428570151329
229,2.640744924545288,2.640662908554077,0.06642857193946838,0.0714285746216774
230,2.640753746032715,2.640652894973755,0.0694642886519432,0.0714285746216774
231,2.6407482624053955,2.6406490802764893,0.06642857193946838,0.0714285746216774
232,2.640728235244751,2.6406447887420654,0.06624999642372131,0.0714285746216774
233,2.6407148838043213,2.6406171321868896,0.0637499988079071,0.0714285746216774
234,2.640709400177002,2.6406006813049316,0.06339285522699356,0.0714285746216774
235,2.640683174133301,2.6405868530273438,0.06767857074737549,0.0714285746216774
236,2.6406829357147217,2.6405766010284424,0.06714285910129547,0.0714285746216774
237,2.6406641006469727,2.640566349029541,0.07071428745985031,0.07000000029802322
238,2.6406826972961426,2.6405725479125977,0.06410714238882065,0.0714285746216774
239,2.6406569480895996,2.6405704021453857,0.0694642886519432,0.0714285746216774
240,2.6406564712524414,2.6405627727508545,0.06642857193946838,0.0714285746216774
241,2.640653610229492,2.640536069869995,0.06928571313619614,0.0714285746216774
242,2.6406586170196533,2.6405251026153564,0.06678571552038193,0.0714285746216774
243,2.6406781673431396,2.6405134201049805,0.05964285880327225,0.0714285746216774
244,2.6406290531158447,2.6404922008514404,0.06428571790456772,0.0714285746216774
245,2.6406445503234863,2.640490770339966,0.06607142835855484,0.07000000029802322
246,2.640627145767212,2.6404850482940674,0.06482142955064774,0.07285714149475098
247,2.6405904293060303,2.6404836177825928,0.06732142716646194,0.0714285746216774
248,2.640587329864502,2.6404736042022705,0.061964284628629684,0.07000000029802322
249,2.640585422515869,2.6404616832733154,0.06624999642372131,0.07571428269147873
