,loss,val_loss,accuracy,val_accuracy
0,2.7071566581726074,2.705824613571167,0.07839285582304001,0.05999999865889549
1,2.70463490486145,2.7034597396850586,0.07339286059141159,0.08285713940858841
2,2.702733039855957,2.7014474868774414,0.0714285746216774,0.08285713940858841
3,2.7000653743743896,2.699314832687378,0.07535714656114578,0.08428571373224258
4,2.698686122894287,2.6974563598632812,0.07089285552501678,0.07428571581840515
5,2.696841239929199,2.695702314376831,0.06892856955528259,0.07428571581840515
6,2.695587396621704,2.6941843032836914,0.06535714119672775,0.08142857253551483
7,2.694516897201538,2.692828416824341,0.06750000268220901,0.08428571373224258
8,2.6922073364257812,2.6913068294525146,0.07124999910593033,0.07999999821186066
9,2.6914546489715576,2.689995765686035,0.0682142823934555,0.07428571581840515
10,2.689809799194336,2.6886322498321533,0.07321428507566452,0.0714285746216774
11,2.6889498233795166,2.687415361404419,0.07035714387893677,0.06857142597436905
12,2.6871209144592285,2.6860764026641846,0.07321428507566452,0.07285714149475098
13,2.68636155128479,2.6850414276123047,0.07303571701049805,0.07000000029802322
14,2.6851377487182617,2.6838743686676025,0.07500000298023224,0.07285714149475098
15,2.683199167251587,2.6826364994049072,0.07500000298023224,0.07285714149475098
16,2.6818628311157227,2.6814115047454834,0.07678571343421936,0.0714285746216774
17,2.682490825653076,2.6805293560028076,0.07642856985330582,0.07000000029802322
18,2.6804726123809814,2.679468870162964,0.07732142508029938,0.07857143133878708
19,2.6798810958862305,2.6785457134246826,0.07124999910593033,0.07857143133878708
20,2.6789486408233643,2.677644968032837,0.07285714149475098,0.07857143133878708
21,2.678069829940796,2.6768252849578857,0.07089285552501678,0.08285713940858841
22,2.6782596111297607,2.6760756969451904,0.07625000178813934,0.07999999821186066
23,2.6760594844818115,2.6751890182495117,0.07232142984867096,0.07571428269147873
24,2.6757020950317383,2.6744415760040283,0.07000000029802322,0.07857143133878708
25,2.6749799251556396,2.673672676086426,0.07089285552501678,0.07571428269147873
26,2.6745660305023193,2.672966957092285,0.07214285433292389,0.0771428570151329
27,2.6735334396362305,2.672208547592163,0.07035714387893677,0.07999999821186066
28,2.6726133823394775,2.6715476512908936,0.07553571462631226,0.07571428269147873
29,2.6720528602600098,2.6708595752716064,0.07249999791383743,0.07428571581840515
30,2.669416904449463,2.6699540615081787,0.08339285850524902,0.07428571581840515
31,2.671426296234131,2.669372320175171,0.07053571194410324,0.08142857253551483
32,2.670438528060913,2.6687824726104736,0.07946428656578064,0.08285713940858841
33,2.670987844467163,2.668339967727661,0.0746428593993187,0.08142857253551483
34,2.66925311088562,2.667764663696289,0.07374999672174454,0.0771428570151329
35,2.6675450801849365,2.6670873165130615,0.0726785734295845,0.0771428570151329
36,2.6681599617004395,2.6665585041046143,0.07303571701049805,0.08142857253551483
37,2.667304754257202,2.665996789932251,0.0758928582072258,0.07571428269147873
38,2.6659297943115234,2.6654751300811768,0.07374999672174454,0.07428571581840515
39,2.665477991104126,2.6648032665252686,0.07446428388357162,0.08142857253551483
40,2.6655030250549316,2.6643226146698,0.07874999940395355,0.0714285746216774
41,2.665977716445923,2.663895845413208,0.07089285552501678,0.07000000029802322
42,2.6650304794311523,2.6633524894714355,0.07571428269147873,0.0714285746216774
43,2.6642262935638428,2.6628687381744385,0.07500000298023224,0.0771428570151329
44,2.6647768020629883,2.6624181270599365,0.07374999672174454,0.0771428570151329
45,2.6641294956207275,2.66196870803833,0.07303571701049805,0.08142857253551483
46,2.663109302520752,2.661529302597046,0.07374999672174454,0.07999999821186066
47,2.6615936756134033,2.6610794067382812,0.0682142823934555,0.07857143133878708
48,2.664114236831665,2.6607770919799805,0.07249999791383743,0.08285713940858841
49,2.663059949874878,2.6604533195495605,0.07571428269147873,0.07428571581840515
50,2.6615071296691895,2.65999436378479,0.07124999910593033,0.07857143133878708
51,2.6590559482574463,2.659207820892334,0.07232142984867096,0.09000000357627869
52,2.6605827808380127,2.6588966846466064,0.07482142746448517,0.09000000357627869
53,2.659787178039551,2.658381223678589,0.07625000178813934,0.09285714477300644
54,2.6592161655426025,2.657982349395752,0.0791071429848671,0.1014285683631897
55,2.657609701156616,2.6572506427764893,0.07874999940395355,0.09714286029338837
56,2.657809257507324,2.6567537784576416,0.08303571492433548,0.10857142508029938
57,2.6583173274993896,2.6563730239868164,0.08017857372760773,0.10285714268684387
58,2.653247356414795,2.655472993850708,0.08410714566707611,0.10000000149011612
59,2.657197952270508,2.65520977973938,0.07874999940395355,0.09857142716646194
60,2.6546449661254883,2.6547069549560547,0.08285713940858841,0.08714285492897034
61,2.6549015045166016,2.654148817062378,0.0803571417927742,0.08857142925262451
62,2.656266689300537,2.6537046432495117,0.07982143014669418,0.09428571164608002
63,2.654754877090454,2.6532833576202393,0.07410714030265808,0.08714285492897034
64,2.6543047428131104,2.652606248855591,0.08232142776250839,0.09714286029338837
65,2.6520185470581055,2.6518847942352295,0.08107142895460129,0.09571428596973419
66,2.6558403968811035,2.6519975662231445,0.0758928582072258,0.08571428805589676
67,2.6515748500823975,2.651146650314331,0.07928571105003357,0.08571428805589676
68,2.650019645690918,2.6503045558929443,0.08375000208616257,0.09142857044935226
69,2.651597738265991,2.649677038192749,0.08714285492897034,0.09571428596973419
70,2.649871587753296,2.6490838527679443,0.08749999850988388,0.09428571164608002
71,2.651183605194092,2.6487514972686768,0.08660714328289032,0.10428571701049805
72,2.6500954627990723,2.6481375694274902,0.08392857015132904,0.1014285683631897
73,2.6468324661254883,2.6472179889678955,0.0892857164144516,0.10000000149011612
74,2.6493494510650635,2.646838903427124,0.0880357176065445,0.09714286029338837
75,2.646014928817749,2.6457908153533936,0.08749999850988388,0.09857142716646194
76,2.6468749046325684,2.6450977325439453,0.09017857164144516,0.1014285683631897
77,2.6456358432769775,2.644413471221924,0.08910714089870453,0.09571428596973419
78,2.6414270401000977,2.64314603805542,0.09857142716646194,0.10428571701049805
79,2.645158529281616,2.64285945892334,0.09428571164608002,0.1071428582072258
80,2.645754337310791,2.6426022052764893,0.09357143193483353,0.1071428582072258
81,2.642599582672119,2.641324758529663,0.10125000029802322,0.10571428388357162
82,2.645930290222168,2.641329288482666,0.09392856806516647,0.10571428388357162
83,2.6435623168945312,2.64046311378479,0.10232143104076385,0.10571428388357162
84,2.643871307373047,2.6401875019073486,0.09535714238882065,0.10285714268684387
85,2.64397931098938,2.6397125720977783,0.09035713970661163,0.1014285683631897
86,2.643869638442993,2.6393721103668213,0.1007142886519432,0.10285714268684387
87,2.6405909061431885,2.638317823410034,0.09482143074274063,0.10000000149011612
88,2.6408958435058594,2.6378259658813477,0.09875000268220901,0.1014285683631897
89,2.6385273933410645,2.6365387439727783,0.1014285683631897,0.10000000149011612
90,2.637901544570923,2.635786771774292,0.0969642847776413,0.1014285683631897
91,2.6397879123687744,2.6357390880584717,0.09482143074274063,0.10428571701049805
92,2.6390345096588135,2.6349642276763916,0.09392856806516647,0.1014285683631897
93,2.63927960395813,2.634690999984741,0.09196428209543228,0.10285714268684387
94,2.639108419418335,2.6341664791107178,0.09982142597436905,0.1071428582072258
95,2.637604236602783,2.6331610679626465,0.09660714119672775,0.10428571701049805
96,2.637070894241333,2.632944107055664,0.0860714316368103,0.10428571701049805
97,2.637315511703491,2.6323301792144775,0.10339285433292389,0.11142857372760773
98,2.6351146697998047,2.631366729736328,0.10000000149011612,0.1128571406006813
99,2.6319568157196045,2.6300833225250244,0.09910714626312256,0.1128571406006813
100,2.6357975006103516,2.6305861473083496,0.10196428745985031,0.11142857372760773
101,2.6368744373321533,2.6304752826690674,0.09321428835391998,0.1128571406006813
102,2.635836362838745,2.630375862121582,0.10017856955528259,0.10999999940395355
103,2.6322925090789795,2.6288373470306396,0.0982142835855484,0.1128571406006813
104,2.6345393657684326,2.6284468173980713,0.09928571432828903,0.1128571406006813
105,2.6348695755004883,2.6285336017608643,0.09857142716646194,0.11142857372760773
106,2.63215970993042,2.6274898052215576,0.10053571313619614,0.11714285612106323
107,2.6303675174713135,2.62640380859375,0.10410714149475098,0.11571428924798965
108,2.6328794956207275,2.6266167163848877,0.09785714000463486,0.11428571492433548
109,2.6315786838531494,2.626103162765503,0.0994642823934555,0.11571428924798965
110,2.6285314559936523,2.6250500679016113,0.10017856955528259,0.11857143044471741
111,2.629934787750244,2.624572515487671,0.09482143074274063,0.11714285612106323
112,2.627870559692383,2.624141216278076,0.10982143133878708,0.11714285612106323
113,2.63076114654541,2.623598098754883,0.10535714030265808,0.11857143044471741
114,2.630195379257202,2.6237552165985107,0.09982142597436905,0.11999999731779099
115,2.626132011413574,2.6222634315490723,0.10285714268684387,0.11571428924798965
116,2.629441022872925,2.6224772930145264,0.1014285683631897,0.11857143044471741
117,2.6247339248657227,2.6219093799591064,0.10428571701049805,0.11428571492433548
118,2.6271588802337646,2.6212358474731445,0.10660714656114578,0.10999999940395355
119,2.6279425621032715,2.6213762760162354,0.10196428745985031,0.11142857372760773
120,2.6253011226654053,2.6205694675445557,0.1058928593993187,0.1128571406006813
121,2.6257877349853516,2.620572090148926,0.10553571581840515,0.11428571492433548
122,2.6272013187408447,2.6205084323883057,0.10125000029802322,0.11428571492433548
123,2.623520612716675,2.62011456489563,0.10803571343421936,0.11428571492433548
124,2.6234288215637207,2.6187150478363037,0.0994642823934555,0.11142857372760773
125,2.6286568641662598,2.619568109512329,0.09642857313156128,0.11571428924798965
126,2.6222193241119385,2.617692470550537,0.10660714656114578,0.1128571406006813
127,2.6190836429595947,2.6165788173675537,0.10660714656114578,0.10999999940395355
128,2.6216728687286377,2.6162593364715576,0.10517857223749161,0.1128571406006813
129,2.622591257095337,2.616793155670166,0.10446428507566452,0.11428571492433548
130,2.6187963485717773,2.615293264389038,0.10785714536905289,0.11142857372760773
131,2.6222686767578125,2.6152169704437256,0.1058928593993187,0.10999999940395355
132,2.6236140727996826,2.6152098178863525,0.09910714626312256,0.11142857372760773
133,2.6212668418884277,2.6153314113616943,0.09857142716646194,0.1128571406006813
134,2.617957830429077,2.6140501499176025,0.10732142627239227,0.1128571406006813
135,2.6182920932769775,2.6133205890655518,0.11124999821186066,0.10999999940395355
136,2.618464946746826,2.612635612487793,0.1014285683631897,0.11142857372760773
137,2.617882251739502,2.6131021976470947,0.10625000298023224,0.10857142508029938
138,2.6146364212036133,2.612550973892212,0.11410713940858841,0.11428571492433548
139,2.618408679962158,2.6123008728027344,0.1071428582072258,0.11857143044471741
140,2.6180474758148193,2.6116840839385986,0.10750000178813934,0.11428571492433548
141,2.6150903701782227,2.610896348953247,0.10999999940395355,0.1128571406006813
142,2.620386838912964,2.611304521560669,0.10053571313619614,0.1128571406006813
143,2.6154356002807617,2.610597610473633,0.10535714030265808,0.11571428924798965
144,2.6151351928710938,2.61067533493042,0.10446428507566452,0.11428571492433548
145,2.6123385429382324,2.608517646789551,0.10482142865657806,0.11571428924798965
146,2.6160013675689697,2.608415365219116,0.10821428894996643,0.11428571492433548
147,2.6151227951049805,2.608147621154785,0.0994642823934555,0.11857143044471741
148,2.6118009090423584,2.6059410572052,0.10517857223749161,0.11428571492433548
149,2.6113622188568115,2.6061294078826904,0.10857142508029938,0.10857142508029938
150,2.61267352104187,2.6063432693481445,0.10160714387893677,0.1128571406006813
151,2.609218120574951,2.6035687923431396,0.11089285463094711,0.11571428924798965
152,2.6111674308776855,2.604342222213745,0.10821428894996643,0.11714285612106323
153,2.605933666229248,2.603581190109253,0.10892856866121292,0.11857143044471741
154,2.6060733795166016,2.6009514331817627,0.10946428775787354,0.12142857164144516
155,2.607459783554077,2.6026175022125244,0.10607142746448517,0.11999999731779099
156,2.6081418991088867,2.6012659072875977,0.10875000059604645,0.1128571406006813
157,2.603940010070801,2.600368022918701,0.10982143133878708,0.11999999731779099
158,2.6032631397247314,2.5977237224578857,0.11714285612106323,0.12428571283817291
159,2.597522735595703,2.5961532592773438,0.11464285850524902,0.1257142871618271
160,2.6014091968536377,2.597203016281128,0.11142857372760773,0.12142857164144516
161,2.600393533706665,2.595287322998047,0.11214285343885422,0.12142857164144516
162,2.5983002185821533,2.594876527786255,0.10982143133878708,0.1257142871618271
163,2.5997679233551025,2.5941884517669678,0.11678571254014969,0.1257142871618271
164,2.5962276458740234,2.591221809387207,0.1083928570151329,0.12428571283817291
165,2.595886468887329,2.5910067558288574,0.11267857253551483,0.12714286148548126
166,2.5927915573120117,2.587965726852417,0.11625000089406967,0.12857143580913544
167,2.5921311378479004,2.5873196125030518,0.1205357164144516,0.12857143580913544
168,2.5902159214019775,2.5876142978668213,0.11857143044471741,0.12857143580913544
169,2.586080312728882,2.583533525466919,0.12732142210006714,0.1371428519487381
170,2.583031415939331,2.5800859928131104,0.12267857044935226,0.13857142627239227
171,2.5869455337524414,2.5796453952789307,0.12303571403026581,0.14571428298950195
172,2.5807554721832275,2.577550172805786,0.12785714864730835,0.14571428298950195
173,2.5773043632507324,2.5753891468048096,0.12928570806980133,0.14571428298950195
174,2.5753939151763916,2.572889804840088,0.12910714745521545,0.14714285731315613
175,2.5676426887512207,2.5672261714935303,0.12892857193946838,0.14714285731315613
176,2.5723183155059814,2.5679376125335693,0.12303571403026581,0.15000000596046448
177,2.564605712890625,2.563896656036377,0.1294642835855484,0.1542857140302658
178,2.562258005142212,2.561089038848877,0.13535714149475098,0.15857142210006714
179,2.557980537414551,2.557851552963257,0.14071428775787354,0.1599999964237213
180,2.554877996444702,2.552131414413452,0.14321428537368774,0.16571427881717682
181,2.5511512756347656,2.5448720455169678,0.14303570985794067,0.16571427881717682
182,2.546034097671509,2.5412545204162598,0.14178571105003357,0.16428571939468384
183,2.5389370918273926,2.5379512310028076,0.1530357152223587,0.16428571939468384
184,2.5351336002349854,2.53190279006958,0.14749999344348907,0.17000000178813934
185,2.5358452796936035,2.5299441814422607,0.14446428418159485,0.17000000178813934
186,2.52573823928833,2.5228629112243652,0.15392857789993286,0.16857142746448517
187,2.5207929611206055,2.5168936252593994,0.15625,0.167142853140831
188,2.511089563369751,2.509885311126709,0.1594642847776413,0.16857142746448517
189,2.511061668395996,2.5024852752685547,0.16107143461704254,0.17142857611179352
190,2.499065399169922,2.4956512451171875,0.16017857193946838,0.17428570985794067
191,2.502131223678589,2.4898836612701416,0.16214285790920258,0.17428570985794067
192,2.492800235748291,2.4881651401519775,0.16607142984867096,0.18142856657505035
193,2.48764967918396,2.474705219268799,0.16357143223285675,0.17714285850524902
194,2.47579288482666,2.467242956161499,0.1701785773038864,0.18142856657505035
195,2.471284866333008,2.462597608566284,0.1701785773038864,0.18000000715255737
196,2.463080644607544,2.4512126445770264,0.1748214215040207,0.1899999976158142
197,2.452267646789551,2.447484254837036,0.17553570866584778,0.18571428954601288
198,2.4440691471099854,2.4333956241607666,0.17321428656578064,0.19142857193946838
199,2.4367291927337646,2.427919626235962,0.17589285969734192,0.1899999976158142
200,2.43448805809021,2.420278310775757,0.17374999821186066,0.18571428954601288
201,2.4239494800567627,2.4162778854370117,0.17464286088943481,0.1842857152223587
202,2.4194040298461914,2.4009392261505127,0.17428570985794067,0.19571428000926971
203,2.4079785346984863,2.399319887161255,0.17553570866584778,0.18142856657505035
204,2.4038686752319336,2.3902175426483154,0.18214285373687744,0.18857142329216003
205,2.405116319656372,2.3800270557403564,0.18267856538295746,0.19571428000926971
206,2.3951964378356934,2.3722362518310547,0.18000000715255737,0.18714286386966705
207,2.385096549987793,2.3645780086517334,0.176607146859169,0.2014285773038864
208,2.3764572143554688,2.3553831577301025,0.18410713970661163,0.19857142865657806
209,2.37005352973938,2.3528671264648438,0.18732142448425293,0.20000000298023224
210,2.3613979816436768,2.3456830978393555,0.1837500035762787,0.19571428000926971
211,2.358065605163574,2.3342669010162354,0.1850000023841858,0.1971428543329239
212,2.3437154293060303,2.331319808959961,0.1862500011920929,0.18571428954601288
213,2.3397610187530518,2.317492961883545,0.19249999523162842,0.1971428543329239
214,2.3296213150024414,2.311619520187378,0.19732142984867096,0.19285714626312256
215,2.3210089206695557,2.3070812225341797,0.19589285552501678,0.2014285773038864
216,2.321165084838867,2.297434091567993,0.1951785683631897,0.2014285773038864
217,2.3065850734710693,2.2860658168792725,0.1912499964237213,0.20571428537368774
218,2.290937662124634,2.275913953781128,0.20303571224212646,0.21142856776714325
219,2.2958288192749023,2.269385576248169,0.2021428644657135,0.20999999344348907
220,2.2826242446899414,2.2594003677368164,0.20000000298023224,0.21571429073810577
221,2.282215118408203,2.256129026412964,0.20321428775787354,0.21714285016059875
222,2.265399694442749,2.2463018894195557,0.2033928632736206,0.20999999344348907
223,2.254931688308716,2.2327096462249756,0.20499999821186066,0.21285714209079742
224,2.2522330284118652,2.229675531387329,0.20803570747375488,0.2142857164144516
225,2.2433724403381348,2.214582681655884,0.21375000476837158,0.2257142812013626
226,2.2358949184417725,2.209810495376587,0.20821428298950195,0.23571428656578064
227,2.2269392013549805,2.1998085975646973,0.20696428418159485,0.2314285784959793
228,2.227653741836548,2.190265655517578,0.22089286148548126,0.23428571224212646
229,2.2230920791625977,2.1879281997680664,0.20839285850524902,0.2442857176065445
230,2.206789255142212,2.1742970943450928,0.21696428954601288,0.238571435213089
231,2.1925573348999023,2.170971155166626,0.22785714268684387,0.24285714328289032
232,2.190138101577759,2.1593401432037354,0.2130357176065445,0.2442857176065445
233,2.172548770904541,2.153972864151001,0.22410714626312256,0.24714285135269165
234,2.170513391494751,2.149681568145752,0.22821427881717682,0.25857141613960266
235,2.159393548965454,2.1312496662139893,0.23178571462631226,0.2628571391105652
236,2.1461191177368164,2.131746292114258,0.23357142508029938,0.26571428775787354
237,2.1520893573760986,2.1128406524658203,0.22607143223285675,0.2671428620815277
238,2.1480894088745117,2.112839937210083,0.22910714149475098,0.2785714268684387
239,2.127880334854126,2.102433919906616,0.23946428298950195,0.2800000011920929
240,2.120567560195923,2.0950067043304443,0.22982142865657806,0.2842857241630554
241,2.119725227355957,2.081573724746704,0.23392857611179352,0.2800000011920929
242,2.1058053970336914,2.072465658187866,0.2321428507566452,0.2871428430080414
243,2.0943071842193604,2.067690134048462,0.2360714226961136,0.2914285659790039
244,2.089054584503174,2.053692102432251,0.2430357187986374,0.28999999165534973
245,2.084820032119751,2.0481860637664795,0.24696429073810577,0.31142857670783997
246,2.072127342224121,2.03800368309021,0.24017857015132904,0.2971428632736206
247,2.06246018409729,2.0319082736968994,0.24982142448425293,0.29428571462631226
248,2.0574073791503906,2.031918525695801,0.2467857152223587,0.30000001192092896
249,2.044543981552124,2.016234874725342,0.25535714626312256,0.31142857670783997
