,loss,val_loss,accuracy,val_accuracy
0,2.668656349182129,2.6509768962860107,0.06892856955528259,0.0714285746216774
1,2.644726037979126,2.6004064083099365,0.08232142776250839,0.10571428388357162
2,2.1208436489105225,1.6979414224624634,0.24160714447498322,0.3742857277393341
3,1.3065080642700195,1.1247106790542603,0.5476785898208618,0.6271428465843201
4,0.7380071878433228,0.7856462597846985,0.7753571271896362,0.7857142686843872
5,0.35072776675224304,0.5798274278640747,0.916607141494751,0.8500000238418579
6,0.18653306365013123,0.6420214772224426,0.9557142853736877,0.8442857265472412
7,0.12104113399982452,0.6170440316200256,0.9712499976158142,0.8485714197158813
8,0.07566452771425247,0.7090489268302917,0.9848214387893677,0.8299999833106995
9,0.05740567669272423,0.6726559996604919,0.9885714054107666,0.8528571724891663
10,0.05118190869688988,0.655442476272583,0.9903571605682373,0.8428571224212646
11,0.03301635757088661,0.6406835913658142,0.9930357336997986,0.8628571629524231
12,0.021380899474024773,0.6635004878044128,0.9966071248054504,0.8571428656578064
13,0.01715552993118763,0.7316379547119141,0.9971428513526917,0.8442857265472412
14,0.011266772635281086,0.7041992545127869,0.9989285469055176,0.8500000238418579
15,0.00804133340716362,0.8077332377433777,0.9991071224212646,0.8428571224212646
16,0.007973848842084408,0.7674933075904846,0.9992856979370117,0.8528571724891663
17,0.006058841478079557,0.8024611473083496,0.9992856979370117,0.8485714197158813
18,0.004927303642034531,0.7644510269165039,0.9996428489685059,0.845714271068573
19,0.005772408563643694,0.845766544342041,0.9989285469055176,0.8485714197158813
20,0.0038149317260831594,0.8140976428985596,0.9998214244842529,0.8485714197158813
21,0.004824039526283741,0.8895573019981384,0.9994642734527588,0.8471428751945496
22,0.009430770762264729,0.8925161361694336,0.9982143044471741,0.8328571319580078
23,0.016613103449344635,0.6990394592285156,0.9966071248054504,0.8671428561210632
24,0.03804082050919533,0.7692467570304871,0.9903571605682373,0.8471428751945496
25,0.028806084766983986,0.7318678498268127,0.9937499761581421,0.8442857265472412
26,0.020989565178751945,0.7878851294517517,0.9951785802841187,0.8500000238418579
27,0.0652567446231842,0.684668242931366,0.983214259147644,0.8557142615318298
28,0.027988167479634285,0.7072263360023499,0.9939285516738892,0.8485714197158813
29,0.013457163237035275,0.7415370941162109,0.9971428513526917,0.8628571629524231
30,0.007725867442786694,0.8303680419921875,0.9987499713897705,0.8471428751945496
31,0.004890529438853264,0.7806968092918396,0.9987499713897705,0.854285717010498
32,0.003033451735973358,0.7965356707572937,0.9996428489685059,0.854285717010498
33,0.005012555979192257,0.8585659861564636,0.9991071224212646,0.8471428751945496
34,0.0021899694111198187,0.795358419418335,0.9996428489685059,0.8600000143051147
35,0.0011504741851240396,0.7941448092460632,1.0,0.8628571629524231
36,0.0009895740076899529,0.8031578063964844,1.0,0.8614285588264465
37,0.0008867540745995939,0.806789219379425,1.0,0.8628571629524231
38,0.000809331948403269,0.8124576210975647,1.0,0.8585714101791382
39,0.0007449820404872298,0.8179715275764465,1.0,0.8585714101791382
40,0.0006910145748406649,0.8234114050865173,1.0,0.8600000143051147
41,0.000643656007014215,0.829395055770874,1.0,0.8585714101791382
42,0.0006028465577401221,0.8349292874336243,1.0,0.8585714101791382
43,0.0005661949398927391,0.8402569890022278,1.0,0.8585714101791382
44,0.0005327595863491297,0.8459647297859192,1.0,0.8571428656578064
45,0.0005033169290982187,0.8510928153991699,1.0,0.8571428656578064
46,0.000476269779028371,0.8561642169952393,1.0,0.8557142615318298
47,0.00045150521327741444,0.8614605069160461,1.0,0.8557142615318298
48,0.0004292602534405887,0.8666194081306458,1.0,0.8557142615318298
49,0.00040805814205668867,0.8718258738517761,1.0,0.8557142615318298
50,0.0003886334889102727,0.8770780563354492,1.0,0.854285717010498
51,0.0003710533201228827,0.8826706409454346,1.0,0.854285717010498
52,0.0003542958584148437,0.8881732821464539,1.0,0.8557142615318298
53,0.0003386453608982265,0.8934247493743896,1.0,0.8571428656578064
54,0.0003240126243326813,0.8986777663230896,1.0,0.8571428656578064
55,0.0003105174982920289,0.9039397239685059,1.0,0.8571428656578064
56,0.000297737104119733,0.9089231491088867,1.0,0.8571428656578064
57,0.0002858577063307166,0.9138267040252686,1.0,0.8585714101791382
58,0.00027448550099506974,0.9186882972717285,1.0,0.8585714101791382
59,0.00026390436687506735,0.9230563044548035,1.0,0.8585714101791382
60,0.00025390254450030625,0.9276073575019836,1.0,0.8585714101791382
61,0.0002442927798256278,0.9321301579475403,1.0,0.8585714101791382
62,0.00023529828467871994,0.9364655017852783,1.0,0.8585714101791382
63,0.00022671007900498807,0.9407617449760437,1.0,0.8585714101791382
64,0.00021848782489541918,0.9448360800743103,1.0,0.8600000143051147
65,0.00021084360196255147,0.9491353034973145,1.0,0.8600000143051147
66,0.00020342585048638284,0.9532248377799988,1.0,0.8600000143051147
67,0.0001964331022463739,0.9572577476501465,1.0,0.8600000143051147
68,0.0001897767069749534,0.9613537788391113,1.0,0.8600000143051147
69,0.0001833055284805596,0.9654202461242676,1.0,0.8600000143051147
70,0.00017721051699481905,0.9693741202354431,1.0,0.8600000143051147
71,0.00017141184071078897,0.9734702110290527,1.0,0.8585714101791382
72,0.0001658565306570381,0.9772419929504395,1.0,0.8585714101791382
73,0.00016042600327637047,0.9812456965446472,1.0,0.8571428656578064
74,0.00015528946823906153,0.9851114153862,1.0,0.8571428656578064
75,0.00015045936743263155,0.9889349937438965,1.0,0.8571428656578064
76,0.00014575320528820157,0.9925532341003418,1.0,0.8585714101791382
77,0.0001411679113516584,0.9963175654411316,1.0,0.8585714101791382
78,0.00013682086137123406,0.999961793422699,1.0,0.8585714101791382
79,0.00013269735791254789,1.0036207437515259,1.0,0.8585714101791382
80,0.0001287331251660362,1.00731360912323,1.0,0.8585714101791382
81,0.00012491446977946907,1.0105563402175903,1.0,0.8585714101791382
82,0.00012115335994167253,1.0141128301620483,1.0,0.8585714101791382
83,0.00011762686335714534,1.017593264579773,1.0,0.8585714101791382
84,0.00011414907203288749,1.0211881399154663,1.0,0.8585714101791382
85,0.0001109716176870279,1.0246031284332275,1.0,0.8585714101791382
86,0.00010770330845844,1.0281789302825928,1.0,0.8585714101791382
87,0.00010460901103215292,1.0315693616867065,1.0,0.8585714101791382
88,0.00010164682316826656,1.035150408744812,1.0,0.8571428656578064
89,9.87813327810727e-05,1.0386501550674438,1.0,0.8585714101791382
90,9.609351400285959e-05,1.0421700477600098,1.0,0.8585714101791382
91,9.338112431578338e-05,1.0456715822219849,1.0,0.8585714101791382
92,9.087935904972255e-05,1.0491607189178467,1.0,0.8585714101791382
93,8.829164289636537e-05,1.052778720855713,1.0,0.8585714101791382
94,8.592588710598648e-05,1.0562235116958618,1.0,0.8585714101791382
95,8.356426405953243e-05,1.0597294569015503,1.0,0.8585714101791382
96,8.138333214446902e-05,1.0631142854690552,1.0,0.8585714101791382
97,7.915036258054897e-05,1.0663560628890991,1.0,0.8585714101791382
98,7.706716132815927e-05,1.069759726524353,1.0,0.8585714101791382
99,7.503519736928865e-05,1.073111891746521,1.0,0.8585714101791382
100,7.302354788407683e-05,1.076332449913025,1.0,0.8585714101791382
101,7.111677405191585e-05,1.0795825719833374,1.0,0.8585714101791382
102,6.926473724888638e-05,1.0827490091323853,1.0,0.8585714101791382
103,6.747857696609572e-05,1.0860689878463745,1.0,0.8585714101791382
104,6.570400000782683e-05,1.0897055864334106,1.0,0.8585714101791382
105,6.403744191629812e-05,1.0932813882827759,1.0,0.8571428656578064
106,6.241447408683598e-05,1.0966724157333374,1.0,0.8571428656578064
107,6.081401079427451e-05,1.1005152463912964,1.0,0.8585714101791382
108,5.9297137340763584e-05,1.1044145822525024,1.0,0.8585714101791382
109,5.7773824664764106e-05,1.1078099012374878,1.0,0.8585714101791382
110,5.633192995446734e-05,1.1119436025619507,1.0,0.8585714101791382
111,5.491088450071402e-05,1.1154884099960327,1.0,0.8585714101791382
112,5.3503677918342873e-05,1.119100570678711,1.0,0.8585714101791382
113,5.223038897383958e-05,1.1225911378860474,1.0,0.8585714101791382
114,5.090980266686529e-05,1.1259087324142456,1.0,0.8585714101791382
115,4.9658494390314445e-05,1.1296108961105347,1.0,0.8585714101791382
116,4.843280476052314e-05,1.1329790353775024,1.0,0.8585714101791382
117,4.725794860860333e-05,1.1363974809646606,1.0,0.8585714101791382
118,4.610068572219461e-05,1.1396735906600952,1.0,0.8585714101791382
119,4.5032051275484264e-05,1.142979383468628,1.0,0.8585714101791382
120,4.3909265514230356e-05,1.1462856531143188,1.0,0.8585714101791382
121,4.282300142222084e-05,1.1494513750076294,1.0,0.8585714101791382
122,4.182229531579651e-05,1.1525856256484985,1.0,0.8600000143051147
123,4.0823517338139936e-05,1.155772089958191,1.0,0.8614285588264465
124,3.983282658737153e-05,1.158933162689209,1.0,0.8628571629524231
125,3.888499122695066e-05,1.1621922254562378,1.0,0.8614285588264465
126,3.796241435338743e-05,1.1656373739242554,1.0,0.8614285588264465
127,3.70610760001e-05,1.168739676475525,1.0,0.8614285588264465
128,3.619986091507599e-05,1.1722091436386108,1.0,0.8600000143051147
129,3.533283597789705e-05,1.1755633354187012,1.0,0.8600000143051147
130,3.449634459684603e-05,1.1790200471878052,1.0,0.8600000143051147
131,3.370564081706107e-05,1.1825319528579712,1.0,0.8600000143051147
132,3.288665539002977e-05,1.18600594997406,1.0,0.8600000143051147
133,3.2148334867088124e-05,1.195122241973877,1.0,0.8585714101791382
134,3.1415707780979574e-05,1.2008352279663086,1.0,0.8571428656578064
135,3.063005715375766e-05,1.2055517435073853,1.0,0.8571428656578064
136,2.9940578315290622e-05,1.2095532417297363,1.0,0.8571428656578064
137,2.927223795268219e-05,1.213410496711731,1.0,0.8571428656578064
138,2.8588554414454848e-05,1.217298150062561,1.0,0.8571428656578064
139,2.7932144803344272e-05,1.2210248708724976,1.0,0.8571428656578064
140,2.72848174063256e-05,1.2244994640350342,1.0,0.8571428656578064
141,2.6663870812626556e-05,1.228005290031433,1.0,0.8571428656578064
142,2.6064994017360732e-05,1.231125831604004,1.0,0.8571428656578064
143,2.5465949875069782e-05,1.2344733476638794,1.0,0.8571428656578064
144,2.4891278371796943e-05,1.2376140356063843,1.0,0.8571428656578064
145,2.4328712243004702e-05,1.2407482862472534,1.0,0.8571428656578064
146,2.3776294256094843e-05,1.2438627481460571,1.0,0.8571428656578064
147,2.3239123038365506e-05,1.2467838525772095,1.0,0.8571428656578064
148,2.2719746993971057e-05,1.2709518671035767,1.0,0.8557142615318298
149,2.2206020730664022e-05,1.2752240896224976,1.0,0.8557142615318298
150,2.1725802071159706e-05,1.2793093919754028,1.0,0.8557142615318298
151,2.1225165255600587e-05,1.2825087308883667,1.0,0.8557142615318298
152,2.0753943317686208e-05,1.2857937812805176,1.0,0.8557142615318298
153,2.029882489296142e-05,1.28867769241333,1.0,0.8557142615318298
154,1.9843801055685617e-05,1.2917643785476685,1.0,0.8557142615318298
155,1.941360460477881e-05,1.2946946620941162,1.0,0.8557142615318298
156,1.8980996173922904e-05,1.2976166009902954,1.0,0.8557142615318298
157,1.8568181985756382e-05,1.3005728721618652,1.0,0.8557142615318298
158,1.816768963180948e-05,1.3034710884094238,1.0,0.854285717010498
159,1.7764101357897744e-05,1.3063000440597534,1.0,0.854285717010498
160,1.736703961796593e-05,1.3092294931411743,1.0,0.854285717010498
161,1.6989863070193678e-05,1.3120402097702026,1.0,0.8528571724891663
162,1.6616466382401995e-05,1.3148642778396606,1.0,0.8528571724891663
163,1.626274206500966e-05,1.3176628351211548,1.0,0.8528571724891663
164,1.5903824532870203e-05,1.3204690217971802,1.0,0.8514285683631897
165,1.5562005501124077e-05,1.3232451677322388,1.0,0.8514285683631897
166,1.5232053556246683e-05,1.3259682655334473,1.0,0.8514285683631897
167,1.490520025981823e-05,1.328601598739624,1.0,0.8514285683631897
168,1.4584246855520178e-05,1.331289529800415,1.0,0.8514285683631897
169,1.4271842701418791e-05,1.33395516872406,1.0,0.8514285683631897
170,1.39705171022797e-05,1.3365572690963745,1.0,0.8514285683631897
171,1.3676384696736932e-05,1.3390611410140991,1.0,0.8514285683631897
172,1.3383096302277409e-05,1.3414734601974487,1.0,0.8514285683631897
173,1.3107456652505789e-05,1.3437714576721191,1.0,0.8514285683631897
174,1.2820953088521492e-05,1.3459619283676147,1.0,0.8514285683631897
175,1.255383267562138e-05,1.3481249809265137,1.0,0.8514285683631897
176,1.2292774954403285e-05,1.350213646888733,1.0,0.8514285683631897
177,1.2033429811708629e-05,1.3522953987121582,1.0,0.8514285683631897
178,1.178376805910375e-05,1.3544491529464722,1.0,0.8514285683631897
179,1.1538306353031658e-05,1.3563677072525024,1.0,0.8514285683631897
180,1.129318025050452e-05,1.358522891998291,1.0,0.8514285683631897
181,1.1065124454034958e-05,1.3604803085327148,1.0,0.8514285683631897
182,1.0834843124030158e-05,1.3625799417495728,1.0,0.8500000238418579
183,1.0617073712637648e-05,1.3647822141647339,1.0,0.8500000238418579
184,1.0389776434749365e-05,1.3667458295822144,1.0,0.8500000238418579
185,1.0183765880356077e-05,1.3688240051269531,1.0,0.8500000238418579
186,9.977749868994579e-06,1.3709205389022827,1.0,0.8514285683631897
187,9.768507879925892e-06,1.3729535341262817,1.0,0.8514285683631897
188,9.576669981470332e-06,1.3749117851257324,1.0,0.8514285683631897
189,9.379457878821995e-06,1.3768082857131958,1.0,0.8514285683631897
190,9.19788726605475e-06,1.3784756660461426,1.0,0.8514285683631897
191,9.009637324197683e-06,1.3801751136779785,1.0,0.8514285683631897
192,8.82278891367605e-06,1.3820371627807617,1.0,0.8514285683631897
193,8.648498805996496e-06,1.3838399648666382,1.0,0.8514285683631897
194,8.477908522763755e-06,1.3853765726089478,1.0,0.8514285683631897
195,8.309447366627865e-06,1.3867708444595337,1.0,0.8514285683631897
196,8.143872946675401e-06,1.3871736526489258,1.0,0.8514285683631897
197,7.98578912508674e-06,1.38699209690094,1.0,0.8514285683631897
198,7.828453817637637e-06,1.3866490125656128,1.0,0.8500000238418579
199,7.68007248552749e-06,1.3874603509902954,1.0,0.8514285683631897
200,7.527554771513678e-06,1.3892704248428345,1.0,0.8514285683631897
201,7.380780516541563e-06,1.3914381265640259,1.0,0.8514285683631897
202,7.24073788660462e-06,1.3935679197311401,1.0,0.8514285683631897
203,7.105061285983538e-06,1.3957849740982056,1.0,0.8514285683631897
204,6.95856260790606e-06,1.3979344367980957,1.0,0.8514285683631897
205,6.8319814090500586e-06,1.4001621007919312,1.0,0.8514285683631897
206,6.701350230287062e-06,1.4023704528808594,1.0,0.8514285683631897
207,6.574797225766815e-06,1.404615044593811,1.0,0.8514285683631897
208,6.448738986364333e-06,1.4066730737686157,1.0,0.8514285683631897
209,6.325395588646643e-06,1.4088741540908813,1.0,0.8514285683631897
210,6.205912995937979e-06,1.4111274480819702,1.0,0.8514285683631897
211,6.0907973420398775e-06,1.4133208990097046,1.0,0.8514285683631897
212,5.97873577135033e-06,1.4154276847839355,1.0,0.8514285683631897
213,5.868608241144102e-06,1.4176454544067383,1.0,0.8514285683631897
214,5.762374712503515e-06,1.419836401939392,1.0,0.8514285683631897
215,5.659197540808236e-06,1.4220353364944458,1.0,0.8514285683631897
216,5.557578333537094e-06,1.424272894859314,1.0,0.8514285683631897
217,5.45283364772331e-06,1.4264698028564453,1.0,0.8514285683631897
218,5.35845902049914e-06,1.4286898374557495,1.0,0.8514285683631897
219,5.258096280158497e-06,1.430868148803711,1.0,0.8514285683631897
220,5.167009931028588e-06,1.4331718683242798,1.0,0.8514285683631897
221,5.07643244418432e-06,1.4353771209716797,1.0,0.8514285683631897
222,4.986990461475216e-06,1.43771493434906,1.0,0.8528571724891663
223,4.90013826492941e-06,1.4400525093078613,1.0,0.8528571724891663
224,4.818147317564581e-06,1.4422675371170044,1.0,0.8528571724891663
225,4.733869445772143e-06,1.4447227716445923,1.0,0.8528571724891663
226,4.650382379622897e-06,1.447237491607666,1.0,0.8528571724891663
227,4.569936209009029e-06,1.4497302770614624,1.0,0.8528571724891663
228,4.495685061556287e-06,1.4523016214370728,1.0,0.8514285683631897
229,4.420544883032562e-06,1.4549875259399414,1.0,0.8528571724891663
230,4.342574811744271e-06,1.4575557708740234,1.0,0.854285717010498
231,4.268753855285468e-06,1.4604402780532837,1.0,0.854285717010498
232,4.19849584432086e-06,1.4630435705184937,1.0,0.854285717010498
233,4.129585704504279e-06,1.4655938148498535,1.0,0.8557142615318298
234,4.060605078848312e-06,1.468650221824646,1.0,0.8557142615318298
235,3.994234248239081e-06,1.4716914892196655,1.0,0.8571428656578064
236,3.934827418561326e-06,1.4746054410934448,1.0,0.8571428656578064
237,3.87132104151533e-06,1.4771736860275269,1.0,0.8571428656578064
238,3.810327143582981e-06,1.4795842170715332,1.0,0.8571428656578064
239,3.7522959246416576e-06,1.4817956686019897,1.0,0.8571428656578064
240,3.6913936583005125e-06,1.484212040901184,1.0,0.8571428656578064
241,3.6368562632560497e-06,1.4862326383590698,1.0,0.8557142615318298
242,3.5796927022602176e-06,1.488100528717041,1.0,0.8557142615318298
243,3.5247371670266148e-06,1.489865779876709,1.0,0.8557142615318298
244,3.4713993954937905e-06,1.491636872291565,1.0,0.854285717010498
245,3.417269908823073e-06,1.4629634618759155,1.0,0.8557142615318298
246,3.3658070606179535e-06,1.4649990797042847,1.0,0.8557142615318298
247,3.3164681099151494e-06,1.4673372507095337,1.0,0.8557142615318298
248,3.268385398769169e-06,1.4693588018417358,1.0,0.854285717010498
249,3.221509359718766e-06,1.4714583158493042,1.0,0.854285717010498
