,loss,val_loss,accuracy,val_accuracy
0,2.2178938388824463,1.2729988098144531,0.23874999582767487,0.5542857050895691
1,0.7861238121986389,0.8321003317832947,0.7410714030265808,0.7528571486473083
2,0.2374565601348877,0.823189914226532,0.9264285564422607,0.7828571200370789
3,0.08911430090665817,0.8864849209785461,0.9739285707473755,0.8028571605682373
4,0.04133009538054466,0.9354611039161682,0.9898214340209961,0.8185714483261108
5,0.028379706665873528,0.9910375475883484,0.9937499761581421,0.808571457862854
6,0.022486602887511253,1.150687575340271,0.9958928823471069,0.8057143092155457
7,0.02097552828490734,1.0603498220443726,0.9957143068313599,0.808571457862854
8,0.01345172431319952,1.1568634510040283,0.998035728931427,0.8114285469055176
9,0.010456630028784275,1.1078051328659058,0.9983928799629211,0.808571457862854
10,0.010357809253036976,1.174735426902771,0.9985714554786682,0.8199999928474426
11,0.009027950465679169,1.1961727142333984,0.9987499713897705,0.808571457862854
12,0.007925563491880894,1.2298895120620728,0.9991071224212646,0.8042857050895691
13,0.00764469662681222,1.2152738571166992,0.9992856979370117,0.8171428442001343
14,0.006965918932110071,1.2550948858261108,0.9994642734527588,0.8128571510314941
15,0.0068626622669398785,1.2714413404464722,0.9992856979370117,0.8171428442001343
16,0.006499357055872679,1.3116412162780762,0.9994642734527588,0.8114285469055176
17,0.0061993966810405254,1.3135991096496582,0.9996428489685059,0.8157142996788025
18,0.0060716974548995495,1.3219493627548218,0.9996428489685059,0.8128571510314941
19,0.006044538225978613,1.3219304084777832,0.9996428489685059,0.8100000023841858
20,0.0059686084277927876,1.3330451250076294,0.9996428489685059,0.8100000023841858
21,0.005929798353463411,1.329116940498352,0.9996428489685059,0.808571457862854
22,0.005905823316425085,1.3393354415893555,0.9996428489685059,0.8114285469055176
23,0.005895177833735943,1.3345667123794556,0.9996428489685059,0.8114285469055176
24,0.005859410855919123,1.3493690490722656,0.9996428489685059,0.8128571510314941
25,0.005844437051564455,1.3492412567138672,0.9996428489685059,0.8142856955528259
26,0.005831509362906218,1.3540927171707153,0.9996428489685059,0.8142856955528259
27,0.005820594262331724,1.3532966375350952,0.9996428489685059,0.8142856955528259
28,0.005819992627948523,1.3611907958984375,0.9996428489685059,0.8157142996788025
29,0.005803433246910572,1.3621296882629395,0.9996428489685059,0.8142856955528259
30,0.005799113307148218,1.374356746673584,0.9996428489685059,0.8142856955528259
31,0.005792873911559582,1.3717905282974243,0.9996428489685059,0.8142856955528259
32,0.005786046385765076,1.3783687353134155,0.9996428489685059,0.8142856955528259
33,0.0057856799103319645,1.382535457611084,0.9996428489685059,0.8157142996788025
34,0.005779160652309656,1.3845361471176147,0.9996428489685059,0.8157142996788025
35,0.0057753692381083965,1.3892110586166382,0.9996428489685059,0.8157142996788025
36,0.005773849319666624,1.3878841400146484,0.9996428489685059,0.8157142996788025
37,0.005768787581473589,1.395803451538086,0.9996428489685059,0.8171428442001343
38,0.0057656834833323956,1.3951457738876343,0.9996428489685059,0.8171428442001343
39,0.005763240624219179,1.401877999305725,0.9996428489685059,0.8171428442001343
40,0.005761563312262297,1.401382565498352,0.9996428489685059,0.8171428442001343
41,0.005758922081440687,1.4066752195358276,0.9996428489685059,0.8171428442001343
42,0.00671055493876338,1.4078739881515503,0.9996428489685059,0.8171428442001343
43,0.005755305290222168,1.4121804237365723,0.9996428489685059,0.8171428442001343
44,0.005753850564360619,1.413761019706726,0.9996428489685059,0.8171428442001343
45,0.005752354394644499,1.4176141023635864,0.9996428489685059,0.8185714483261108
46,0.005750237498432398,1.4195128679275513,0.9996428489685059,0.8171428442001343
47,0.005749072413891554,1.419243335723877,0.9996428489685059,0.8199999928474426
48,0.005747898947447538,1.4227250814437866,0.9996428489685059,0.8199999928474426
49,0.005746907088905573,1.4244170188903809,0.9996428489685059,0.8199999928474426
50,0.0057457382790744305,1.4269237518310547,0.9996428489685059,0.8214285969734192
51,0.005744965746998787,1.4305447340011597,0.9996428489685059,0.8185714483261108
52,0.005744679365307093,1.4309163093566895,0.9996428489685059,0.8185714483261108
53,0.005743291694670916,1.4344185590744019,0.9996428489685059,0.8185714483261108
54,0.005742003209888935,1.4342440366744995,0.9996428489685059,0.8171428442001343
55,0.0057414500042796135,1.4394010305404663,0.9996428489685059,0.8171428442001343
56,0.00574084697291255,1.4401006698608398,0.9996428489685059,0.8185714483261108
57,0.005739940330386162,1.441982626914978,0.9996428489685059,0.8199999928474426
58,0.00573971401900053,1.445261001586914,0.9996428489685059,0.8185714483261108
59,0.005738791543990374,1.44476318359375,0.9996428489685059,0.8199999928474426
60,0.005738493520766497,1.4485549926757812,0.9996428489685059,0.8185714483261108
61,0.0057379561476409435,1.4487708806991577,0.9996428489685059,0.8185714483261108
62,0.005737286992371082,1.449144721031189,0.9996428489685059,0.8199999928474426
63,0.00573681341484189,1.4519840478897095,0.9996428489685059,0.8199999928474426
64,0.005736378952860832,1.4545087814331055,0.9996428489685059,0.8199999928474426
65,0.005735958926379681,1.4539361000061035,0.9996428489685059,0.8199999928474426
66,0.005735455546528101,1.4575947523117065,0.9996428489685059,0.8199999928474426
67,0.005735157057642937,1.460419774055481,0.9996428489685059,0.8199999928474426
68,0.005734720733016729,1.4612997770309448,0.9996428489685059,0.8185714483261108
69,0.0057345228269696236,1.4626331329345703,0.9996428489685059,0.8199999928474426
70,0.005734067875891924,1.4631805419921875,0.9996428489685059,0.8199999928474426
71,0.005733935162425041,1.4659940004348755,0.9996428489685059,0.8214285969734192
72,0.005733467638492584,1.468443751335144,0.9996428489685059,0.8214285969734192
73,0.005733106750994921,1.468472957611084,0.9996428489685059,0.8199999928474426
74,0.0057329596020281315,1.4716191291809082,0.9996428489685059,0.8214285969734192
75,0.0057326373644173145,1.4708114862442017,0.9996428489685059,0.8199999928474426
76,0.0057322862558066845,1.4730385541915894,0.9996428489685059,0.8199999928474426
77,0.005732083693146706,1.4755820035934448,0.9996428489685059,0.8214285969734192
78,0.005731851328164339,1.4765528440475464,0.9996428489685059,0.8214285969734192
79,0.005731662735342979,1.4778175354003906,0.9996428489685059,0.8214285969734192
80,0.00573140662163496,1.4787954092025757,0.9996428489685059,0.8199999928474426
81,0.005731198005378246,1.48173189163208,0.9996428489685059,0.8214285969734192
82,0.005730967037379742,1.482622742652893,0.9996428489685059,0.8214285969734192
83,0.005730793345719576,1.484318733215332,0.9996428489685059,0.8214285969734192
84,0.0057305931113660336,1.485200047492981,0.9996428489685059,0.8214285969734192
85,0.005730397533625364,1.488484501838684,0.9996428489685059,0.8214285969734192
86,0.005730283446609974,1.4884177446365356,0.9996428489685059,0.8199999928474426
87,0.00573014048859477,1.4897335767745972,0.9996428489685059,0.8214285969734192
88,0.00572996586561203,1.4894152879714966,0.9996428489685059,0.8199999928474426
89,0.005729776807129383,1.491693139076233,0.9996428489685059,0.8214285969734192
90,0.005729669705033302,1.4921318292617798,0.9996428489685059,0.8214285969734192
91,0.005729476921260357,1.4932403564453125,0.9996428489685059,0.8214285969734192
92,0.005729354918003082,1.4966654777526855,0.9996428489685059,0.8214285969734192
93,0.005729265045374632,1.497355341911316,0.9996428489685059,0.8214285969734192
94,0.005729101598262787,1.4992055892944336,0.9996428489685059,0.8214285969734192
95,0.005728964693844318,1.5005561113357544,0.9996428489685059,0.8214285969734192
96,0.00572884501889348,1.5000600814819336,0.9996428489685059,0.822857141494751
97,0.00572884501889348,1.500644326210022,0.9996428489685059,0.822857141494751
98,0.0057286228984594345,1.5045642852783203,0.9996428489685059,0.822857141494751
99,0.005728546995669603,1.504715919494629,0.9996428489685059,0.8214285969734192
100,0.005728424061089754,1.507378101348877,0.9996428489685059,0.8214285969734192
101,0.005728323943912983,1.5069546699523926,0.9996428489685059,0.8214285969734192
102,0.005728229880332947,1.5073856115341187,0.9996428489685059,0.8214285969734192
103,0.005728139076381922,1.5092458724975586,0.9996428489685059,0.8214285969734192
104,0.005728032905608416,1.5114601850509644,0.9996428489685059,0.8214285969734192
105,0.0057279388420283794,1.5121827125549316,0.9996428489685059,0.8214285969734192
106,0.005727871786803007,1.5121046304702759,0.9996428489685059,0.8214285969734192
107,0.005727855488657951,1.5136059522628784,0.9996428489685059,0.8214285969734192
108,0.005727722775191069,1.516990065574646,0.9996428489685059,0.8214285969734192
109,0.0057276454754173756,1.5167274475097656,0.9996428489685059,0.8214285969734192
110,0.005727588664740324,1.5179551839828491,0.9996428489685059,0.8214285969734192
111,0.005727502517402172,1.5181950330734253,0.9996428489685059,0.8214285969734192
112,0.005727419164031744,1.5207180976867676,0.9996428489685059,0.8214285969734192
113,0.00572738004848361,1.522353172302246,0.9996428489685059,0.8214285969734192
114,0.005727293901145458,1.5227313041687012,0.9996428489685059,0.8214285969734192
115,0.005727237090468407,1.5236188173294067,0.9996428489685059,0.8214285969734192
116,0.0057271914556622505,1.5257816314697266,0.9996428489685059,0.8214285969734192
117,0.00572713278234005,1.52505624294281,0.9996428489685059,0.8214285969734192
118,0.005727102048695087,1.5279483795166016,0.9996428489685059,0.8214285969734192
119,0.005727018695324659,1.5281935930252075,0.9996428489685059,0.8214285969734192
120,0.00572700472548604,1.5290465354919434,0.9996428489685059,0.8214285969734192
121,0.005726929288357496,1.5320545434951782,0.9996428489685059,0.8214285969734192
122,0.0057269008830189705,1.532197117805481,0.9996428489685059,0.8214285969734192
123,0.005726826377213001,1.532116413116455,0.9996428489685059,0.8214285969734192
124,0.005726829171180725,1.534098505973816,0.9996428489685059,0.8214285969734192
125,0.005726760718971491,1.5340479612350464,0.9996428489685059,0.8214285969734192
126,0.005726708099246025,1.5357117652893066,0.9996428489685059,0.8214285969734192
127,0.005726657807826996,1.5368744134902954,0.9996428489685059,0.8214285969734192
128,0.005726633593440056,1.5364881753921509,0.9996428489685059,0.8214285969734192
129,0.005726587492972612,1.5389366149902344,0.9996428489685059,0.8214285969734192
130,0.005726559087634087,1.5400357246398926,0.9996428489685059,0.8199999928474426
131,0.005726514384150505,1.5410966873168945,0.9996428489685059,0.8199999928474426
132,0.005726486444473267,1.5416167974472046,0.9996428489685059,0.8199999928474426
133,0.005726451054215431,1.542579174041748,0.9996428489685059,0.8199999928474426
134,0.005726411938667297,1.543493628501892,0.9996428489685059,0.8199999928474426
135,0.005726411938667297,1.5444697141647339,0.9996428489685059,0.8199999928474426
136,0.00572635792195797,1.545964241027832,0.9996428489685059,0.8199999928474426
137,0.005726325791329145,1.546488642692566,0.9996428489685059,0.8199999928474426
138,0.005726311821490526,1.5482959747314453,0.9996428489685059,0.8199999928474426
139,0.005726272240281105,1.5488096475601196,0.9996428489685059,0.8199999928474426
140,0.005726241040974855,1.5496636629104614,0.9996428489685059,0.8199999928474426
141,0.005726223811507225,1.5501056909561157,0.9996428489685059,0.8199999928474426
142,0.005726206582039595,1.5508899688720703,0.9996428489685059,0.8199999928474426
143,0.005726166535168886,1.5531376600265503,0.9996428489685059,0.8199999928474426
144,0.005726147908717394,1.5544277429580688,0.9996428489685059,0.8199999928474426
145,0.005726119969040155,1.554193139076233,0.9996428489685059,0.8199999928474426
146,0.005726103205233812,1.554789423942566,0.9996428489685059,0.8199999928474426
147,0.005726073402911425,1.5555334091186523,0.9996428489685059,0.8199999928474426
148,0.005726059898734093,1.5573738813400269,0.9996428489685059,0.8199999928474426
149,0.005726043600589037,1.5580285787582397,0.9996428489685059,0.8199999928474426
150,0.005726025905460119,1.5585871934890747,0.9996428489685059,0.8199999928474426
151,0.005726011469960213,1.559708595275879,0.9996428489685059,0.8214285969734192
152,0.005725983064621687,1.560943603515625,0.9996428489685059,0.8214285969734192
153,0.005725960712879896,1.5622119903564453,0.9996428489685059,0.8214285969734192
154,0.005725949537009001,1.563036322593689,0.9996428489685059,0.8214285969734192
155,0.005725930444896221,1.5635875463485718,0.9996428489685059,0.8214285969734192
156,0.005725912284106016,1.5652068853378296,0.9996428489685059,0.8214285969734192
157,0.0057258931919932365,1.566121220588684,0.9996428489685059,0.8214285969734192
158,0.005725881550461054,1.5660735368728638,0.9996428489685059,0.8214285969734192
159,0.005725861992686987,1.5670908689498901,0.9996428489685059,0.8214285969734192
160,0.005725852679461241,1.5683802366256714,0.9996428489685059,0.8214285969734192
161,0.00572583544999361,1.5689295530319214,0.9996428489685059,0.8214285969734192
162,0.005725817289203405,1.5698766708374023,0.9996428489685059,0.8214285969734192
163,0.005725812632590532,1.5715383291244507,0.9996428489685059,0.8199999928474426
164,0.0057257902808487415,1.5718297958374023,0.9996428489685059,0.8199999928474426
165,0.005725782830268145,1.5724987983703613,0.9996428489685059,0.822857141494751
166,0.005725763272494078,1.5747836828231812,0.9996428489685059,0.8214285969734192
167,0.005725759081542492,1.575323224067688,0.9996428489685059,0.8199999928474426
168,0.005725744646042585,1.576096534729004,0.9996428489685059,0.8199999928474426
169,0.005725733935832977,1.5767067670822144,0.9996428489685059,0.8214285969734192
170,0.005725720897316933,1.5766315460205078,0.9996428489685059,0.8214285969734192
171,0.005725708790123463,1.5775837898254395,0.9996428489685059,0.8214285969734192
172,0.006679661106318235,1.5789127349853516,0.9996428489685059,0.822857141494751
173,0.005725686438381672,1.5804519653320312,0.9996428489685059,0.8214285969734192
174,0.005725678987801075,1.5812402963638306,0.9996428489685059,0.8199999928474426
175,0.005725666880607605,1.5821095705032349,0.9996428489685059,0.8199999928474426
176,0.005725662223994732,1.5829294919967651,0.9996428489685059,0.8214285969734192
177,0.005725653376430273,1.5839790105819702,0.9996428489685059,0.8214285969734192
178,0.005725638475269079,1.5840033292770386,0.9996428489685059,0.822857141494751
179,0.005725637543946505,1.5850797891616821,0.9996428489685059,0.822857141494751
180,0.0057256268337368965,1.5863701105117798,0.9996428489685059,0.822857141494751
181,0.005725615192204714,1.5881024599075317,0.9996428489685059,0.8214285969734192
182,0.005725606810301542,1.588746428489685,0.9996428489685059,0.8214285969734192
183,0.005725598428398371,1.5900169610977173,0.9996428489685059,0.8214285969734192
184,0.0057255919091403484,1.590443730354309,0.9996428489685059,0.8214285969734192
185,0.005725582130253315,1.5911988019943237,0.9996428489685059,0.8214285969734192
186,0.005725578870624304,1.5920683145523071,0.9996428489685059,0.8199999928474426
187,0.005725568626075983,1.593523383140564,0.9996428489685059,0.8214285969734192
188,0.005725565366446972,1.593733310699463,0.9996428489685059,0.8199999928474426
189,0.005725556518882513,1.5948513746261597,0.9996428489685059,0.8199999928474426
190,0.005725549533963203,1.5953701734542847,0.9996428489685059,0.8199999928474426
191,0.005725544411689043,1.5966047048568726,0.9996428489685059,0.8199999928474426
192,0.005725538358092308,1.5974429845809937,0.9996428489685059,0.8199999928474426
193,0.0066794902086257935,1.5983095169067383,0.9996428489685059,0.8199999928474426
194,0.005725524853914976,1.5989664793014526,0.9996428489685059,0.8199999928474426
195,0.00572552066296339,1.5996233224868774,0.9996428489685059,0.8199999928474426
196,0.005725516006350517,1.6016374826431274,0.9996428489685059,0.8199999928474426
197,0.005725510884076357,1.601296067237854,0.9996428489685059,0.8199999928474426
198,0.00572550343349576,1.6025139093399048,0.9996428489685059,0.8199999928474426
199,0.005725500173866749,1.6032752990722656,0.9996428489685059,0.8199999928474426
200,0.005725502502173185,1.6028531789779663,0.9996428489685059,0.8199999928474426
201,0.006679454818367958,1.6049004793167114,0.9996428489685059,0.8199999928474426
202,0.005725483410060406,1.606520175933838,0.9996428489685059,0.8199999928474426
203,0.005725482478737831,1.6067205667495728,0.9996428489685059,0.8214285969734192
204,0.005725475959479809,1.6081867218017578,0.9996428489685059,0.8214285969734192
205,0.005725471302866936,1.6087756156921387,0.9996428489685059,0.8214285969734192
206,0.005725468974560499,1.6091026067733765,0.9996428489685059,0.8214285969734192
207,0.005725462455302477,1.609625220298767,0.9996428489685059,0.8214285969734192
208,0.005725458730012178,1.6102272272109985,0.9996428489685059,0.8214285969734192
209,0.005725455470383167,1.6107711791992188,0.9996428489685059,0.8214285969734192
210,0.005725450813770294,1.612762451171875,0.9996428489685059,0.8214285969734192
211,0.005725447554141283,1.6128815412521362,0.9996428489685059,0.8214285969734192
212,0.005725444760173559,1.6137562990188599,0.9996428489685059,0.8199999928474426
213,0.0057254391722381115,1.6147136688232422,0.9996428489685059,0.8214285969734192
214,0.005725437309592962,1.6150590181350708,0.9996428489685059,0.8199999928474426
215,0.0057254331186413765,1.616268277168274,0.9996428489685059,0.8199999928474426
216,0.005725431721657515,1.6172105073928833,0.9996428489685059,0.8199999928474426
217,0.0057254270650446415,1.6175099611282349,0.9996428489685059,0.8199999928474426
218,0.005725422874093056,1.6192551851272583,0.9996428489685059,0.8199999928474426
219,0.005725422874093056,1.6191743612289429,0.9996428489685059,0.8199999928474426
220,0.006679377984255552,1.6199108362197876,0.9996428489685059,0.8199999928474426
221,0.005725416820496321,1.6209319829940796,0.9996428489685059,0.8199999928474426
222,0.00572541356086731,1.621477723121643,0.9996428489685059,0.8199999928474426
223,0.0057254089042544365,1.6230779886245728,0.9996428489685059,0.8199999928474426
224,0.006679368205368519,1.6226035356521606,0.9996428489685059,0.8199999928474426
225,0.005725405644625425,1.623902440071106,0.9996428489685059,0.8199999928474426
226,0.0057254028506577015,1.6247199773788452,0.9996428489685059,0.8199999928474426
227,0.00572540145367384,1.6265031099319458,0.9996428489685059,0.8199999928474426
228,0.005725397262722254,1.6275497674942017,0.9996428489685059,0.8199999928474426
229,0.005725395865738392,1.6266226768493652,0.9996428489685059,0.8199999928474426
230,0.005725395400077105,1.6290464401245117,0.9996428489685059,0.8199999928474426
231,0.005725391209125519,1.6287364959716797,0.9996428489685059,0.8199999928474426
232,0.005725389812141657,1.6298775672912598,0.9996428489685059,0.8199999928474426
233,0.005725387018173933,1.6302319765090942,0.9996428489685059,0.8199999928474426
234,0.00572538934648037,1.631360411643982,0.9996428489685059,0.8199999928474426
235,0.005725385155528784,1.6320042610168457,0.9996428489685059,0.8199999928474426
236,0.005725383292883635,1.6330643892288208,0.9996428489685059,0.8199999928474426
237,0.005725380964577198,1.6325740814208984,0.9996428489685059,0.8199999928474426
238,0.005725378170609474,1.6340904235839844,0.9996428489685059,0.8199999928474426
239,0.005725376307964325,1.6344126462936401,0.9996428489685059,0.8199999928474426
240,0.005725377704948187,1.6355853080749512,0.9996428489685059,0.8199999928474426
241,0.005725374445319176,1.636712908744812,0.9996428489685059,0.8199999928474426
242,0.006679333280771971,1.6375799179077148,0.9996428489685059,0.8199999928474426
243,0.005725373513996601,1.6377367973327637,0.9996428489685059,0.8199999928474426
244,0.00572537025436759,1.6389236450195312,0.9996428489685059,0.8199999928474426
245,0.005725369323045015,1.6386847496032715,0.9996428489685059,0.8199999928474426
246,0.005725367460399866,1.6394709348678589,0.9996428489685059,0.8199999928474426
247,0.005725366994738579,1.6407192945480347,0.9996428489685059,0.8199999928474426
248,0.005725364200770855,1.64187490940094,0.9996428489685059,0.8199999928474426
249,0.005725364666432142,1.6419262886047363,0.9996428489685059,0.8199999928474426
