,loss,val_loss,accuracy,val_accuracy
0,2.705343723297119,2.7019777297973633,0.06964285671710968,0.0714285746216774
1,2.7011184692382812,2.697787284851074,0.06785714626312256,0.0714285746216774
2,2.696699857711792,2.694084882736206,0.07392857223749161,0.0714285746216774
3,2.6939172744750977,2.6909940242767334,0.06875000149011612,0.07000000029802322
4,2.6906442642211914,2.6881964206695557,0.07232142984867096,0.0714285746216774
5,2.68949294090271,2.685922861099243,0.07392857223749161,0.0714285746216774
6,2.6866252422332764,2.6837892532348633,0.06785714626312256,0.0714285746216774
7,2.6872196197509766,2.6821584701538086,0.0682142823934555,0.0714285746216774
8,2.6836912631988525,2.680447578430176,0.07071428745985031,0.0714285746216774
9,2.68306827545166,2.6789722442626953,0.06803571432828903,0.0714285746216774
10,2.682374954223633,2.6776676177978516,0.07410714030265808,0.0714285746216774
11,2.6777117252349854,2.6761577129364014,0.07517857104539871,0.0714285746216774
12,2.6800246238708496,2.6751530170440674,0.06982143223285675,0.0714285746216774
13,2.6766297817230225,2.674014091491699,0.07607142627239227,0.0714285746216774
14,2.6790759563446045,2.6731183528900146,0.0682142823934555,0.0714285746216774
15,2.678837537765503,2.6723461151123047,0.0694642886519432,0.0714285746216774
16,2.6780755519866943,2.671643018722534,0.06624999642372131,0.0714285746216774
17,2.6755332946777344,2.67080020904541,0.0669642835855484,0.0714285746216774
18,2.67411208152771,2.669964075088501,0.07339286059141159,0.0714285746216774
19,2.67290997505188,2.6691768169403076,0.07500000298023224,0.0714285746216774
20,2.6757683753967285,2.668680429458618,0.06750000268220901,0.0714285746216774
21,2.6716482639312744,2.667952299118042,0.07428571581840515,0.0714285746216774
22,2.6727662086486816,2.6673202514648438,0.07428571581840515,0.0714285746216774
23,2.670565128326416,2.666717767715454,0.0746428593993187,0.0714285746216774
24,2.6720168590545654,2.6661980152130127,0.07071428745985031,0.0714285746216774
25,2.6720170974731445,2.665769577026367,0.07000000029802322,0.0714285746216774
26,2.6699724197387695,2.6652238368988037,0.06928571313619614,0.0714285746216774
27,2.6714415550231934,2.6648528575897217,0.06964285671710968,0.0714285746216774
28,2.6721441745758057,2.664569139480591,0.07196428626775742,0.0714285746216774
29,2.6683404445648193,2.664027690887451,0.06857142597436905,0.0714285746216774
30,2.6683127880096436,2.663559913635254,0.07339286059141159,0.0714285746216774
31,2.667205333709717,2.6630918979644775,0.07785714417695999,0.0714285746216774
32,2.669147253036499,2.6627705097198486,0.06857142597436905,0.0714285746216774
33,2.6682300567626953,2.662407159805298,0.07392857223749161,0.0714285746216774
34,2.6681630611419678,2.662104606628418,0.07160714268684387,0.0714285746216774
35,2.668792486190796,2.661823034286499,0.07089285552501678,0.0714285746216774
36,2.667840003967285,2.661517381668091,0.07303571701049805,0.0714285746216774
37,2.6669492721557617,2.6611969470977783,0.0726785734295845,0.0714285746216774
38,2.6680691242218018,2.6609838008880615,0.06892856955528259,0.0714285746216774
39,2.6646502017974854,2.660625457763672,0.07928571105003357,0.07285714149475098
40,2.667949914932251,2.660430669784546,0.06642857193946838,0.07285714149475098
41,2.6663947105407715,2.6602089405059814,0.06785714626312256,0.07285714149475098
42,2.6663553714752197,2.6599652767181396,0.0682142823934555,0.07285714149475098
43,2.66475510597229,2.659712791442871,0.07357142865657806,0.07285714149475098
44,2.664931058883667,2.659468412399292,0.07285714149475098,0.0714285746216774
45,2.665905714035034,2.659383773803711,0.07214285433292389,0.0714285746216774
46,2.6643996238708496,2.6590521335601807,0.07428571581840515,0.0714285746216774
47,2.662770986557007,2.658679246902466,0.07446428388357162,0.07285714149475098
48,2.661910057067871,2.658398389816284,0.07803571224212646,0.07285714149475098
49,2.6629695892333984,2.658201217651367,0.06785714626312256,0.0714285746216774
50,2.6648354530334473,2.658107042312622,0.07214285433292389,0.0714285746216774
51,2.663358449935913,2.6578919887542725,0.06803571432828903,0.0714285746216774
52,2.6625051498413086,2.6577250957489014,0.07053571194410324,0.07285714149475098
53,2.663771629333496,2.6575629711151123,0.07035714387893677,0.07285714149475098
54,2.663252830505371,2.657405138015747,0.07053571194410324,0.07285714149475098
55,2.6612727642059326,2.6571664810180664,0.07000000029802322,0.07285714149475098
56,2.660965919494629,2.656933069229126,0.07500000298023224,0.0714285746216774
57,2.6625843048095703,2.6567623615264893,0.07321428507566452,0.0714285746216774
58,2.663285255432129,2.65661883354187,0.07428571581840515,0.0714285746216774
59,2.66176438331604,2.6564838886260986,0.06839285790920258,0.07285714149475098
60,2.6629228591918945,2.6564090251922607,0.07285714149475098,0.07285714149475098
61,2.660224676132202,2.656273365020752,0.0714285746216774,0.0714285746216774
62,2.6611058712005615,2.656121015548706,0.06732142716646194,0.0714285746216774
63,2.6605846881866455,2.655925989151001,0.07232142984867096,0.07285714149475098
64,2.664569616317749,2.6559457778930664,0.06392857432365417,0.0714285746216774
65,2.6600260734558105,2.6557846069335938,0.0694642886519432,0.07285714149475098
66,2.6628243923187256,2.6557514667510986,0.06714285910129547,0.0714285746216774
67,2.658486843109131,2.6554548740386963,0.07285714149475098,0.0714285746216774
68,2.6607420444488525,2.655339241027832,0.0726785734295845,0.07285714149475098
69,2.6602261066436768,2.6552135944366455,0.06803571432828903,0.07285714149475098
70,2.661832332611084,2.655154228210449,0.06750000268220901,0.07285714149475098
71,2.6599066257476807,2.6550025939941406,0.06624999642372131,0.0714285746216774
72,2.659456491470337,2.6548216342926025,0.06535714119672775,0.07285714149475098
73,2.6603264808654785,2.6547300815582275,0.06839285790920258,0.07285714149475098
74,2.6600096225738525,2.6546823978424072,0.06428571790456772,0.07285714149475098
75,2.657484292984009,2.6544973850250244,0.07750000059604645,0.0714285746216774
76,2.6580147743225098,2.654332399368286,0.07285714149475098,0.07000000029802322
77,2.6592233180999756,2.6542365550994873,0.06857142597436905,0.07000000029802322
78,2.6600770950317383,2.6542227268218994,0.06982143223285675,0.07285714149475098
79,2.6587464809417725,2.6541521549224854,0.07428571581840515,0.07285714149475098
80,2.6580355167388916,2.654012441635132,0.0726785734295845,0.0714285746216774
81,2.6591053009033203,2.6539552211761475,0.07160714268684387,0.0714285746216774
82,2.6582422256469727,2.653792381286621,0.07035714387893677,0.07285714149475098
83,2.660052537918091,2.6537272930145264,0.0726785734295845,0.07285714149475098
84,2.6593129634857178,2.6536176204681396,0.0694642886519432,0.07285714149475098
85,2.6568806171417236,2.6534533500671387,0.07339286059141159,0.07285714149475098
86,2.6581759452819824,2.653364896774292,0.06785714626312256,0.07285714149475098
87,2.659139633178711,2.6533660888671875,0.06750000268220901,0.0714285746216774
88,2.658402919769287,2.6532607078552246,0.07392857223749161,0.0714285746216774
89,2.658874273300171,2.653146982192993,0.07035714387893677,0.0714285746216774
90,2.6572353839874268,2.6530370712280273,0.06803571432828903,0.07285714149475098
91,2.659315586090088,2.6529669761657715,0.07053571194410324,0.07285714149475098
92,2.6570470333099365,2.6529335975646973,0.06535714119672775,0.07285714149475098
93,2.654716968536377,2.6527676582336426,0.07214285433292389,0.07285714149475098
94,2.659360885620117,2.6527562141418457,0.0714285746216774,0.07285714149475098
95,2.6550588607788086,2.6525495052337646,0.07446428388357162,0.07285714149475098
96,2.6559629440307617,2.652456521987915,0.06660714000463486,0.07285714149475098
97,2.6561942100524902,2.6523690223693848,0.07535714656114578,0.07285714149475098
98,2.6583359241485596,2.6523778438568115,0.06678571552038193,0.07285714149475098
99,2.6567814350128174,2.6522128582000732,0.06928571313619614,0.0714285746216774
100,2.6561031341552734,2.6520678997039795,0.06803571432828903,0.0714285746216774
101,2.655229091644287,2.652040719985962,0.0726785734295845,0.07285714149475098
102,2.6571619510650635,2.652052640914917,0.06803571432828903,0.07285714149475098
103,2.653998851776123,2.6518585681915283,0.07285714149475098,0.07285714149475098
104,2.6542305946350098,2.6516427993774414,0.07571428269147873,0.07285714149475098
105,2.6546642780303955,2.6515979766845703,0.07249999791383743,0.07285714149475098
106,2.6557745933532715,2.651580810546875,0.06910714507102966,0.07285714149475098
107,2.6551403999328613,2.6514554023742676,0.07000000029802322,0.07285714149475098
108,2.65549373626709,2.6514639854431152,0.07553571462631226,0.0714285746216774
109,2.6539063453674316,2.6513442993164062,0.07285714149475098,0.07285714149475098
110,2.6557376384735107,2.651273727416992,0.06964285671710968,0.07285714149475098
111,2.653856039047241,2.651186227798462,0.07553571462631226,0.07285714149475098
112,2.655113935470581,2.6511552333831787,0.07107143104076385,0.07000000029802322
113,2.65348219871521,2.6510398387908936,0.07357142865657806,0.07428571581840515
114,2.6560773849487305,2.6510345935821533,0.06803571432828903,0.07285714149475098
115,2.6571295261383057,2.651061534881592,0.07196428626775742,0.0714285746216774
116,2.6525471210479736,2.650873899459839,0.07785714417695999,0.0714285746216774
117,2.655331611633301,2.6508004665374756,0.0714285746216774,0.0714285746216774
118,2.6548008918762207,2.650763750076294,0.06803571432828903,0.0714285746216774
119,2.654690742492676,2.6506762504577637,0.07089285552501678,0.0714285746216774
120,2.654047966003418,2.6506922245025635,0.07339286059141159,0.0714285746216774
121,2.6531991958618164,2.650514602661133,0.07178571075201035,0.07285714149475098
122,2.6547887325286865,2.6504080295562744,0.07321428507566452,0.07285714149475098
123,2.6565654277801514,2.6504247188568115,0.06732142716646194,0.0714285746216774
124,2.6529059410095215,2.650331735610962,0.07785714417695999,0.07285714149475098
125,2.654292106628418,2.6502981185913086,0.07660714536905289,0.07285714149475098
126,2.654339551925659,2.6502275466918945,0.07303571701049805,0.07285714149475098
127,2.6553895473480225,2.650177478790283,0.06660714000463486,0.07285714149475098
128,2.653348445892334,2.650087594985962,0.07214285433292389,0.07285714149475098
129,2.6512656211853027,2.6499977111816406,0.07321428507566452,0.0714285746216774
130,2.6520233154296875,2.6499006748199463,0.07000000029802322,0.0714285746216774
131,2.6521222591400146,2.649798631668091,0.07482142746448517,0.07285714149475098
132,2.6533682346343994,2.6497642993927,0.07535714656114578,0.07285714149475098
133,2.6526296138763428,2.649658203125,0.07339286059141159,0.07285714149475098
134,2.6541285514831543,2.6496238708496094,0.06624999642372131,0.07285714149475098
135,2.6550137996673584,2.6496124267578125,0.06839285790920258,0.07285714149475098
136,2.6520369052886963,2.64951229095459,0.07321428507566452,0.07285714149475098
137,2.651198625564575,2.6494665145874023,0.07696428894996643,0.07285714149475098
138,2.6532135009765625,2.649432897567749,0.07035714387893677,0.07285714149475098
139,2.655144453048706,2.649465560913086,0.06767857074737549,0.0714285746216774
140,2.6514291763305664,2.6493728160858154,0.07392857223749161,0.0714285746216774
141,2.653869867324829,2.6493608951568604,0.06607142835855484,0.0714285746216774
142,2.652355670928955,2.6493723392486572,0.0714285746216774,0.0714285746216774
143,2.6525166034698486,2.6492722034454346,0.07214285433292389,0.0714285746216774
144,2.6526732444763184,2.649186134338379,0.07482142746448517,0.0714285746216774
145,2.6523706912994385,2.649132251739502,0.0701785683631897,0.0714285746216774
146,2.6523473262786865,2.6491076946258545,0.07107143104076385,0.0714285746216774
147,2.6529088020324707,2.649015426635742,0.07392857223749161,0.07285714149475098
148,2.654161214828491,2.649073362350464,0.06803571432828903,0.0714285746216774
149,2.6516547203063965,2.649021863937378,0.07071428745985031,0.0714285746216774
150,2.652596950531006,2.6490368843078613,0.06964285671710968,0.0714285746216774
151,2.651224374771118,2.6489593982696533,0.07607142627239227,0.0714285746216774
152,2.6529383659362793,2.6489651203155518,0.07535714656114578,0.0714285746216774
153,2.6527116298675537,2.6489317417144775,0.07071428745985031,0.0714285746216774
154,2.6524579524993896,2.648918390274048,0.07249999791383743,0.0714285746216774
155,2.6505138874053955,2.6487696170806885,0.0758928582072258,0.07000000029802322
156,2.6503584384918213,2.648702621459961,0.07321428507566452,0.0714285746216774
157,2.6534392833709717,2.6487348079681396,0.07071428745985031,0.07000000029802322
158,2.6506688594818115,2.648635149002075,0.0791071429848671,0.0714285746216774
159,2.652099370956421,2.6486032009124756,0.07107143104076385,0.07000000029802322
160,2.6522369384765625,2.648641347885132,0.06499999761581421,0.0714285746216774
161,2.6511495113372803,2.6485652923583984,0.07607142627239227,0.0714285746216774
162,2.6511597633361816,2.648456335067749,0.07071428745985031,0.0714285746216774
163,2.651413917541504,2.6483991146087646,0.07107143104076385,0.0714285746216774
164,2.6517322063446045,2.6483583450317383,0.07053571194410324,0.0714285746216774
165,2.650895833969116,2.6483240127563477,0.07178571075201035,0.0714285746216774
166,2.652609348297119,2.6483452320098877,0.07178571075201035,0.0714285746216774
167,2.651977777481079,2.6483023166656494,0.07089285552501678,0.0714285746216774
168,2.6518375873565674,2.648272752761841,0.06857142597436905,0.0714285746216774
169,2.6500723361968994,2.648226022720337,0.06892856955528259,0.07285714149475098
170,2.6530067920684814,2.648240804672241,0.06410714238882065,0.0714285746216774
171,2.650815486907959,2.6481759548187256,0.06857142597436905,0.0714285746216774
172,2.6524879932403564,2.6481997966766357,0.06642857193946838,0.0714285746216774
173,2.6522631645202637,2.648232936859131,0.0669642835855484,0.07285714149475098
174,2.6515283584594727,2.648151159286499,0.06857142597436905,0.0714285746216774
175,2.651362895965576,2.6480729579925537,0.07160714268684387,0.0714285746216774
176,2.6499202251434326,2.6480350494384766,0.07232142984867096,0.0714285746216774
177,2.6502976417541504,2.648003339767456,0.07196428626775742,0.0714285746216774
178,2.6525914669036865,2.648021697998047,0.06178571283817291,0.0714285746216774
179,2.652817964553833,2.6480495929718018,0.06875000149011612,0.0714285746216774
180,2.650416374206543,2.648016929626465,0.07339286059141159,0.0714285746216774
181,2.6505982875823975,2.6480021476745605,0.06732142716646194,0.0714285746216774
182,2.6499147415161133,2.6479551792144775,0.07196428626775742,0.0714285746216774
183,2.64969539642334,2.647921323776245,0.07196428626775742,0.0714285746216774
184,2.650345802307129,2.647850513458252,0.07339286059141159,0.0714285746216774
185,2.6502466201782227,2.6477530002593994,0.06964285671710968,0.07285714149475098
186,2.648771286010742,2.6476762294769287,0.07446428388357162,0.07285714149475098
187,2.651177167892456,2.6476900577545166,0.06535714119672775,0.07285714149475098
188,2.6500892639160156,2.647625684738159,0.07160714268684387,0.07285714149475098
189,2.6493260860443115,2.6475532054901123,0.0746428593993187,0.0714285746216774
190,2.6488752365112305,2.6474907398223877,0.07500000298023224,0.07285714149475098
191,2.6504628658294678,2.647484064102173,0.06732142716646194,0.07285714149475098
192,2.649782419204712,2.6474831104278564,0.07160714268684387,0.07000000029802322
193,2.6510798931121826,2.647538423538208,0.07196428626775742,0.0714285746216774
194,2.649350166320801,2.6475234031677246,0.07214285433292389,0.07000000029802322
195,2.648387908935547,2.6474575996398926,0.07482142746448517,0.07000000029802322
196,2.649395704269409,2.6473817825317383,0.07553571462631226,0.0714285746216774
197,2.648797035217285,2.647298574447632,0.0771428570151329,0.07000000029802322
198,2.6509950160980225,2.6473681926727295,0.07428571581840515,0.07000000029802322
199,2.650871515274048,2.64737868309021,0.07107143104076385,0.0714285746216774
200,2.649301290512085,2.6473228931427,0.0726785734295845,0.0714285746216774
201,2.6505980491638184,2.6472890377044678,0.07339286059141159,0.0714285746216774
202,2.649667978286743,2.6472935676574707,0.07196428626775742,0.0714285746216774
203,2.6515090465545654,2.647266149520874,0.06499999761581421,0.0714285746216774
204,2.6499500274658203,2.647266149520874,0.06875000149011612,0.0714285746216774
205,2.6492919921875,2.647214889526367,0.07625000178813934,0.0714285746216774
206,2.6491873264312744,2.6472232341766357,0.07517857104539871,0.0714285746216774
207,2.650278329849243,2.6472394466400146,0.06624999642372131,0.0714285746216774
208,2.647883653640747,2.647132396697998,0.07339286059141159,0.0714285746216774
209,2.649665355682373,2.647123336791992,0.07303571701049805,0.0714285746216774
210,2.64945387840271,2.647068500518799,0.07089285552501678,0.0714285746216774
211,2.6493263244628906,2.6471006870269775,0.0694642886519432,0.0714285746216774
212,2.649919271469116,2.647080183029175,0.07214285433292389,0.0714285746216774
213,2.648312568664551,2.647014617919922,0.07053571194410324,0.0714285746216774
214,2.649195671081543,2.6469855308532715,0.07482142746448517,0.0714285746216774
215,2.6484322547912598,2.6469199657440186,0.0758928582072258,0.0714285746216774
216,2.6524884700775146,2.6470000743865967,0.07392857223749161,0.0714285746216774
217,2.650149345397949,2.6469647884368896,0.07339286059141159,0.0714285746216774
218,2.649420738220215,2.646955966949463,0.07767856866121292,0.0714285746216774
219,2.6501684188842773,2.646885395050049,0.06928571313619614,0.0714285746216774
220,2.6496009826660156,2.6468474864959717,0.06660714000463486,0.0714285746216774
221,2.649179697036743,2.6468021869659424,0.07071428745985031,0.0714285746216774
222,2.6483867168426514,2.646698236465454,0.07107143104076385,0.0714285746216774
223,2.6486926078796387,2.646599054336548,0.07678571343421936,0.0714285746216774
224,2.649216651916504,2.646620988845825,0.0791071429848671,0.0714285746216774
225,2.648918628692627,2.646566152572632,0.0682142823934555,0.0714285746216774
226,2.649407386779785,2.6465628147125244,0.06964285671710968,0.0714285746216774
227,2.647780179977417,2.64650821685791,0.07535714656114578,0.0714285746216774
228,2.6489546298980713,2.6464884281158447,0.06892856955528259,0.07285714149475098
229,2.651010751724243,2.6465673446655273,0.0637499988079071,0.0714285746216774
230,2.6495730876922607,2.646573305130005,0.06982143223285675,0.0714285746216774
231,2.6492788791656494,2.646514654159546,0.06910714507102966,0.0714285746216774
232,2.6490018367767334,2.646482467651367,0.07178571075201035,0.0714285746216774
233,2.648900270462036,2.6464731693267822,0.07374999672174454,0.0714285746216774
234,2.6499693393707275,2.6464946269989014,0.06624999642372131,0.0714285746216774
235,2.646512031555176,2.6463637351989746,0.07892857491970062,0.0714285746216774
236,2.6469104290008545,2.646304130554199,0.07660714536905289,0.0714285746216774
237,2.6491711139678955,2.646303415298462,0.06910714507102966,0.0714285746216774
238,2.648562431335449,2.646289110183716,0.07696428894996643,0.0714285746216774
239,2.649637460708618,2.6462957859039307,0.06517857313156128,0.0714285746216774
240,2.6480026245117188,2.6462204456329346,0.07339286059141159,0.0714285746216774
241,2.6485230922698975,2.646247625350952,0.07285714149475098,0.07000000029802322
242,2.6494619846343994,2.6462442874908447,0.07660714536905289,0.07000000029802322
243,2.64839768409729,2.646205186843872,0.0746428593993187,0.07000000029802322
244,2.650023937225342,2.6462302207946777,0.06857142597436905,0.07000000029802322
245,2.6487538814544678,2.646216630935669,0.06910714507102966,0.07000000029802322
246,2.6457459926605225,2.6461126804351807,0.08053571730852127,0.07000000029802322
247,2.648115634918213,2.6460978984832764,0.07232142984867096,0.07000000029802322
248,2.647498846054077,2.6460869312286377,0.07285714149475098,0.0714285746216774
249,2.649533271789551,2.646073341369629,0.0701785683631897,0.0714285746216774
