,loss,val_loss,accuracy,val_accuracy
0,2.7060348987579346,2.7022807598114014,0.07124999910593033,0.07285714149475098
1,2.6999685764312744,2.6969242095947266,0.07178571075201035,0.07285714149475098
2,2.6952602863311768,2.6926841735839844,0.07178571075201035,0.07285714149475098
3,2.6913721561431885,2.6891746520996094,0.07178571075201035,0.07285714149475098
4,2.6881659030914307,2.6862194538116455,0.06535714119672775,0.07285714149475098
5,2.685488700866699,2.6836817264556885,0.07178571075201035,0.07285714149475098
6,2.6830742359161377,2.681441068649292,0.07160714268684387,0.07285714149475098
7,2.6809682846069336,2.679452657699585,0.06857142597436905,0.07285714149475098
8,2.6790356636047363,2.67765736579895,0.06839285790920258,0.07285714149475098
9,2.677321434020996,2.676011800765991,0.07160714268684387,0.07285714149475098
10,2.67573618888855,2.6745011806488037,0.0714285746216774,0.07285714149475098
11,2.6742618083953857,2.673093795776367,0.06624999642372131,0.07285714149475098
12,2.6728861331939697,2.6717770099639893,0.06982143223285675,0.07285714149475098
13,2.6715853214263916,2.670546293258667,0.07124999910593033,0.07285714149475098
14,2.6704142093658447,2.6693880558013916,0.0714285746216774,0.07285714149475098
15,2.6692216396331787,2.6682989597320557,0.0714285746216774,0.07285714149475098
16,2.668163537979126,2.667268753051758,0.06607142835855484,0.07285714149475098
17,2.667189359664917,2.666292190551758,0.0714285746216774,0.07285714149475098
18,2.6661956310272217,2.6653573513031006,0.07160714268684387,0.07285714149475098
19,2.665252685546875,2.6644744873046875,0.07160714268684387,0.07285714149475098
20,2.664372682571411,2.6636321544647217,0.07053571194410324,0.07285714149475098
21,2.663543939590454,2.662830352783203,0.07035714387893677,0.07285714149475098
22,2.6627540588378906,2.662062883377075,0.07160714268684387,0.07285714149475098
23,2.6620371341705322,2.661327838897705,0.07160714268684387,0.07285714149475098
24,2.6613595485687256,2.66062068939209,0.07160714268684387,0.07285714149475098
25,2.6605749130249023,2.6599462032318115,0.07178571075201035,0.07285714149475098
26,2.6599485874176025,2.6592986583709717,0.07178571075201035,0.07285714149475098
27,2.65925931930542,2.658687114715576,0.07160714268684387,0.07285714149475098
28,2.6586906909942627,2.6580936908721924,0.07178571075201035,0.07285714149475098
29,2.658158779144287,2.6575257778167725,0.06892856955528259,0.07285714149475098
30,2.6575582027435303,2.6569740772247314,0.07178571075201035,0.07285714149475098
31,2.6570067405700684,2.6564483642578125,0.07178571075201035,0.07285714149475098
32,2.6564884185791016,2.655949831008911,0.07178571075201035,0.07285714149475098
33,2.6559441089630127,2.655470371246338,0.07178571075201035,0.07285714149475098
34,2.655486822128296,2.6550023555755615,0.07178571075201035,0.07285714149475098
35,2.655066728591919,2.6545534133911133,0.06857142597436905,0.07285714149475098
36,2.6546294689178467,2.654118061065674,0.07000000029802322,0.07285714149475098
37,2.654130697250366,2.6537020206451416,0.0714285746216774,0.07285714149475098
38,2.653841257095337,2.6532974243164062,0.06982143223285675,0.07285714149475098
39,2.653357982635498,2.6529123783111572,0.07178571075201035,0.07285714149475098
40,2.652991533279419,2.6525471210479736,0.0657142847776413,0.07285714149475098
41,2.652665138244629,2.652193307876587,0.07089285552501678,0.07285714149475098
42,2.6522951126098633,2.6518537998199463,0.07000000029802322,0.07285714149475098
43,2.6519663333892822,2.651527166366577,0.07196428626775742,0.07285714149475098
44,2.651658773422241,2.651207208633423,0.07035714387893677,0.07285714149475098
45,2.6513302326202393,2.6508915424346924,0.0701785683631897,0.07285714149475098
46,2.6510508060455322,2.6506025791168213,0.06785714626312256,0.07285714149475098
47,2.6507415771484375,2.650315999984741,0.0714285746216774,0.07285714149475098
48,2.6504251956939697,2.6500446796417236,0.06803571432828903,0.07285714149475098
49,2.650193452835083,2.649777889251709,0.0701785683631897,0.07285714149475098
50,2.6499204635620117,2.649522542953491,0.06803571432828903,0.07285714149475098
51,2.649643659591675,2.649265766143799,0.07089285552501678,0.07285714149475098
52,2.6494009494781494,2.649019718170166,0.06928571313619614,0.07285714149475098
53,2.649172067642212,2.6487863063812256,0.07196428626775742,0.07285714149475098
54,2.648925542831421,2.648562431335449,0.06660714000463486,0.07285714149475098
55,2.6487247943878174,2.6483516693115234,0.0726785734295845,0.07285714149475098
56,2.648503303527832,2.648141860961914,0.06875000149011612,0.07285714149475098
57,2.648280382156372,2.6479387283325195,0.07000000029802322,0.07285714149475098
58,2.6481170654296875,2.6477417945861816,0.07000000029802322,0.07285714149475098
59,2.6479132175445557,2.647550344467163,0.06964285671710968,0.07285714149475098
60,2.64772891998291,2.647364616394043,0.06589286029338837,0.07285714149475098
61,2.647535562515259,2.6471846103668213,0.07053571194410324,0.07285714149475098
62,2.647379159927368,2.647017478942871,0.06910714507102966,0.07285714149475098
63,2.6472017765045166,2.6468582153320312,0.06910714507102966,0.07285714149475098
64,2.6470279693603516,2.6466939449310303,0.06982143223285675,0.07285714149475098
65,2.646851062774658,2.6465282440185547,0.06982143223285675,0.07285714149475098
66,2.646718740463257,2.6463773250579834,0.06767857074737549,0.07285714149475098
67,2.646589517593384,2.6462368965148926,0.07107143104076385,0.07285714149475098
68,2.6464362144470215,2.646087884902954,0.06750000268220901,0.07285714149475098
69,2.6463077068328857,2.6459548473358154,0.06982143223285675,0.07285714149475098
70,2.6461381912231445,2.6458141803741455,0.06964285671710968,0.07285714149475098
71,2.646026134490967,2.6456758975982666,0.07160714268684387,0.07285714149475098
72,2.6459062099456787,2.6455495357513428,0.06767857074737549,0.07285714149475098
73,2.6457784175872803,2.645432949066162,0.06910714507102966,0.0714285746216774
74,2.645632028579712,2.645310163497925,0.06839285790920258,0.07285714149475098
75,2.6455304622650146,2.6451830863952637,0.06857142597436905,0.07285714149475098
76,2.6454267501831055,2.645075798034668,0.06499999761581421,0.07285714149475098
77,2.645310640335083,2.644965887069702,0.0714285746216774,0.0714285746216774
78,2.6451940536499023,2.6448581218719482,0.06464285403490067,0.0714285746216774
79,2.6451005935668945,2.644747257232666,0.06535714119672775,0.0714285746216774
80,2.6449835300445557,2.6446406841278076,0.07196428626775742,0.0714285746216774
81,2.6448800563812256,2.6445438861846924,0.06785714626312256,0.0714285746216774
82,2.644775390625,2.6444523334503174,0.06714285910129547,0.0714285746216774
83,2.6446874141693115,2.644352674484253,0.07160714268684387,0.0714285746216774
84,2.6446173191070557,2.64426589012146,0.06750000268220901,0.0714285746216774
85,2.644526243209839,2.644183874130249,0.0682142823934555,0.0714285746216774
86,2.6444454193115234,2.6440927982330322,0.06410714238882065,0.0714285746216774
87,2.6443419456481934,2.644005060195923,0.06928571313619614,0.0714285746216774
88,2.6442582607269287,2.643930435180664,0.07160714268684387,0.0714285746216774
89,2.644197702407837,2.64386248588562,0.06857142597436905,0.0714285746216774
90,2.6440956592559814,2.643773317337036,0.06589286029338837,0.0714285746216774
91,2.644029378890991,2.6436984539031982,0.06892856955528259,0.0714285746216774
92,2.643977165222168,2.6436283588409424,0.06482142955064774,0.0714285746216774
93,2.643878698348999,2.6435601711273193,0.06803571432828903,0.0714285746216774
94,2.643798589706421,2.6434895992279053,0.06410714238882065,0.0714285746216774
95,2.6437230110168457,2.6434171199798584,0.06714285910129547,0.0714285746216774
96,2.643695592880249,2.6433537006378174,0.0714285746216774,0.0714285746216774
97,2.6436071395874023,2.6432838439941406,0.06892856955528259,0.0714285746216774
98,2.643540620803833,2.643219232559204,0.07160714268684387,0.0714285746216774
99,2.643462896347046,2.6431710720062256,0.06517857313156128,0.0714285746216774
100,2.6434147357940674,2.643113851547241,0.0714285746216774,0.0714285746216774
101,2.6433603763580322,2.643054962158203,0.07071428745985031,0.0714285746216774
102,2.6432905197143555,2.642993688583374,0.06428571790456772,0.0714285746216774
103,2.6432619094848633,2.642939567565918,0.06660714000463486,0.0714285746216774
104,2.643216133117676,2.642883062362671,0.07053571194410324,0.0714285746216774
105,2.6431703567504883,2.6428353786468506,0.06767857074737549,0.0714285746216774
106,2.643083095550537,2.642786979675293,0.06607142835855484,0.0714285746216774
107,2.643050193786621,2.642737865447998,0.0682142823934555,0.0714285746216774
108,2.6429941654205322,2.6426703929901123,0.06767857074737549,0.0714285746216774
109,2.642932415008545,2.642613172531128,0.07053571194410324,0.0714285746216774
110,2.6429085731506348,2.64257550239563,0.06303571164608002,0.0714285746216774
111,2.6428372859954834,2.6425344944000244,0.0682142823934555,0.0714285746216774
112,2.6427879333496094,2.6424827575683594,0.06982143223285675,0.0714285746216774
113,2.6427371501922607,2.6424365043640137,0.06624999642372131,0.0714285746216774
114,2.6427106857299805,2.6423962116241455,0.06964285671710968,0.0714285746216774
115,2.6426503658294678,2.6423463821411133,0.0714285746216774,0.0714285746216774
116,2.642655849456787,2.6422929763793945,0.06553571671247482,0.0714285746216774
117,2.642571210861206,2.6422579288482666,0.06678571552038193,0.0714285746216774
118,2.64253830909729,2.642214059829712,0.06482142955064774,0.0714285746216774
119,2.6424803733825684,2.6421778202056885,0.06857142597436905,0.0714285746216774
120,2.642446756362915,2.6421234607696533,0.0657142847776413,0.0714285746216774
121,2.642409324645996,2.6420812606811523,0.07178571075201035,0.0714285746216774
122,2.6423628330230713,2.6420421600341797,0.06892856955528259,0.0714285746216774
123,2.642310380935669,2.642014741897583,0.0682142823934555,0.0714285746216774
124,2.642284393310547,2.641979932785034,0.06982143223285675,0.0714285746216774
125,2.6422739028930664,2.641944169998169,0.060357142239809036,0.0714285746216774
126,2.6422464847564697,2.641902208328247,0.06410714238882065,0.0714285746216774
127,2.642194986343384,2.6418628692626953,0.06928571313619614,0.0714285746216774
128,2.642155885696411,2.641833543777466,0.06535714119672775,0.0714285746216774
129,2.642155647277832,2.6417953968048096,0.07053571194410324,0.0714285746216774
130,2.642087459564209,2.6417739391326904,0.06321428716182709,0.0714285746216774
131,2.6420764923095703,2.641753673553467,0.06517857313156128,0.0714285746216774
132,2.6420700550079346,2.641718626022339,0.06910714507102966,0.0714285746216774
133,2.64198899269104,2.6416923999786377,0.0657142847776413,0.0714285746216774
134,2.6419808864593506,2.641667127609253,0.06624999642372131,0.0714285746216774
135,2.6419262886047363,2.6416337490081787,0.07053571194410324,0.0714285746216774
136,2.6419107913970947,2.6416079998016357,0.06464285403490067,0.0714285746216774
137,2.6418843269348145,2.6415700912475586,0.06857142597436905,0.0714285746216774
138,2.641889810562134,2.64153790473938,0.0657142847776413,0.0714285746216774
139,2.64180850982666,2.641511917114258,0.07035714387893677,0.0714285746216774
140,2.6418046951293945,2.641496181488037,0.06553571671247482,0.0714285746216774
141,2.6417837142944336,2.6414687633514404,0.06410714238882065,0.0714285746216774
142,2.641775369644165,2.6414449214935303,0.06553571671247482,0.0714285746216774
143,2.641727924346924,2.641421318054199,0.0682142823934555,0.0714285746216774
144,2.64170503616333,2.641388177871704,0.06499999761581421,0.0714285746216774
145,2.641690969467163,2.6413636207580566,0.06535714119672775,0.0714285746216774
146,2.6416637897491455,2.641333818435669,0.06732142716646194,0.07428571581840515
147,2.6416561603546143,2.6413047313690186,0.058571428060531616,0.07285714149475098
148,2.6415839195251465,2.6412956714630127,0.06928571313619614,0.07285714149475098
149,2.6416144371032715,2.641267776489258,0.062142856419086456,0.0714285746216774
150,2.641563892364502,2.641248941421509,0.06785714626312256,0.07428571581840515
151,2.6415441036224365,2.641220808029175,0.06428571790456772,0.0714285746216774
152,2.6415231227874756,2.641202688217163,0.06464285403490067,0.0714285746216774
153,2.641493797302246,2.6411731243133545,0.06410714238882065,0.0714285746216774
154,2.6414945125579834,2.641157388687134,0.0657142847776413,0.0714285746216774
155,2.6414670944213867,2.6411473751068115,0.06553571671247482,0.0714285746216774
156,2.641448736190796,2.6411197185516357,0.06410714238882065,0.0714285746216774
157,2.6413958072662354,2.6410977840423584,0.0625,0.0714285746216774
158,2.641378164291382,2.6410720348358154,0.06624999642372131,0.0714285746216774
159,2.6413373947143555,2.6410579681396484,0.06839285790920258,0.0714285746216774
160,2.641331672668457,2.6410329341888428,0.06321428716182709,0.0714285746216774
161,2.6413393020629883,2.641010284423828,0.06732142716646194,0.0714285746216774
162,2.6413345336914062,2.640990734100342,0.06839285790920258,0.0714285746216774
163,2.641303539276123,2.6409711837768555,0.06589286029338837,0.0714285746216774
164,2.6412858963012695,2.640947103500366,0.06464285403490067,0.0714285746216774
165,2.641256809234619,2.6409332752227783,0.06499999761581421,0.0714285746216774
166,2.6412649154663086,2.6409213542938232,0.06410714238882065,0.0714285746216774
167,2.6412179470062256,2.6408979892730713,0.06785714626312256,0.0714285746216774
168,2.6412160396575928,2.6408851146698,0.0657142847776413,0.0714285746216774
169,2.6411962509155273,2.6408867835998535,0.06892856955528259,0.0714285746216774
170,2.6411755084991455,2.6408822536468506,0.06142857298254967,0.0714285746216774
171,2.641148805618286,2.6408703327178955,0.06660714000463486,0.0714285746216774
172,2.641159772872925,2.6408493518829346,0.06142857298254967,0.0714285746216774
173,2.6411428451538086,2.6408274173736572,0.06767857074737549,0.0714285746216774
174,2.6411173343658447,2.6408278942108154,0.0682142823934555,0.0714285746216774
175,2.641103982925415,2.6408071517944336,0.0637499988079071,0.0714285746216774
176,2.6410701274871826,2.6407783031463623,0.0625,0.07285714149475098
177,2.6410703659057617,2.6407597064971924,0.062142856419086456,0.0714285746216774
178,2.6410624980926514,2.640748977661133,0.06660714000463486,0.0714285746216774
179,2.641028881072998,2.64072585105896,0.06089285761117935,0.0714285746216774
180,2.6410014629364014,2.640711784362793,0.06678571552038193,0.0714285746216774
181,2.6410224437713623,2.640695810317993,0.06589286029338837,0.0714285746216774
182,2.640998363494873,2.6406843662261963,0.06750000268220901,0.0714285746216774
183,2.640986204147339,2.6406619548797607,0.06517857313156128,0.0714285746216774
184,2.6409616470336914,2.6406469345092773,0.06142857298254967,0.0714285746216774
185,2.64097261428833,2.640627861022949,0.0637499988079071,0.0714285746216774
186,2.640951156616211,2.6406216621398926,0.06392857432365417,0.0714285746216774
187,2.640939474105835,2.640608072280884,0.06607142835855484,0.0714285746216774
188,2.64093279838562,2.6405961513519287,0.06607142835855484,0.0714285746216774
189,2.6409173011779785,2.640587568283081,0.06803571432828903,0.0714285746216774
190,2.64089298248291,2.640568494796753,0.06232142820954323,0.0714285746216774
191,2.6408867835998535,2.6405630111694336,0.06839285790920258,0.0714285746216774
192,2.6408531665802,2.640545129776001,0.06482142955064774,0.0714285746216774
193,2.640850305557251,2.6405370235443115,0.06750000268220901,0.0714285746216774
194,2.64084792137146,2.640531539916992,0.06499999761581421,0.07428571581840515
195,2.6408441066741943,2.6405184268951416,0.06910714507102966,0.07000000029802322
196,2.640801191329956,2.640498399734497,0.06678571552038193,0.0714285746216774
197,2.6408157348632812,2.640475034713745,0.06428571790456772,0.0714285746216774
198,2.640806198120117,2.6404712200164795,0.0657142847776413,0.07000000029802322
199,2.6407787799835205,2.6404640674591064,0.06464285403490067,0.0714285746216774
200,2.6407723426818848,2.640444755554199,0.0701785683631897,0.0714285746216774
201,2.6407620906829834,2.640432834625244,0.06642857193946838,0.07000000029802322
202,2.6407759189605713,2.640413522720337,0.0682142823934555,0.0714285746216774
203,2.640713691711426,2.6404075622558594,0.06303571164608002,0.0714285746216774
204,2.6407368183135986,2.6403939723968506,0.06160714104771614,0.0714285746216774
205,2.640730142593384,2.640392780303955,0.06714285910129547,0.0714285746216774
206,2.6407010555267334,2.6403744220733643,0.06553571671247482,0.0714285746216774
207,2.640692710876465,2.640383005142212,0.06767857074737549,0.0714285746216774
208,2.6406784057617188,2.6403584480285645,0.06535714119672775,0.0714285746216774
209,2.6406915187835693,2.640336513519287,0.0669642835855484,0.07285714149475098
210,2.6406822204589844,2.64031720161438,0.06267856806516647,0.07285714149475098
211,2.6406471729278564,2.640319585800171,0.0694642886519432,0.07285714149475098
212,2.640641927719116,2.6403005123138428,0.07000000029802322,0.07285714149475098
213,2.640615224838257,2.640301465988159,0.06160714104771614,0.07285714149475098
214,2.640601634979248,2.6402857303619385,0.06750000268220901,0.07285714149475098
215,2.640632390975952,2.640284776687622,0.06732142716646194,0.07285714149475098
216,2.640632152557373,2.640279531478882,0.06750000268220901,0.07285714149475098
217,2.6405961513519287,2.6402854919433594,0.0637499988079071,0.07285714149475098
218,2.6405863761901855,2.640293836593628,0.06178571283817291,0.07428571581840515
219,2.640570640563965,2.640275001525879,0.06517857313156128,0.07285714149475098
220,2.640601634979248,2.6402604579925537,0.06910714507102966,0.07285714149475098
221,2.640547037124634,2.640254259109497,0.06803571432828903,0.07428571581840515
222,2.6405322551727295,2.6402342319488525,0.06499999761581421,0.07285714149475098
223,2.640570640563965,2.640220880508423,0.06875000149011612,0.07285714149475098
224,2.640578269958496,2.6402156352996826,0.06339285522699356,0.07285714149475098
225,2.64054799079895,2.6401960849761963,0.06482142955064774,0.07285714149475098
226,2.64054274559021,2.64017653465271,0.0669642835855484,0.07285714149475098
227,2.640528440475464,2.6401784420013428,0.06410714238882065,0.07285714149475098
228,2.6404924392700195,2.6401755809783936,0.06392857432365417,0.07285714149475098
229,2.640503168106079,2.6401774883270264,0.06642857193946838,0.07285714149475098
230,2.640498399734497,2.6401727199554443,0.06732142716646194,0.07285714149475098
231,2.640493392944336,2.640167713165283,0.06285714358091354,0.07285714149475098
232,2.6404638290405273,2.6401495933532715,0.05999999865889549,0.07285714149475098
233,2.6404905319213867,2.640141248703003,0.06517857313156128,0.07285714149475098
234,2.6404950618743896,2.6401331424713135,0.06482142955064774,0.07285714149475098
235,2.640446424484253,2.6401240825653076,0.06750000268220901,0.07000000029802322
236,2.6404316425323486,2.6401164531707764,0.06767857074737549,0.07285714149475098
237,2.640437126159668,2.64011812210083,0.06232142820954323,0.07285714149475098
238,2.640462875366211,2.640119791030884,0.06410714238882065,0.07285714149475098
239,2.640446901321411,2.6401021480560303,0.0657142847776413,0.07285714149475098
240,2.6404385566711426,2.6400976181030273,0.07053571194410324,0.07285714149475098
241,2.6404261589050293,2.6401021480560303,0.06232142820954323,0.0714285746216774
242,2.640401601791382,2.6401078701019287,0.06642857193946838,0.07285714149475098
243,2.6403918266296387,2.640085458755493,0.06160714104771614,0.07285714149475098
244,2.6403727531433105,2.6400787830352783,0.06660714000463486,0.07285714149475098
245,2.6403818130493164,2.6400692462921143,0.06553571671247482,0.07285714149475098
246,2.64039945602417,2.6400725841522217,0.06553571671247482,0.07285714149475098
247,2.640378475189209,2.640063762664795,0.06232142820954323,0.07285714149475098
248,2.640376091003418,2.640068769454956,0.06499999761581421,0.07285714149475098
249,2.64036226272583,2.640049934387207,0.06589286029338837,0.07285714149475098
