,loss,val_loss,accuracy,val_accuracy
0,2.6650922298431396,2.6444780826568604,0.06410714238882065,0.0714285746216774
1,2.646646738052368,2.6419153213500977,0.07357142865657806,0.07000000029802322
2,2.6439340114593506,2.6140854358673096,0.07696428894996643,0.10857142508029938
3,2.6464173793792725,2.6436893939971924,0.07035714387893677,0.0714285746216774
4,2.645369529724121,2.642505407333374,0.06303571164608002,0.0714285746216774
5,2.644118547439575,2.6407010555267334,0.0701785683631897,0.07285714149475098
6,2.6439945697784424,2.6445796489715576,0.07035714387893677,0.07285714149475098
7,2.642965793609619,2.641860246658325,0.06875000149011612,0.07285714149475098
8,2.642653465270996,2.6396381855010986,0.07249999791383743,0.07285714149475098
9,2.642828941345215,2.640246629714966,0.06964285671710968,0.07285714149475098
10,2.641788959503174,2.639570474624634,0.07107143104076385,0.07285714149475098
11,2.641334056854248,2.639097213745117,0.07124999910593033,0.07285714149475098
12,2.641406536102295,2.6414287090301514,0.06750000268220901,0.07285714149475098
13,2.6415419578552246,2.637744903564453,0.06589286029338837,0.07285714149475098
14,2.640011787414551,2.6390368938446045,0.06607142835855484,0.07428571581840515
15,2.587259531021118,2.4403045177459717,0.09017857164144516,0.12285714596509933
16,2.525991201400757,2.427741765975952,0.11517857015132904,0.11571428924798965
17,2.4852030277252197,2.6687567234039307,0.11571428924798965,0.08714285492897034
18,2.482724905014038,2.394623041152954,0.12446428835391998,0.13285714387893677
19,2.1905758380889893,2.1382343769073486,0.1383928507566452,0.14714285731315613
20,2.0345299243927,2.027616500854492,0.17321428656578064,0.1899999976158142
21,1.8392138481140137,1.9074034690856934,0.2117857187986374,0.20571428537368774
22,1.6322203874588013,1.7585667371749878,0.2646428644657135,0.261428564786911
23,1.4450292587280273,1.690123438835144,0.33839285373687744,0.3271428644657135
24,1.3005868196487427,1.5501599311828613,0.40714284777641296,0.3742857277393341
25,1.0972734689712524,1.4115418195724487,0.5219643115997314,0.47285714745521545
26,0.7858533263206482,1.340882658958435,0.6794642806053162,0.5385714173316956
27,0.5693721175193787,1.253507137298584,0.7616071701049805,0.6114285588264465
28,0.4244763255119324,1.115731120109558,0.8355357050895691,0.7114285826683044
29,0.2692221999168396,1.2204976081848145,0.9189285635948181,0.7285714149475098
30,0.1679416000843048,1.2561434507369995,0.9578571319580078,0.7085714340209961
31,0.10726329684257507,1.2568135261535645,0.9748214483261108,0.758571445941925
32,0.061768364161252975,1.1502737998962402,0.9887499809265137,0.7685714364051819
33,0.05054042488336563,1.1825729608535767,0.9892857074737549,0.7757142782211304
34,0.03664916381239891,1.3519045114517212,0.9932143092155457,0.7571428418159485
35,0.029379161074757576,1.2862727642059326,0.9948214292526245,0.7557142972946167
36,0.027948468923568726,1.3776092529296875,0.9950000047683716,0.7657142877578735
37,0.0323990136384964,1.328043818473816,0.9926785826683044,0.7457143068313599
38,0.027234118431806564,1.3190261125564575,0.9937499761581421,0.7571428418159485
39,0.018737129867076874,1.4109092950820923,0.9966071248054504,0.75
40,0.015120794996619225,1.4327616691589355,0.9973214268684387,0.7542856931686401
41,0.018839504569768906,1.3686937093734741,0.9962499737739563,0.7428571581840515
42,0.027021657675504684,1.3258980512619019,0.9937499761581421,0.7385714054107666
43,0.02570503205060959,1.3536092042922974,0.9948214292526245,0.75
44,0.013553467579185963,1.3622374534606934,0.9973214268684387,0.758571445941925
45,0.013486654497683048,1.3634309768676758,0.9966071248054504,0.758571445941925
46,0.07143628597259521,1.3960052728652954,0.9767857193946838,0.7128571271896362
47,0.07821961492300034,1.1470096111297607,0.9798214435577393,0.7714285850524902
48,0.04097379371523857,1.2763170003890991,0.9907143115997314,0.7599999904632568
49,0.021641766652464867,1.3779487609863281,0.9946428537368774,0.7542856931686401
50,0.012359690852463245,1.3898814916610718,0.9975000023841858,0.75
51,0.006640754174441099,1.3829182386398315,0.9991071224212646,0.7571428418159485
52,0.004201011266559362,1.3849273920059204,0.9992856979370117,0.7614285945892334
53,0.0033025285229086876,1.4177554845809937,0.9994642734527588,0.7599999904632568
54,0.002998004201799631,1.4373903274536133,0.9994642734527588,0.7557142972946167
55,0.002856440842151642,1.444180965423584,0.9994642734527588,0.7599999904632568
56,0.0026570616755634546,1.4728593826293945,0.9994642734527588,0.758571445941925
57,0.002544974908232689,1.4745451211929321,0.9994642734527588,0.7599999904632568
58,0.0024286832194775343,1.5151363611221313,0.9994642734527588,0.758571445941925
59,0.0025240578688681126,1.4949849843978882,0.9994642734527588,0.7614285945892334
60,0.002332855248823762,1.5376863479614258,0.9994642734527588,0.758571445941925
61,0.00197521410882473,1.5434646606445312,0.9996428489685059,0.758571445941925
62,0.0018711123848333955,1.5705069303512573,0.9998214244842529,0.7571428418159485
63,0.001883207936771214,1.5561949014663696,0.9998214244842529,0.7614285945892334
64,0.001806587795726955,1.5801066160202026,0.9998214244842529,0.7571428418159485
65,0.00160962191876024,1.5826921463012695,0.9998214244842529,0.7614285945892334
66,0.0015270590083673596,1.6058427095413208,0.9998214244842529,0.758571445941925
67,0.0014866131823509932,1.599856972694397,0.9998214244842529,0.7614285945892334
68,0.0014330833218991756,1.6244744062423706,0.9998214244842529,0.758571445941925
69,0.0012577521847561002,1.6268296241760254,0.9998214244842529,0.7599999904632568
70,0.0011970530031248927,1.657853603363037,0.9998214244842529,0.7557142972946167
71,0.0011676775757223368,1.6496855020523071,0.9998214244842529,0.7571428418159485
72,0.001148862298578024,1.6740150451660156,0.9998214244842529,0.7571428418159485
73,0.001004375983029604,1.6867762804031372,0.9998214244842529,0.7542856931686401
74,0.0009371694177389145,1.7019373178482056,1.0,0.7542856931686401
75,0.0008703283383511007,1.7105575799942017,1.0,0.7557142972946167
76,0.0008240850875154138,1.7243925333023071,1.0,0.7542856931686401
77,0.0007794626289978623,1.7352434396743774,1.0,0.7557142972946167
78,0.0007384199416264892,1.7504773139953613,1.0,0.7557142972946167
79,0.000705038255546242,1.7591198682785034,1.0,0.7557142972946167
80,0.0006715134368278086,1.7750558853149414,1.0,0.7542856931686401
81,0.0006414605304598808,1.7839936017990112,1.0,0.7557142972946167
82,0.0006141300546005368,1.7925819158554077,1.0,0.7542856931686401
83,0.0005917103262618184,1.8099899291992188,1.0,0.7557142972946167
84,0.000561992172151804,1.809536099433899,1.0,0.7571428418159485
85,0.0005429675220511854,1.8283361196517944,1.0,0.758571445941925
86,0.0005198154249228537,1.831856369972229,1.0,0.7571428418159485
87,0.000491528189741075,1.839398741722107,1.0,0.7599999904632568
88,0.00047486822586506605,1.8514333963394165,1.0,0.7599999904632568
89,0.00044794613495469093,1.8599714040756226,1.0,0.7599999904632568
90,0.000428777071647346,1.8675228357315063,1.0,0.758571445941925
91,0.000412225432228297,1.877353310585022,1.0,0.758571445941925
92,0.00039481165003962815,1.8851984739303589,1.0,0.758571445941925
93,0.0003798941324930638,1.8920806646347046,1.0,0.758571445941925
94,0.00036445603473111987,1.9000587463378906,1.0,0.758571445941925
95,0.00034948097891174257,1.9073268175125122,1.0,0.758571445941925
96,0.0003355731605552137,1.9161081314086914,1.0,0.7614285945892334
97,0.0003217480843886733,1.9242254495620728,1.0,0.7614285945892334
98,0.00031007383950054646,1.9313825368881226,1.0,0.7614285945892334
99,0.0002974568633362651,1.9362417459487915,1.0,0.7614285945892334
100,0.0002865642018150538,1.9469317197799683,1.0,0.7614285945892334
101,0.00027434941148385406,1.9539995193481445,1.0,0.7614285945892334
102,0.0002642534673213959,1.9626946449279785,1.0,0.7614285945892334
103,0.00025442754849791527,1.9679127931594849,1.0,0.7599999904632568
104,0.00024505023611709476,1.9744524955749512,1.0,0.758571445941925
105,0.00023540295660495758,1.9818686246871948,1.0,0.7599999904632568
106,0.0002271903067594394,1.9880585670471191,1.0,0.7599999904632568
107,0.00021898541308473796,1.9955168962478638,1.0,0.7599999904632568
108,0.00021116099378559738,2.003160238265991,1.0,0.758571445941925
109,0.0002039636456174776,2.009249448776245,1.0,0.758571445941925
110,0.0001977333304239437,2.0147478580474854,1.0,0.758571445941925
111,0.00019160070223733783,2.023050546646118,1.0,0.758571445941925
112,0.00018423778237774968,2.0298285484313965,1.0,0.7599999904632568
113,0.00017885143461171538,2.0379159450531006,1.0,0.7599999904632568
114,0.00017251078679692,2.045567750930786,1.0,0.7599999904632568
115,0.00016715210222173482,2.053992986679077,1.0,0.7599999904632568
116,0.0001624914148123935,2.0615756511688232,1.0,0.7599999904632568
117,0.00015682059165555984,2.0674991607666016,1.0,0.7599999904632568
118,0.00015189775149337947,2.074634313583374,1.0,0.7599999904632568
119,0.00014738361642230302,2.0825135707855225,1.0,0.7614285945892334
120,0.00014313936117105186,2.08809494972229,1.0,0.7628571391105652
121,0.00013948982814326882,2.094534397125244,1.0,0.7642857432365417
122,0.00013775228580925614,2.101947069168091,1.0,0.7642857432365417
123,0.00013341371959540993,2.1083335876464844,1.0,0.7642857432365417
124,0.00012720598897431046,2.1148979663848877,1.0,0.7628571391105652
125,0.00012361316476017237,2.1219241619110107,1.0,0.7628571391105652
126,0.00012002002767985687,2.1279757022857666,1.0,0.7628571391105652
127,0.00011689012899296358,2.136173725128174,1.0,0.7628571391105652
128,0.00011605341569520533,2.1434428691864014,1.0,0.7628571391105652
129,0.00011035939678549767,2.151285409927368,1.0,0.7628571391105652
130,0.00010750655201263726,2.158328056335449,1.0,0.7628571391105652
131,0.00010464597289683297,2.164761543273926,1.0,0.7599999904632568
132,0.00010187027510255575,2.168987274169922,1.0,0.7599999904632568
133,9.9226861493662e-05,2.1756784915924072,1.0,0.7614285945892334
134,9.643353405408561e-05,2.182406425476074,1.0,0.7614285945892334
135,9.406826575286686e-05,2.189326524734497,1.0,0.7614285945892334
136,9.188905823975801e-05,2.1966147422790527,1.0,0.7599999904632568
137,8.948035247158259e-05,2.2035224437713623,1.0,0.7599999904632568
138,8.687376248417422e-05,2.210392713546753,1.0,0.7599999904632568
139,8.472799527226016e-05,2.218555212020874,1.0,0.7599999904632568
140,8.247236837632954e-05,2.224581003189087,1.0,0.7599999904632568
141,8.053275087149814e-05,2.2318460941314697,1.0,0.7599999904632568
142,7.841445039957762e-05,2.238281488418579,1.0,0.7599999904632568
143,7.662088319193572e-05,2.244579792022705,1.0,0.7599999904632568
144,7.440872286679223e-05,2.2500522136688232,1.0,0.7599999904632568
145,7.28568120393902e-05,2.255415439605713,1.0,0.7599999904632568
146,7.068913691909984e-05,2.2601335048675537,1.0,0.7599999904632568
147,6.910449883434922e-05,2.264888048171997,1.0,0.7599999904632568
148,6.713600305374712e-05,2.2710227966308594,1.0,0.7599999904632568
149,6.547938392031938e-05,2.2754147052764893,1.0,0.7599999904632568
150,6.39606878394261e-05,2.282658338546753,1.0,0.758571445941925
151,6.221591320354491e-05,2.2889792919158936,1.0,0.758571445941925
152,6.063814726076089e-05,2.294199228286743,1.0,0.758571445941925
153,5.9503232478164136e-05,2.2985684871673584,1.0,0.758571445941925
154,5.777832120656967e-05,2.3041608333587646,1.0,0.758571445941925
155,5.639672963297926e-05,2.304638147354126,1.0,0.758571445941925
156,5.480199251906015e-05,2.307112455368042,1.0,0.758571445941925
157,5.349985804059543e-05,2.3100409507751465,1.0,0.7599999904632568
158,5.2187977416906506e-05,2.31493878364563,1.0,0.758571445941925
159,5.073173451819457e-05,2.3210861682891846,1.0,0.758571445941925
160,4.9877413403009996e-05,2.3244810104370117,1.0,0.7599999904632568
161,4.8547695769229904e-05,2.3314788341522217,1.0,0.7599999904632568
162,4.7270874347304925e-05,2.337538480758667,1.0,0.7599999904632568
163,4.6119370381347835e-05,2.344477891921997,1.0,0.758571445941925
164,4.492694279178977e-05,2.3512067794799805,1.0,0.7571428418159485
165,4.3951582483714446e-05,2.3553049564361572,1.0,0.758571445941925
166,4.3157036998309195e-05,2.3617494106292725,1.0,0.7571428418159485
167,4.2050211050082e-05,2.367866277694702,1.0,0.7571428418159485
168,4.086931949132122e-05,2.3766021728515625,1.0,0.7571428418159485
169,3.984536670031957e-05,2.385124683380127,1.0,0.7599999904632568
170,3.9138118154369295e-05,2.390983819961548,1.0,0.758571445941925
171,3.769777322304435e-05,2.3953545093536377,1.0,0.758571445941925
172,3.7334106309572235e-05,2.4013545513153076,1.0,0.758571445941925
173,3.6349210859043524e-05,2.407590389251709,1.0,0.758571445941925
174,3.53818541043438e-05,2.4145920276641846,1.0,0.758571445941925
175,3.447504423093051e-05,2.4216935634613037,1.0,0.758571445941925
176,3.3844156860141084e-05,2.425483465194702,1.0,0.758571445941925
177,3.300857133581303e-05,2.431398630142212,1.0,0.758571445941925
178,3.214456592104398e-05,2.4371721744537354,1.0,0.758571445941925
179,3.138023384963162e-05,2.4446990489959717,1.0,0.7571428418159485
180,3.0666968086734414e-05,2.4483649730682373,1.0,0.7571428418159485
181,3.0049723136471584e-05,2.4537527561187744,1.0,0.758571445941925
182,2.920167207776103e-05,2.461693525314331,1.0,0.7528571486473083
183,2.8529389965115115e-05,2.4664909839630127,1.0,0.7542856931686401
184,2.7998439691145904e-05,2.470712900161743,1.0,0.7542856931686401
185,2.8740178095176816e-05,2.4967238903045654,1.0,0.7528571486473083
186,0.18060719966888428,1.8082308769226074,0.9626785516738892,0.6985714435577393
187,0.2378222942352295,1.440879464149475,0.9353571534156799,0.7157142758369446
188,0.10452371090650558,1.2909494638442993,0.970714271068573,0.7314285635948181
189,0.036648716777563095,1.236025094985962,0.9925000071525574,0.7599999904632568
190,0.014127979055047035,1.220973253250122,0.9966071248054504,0.7714285850524902
191,0.005822078790515661,1.268502116203308,0.9989285469055176,0.7757142782211304
192,0.003498161444440484,1.3273637294769287,0.9991071224212646,0.7657142877578735
193,0.0037350172642618418,1.3148292303085327,0.9992856979370117,0.7771428823471069
194,0.0035093596670776606,1.3562322854995728,0.9992856979370117,0.7671428322792053
195,0.0028866685461252928,1.4042915105819702,0.9994642734527588,0.7614285945892334
196,0.002070600865408778,1.3822065591812134,0.9994642734527588,0.7628571391105652
197,0.0015454330714419484,1.3959614038467407,0.9996428489685059,0.7628571391105652
198,0.0011735213920474052,1.3824567794799805,0.9998214244842529,0.7628571391105652
199,0.0010285759344696999,1.395857334136963,0.9998214244842529,0.7699999809265137
200,0.0009119309834204614,1.4017243385314941,0.9998214244842529,0.7685714364051819
201,0.0008293754071928561,1.4146169424057007,1.0,0.7699999809265137
202,0.0007291849469766021,1.4261722564697266,1.0,0.7714285850524902
203,0.0006682316889055073,1.4376249313354492,1.0,0.7714285850524902
204,0.0006134863360784948,1.4482167959213257,1.0,0.7714285850524902
205,0.0005593534442596138,1.4575963020324707,1.0,0.7714285850524902
206,0.0005199070437811315,1.468711495399475,1.0,0.7714285850524902
207,0.00048697786405682564,1.4847502708435059,1.0,0.7714285850524902
208,0.00045960641000419855,1.4864355325698853,1.0,0.7714285850524902
209,0.000423826917540282,1.4993243217468262,1.0,0.7699999809265137
210,0.00039424115675501525,1.5095924139022827,1.0,0.7699999809265137
211,0.00035560663673095405,1.5177541971206665,1.0,0.7699999809265137
212,0.0003339048707857728,1.5255460739135742,1.0,0.7699999809265137
213,0.0003111967525910586,1.5364536046981812,1.0,0.7685714364051819
214,0.00028584818937815726,1.5424309968948364,1.0,0.7685714364051819
215,0.0002694658178370446,1.5522600412368774,1.0,0.7685714364051819
216,0.00025411348906345665,1.5593585968017578,1.0,0.7685714364051819
217,0.0002411193127045408,1.5668411254882812,1.0,0.7657142877578735
218,0.00022895178699400276,1.576098084449768,1.0,0.7657142877578735
219,0.00021745666163042188,1.584566593170166,1.0,0.7642857432365417
220,0.00020796814351342618,1.5921574831008911,1.0,0.7642857432365417
221,0.00019922939827665687,1.6010946035385132,1.0,0.7642857432365417
222,0.00019063553190790117,1.6084774732589722,1.0,0.7628571391105652
223,0.0001826612715376541,1.615299105644226,1.0,0.7628571391105652
224,0.00017541693523526192,1.6237632036209106,1.0,0.7628571391105652
225,0.0001683628506725654,1.63111412525177,1.0,0.7628571391105652
226,0.00016379983571823686,1.6379671096801758,1.0,0.7628571391105652
227,0.00015563363558612764,1.6455291509628296,1.0,0.7628571391105652
228,0.00014921450929250568,1.650720477104187,1.0,0.7614285945892334
229,0.0001440002815797925,1.6584043502807617,1.0,0.7614285945892334
230,0.00013837403093930334,1.6655267477035522,1.0,0.7614285945892334
231,0.00013383598707150668,1.6730098724365234,1.0,0.7614285945892334
232,0.00012848574260715395,1.6792072057724,1.0,0.7614285945892334
233,0.00012457063712645322,1.6871851682662964,1.0,0.7614285945892334
234,0.00012094832345610484,1.6925588846206665,1.0,0.7614285945892334
235,0.00011762585927499458,1.7009836435317993,1.0,0.7614285945892334
236,0.016321144998073578,1.7136448621749878,0.9958928823471069,0.7228571176528931
237,0.040376245975494385,1.788655400276184,0.9858928322792053,0.7085714340209961
238,0.028812164440751076,1.5196442604064941,0.9930357336997986,0.741428554058075
239,0.009268823079764843,1.4791555404663086,0.9983928799629211,0.7557142972946167
240,0.005323638208210468,1.462599754333496,0.9989285469055176,0.7571428418159485
241,0.0016182494582608342,1.573633074760437,0.9996428489685059,0.7385714054107666
242,0.0017820872599259019,1.4850692749023438,0.9994642734527588,0.75
243,0.0005712350248359144,1.512980580329895,1.0,0.7428571581840515
244,0.000556941784452647,1.5168495178222656,1.0,0.7457143068313599
245,0.00035290169762447476,1.5261144638061523,1.0,0.7471428513526917
246,0.0003012349479831755,1.534981608390808,1.0,0.7485714554786682
247,0.00026634836103767157,1.5430511236190796,1.0,0.7514285445213318
248,0.0002381358208367601,1.5472174882888794,1.0,0.7514285445213318
249,0.00021709231077693403,1.5530704259872437,1.0,0.7514285445213318
