,loss,val_loss,accuracy,val_accuracy
0,2.7069365978240967,2.7056686878204346,0.07839285582304001,0.08142857253551483
1,2.7046895027160645,2.7034432888031006,0.07857143133878708,0.08285713940858841
2,2.7023165225982666,2.7012226581573486,0.08321428298950195,0.08857142925262451
3,2.7000772953033447,2.6991097927093506,0.07374999672174454,0.0714285746216774
4,2.698007106781006,2.6971871852874756,0.07232142984867096,0.0714285746216774
5,2.6960718631744385,2.6953389644622803,0.0714285746216774,0.0714285746216774
6,2.694162130355835,2.693573236465454,0.0714285746216774,0.0714285746216774
7,2.6924140453338623,2.6919021606445312,0.07160714268684387,0.0714285746216774
8,2.690720558166504,2.690260887145996,0.07124999910593033,0.0714285746216774
9,2.6890830993652344,2.6886720657348633,0.0714285746216774,0.0714285746216774
10,2.6875498294830322,2.6870851516723633,0.0714285746216774,0.0714285746216774
11,2.6859982013702393,2.6856374740600586,0.07107143104076385,0.0714285746216774
12,2.6844685077667236,2.684173822402954,0.07107143104076385,0.07000000029802322
13,2.683037042617798,2.6827468872070312,0.0714285746216774,0.07000000029802322
14,2.681572675704956,2.681368589401245,0.07160714268684387,0.07000000029802322
15,2.6802141666412354,2.679946184158325,0.07160714268684387,0.0714285746216774
16,2.6788101196289062,2.6785812377929688,0.0714285746216774,0.0771428570151329
17,2.677455186843872,2.6772139072418213,0.07160714268684387,0.0771428570151329
18,2.676086664199829,2.675853967666626,0.0726785734295845,0.07857143133878708
19,2.674736976623535,2.6745071411132812,0.07249999791383743,0.07571428269147873
20,2.673374891281128,2.673180341720581,0.07232142984867096,0.07428571581840515
21,2.672067403793335,2.671821355819702,0.07321428507566452,0.0714285746216774
22,2.6707494258880615,2.6705150604248047,0.07124999910593033,0.07428571581840515
23,2.6694223880767822,2.669151544570923,0.07285714149475098,0.0771428570151329
24,2.6681418418884277,2.6678106784820557,0.07071428745985031,0.0771428570151329
25,2.6669232845306396,2.666475296020508,0.0714285746216774,0.07000000029802322
26,2.6655218601226807,2.6651253700256348,0.06964285671710968,0.07000000029802322
27,2.6642589569091797,2.6637632846832275,0.0746428593993187,0.0714285746216774
28,2.6628897190093994,2.662407636642456,0.07124999910593033,0.07428571581840515
29,2.661548376083374,2.6610655784606934,0.0701785683631897,0.07571428269147873
30,2.66024112701416,2.6596407890319824,0.07732142508029938,0.06857142597436905
31,2.6589932441711426,2.6582303047180176,0.07249999791383743,0.07428571581840515
32,2.657630681991577,2.6568844318389893,0.0726785734295845,0.07571428269147873
33,2.656308889389038,2.65547513961792,0.07642856985330582,0.07285714149475098
34,2.6550278663635254,2.653980016708374,0.07803571224212646,0.08142857253551483
35,2.6536173820495605,2.652515172958374,0.07767856866121292,0.08571428805589676
36,2.6523568630218506,2.651094436645508,0.0791071429848671,0.07857143133878708
37,2.6508948802948,2.649590253829956,0.07982143014669418,0.07857143133878708
38,2.649675130844116,2.648066759109497,0.08232142776250839,0.08857142925262451
39,2.648271083831787,2.6466386318206787,0.07696428894996643,0.08571428805589676
40,2.64697003364563,2.645092725753784,0.07892857491970062,0.08142857253551483
41,2.645573139190674,2.6434664726257324,0.07982143014669418,0.08857142925262451
42,2.6442508697509766,2.6418230533599854,0.08267857134342194,0.08857142925262451
43,2.6427724361419678,2.640148639678955,0.08500000089406967,0.09000000357627869
44,2.6412904262542725,2.638399839401245,0.08428571373224258,0.09285714477300644
45,2.639749050140381,2.636650323867798,0.08410714566707611,0.09571428596973419
46,2.6383140087127686,2.6347408294677734,0.08642856776714325,0.09428571164608002
47,2.6366710662841797,2.6327314376831055,0.09267856925725937,0.09285714477300644
48,2.6349868774414062,2.630695104598999,0.08696428686380386,0.10857142508029938
49,2.633302927017212,2.6284968852996826,0.08839285373687744,0.1071428582072258
50,2.6315982341766357,2.6262295246124268,0.0880357176065445,0.11142857372760773
51,2.629702568054199,2.6238491535186768,0.09714286029338837,0.11999999731779099
52,2.6277847290039062,2.6213762760162354,0.09964285790920258,0.1071428582072258
53,2.62568736076355,2.6186230182647705,0.09857142716646194,0.1071428582072258
54,2.6234915256500244,2.616018056869507,0.09964285790920258,0.10428571701049805
55,2.6214418411254883,2.613149881362915,0.10125000029802322,0.1071428582072258
56,2.6190106868743896,2.6102802753448486,0.1014285683631897,0.10571428388357162
57,2.616684913635254,2.6072936058044434,0.09892857074737549,0.11142857372760773
58,2.614448308944702,2.60439395904541,0.10053571313619614,0.10857142508029938
59,2.6121530532836914,2.6016151905059814,0.10017856955528259,0.11857143044471741
60,2.6101651191711426,2.598578691482544,0.10196428745985031,0.1128571406006813
61,2.6079421043395996,2.5960094928741455,0.10053571313619614,0.1128571406006813
62,2.6050069332122803,2.5933573246002197,0.1039285734295845,0.11571428924798965
63,2.6027867794036865,2.590939521789551,0.0994642823934555,0.1128571406006813
64,2.6011602878570557,2.589191198348999,0.10178571194410324,0.1128571406006813
65,2.5995466709136963,2.5871713161468506,0.1007142886519432,0.11428571492433548
66,2.598477602005005,2.586127281188965,0.10035714507102966,0.11428571492433548
67,2.597590923309326,2.5846481323242188,0.10517857223749161,0.11857143044471741
68,2.5960891246795654,2.583927869796753,0.10374999791383743,0.11428571492433548
69,2.595273733139038,2.5828444957733154,0.10678571462631226,0.12285714596509933
70,2.5938565731048584,2.5818140506744385,0.10535714030265808,0.10999999940395355
71,2.5938358306884766,2.5806732177734375,0.10821428894996643,0.11714285612106323
72,2.5927207469940186,2.5800089836120605,0.1160714253783226,0.11428571492433548
73,2.592200756072998,2.579298496246338,0.1103571429848671,0.11857143044471741
74,2.5912721157073975,2.5786659717559814,0.11178571730852127,0.11428571492433548
75,2.5908682346343994,2.5780065059661865,0.11375000327825546,0.10999999940395355
76,2.5904574394226074,2.5770463943481445,0.10642857104539871,0.12285714596509933
77,2.5899851322174072,2.576698064804077,0.10999999940395355,0.11857143044471741
78,2.589127779006958,2.5759265422821045,0.11767856776714325,0.10857142508029938
79,2.588840961456299,2.575610399246216,0.11749999970197678,0.11857143044471741
80,2.5883982181549072,2.5751821994781494,0.11642856895923615,0.10571428388357162
81,2.5882890224456787,2.5746898651123047,0.11214285343885422,0.12285714596509933
82,2.5871009826660156,2.5743961334228516,0.11714285612106323,0.11999999731779099
83,2.5870161056518555,2.573596239089966,0.11749999970197678,0.11428571492433548
84,2.5858278274536133,2.5731852054595947,0.11660714447498322,0.1128571406006813
85,2.5860602855682373,2.572789192199707,0.11857143044471741,0.11999999731779099
86,2.5856146812438965,2.572709798812866,0.11964285373687744,0.11999999731779099
87,2.585151433944702,2.5719850063323975,0.11910714209079742,0.11857143044471741
88,2.5844433307647705,2.5716891288757324,0.11767856776714325,0.11428571492433548
89,2.5843889713287354,2.5713231563568115,0.11767856776714325,0.11857143044471741
90,2.583890676498413,2.5706522464752197,0.11982142925262451,0.11714285612106323
91,2.583487033843994,2.5705809593200684,0.1205357164144516,0.11571428924798965
92,2.5830671787261963,2.569706916809082,0.11999999731779099,0.11142857372760773
93,2.5823400020599365,2.569963216781616,0.12017857283353806,0.11999999731779099
94,2.5815939903259277,2.569892644882202,0.1237500011920929,0.11999999731779099
95,2.5809895992279053,2.568788766860962,0.12267857044935226,0.11714285612106323
96,2.580860137939453,2.5691957473754883,0.12267857044935226,0.11999999731779099
97,2.5803306102752686,2.568671941757202,0.12464285641908646,0.11714285612106323
98,2.5798757076263428,2.5683374404907227,0.12107142806053162,0.11714285612106323
99,2.57914400100708,2.5675976276397705,0.12303571403026581,0.1257142871618271
100,2.578582286834717,2.5679242610931396,0.12446428835391998,0.12285714596509933
101,2.5784075260162354,2.5666110515594482,0.12357142567634583,0.11999999731779099
102,2.577792167663574,2.5675346851348877,0.12142857164144516,0.11999999731779099
103,2.577707052230835,2.5658347606658936,0.12357142567634583,0.12714286148548126
104,2.576942205429077,2.5658891201019287,0.12535713613033295,0.12857143580913544
105,2.5766549110412598,2.565613269805908,0.12464285641908646,0.12428571283817291
106,2.5755605697631836,2.5648887157440186,0.12446428835391998,0.12142857164144516
107,2.5747668743133545,2.564831495285034,0.12446428835391998,0.12428571283817291
108,2.5749778747558594,2.5635621547698975,0.12017857283353806,0.12142857164144516
109,2.5736804008483887,2.5636050701141357,0.1269642859697342,0.12285714596509933
110,2.5741589069366455,2.5633485317230225,0.12482143193483353,0.11999999731779099
111,2.572730779647827,2.5625369548797607,0.12517857551574707,0.12285714596509933
112,2.572152853012085,2.562215566635132,0.125,0.12285714596509933
113,2.5717663764953613,2.561899423599243,0.1237500011920929,0.1257142871618271
114,2.5712831020355225,2.5618841648101807,0.12464285641908646,0.12428571283817291
115,2.57071852684021,2.5614302158355713,0.12589286267757416,0.12285714596509933
116,2.5699639320373535,2.5594117641448975,0.1262499988079071,0.12428571283817291
117,2.5690033435821533,2.5599873065948486,0.12446428835391998,0.12428571283817291
118,2.5683999061584473,2.558619976043701,0.1274999976158142,0.1257142871618271
119,2.567692279815674,2.557523727416992,0.1287499964237213,0.1257142871618271
120,2.5668692588806152,2.557112455368042,0.12732142210006714,0.1257142871618271
121,2.5654544830322266,2.5568811893463135,0.1287499964237213,0.12999999523162842
122,2.564518690109253,2.5563652515411377,0.12857143580913544,0.1314285695552826
123,2.564394235610962,2.5546538829803467,0.12357142567634583,0.12714286148548126
124,2.5626914501190186,2.5554707050323486,0.1274999976158142,0.12142857164144516
125,2.5621581077575684,2.5533111095428467,0.1274999976158142,0.1257142871618271
126,2.5614020824432373,2.5523898601531982,0.13089285790920258,0.1314285695552826
127,2.5593693256378174,2.5517799854278564,0.12803570926189423,0.1257142871618271
128,2.559001922607422,2.5503458976745605,0.12910714745521545,0.1314285695552826
129,2.5571067333221436,2.5491602420806885,0.1274999976158142,0.12857143580913544
130,2.555912494659424,2.547715425491333,0.12999999523162842,0.12857143580913544
131,2.5536820888519287,2.5459554195404053,0.12982143461704254,0.12714286148548126
132,2.5527596473693848,2.5443484783172607,0.12928570806980133,0.12428571283817291
133,2.5504446029663086,2.5431759357452393,0.1339285671710968,0.12857143580913544
134,2.5494227409362793,2.5405113697052,0.13178572058677673,0.1314285695552826
135,2.5470759868621826,2.5389952659606934,0.13035714626312256,0.12857143580913544
136,2.5442922115325928,2.5367252826690674,0.13607142865657806,0.12999999523162842
137,2.5411832332611084,2.5363690853118896,0.1391071379184723,0.1371428519487381
138,2.5391318798065186,2.5319924354553223,0.13410714268684387,0.13428571820259094
139,2.536613702774048,2.529148578643799,0.1403571367263794,0.1314285695552826
140,2.5332751274108887,2.52571177482605,0.14196428656578064,0.15714286267757416
141,2.529207706451416,2.5230872631073,0.1466071456670761,0.15000000596046448
142,2.525397539138794,2.5182993412017822,0.14803571999073029,0.15000000596046448
143,2.520378828048706,2.514554500579834,0.15125000476837158,0.15285713970661163
144,2.5160062313079834,2.5093119144439697,0.15839286148548126,0.16571427881717682
145,2.510669469833374,2.503538131713867,0.16035714745521545,0.16285714507102966
146,2.5036745071411133,2.4981729984283447,0.1632142812013626,0.17142857611179352
147,2.49794340133667,2.4904298782348633,0.16946429014205933,0.167142853140831
148,2.4900472164154053,2.48331618309021,0.1721428632736206,0.1785714328289032
149,2.4828755855560303,2.476276159286499,0.1778571456670761,0.1842857152223587
150,2.4745700359344482,2.4681432247161865,0.1817857176065445,0.1842857152223587
151,2.465944766998291,2.4594595432281494,0.18285714089870453,0.1842857152223587
152,2.457263946533203,2.4506123065948486,0.18392856419086456,0.19571428000926971
153,2.448030948638916,2.441951036453247,0.19374999403953552,0.19571428000926971
154,2.438924789428711,2.432382345199585,0.19178570806980133,0.19428572058677673
155,2.428262233734131,2.4225475788116455,0.19428572058677673,0.1899999976158142
156,2.4176809787750244,2.413050413131714,0.19607143104076385,0.18714286386966705
157,2.4076030254364014,2.402561902999878,0.1976785659790039,0.19857142865657806
158,2.3962221145629883,2.3936398029327393,0.20357142388820648,0.19428572058677673
159,2.3857250213623047,2.382215738296509,0.19875000417232513,0.19285714626312256
160,2.3746418952941895,2.3716437816619873,0.20571428537368774,0.20428571105003357
161,2.362062692642212,2.360198974609375,0.2060714215040207,0.2142857164144516
162,2.3501474857330322,2.3494036197662354,0.20303571224212646,0.1971428543329239
163,2.33882999420166,2.3377630710601807,0.20803570747375488,0.20571428537368774
164,2.327396869659424,2.3249638080596924,0.20874999463558197,0.20428571105003357
165,2.3128104209899902,2.3134918212890625,0.21482142806053162,0.20714285969734192
166,2.301060914993286,2.3085434436798096,0.21339285373687744,0.21714285016059875
167,2.2875046730041504,2.289510726928711,0.21517856419086456,0.21285714209079742
168,2.276102304458618,2.2815420627593994,0.21517856419086456,0.2257142812013626
169,2.2618966102600098,2.268336296081543,0.2162500023841858,0.22714285552501678
170,2.2495718002319336,2.252577066421509,0.2232142835855484,0.2142857164144516
171,2.2352945804595947,2.2424490451812744,0.21857142448425293,0.21285714209079742
172,2.222064256668091,2.232274293899536,0.22732143104076385,0.21857142448425293
173,2.2089807987213135,2.2186615467071533,0.22785714268684387,0.23428571224212646
174,2.1952717304229736,2.2039830684661865,0.230178564786911,0.22714285552501678
175,2.1820292472839355,2.1958982944488525,0.23375000059604645,0.23428571224212646
176,2.1696650981903076,2.1906039714813232,0.2333928644657135,0.21714285016059875
177,2.152503490447998,2.1666555404663086,0.23928570747375488,0.2314285784959793
178,2.1390302181243896,2.1570627689361572,0.24517856538295746,0.2257142812013626
179,2.125187397003174,2.1600685119628906,0.24500000476837158,0.24571429193019867
180,2.1141202449798584,2.1314918994903564,0.2480357140302658,0.24857142567634583
181,2.0946805477142334,2.1143882274627686,0.25214284658432007,0.2257142812013626
182,2.080674171447754,2.1018803119659424,0.2517857253551483,0.24285714328289032
183,2.063894271850586,2.092282772064209,0.2537499964237213,0.23428571224212646
184,2.0478882789611816,2.0765135288238525,0.2621428668498993,0.2671428620815277
185,2.0334880352020264,2.0636181831359863,0.2574999928474426,0.24857142567634583
186,2.019388437271118,2.0567028522491455,0.26482143998146057,0.25285714864730835
187,2.0115976333618164,2.0421335697174072,0.26499998569488525,0.24571429193019867
188,1.989604115486145,2.0290324687957764,0.272857129573822,0.261428564786911
189,1.9754040241241455,2.012805700302124,0.27000001072883606,0.27714285254478455
190,1.9849116802215576,2.0160434246063232,0.2755357027053833,0.2557142972946167
191,1.9482992887496948,1.9964841604232788,0.2874999940395355,0.27714285254478455
192,1.9317139387130737,1.9784177541732788,0.29124999046325684,0.2800000011920929
193,1.9150612354278564,1.9689921140670776,0.29821428656578064,0.2857142984867096
194,1.9019156694412231,1.9584323167800903,0.3055357038974762,0.2842857241630554
195,1.8867534399032593,1.941208004951477,0.31035715341567993,0.29571428894996643
196,1.8724719285964966,1.9278424978256226,0.32053571939468384,0.2914285659790039
197,1.8568774461746216,1.9158340692520142,0.32053571939468384,0.3028571307659149
198,1.8408242464065552,1.9055147171020508,0.3316071331501007,0.30714285373687744
199,1.9044190645217896,1.9061775207519531,0.32303571701049805,0.3171428442001343
200,1.8201864957809448,1.8912917375564575,0.33964285254478455,0.3042857050895691
201,1.8013447523117065,1.8684250116348267,0.34928572177886963,0.31857141852378845
202,1.785395860671997,1.8627389669418335,0.3499999940395355,0.3042857050895691
203,1.7738248109817505,1.8452006578445435,0.3596428632736206,0.31285715103149414
204,1.7604045867919922,1.8286372423171997,0.354107141494751,0.34285715222358704
205,1.739202857017517,1.8494762182235718,0.37339285016059875,0.33714285492897034
206,1.7292838096618652,1.8122129440307617,0.3735714256763458,0.3642857074737549
207,1.7131389379501343,1.8026748895645142,0.3735714256763458,0.35285714268684387
208,1.69557523727417,1.7873668670654297,0.39053571224212646,0.36714285612106323
209,1.6891196966171265,1.7674070596694946,0.3891071379184723,0.3742857277393341
210,1.6660515069961548,1.7751679420471191,0.3973214328289032,0.38857144117355347
211,1.7823519706726074,1.7741538286209106,0.385357141494751,0.38285714387893677
212,1.6498818397521973,1.7521785497665405,0.41303572058677673,0.38285714387893677
213,1.6290009021759033,1.732657790184021,0.42392855882644653,0.37285715341567993
214,1.6159141063690186,1.7310482263565063,0.4285714328289032,0.37714284658432007
215,1.5977015495300293,1.7025457620620728,0.4312500059604645,0.41285714507102966
216,1.5829452276229858,1.6921744346618652,0.43517857789993286,0.41428571939468384
217,1.5610451698303223,1.6885873079299927,0.44874998927116394,0.3928571343421936
218,1.5523409843444824,1.6738606691360474,0.4496428668498993,0.42571428418159485
219,1.5398917198181152,1.6522523164749146,0.45107144117355347,0.4300000071525574
220,1.5185779333114624,1.6450351476669312,0.45875000953674316,0.4242857098579407
221,1.5083636045455933,1.6364423036575317,0.4553571343421936,0.4342857003211975
222,1.4860577583312988,1.6199954748153687,0.47857141494750977,0.415714293718338
223,1.4796334505081177,1.669995665550232,0.4680357277393341,0.41428571939468384
224,1.4487817287445068,1.6252388954162598,0.49214285612106323,0.4214285612106323
225,1.4409064054489136,1.5962859392166138,0.48553571105003357,0.4399999976158142
226,1.4210326671600342,1.57273530960083,0.4962500035762787,0.43857142329216003
227,1.398716926574707,1.5421639680862427,0.510535717010498,0.44999998807907104
228,1.3795695304870605,1.5259758234024048,0.5148214101791382,0.477142870426178
229,1.3676042556762695,1.543757438659668,0.5232142806053162,0.44285714626312256
230,1.3454029560089111,1.5540472269058228,0.522857129573822,0.44285714626312256
231,1.322385549545288,1.527672290802002,0.5378571152687073,0.4514285624027252
232,1.3089232444763184,1.4748598337173462,0.5350000262260437,0.47428572177886963
233,1.279223918914795,1.4537767171859741,0.5528571605682373,0.49000000953674316
234,1.2544022798538208,1.4429064989089966,0.5639285445213318,0.4942857027053833
235,1.2466192245483398,1.416319489479065,0.5557143092155457,0.5171428322792053
236,1.2270944118499756,1.495789885520935,0.5683928728103638,0.4628571569919586
237,1.1993162631988525,1.3799124956130981,0.5774999856948853,0.5285714268684387
238,1.1908913850784302,1.4269331693649292,0.5883928537368774,0.4814285635948181
239,1.159373164176941,1.3555201292037964,0.5980356931686401,0.5357142686843872
240,1.3211884498596191,1.3888355493545532,0.5716071724891663,0.5257142782211304
241,1.1346062421798706,1.352596640586853,0.6032142639160156,0.5385714173316956
242,1.1081010103225708,1.352415919303894,0.6226785778999329,0.5157142877578735
243,1.0878815650939941,1.3692240715026855,0.6244642734527588,0.5442857146263123
244,1.0744246244430542,1.283217430114746,0.6262500286102295,0.5628571510314941
245,1.0521842241287231,1.2580456733703613,0.6319642663002014,0.5671428442001343
246,1.0317130088806152,1.2600493431091309,0.6357142925262451,0.5685714483261108
247,1.015839695930481,1.2473047971725464,0.6441071629524231,0.5685714483261108
248,1.0077229738235474,1.2266242504119873,0.6464285850524902,0.581428587436676
249,0.9812400937080383,1.2598193883895874,0.6583928465843201,0.558571457862854
