,loss,val_loss,accuracy,val_accuracy
0,2.6682279109954834,2.6513500213623047,0.06892856955528259,0.07285714149475098
1,2.6478207111358643,2.6388533115386963,0.07642856985330582,0.0714285746216774
2,2.403625726699829,1.9742900133132935,0.16339285671710968,0.28142857551574707
3,1.5374031066894531,1.4693354368209839,0.385357141494751,0.44428572058677673
4,0.939791738986969,0.9858054518699646,0.6607142686843872,0.6957142949104309
5,0.488231360912323,0.708385705947876,0.8716071248054504,0.8399999737739563
6,0.23486672341823578,0.778851330280304,0.9514285922050476,0.8285714387893677
7,0.12661851942539215,0.664755642414093,0.977321445941925,0.8528571724891663
8,0.08575522899627686,0.6777234673500061,0.9841071367263794,0.8585714101791382
9,0.07277584820985794,0.7065925002098083,0.9860714077949524,0.8585714101791382
10,0.04728948697447777,0.7365797162055969,0.9926785826683044,0.8628571629524231
11,0.050815001130104065,0.725156307220459,0.9885714054107666,0.8528571724891663
12,0.06001441180706024,0.7191283106803894,0.9873214364051819,0.8600000143051147
13,0.05060431733727455,0.657342255115509,0.9889285564422607,0.8642857074737549
14,0.02553258091211319,0.6571747660636902,0.9958928823471069,0.8714285492897034
15,0.017650775611400604,0.6829066872596741,0.9973214268684387,0.8771428465843201
16,0.01774640567600727,0.7257907390594482,0.9964285492897034,0.8785714507102966
17,0.012199189513921738,0.7300838828086853,0.9991071224212646,0.8828571438789368
18,0.0067854332737624645,0.7418745160102844,0.9996428489685059,0.8799999952316284
19,0.004796035122126341,0.7613968849182129,0.9998214244842529,0.8757143020629883
20,0.004040146246552467,0.7768372893333435,0.9998214244842529,0.8742856979370117
21,0.003674776293337345,0.7944195866584778,0.9998214244842529,0.8728571534156799
22,0.0027823655400425196,0.795390784740448,0.9998214244842529,0.8742856979370117
23,0.0024343328550457954,0.808689534664154,1.0,0.8742856979370117
24,0.005796343553811312,0.8895356059074402,0.9992856979370117,0.8614285588264465
25,0.008929949253797531,0.7645112872123718,0.9985714554786682,0.8785714507102966
26,0.0030865133740007877,0.8569996356964111,0.9996428489685059,0.868571400642395
27,0.0032768056262284517,0.8757116198539734,0.9996428489685059,0.8657143115997314
28,0.0019498005276545882,0.8727328777313232,0.9998214244842529,0.8657143115997314
29,0.001647437340579927,0.8777301907539368,0.9998214244842529,0.868571400642395
30,0.0014593257801607251,0.885986328125,1.0,0.8700000047683716
31,0.0013180059613659978,0.895994246006012,1.0,0.8700000047683716
32,0.0012012418592348695,0.9054829478263855,1.0,0.8700000047683716
33,0.0011122362921014428,0.9149713516235352,1.0,0.8700000047683716
34,0.0010233345674350858,0.9246867299079895,1.0,0.8714285492897034
35,0.0009536576108075678,0.9350288510322571,1.0,0.8700000047683716
36,0.0008908899617381394,0.9436872601509094,1.0,0.8700000047683716
37,0.0008346906397491693,0.9528684616088867,1.0,0.8700000047683716
38,0.0007846478838473558,0.9613361358642578,1.0,0.8700000047683716
39,0.0007391581311821938,0.9704594612121582,1.0,0.8700000047683716
40,0.0006977437296882272,0.9797790050506592,1.0,0.8700000047683716
41,0.0006601317436434329,0.9880916476249695,1.0,0.8700000047683716
42,0.000625240383669734,0.9961970448493958,1.0,0.8700000047683716
43,0.0005935473600402474,1.000504970550537,1.0,0.868571400642395
44,0.000563784793484956,1.008649468421936,1.0,0.868571400642395
45,0.0005362024530768394,1.017156958580017,1.0,0.868571400642395
46,0.0005106200114823878,1.02346932888031,1.0,0.8671428561210632
47,0.0004866604576818645,1.029528260231018,1.0,0.8657143115997314
48,0.0004645959415938705,1.035794973373413,1.0,0.8671428561210632
49,0.00044441214413382113,1.0411962270736694,1.0,0.8671428561210632
50,0.00042489904444664717,1.0449715852737427,1.0,0.8657143115997314
51,0.00040592203731648624,1.0483335256576538,1.0,0.8657143115997314
52,0.0003887121856678277,1.0478464365005493,1.0,0.8657143115997314
53,0.0003724757407326251,1.0415093898773193,1.0,0.8657143115997314
54,0.000357615586835891,1.0451267957687378,1.0,0.8657143115997314
55,0.00034320473787374794,1.0480636358261108,1.0,0.8657143115997314
56,0.0003298847295809537,1.0511149168014526,1.0,0.8657143115997314
57,0.0003175069869030267,1.0543897151947021,1.0,0.8657143115997314
58,0.000305567285977304,1.057318091392517,1.0,0.8657143115997314
59,0.00029418489430099726,1.0603138208389282,1.0,0.8657143115997314
60,0.000283385714283213,1.0629812479019165,1.0,0.8657143115997314
61,0.00027317044441588223,1.0649371147155762,1.0,0.8657143115997314
62,0.00026354583678767085,1.0673638582229614,1.0,0.8671428561210632
63,0.0002546440518926829,1.0700451135635376,1.0,0.8671428561210632
64,0.0002453737542964518,1.0736807584762573,1.0,0.868571400642395
65,0.00023699630401097238,1.0772905349731445,1.0,0.868571400642395
66,0.00022903444187249988,1.080880045890808,1.0,0.868571400642395
67,0.00022142821399029344,1.0838745832443237,1.0,0.868571400642395
68,0.00021390723122749478,1.0873600244522095,1.0,0.868571400642395
69,0.00020695700368378311,1.0904282331466675,1.0,0.868571400642395
70,0.00020019841031171381,1.0934786796569824,1.0,0.8700000047683716
71,0.00019383324251975864,1.096307396888733,1.0,0.8700000047683716
72,0.00018749936134554446,1.0993502140045166,1.0,0.8714285492897034
73,0.0001815045834518969,1.1026694774627686,1.0,0.8714285492897034
74,0.00017591941286809742,1.1056294441223145,1.0,0.8714285492897034
75,0.00017047097207978368,1.1088656187057495,1.0,0.8714285492897034
76,0.00016506313113495708,1.1119384765625,1.0,0.8714285492897034
77,0.00015990101383067667,1.1151789426803589,1.0,0.8714285492897034
78,0.00015509047079831362,1.1182376146316528,1.0,0.8714285492897034
79,0.00015051091031637043,1.121374487876892,1.0,0.8700000047683716
80,0.0001459319464629516,1.1246124505996704,1.0,0.8700000047683716
81,0.000141542186611332,1.1278361082077026,1.0,0.8700000047683716
82,0.00013725490134675056,1.1308563947677612,1.0,0.8700000047683716
83,0.0001331551611656323,1.1340235471725464,1.0,0.8700000047683716
84,0.0001293911482207477,1.1371040344238281,1.0,0.8700000047683716
85,0.00012553183478303254,1.1402288675308228,1.0,0.8700000047683716
86,0.0001218313118442893,1.1432026624679565,1.0,0.8700000047683716
87,0.00011833265307359397,1.1463247537612915,1.0,0.8700000047683716
88,0.00011489203461678699,1.149319052696228,1.0,0.8700000047683716
89,0.00011169684148626402,1.1523276567459106,1.0,0.8700000047683716
90,0.0001084215909941122,1.1554234027862549,1.0,0.8700000047683716
91,0.00010544450196903199,1.158276081085205,1.0,0.8700000047683716
92,0.0001024670636979863,1.1612919569015503,1.0,0.8700000047683716
93,9.961542673408985e-05,1.164317011833191,1.0,0.8700000047683716
94,9.675642650108784e-05,1.1674014329910278,1.0,0.8700000047683716
95,9.406884055351838e-05,1.1702991724014282,1.0,0.8700000047683716
96,9.14634729269892e-05,1.1731983423233032,1.0,0.868571400642395
97,8.895339124137536e-05,1.1762620210647583,1.0,0.868571400642395
98,8.65071197040379e-05,1.1792176961898804,1.0,0.868571400642395
99,8.413421892328188e-05,1.1821709871292114,1.0,0.868571400642395
100,8.18795379018411e-05,1.1849883794784546,1.0,0.8671428561210632
101,7.963718962855637e-05,1.1880441904067993,1.0,0.8671428561210632
102,7.748897769488394e-05,1.1909459829330444,1.0,0.8671428561210632
103,7.53430649638176e-05,1.1946386098861694,1.0,0.8671428561210632
104,7.33637934899889e-05,1.197830319404602,1.0,0.8671428561210632
105,7.135612395359203e-05,1.2008299827575684,1.0,0.8671428561210632
106,6.947721703909338e-05,1.2037748098373413,1.0,0.8671428561210632
107,6.761063559679314e-05,1.2066895961761475,1.0,0.8671428561210632
108,6.583516369573772e-05,1.2096112966537476,1.0,0.8671428561210632
109,6.406030297512189e-05,1.2124651670455933,1.0,0.8671428561210632
110,6.23618543613702e-05,1.2152572870254517,1.0,0.8671428561210632
111,6.0742113419109955e-05,1.2181320190429688,1.0,0.8671428561210632
112,5.910854451940395e-05,1.2209469079971313,1.0,0.8657143115997314
113,5.755745587521233e-05,1.2234598398208618,1.0,0.8642857074737549
114,5.6086373660946265e-05,1.2259429693222046,1.0,0.8642857074737549
115,5.460670581669547e-05,1.230277419090271,1.0,0.8642857074737549
116,5.317628165357746e-05,1.2333186864852905,1.0,0.8628571629524231
117,5.1763861847575754e-05,1.2363492250442505,1.0,0.8628571629524231
118,5.042944030719809e-05,1.2390637397766113,1.0,0.8628571629524231
119,4.9104946810984984e-05,1.2418724298477173,1.0,0.8628571629524231
120,4.786873250850476e-05,1.244600772857666,1.0,0.8628571629524231
121,4.661053026211448e-05,1.2472628355026245,1.0,0.8628571629524231
122,4.555785562843084e-05,1.2492891550064087,1.0,0.8628571629524231
123,4.4247346522752196e-05,1.251177430152893,1.0,0.8628571629524231
124,4.3095104047097266e-05,1.2526535987854004,1.0,0.8642857074737549
125,4.19948592025321e-05,1.2553766965866089,1.0,0.8642857074737549
126,4.090766378794797e-05,1.259406566619873,1.0,0.8628571629524231
127,3.9888196624815464e-05,1.2623438835144043,1.0,0.8628571629524231
128,3.887914135702886e-05,1.266256332397461,1.0,0.8628571629524231
129,3.791441486100666e-05,1.26957106590271,1.0,0.8628571629524231
130,3.693286271300167e-05,1.2726908922195435,1.0,0.8628571629524231
131,3.6004661524202675e-05,1.276020884513855,1.0,0.8628571629524231
132,3.5135508369421586e-05,1.2785032987594604,1.0,0.8628571629524231
133,3.425165778025985e-05,1.281298279762268,1.0,0.8628571629524231
134,3.337263115099631e-05,1.283839225769043,1.0,0.8628571629524231
135,3.2557480153627694e-05,1.2858742475509644,1.0,0.8628571629524231
136,3.175387246301398e-05,1.2883888483047485,1.0,0.8628571629524231
137,3.09663919324521e-05,1.2908353805541992,1.0,0.8628571629524231
138,3.018956704181619e-05,1.2933448553085327,1.0,0.8628571629524231
139,2.945908454421442e-05,1.2960118055343628,1.0,0.8628571629524231
140,2.872784352803137e-05,1.2990097999572754,1.0,0.8628571629524231
141,2.8034328352077864e-05,1.3018239736557007,1.0,0.8614285588264465
142,2.7374362616683356e-05,1.304621696472168,1.0,0.8614285588264465
143,2.6692454412113875e-05,1.3075670003890991,1.0,0.8614285588264465
144,2.6047537176054902e-05,1.3103208541870117,1.0,0.8614285588264465
145,2.5418657969566993e-05,1.3131065368652344,1.0,0.8614285588264465
146,2.4838809622451663e-05,1.315961480140686,1.0,0.8614285588264465
147,2.4308526917593554e-05,1.3186887502670288,1.0,0.8614285588264465
148,2.3620837964699604e-05,1.3215011358261108,1.0,0.8614285588264465
149,2.306058377143927e-05,1.3241815567016602,1.0,0.8614285588264465
150,2.2516318495036103e-05,1.3269002437591553,1.0,0.8614285588264465
151,2.1980889869155362e-05,1.3292804956436157,1.0,0.8614285588264465
152,2.1473380911629647e-05,1.3313168287277222,1.0,0.8614285588264465
153,2.094761293847114e-05,1.332534909248352,1.0,0.8614285588264465
154,2.0467052308958955e-05,1.3337563276290894,1.0,0.8614285588264465
155,1.9981322111561894e-05,1.33511221408844,1.0,0.8614285588264465
156,1.9517070541041903e-05,1.3364801406860352,1.0,0.8614285588264465
157,1.9050028640776873e-05,1.3377331495285034,1.0,0.8628571629524231
158,1.86328798008617e-05,1.33892822265625,1.0,0.8628571629524231
159,1.818123746488709e-05,1.3286844491958618,1.0,0.8628571629524231
160,1.77595647983253e-05,1.3305219411849976,1.0,0.8628571629524231
161,1.735199839458801e-05,1.3323990106582642,1.0,0.8628571629524231
162,1.6951566067291424e-05,1.3343638181686401,1.0,0.8628571629524231
163,1.6563741155550815e-05,1.33651864528656,1.0,0.8628571629524231
164,1.6178399164346047e-05,1.338614821434021,1.0,0.8628571629524231
165,1.582232471264433e-05,1.3406985998153687,1.0,0.8628571629524231
166,1.5453902960871346e-05,1.3429464101791382,1.0,0.8628571629524231
167,1.5103622899914626e-05,1.3451504707336426,1.0,0.8628571629524231
168,1.4758168617845513e-05,1.3472704887390137,1.0,0.8628571629524231
169,1.4423822904063854e-05,1.349432110786438,1.0,0.8628571629524231
170,1.409581454936415e-05,1.3516769409179688,1.0,0.8628571629524231
171,1.3777831554762088e-05,1.3539003133773804,1.0,0.8628571629524231
172,1.3479716471920256e-05,1.3561090230941772,1.0,0.8628571629524231
173,1.3175188541936222e-05,1.358314871788025,1.0,0.8628571629524231
174,1.2879001587862149e-05,1.3605074882507324,1.0,0.8628571629524231
175,1.2599452020367607e-05,1.362719178199768,1.0,0.8628571629524231
176,1.2329765922913793e-05,1.364925503730774,1.0,0.8614285588264465
177,1.2049142242176458e-05,1.367173671722412,1.0,0.8614285588264465
178,1.1793316843977664e-05,1.3694919347763062,1.0,0.8614285588264465
179,1.1524109140736982e-05,1.3718403577804565,1.0,0.8614285588264465
180,1.1277643352514133e-05,1.37425696849823,1.0,0.8614285588264465
181,1.102811802411452e-05,1.3767004013061523,1.0,0.8600000143051147
182,1.0802580618474167e-05,1.379236102104187,1.0,0.8600000143051147
183,1.0560477676335722e-05,1.3818553686141968,1.0,0.8585714101791382
184,1.0341712368244771e-05,1.3846579790115356,1.0,0.8585714101791382
185,1.0111822120961733e-05,1.387585997581482,1.0,0.8585714101791382
186,9.898897587845568e-06,1.3904865980148315,1.0,0.8585714101791382
187,9.686425073596183e-06,1.3937641382217407,1.0,0.8571428656578064
188,9.483127541898284e-06,1.3968782424926758,1.0,0.8585714101791382
189,9.283221515943296e-06,1.4002007246017456,1.0,0.8585714101791382
190,9.088478691410273e-06,1.403267741203308,1.0,0.8585714101791382
191,8.90362116479082e-06,1.406408667564392,1.0,0.8585714101791382
192,8.711815098649822e-06,1.4097317457199097,1.0,0.8585714101791382
193,8.53208803164307e-06,1.4130576848983765,1.0,0.8600000143051147
194,8.357425940630492e-06,1.4165984392166138,1.0,0.8600000143051147
195,8.193389476218726e-06,1.4202446937561035,1.0,0.8600000143051147
196,8.013025762920734e-06,1.4239782094955444,1.0,0.8600000143051147
197,7.861483027227223e-06,1.4275749921798706,1.0,0.8600000143051147
198,7.693058250879403e-06,1.4310156106948853,1.0,0.8600000143051147
199,7.537839792348677e-06,1.4343246221542358,1.0,0.8600000143051147
200,7.384321634162916e-06,1.4375333786010742,1.0,0.8600000143051147
201,7.234922577481484e-06,1.4406414031982422,1.0,0.8600000143051147
202,7.096328317857115e-06,1.4435557126998901,1.0,0.8600000143051147
203,6.955572644073982e-06,1.4464143514633179,1.0,0.8600000143051147
204,6.819248483225238e-06,1.4493399858474731,1.0,0.8600000143051147
205,6.681943887087982e-06,1.4520702362060547,1.0,0.8585714101791382
206,6.550495072588092e-06,1.4547909498214722,1.0,0.8585714101791382
207,6.423632839869242e-06,1.4574699401855469,1.0,0.8585714101791382
208,6.298857442743611e-06,1.460146427154541,1.0,0.8585714101791382
209,6.176298029458849e-06,1.4627314805984497,1.0,0.8585714101791382
210,6.0541406128322706e-06,1.465276837348938,1.0,0.8585714101791382
211,5.934919045103015e-06,1.4677224159240723,1.0,0.8585714101791382
212,5.828588200529339e-06,1.4699896574020386,1.0,0.8585714101791382
213,5.716690793633461e-06,1.4723577499389648,1.0,0.8585714101791382
214,5.606851573247695e-06,1.4746648073196411,1.0,0.8585714101791382
215,5.504295131686376e-06,1.4767851829528809,1.0,0.8585714101791382
216,5.4032125262892805e-06,1.4789975881576538,1.0,0.8585714101791382
217,5.302452791511314e-06,1.4810576438903809,1.0,0.8585714101791382
218,5.208461061556591e-06,1.4829221963882446,1.0,0.8585714101791382
219,5.110686743137194e-06,1.4863992929458618,1.0,0.8571428656578064
220,5.014112502976786e-06,1.4885865449905396,1.0,0.8571428656578064
221,4.924924724036828e-06,1.4904013872146606,1.0,0.8571428656578064
222,4.836210337089142e-06,1.4924030303955078,1.0,0.8571428656578064
223,4.7516155063931365e-06,1.4941638708114624,1.0,0.8571428656578064
224,4.666774202632951e-06,1.4960436820983887,1.0,0.8571428656578064
225,4.583110694511561e-06,1.4977954626083374,1.0,0.8571428656578064
226,4.499489932641154e-06,1.4996228218078613,1.0,0.8571428656578064
227,4.422635811351938e-06,1.5012363195419312,1.0,0.8571428656578064
228,4.3454278966237325e-06,1.5031026601791382,1.0,0.8571428656578064
229,4.273963440937223e-06,1.5049171447753906,1.0,0.8571428656578064
230,4.1965940908994526e-06,1.5068936347961426,1.0,0.8571428656578064
231,4.122110112803057e-06,1.508909821510315,1.0,0.8571428656578064
232,4.053785687574418e-06,1.510567307472229,1.0,0.8585714101791382
233,3.984733666584361e-06,1.5125411748886108,1.0,0.8585714101791382
234,3.918562015314819e-06,1.514499545097351,1.0,0.8585714101791382
235,3.854251190205105e-06,1.5163871049880981,1.0,0.8600000143051147
236,3.7916774999757763e-06,1.5182937383651733,1.0,0.8585714101791382
237,3.7314734981919173e-06,1.5202430486679077,1.0,0.8585714101791382
238,3.6696037568617612e-06,1.5221428871154785,1.0,0.8585714101791382
239,3.6075032312510302e-06,1.5241130590438843,1.0,0.8571428656578064
240,3.5531627418095013e-06,1.526107668876648,1.0,0.8571428656578064
241,3.496711087791482e-06,1.528071403503418,1.0,0.8571428656578064
242,3.441185981500894e-06,1.5292638540267944,1.0,0.8571428656578064
243,3.3902940685948124e-06,1.5313072204589844,1.0,0.8571428656578064
244,3.3390510907338466e-06,1.5334991216659546,1.0,0.8571428656578064
245,3.285901811977965e-06,1.5356383323669434,1.0,0.8571428656578064
246,3.2363807349611307e-06,1.5377283096313477,1.0,0.8571428656578064
247,3.1859547107160324e-06,1.5396428108215332,1.0,0.8571428656578064
248,3.140017270197859e-06,1.5414825677871704,1.0,0.8571428656578064
249,3.0944099762564292e-06,1.5432840585708618,1.0,0.8571428656578064
