,loss,val_loss,accuracy,val_accuracy
0,2.7038991451263428,2.7019588947296143,0.06910714507102966,0.0714285746216774
1,2.7000789642333984,2.69836688041687,0.07160714268684387,0.0714285746216774
2,2.6966590881347656,2.6951406002044678,0.07071428745985031,0.0714285746216774
3,2.6935811042785645,2.6922194957733154,0.06964285671710968,0.0714285746216774
4,2.690814733505249,2.6895477771759033,0.07214285433292389,0.0714285746216774
5,2.688197135925293,2.6870832443237305,0.07107143104076385,0.0714285746216774
6,2.685837984085083,2.6848061084747314,0.07053571194410324,0.0714285746216774
7,2.683626174926758,2.6826820373535156,0.06875000149011612,0.0714285746216774
8,2.6815097332000732,2.680692672729492,0.06750000268220901,0.0714285746216774
9,2.6795601844787598,2.6788318157196045,0.06928571313619614,0.0714285746216774
10,2.677781343460083,2.6770737171173096,0.0714285746216774,0.0714285746216774
11,2.6760592460632324,2.675424337387085,0.0714285746216774,0.0714285746216774
12,2.674405813217163,2.6738650798797607,0.06857142597436905,0.0714285746216774
13,2.672912359237671,2.6723873615264893,0.07089285552501678,0.0714285746216774
14,2.6714813709259033,2.670988082885742,0.0714285746216774,0.0714285746216774
15,2.67010760307312,2.669663429260254,0.07124999910593033,0.0714285746216774
16,2.668743371963501,2.668405771255493,0.07053571194410324,0.0714285746216774
17,2.6675760746002197,2.66721510887146,0.07035714387893677,0.0714285746216774
18,2.6664021015167236,2.666086435317993,0.06750000268220901,0.0714285746216774
19,2.6652398109436035,2.6650173664093018,0.0714285746216774,0.0714285746216774
20,2.6642324924468994,2.6640005111694336,0.0714285746216774,0.0714285746216774
21,2.6632726192474365,2.663036823272705,0.07160714268684387,0.0714285746216774
22,2.662323474884033,2.662127733230591,0.06785714626312256,0.0714285746216774
23,2.661414623260498,2.661262273788452,0.0694642886519432,0.0714285746216774
24,2.6605827808380127,2.6604368686676025,0.07160714268684387,0.0714285746216774
25,2.6598281860351562,2.6596548557281494,0.07160714268684387,0.0714285746216774
26,2.659050941467285,2.6589150428771973,0.07160714268684387,0.0714285746216774
27,2.658350944519043,2.6582109928131104,0.06982143223285675,0.0714285746216774
28,2.6576433181762695,2.6575381755828857,0.07160714268684387,0.0714285746216774
29,2.6570069789886475,2.656897783279419,0.07160714268684387,0.0714285746216774
30,2.656432867050171,2.6562936305999756,0.07107143104076385,0.0714285746216774
31,2.6558420658111572,2.655714750289917,0.07071428745985031,0.0714285746216774
32,2.6552839279174805,2.6551716327667236,0.07160714268684387,0.0714285746216774
33,2.6547768115997314,2.654655694961548,0.07160714268684387,0.0714285746216774
34,2.6542978286743164,2.6541647911071777,0.06785714626312256,0.0714285746216774
35,2.6538121700286865,2.6536941528320312,0.07160714268684387,0.0714285746216774
36,2.653383731842041,2.653245449066162,0.07160714268684387,0.0714285746216774
37,2.65293288230896,2.652819871902466,0.07160714268684387,0.0714285746216774
38,2.6525471210479736,2.652412176132202,0.07160714268684387,0.0714285746216774
39,2.6521546840667725,2.6520276069641113,0.07160714268684387,0.0714285746216774
40,2.6518099308013916,2.6516530513763428,0.07160714268684387,0.0714285746216774
41,2.6514453887939453,2.6512928009033203,0.07160714268684387,0.0714285746216774
42,2.651099920272827,2.650967597961426,0.06982143223285675,0.0714285746216774
43,2.650803565979004,2.6506476402282715,0.07160714268684387,0.0714285746216774
44,2.6505041122436523,2.6503407955169678,0.07178571075201035,0.0714285746216774
45,2.65019154548645,2.650049924850464,0.0714285746216774,0.0714285746216774
46,2.6499345302581787,2.6497642993927,0.07214285433292389,0.0714285746216774
47,2.649683952331543,2.649486780166626,0.07160714268684387,0.0714285746216774
48,2.649409055709839,2.64922833442688,0.07196428626775742,0.0714285746216774
49,2.6491596698760986,2.648977518081665,0.07160714268684387,0.0714285746216774
50,2.648925304412842,2.648744583129883,0.06910714507102966,0.0714285746216774
51,2.6487035751342773,2.6485159397125244,0.07178571075201035,0.0714285746216774
52,2.6484899520874023,2.64829421043396,0.07196428626775742,0.0714285746216774
53,2.6482954025268555,2.6480729579925537,0.07178571075201035,0.0714285746216774
54,2.6480703353881836,2.6478700637817383,0.07035714387893677,0.0714285746216774
55,2.647867441177368,2.647676467895508,0.07214285433292389,0.0714285746216774
56,2.6477205753326416,2.64750075340271,0.06982143223285675,0.0714285746216774
57,2.6475369930267334,2.647311210632324,0.07160714268684387,0.0714285746216774
58,2.6473548412323,2.647132635116577,0.0694642886519432,0.0714285746216774
59,2.6471784114837646,2.6469666957855225,0.07000000029802322,0.0714285746216774
60,2.6470232009887695,2.6468048095703125,0.0694642886519432,0.07285714149475098
61,2.6468725204467773,2.646653652191162,0.07035714387893677,0.07285714149475098
62,2.6467111110687256,2.6465084552764893,0.07196428626775742,0.07285714149475098
63,2.6465868949890137,2.6463592052459717,0.07303571701049805,0.07285714149475098
64,2.646444082260132,2.646214723587036,0.06928571313619614,0.07285714149475098
65,2.6463091373443604,2.6460723876953125,0.07124999910593033,0.07285714149475098
66,2.6462039947509766,2.645951986312866,0.0694642886519432,0.07285714149475098
67,2.6460330486297607,2.6458287239074707,0.06750000268220901,0.0714285746216774
68,2.645939826965332,2.645707368850708,0.0701785683631897,0.0714285746216774
69,2.645826816558838,2.6455910205841064,0.07089285552501678,0.0714285746216774
70,2.645690679550171,2.645481586456299,0.07000000029802322,0.0714285746216774
71,2.6456148624420166,2.6453654766082764,0.06535714119672775,0.0714285746216774
72,2.6454927921295166,2.6452603340148926,0.07107143104076385,0.0714285746216774
73,2.6453709602355957,2.645153284072876,0.07214285433292389,0.0714285746216774
74,2.645268440246582,2.6450436115264893,0.06982143223285675,0.0714285746216774
75,2.645183563232422,2.6449391841888428,0.06732142716646194,0.07285714149475098
76,2.645108461380005,2.644831657409668,0.07249999791383743,0.07285714149475098
77,2.645019292831421,2.6447296142578125,0.06750000268220901,0.0714285746216774
78,2.6449241638183594,2.644645929336548,0.07232142984867096,0.0714285746216774
79,2.64482045173645,2.6445703506469727,0.06803571432828903,0.07428571581840515
80,2.6447529792785645,2.6444787979125977,0.06732142716646194,0.07285714149475098
81,2.6446502208709717,2.6444003582000732,0.06892856955528259,0.07428571581840515
82,2.6445860862731934,2.644313097000122,0.06857142597436905,0.07285714149475098
83,2.644512176513672,2.6442325115203857,0.07053571194410324,0.07285714149475098
84,2.644430160522461,2.6441547870635986,0.07000000029802322,0.07571428269147873
85,2.644345283508301,2.6440932750701904,0.06857142597436905,0.0714285746216774
86,2.6442811489105225,2.6440236568450928,0.06785714626312256,0.0714285746216774
87,2.644197940826416,2.6439554691314697,0.0694642886519432,0.0714285746216774
88,2.644144296646118,2.6438722610473633,0.06678571552038193,0.07285714149475098
89,2.6440603733062744,2.643812417984009,0.07035714387893677,0.07285714149475098
90,2.6440019607543945,2.643747329711914,0.06624999642372131,0.07428571581840515
91,2.6439433097839355,2.6436960697174072,0.07071428745985031,0.07285714149475098
92,2.6438775062561035,2.6436455249786377,0.0669642835855484,0.0714285746216774
93,2.6438043117523193,2.6435914039611816,0.06892856955528259,0.0714285746216774
94,2.6437692642211914,2.643507242202759,0.07196428626775742,0.07285714149475098
95,2.6437017917633057,2.6434457302093506,0.06928571313619614,0.07285714149475098
96,2.6436312198638916,2.643397092819214,0.06982143223285675,0.07428571581840515
97,2.643588066101074,2.6433370113372803,0.06410714238882065,0.07428571581840515
98,2.6435372829437256,2.64327335357666,0.0682142823934555,0.07571428269147873
99,2.6434826850891113,2.643221139907837,0.07107143104076385,0.0771428570151329
100,2.6434130668640137,2.643160581588745,0.0694642886519432,0.07285714149475098
101,2.6433839797973633,2.643110513687134,0.06678571552038193,0.07285714149475098
102,2.643334150314331,2.643059492111206,0.06964285671710968,0.07428571581840515
103,2.6432905197143555,2.6430165767669678,0.06446428596973419,0.06714285910129547
104,2.6432368755340576,2.6429669857025146,0.06553571671247482,0.06142857298254967
105,2.6432108879089355,2.642929792404175,0.07107143104076385,0.0714285746216774
106,2.6431400775909424,2.6428849697113037,0.06553571671247482,0.07285714149475098
107,2.643094301223755,2.6428349018096924,0.06553571671247482,0.07285714149475098
108,2.643076181411743,2.642791271209717,0.06982143223285675,0.07571428269147873
109,2.643000602722168,2.64275860786438,0.06875000149011612,0.07285714149475098
110,2.6429836750030518,2.642714738845825,0.06875000149011612,0.07285714149475098
111,2.642937660217285,2.6426775455474854,0.06446428596973419,0.07285714149475098
112,2.6429100036621094,2.6426384449005127,0.06875000149011612,0.0714285746216774
113,2.642874002456665,2.642594337463379,0.06607142835855484,0.0714285746216774
114,2.6428043842315674,2.6425368785858154,0.06732142716646194,0.07000000029802322
115,2.642756223678589,2.6424973011016846,0.06642857193946838,0.0714285746216774
116,2.642753839492798,2.642446517944336,0.0669642835855484,0.0714285746216774
117,2.642686605453491,2.6424176692962646,0.0657142847776413,0.07285714149475098
118,2.642652750015259,2.642396926879883,0.06892856955528259,0.07428571581840515
119,2.6426239013671875,2.6423630714416504,0.06785714626312256,0.07285714149475098
120,2.6426050662994385,2.6423213481903076,0.0682142823934555,0.0714285746216774
121,2.6425669193267822,2.642287015914917,0.06339285522699356,0.07000000029802322
122,2.642515182495117,2.6422500610351562,0.07107143104076385,0.07285714149475098
123,2.64247989654541,2.6422176361083984,0.0657142847776413,0.0714285746216774
124,2.64245867729187,2.6421892642974854,0.0694642886519432,0.07428571581840515
125,2.642425537109375,2.642177104949951,0.06750000268220901,0.07571428269147873
126,2.6423768997192383,2.642143726348877,0.06803571432828903,0.07571428269147873
127,2.642371654510498,2.6421163082122803,0.06553571671247482,0.07428571581840515
128,2.6423473358154297,2.6420819759368896,0.06785714626312256,0.07571428269147873
129,2.642333745956421,2.6420578956604004,0.06535714119672775,0.0714285746216774
130,2.6423068046569824,2.6420347690582275,0.06392857432365417,0.07428571581840515
131,2.6422677040100098,2.6419997215270996,0.06785714626312256,0.07428571581840515
132,2.642226457595825,2.6419665813446045,0.06428571790456772,0.07428571581840515
133,2.642212152481079,2.6419355869293213,0.06785714626312256,0.07428571581840515
134,2.642167806625366,2.641916275024414,0.07410714030265808,0.07285714149475098
135,2.6421444416046143,2.6418769359588623,0.06785714626312256,0.07285714149475098
136,2.6421210765838623,2.641843318939209,0.06928571313619614,0.07571428269147873
137,2.642099142074585,2.641806125640869,0.06553571671247482,0.07428571581840515
138,2.6420705318450928,2.6417694091796875,0.07035714387893677,0.0714285746216774
139,2.6420464515686035,2.6417579650878906,0.06750000268220901,0.07285714149475098
140,2.6420209407806396,2.641742467880249,0.0657142847776413,0.07428571581840515
141,2.6419904232025146,2.6417124271392822,0.06517857313156128,0.07571428269147873
142,2.6419739723205566,2.6416773796081543,0.06803571432828903,0.07285714149475098
143,2.6419332027435303,2.6416549682617188,0.06642857193946838,0.07428571581840515
144,2.6419286727905273,2.641631841659546,0.06857142597436905,0.07428571581840515
145,2.641921281814575,2.6416032314300537,0.0669642835855484,0.07285714149475098
146,2.6418662071228027,2.641592502593994,0.06535714119672775,0.07428571581840515
147,2.6418282985687256,2.6415674686431885,0.07035714387893677,0.07285714149475098
148,2.6418468952178955,2.6415445804595947,0.06910714507102966,0.07285714149475098
149,2.64180850982666,2.6415159702301025,0.07000000029802322,0.07285714149475098
150,2.641796350479126,2.6415045261383057,0.06910714507102966,0.0714285746216774
151,2.641791343688965,2.6414873600006104,0.0669642835855484,0.07285714149475098
152,2.641742706298828,2.6414642333984375,0.061071429401636124,0.07428571581840515
153,2.6417267322540283,2.6414363384246826,0.06785714626312256,0.07571428269147873
154,2.6417176723480225,2.641418695449829,0.0657142847776413,0.08428571373224258
155,2.641681432723999,2.6413891315460205,0.0694642886519432,0.07285714149475098
156,2.641681671142578,2.6413748264312744,0.0625,0.07285714149475098
157,2.641666889190674,2.6413676738739014,0.06678571552038193,0.07571428269147873
158,2.641622304916382,2.641340494155884,0.06535714119672775,0.08285713940858841
159,2.6416220664978027,2.641314744949341,0.0657142847776413,0.07285714149475098
160,2.64162278175354,2.6413044929504395,0.0637499988079071,0.07428571581840515
161,2.64157772064209,2.6412875652313232,0.06892856955528259,0.07428571581840515
162,2.6415646076202393,2.641267776489258,0.06785714626312256,0.07428571581840515
163,2.6415796279907227,2.6412525177001953,0.06892856955528259,0.07285714149475098
164,2.641510248184204,2.6412439346313477,0.07107143104076385,0.07285714149475098
165,2.641517400741577,2.6412222385406494,0.06767857074737549,0.07428571581840515
166,2.641493797302246,2.6412222385406494,0.06767857074737549,0.08428571373224258
167,2.6415047645568848,2.6412036418914795,0.0694642886519432,0.07571428269147873
168,2.641481637954712,2.6411943435668945,0.06624999642372131,0.0714285746216774
169,2.641451358795166,2.641174077987671,0.0694642886519432,0.07285714149475098
170,2.6414246559143066,2.641150712966919,0.06803571432828903,0.07000000029802322
171,2.641423463821411,2.641123056411743,0.06660714000463486,0.0714285746216774
172,2.641409158706665,2.6411142349243164,0.06857142597436905,0.07285714149475098
173,2.641392946243286,2.641103982925415,0.06535714119672775,0.07285714149475098
174,2.6413583755493164,2.6410884857177734,0.06624999642372131,0.07285714149475098
175,2.641357660293579,2.641069173812866,0.0625,0.0714285746216774
176,2.641371250152588,2.641059637069702,0.06910714507102966,0.07857143133878708
177,2.6413278579711914,2.641050100326538,0.06499999761581421,0.07571428269147873
178,2.641307830810547,2.641024351119995,0.07000000029802322,0.07285714149475098
179,2.641324043273926,2.6410131454467773,0.06750000268220901,0.07285714149475098
180,2.6412622928619385,2.640986204147339,0.06875000149011612,0.07285714149475098
181,2.641263008117676,2.6409835815429688,0.06553571671247482,0.07285714149475098
182,2.6412713527679443,2.640976905822754,0.06517857313156128,0.07285714149475098
183,2.641247034072876,2.6409788131713867,0.06857142597436905,0.07428571581840515
184,2.6412441730499268,2.640960931777954,0.06624999642372131,0.07285714149475098
185,2.641206979751587,2.6409621238708496,0.06678571552038193,0.07428571581840515
186,2.6412012577056885,2.640939474105835,0.06553571671247482,0.07285714149475098
187,2.641232490539551,2.640918731689453,0.06732142716646194,0.07285714149475098
188,2.6411824226379395,2.640911340713501,0.06875000149011612,0.07285714149475098
189,2.64115309715271,2.6408870220184326,0.06482142955064774,0.07285714149475098
190,2.641146421432495,2.6408820152282715,0.06910714507102966,0.08285713940858841
191,2.641134023666382,2.6408674716949463,0.06714285910129547,0.07428571581840515
192,2.6411280632019043,2.640859365463257,0.06303571164608002,0.08142857253551483
193,2.6411075592041016,2.6408236026763916,0.06892856955528259,0.07000000029802322
194,2.641105890274048,2.6408209800720215,0.06607142835855484,0.08857142925262451
195,2.6411116123199463,2.640815019607544,0.06732142716646194,0.07571428269147873
196,2.641106605529785,2.6407978534698486,0.06446428596973419,0.07857143133878708
197,2.641091823577881,2.640780448913574,0.06910714507102966,0.07285714149475098
198,2.641052007675171,2.640774965286255,0.06142857298254967,0.0714285746216774
199,2.6410634517669678,2.640760660171509,0.06678571552038193,0.07285714149475098
200,2.6410346031188965,2.6407415866851807,0.0637499988079071,0.07285714149475098
201,2.641007423400879,2.640742301940918,0.06964285671710968,0.07285714149475098
202,2.641021966934204,2.640726327896118,0.07035714387893677,0.07285714149475098
203,2.6410012245178223,2.640720844268799,0.07089285552501678,0.07285714149475098
204,2.6410157680511475,2.6407244205474854,0.06660714000463486,0.07285714149475098
205,2.640989303588867,2.640705108642578,0.06589286029338837,0.07285714149475098
206,2.6409876346588135,2.64070200920105,0.0669642835855484,0.07000000029802322
207,2.640986442565918,2.640679121017456,0.07124999910593033,0.0714285746216774
208,2.6409528255462646,2.6406679153442383,0.06732142716646194,0.0714285746216774
209,2.6409530639648438,2.640643358230591,0.06535714119672775,0.07285714149475098
210,2.640933036804199,2.6406409740448,0.06785714626312256,0.07285714149475098
211,2.640900135040283,2.6406424045562744,0.06982143223285675,0.07857143133878708
212,2.640899181365967,2.6406452655792236,0.06785714626312256,0.0714285746216774
213,2.6408915519714355,2.6406259536743164,0.06285714358091354,0.07000000029802322
214,2.6408917903900146,2.640601396560669,0.06660714000463486,0.07571428269147873
215,2.6409027576446533,2.640591859817505,0.06482142955064774,0.07571428269147873
216,2.640878915786743,2.6405789852142334,0.06232142820954323,0.07571428269147873
217,2.6408755779266357,2.6405768394470215,0.06660714000463486,0.07000000029802322
218,2.6408700942993164,2.6405701637268066,0.06607142835855484,0.07000000029802322
219,2.6408538818359375,2.6405670642852783,0.06553571671247482,0.07000000029802322
220,2.640821933746338,2.6405506134033203,0.06607142835855484,0.07000000029802322
221,2.640841484069824,2.6405348777770996,0.06875000149011612,0.07285714149475098
222,2.640819549560547,2.6405277252197266,0.06303571164608002,0.07285714149475098
223,2.6408274173736572,2.6405222415924072,0.06392857432365417,0.0771428570151329
224,2.6408045291900635,2.640521287918091,0.06660714000463486,0.07571428269147873
225,2.6407814025878906,2.640500783920288,0.06750000268220901,0.07571428269147873
226,2.6407604217529297,2.6405069828033447,0.06553571671247482,0.0714285746216774
227,2.640789031982422,2.6405017375946045,0.06982143223285675,0.0771428570151329
228,2.6407859325408936,2.6404998302459717,0.06446428596973419,0.07571428269147873
229,2.640758752822876,2.6404898166656494,0.06750000268220901,0.07285714149475098
230,2.6407525539398193,2.640495777130127,0.06482142955064774,0.07857143133878708
231,2.6407558917999268,2.640483856201172,0.0625,0.08714285492897034
232,2.640744209289551,2.6404778957366943,0.07178571075201035,0.07285714149475098
233,2.640751600265503,2.640439033508301,0.0694642886519432,0.07285714149475098
234,2.640714645385742,2.640423059463501,0.06624999642372131,0.0714285746216774
235,2.640702247619629,2.640416145324707,0.06910714507102966,0.0714285746216774
236,2.6407179832458496,2.6404221057891846,0.0669642835855484,0.07285714149475098
237,2.640706777572632,2.6404075622558594,0.06857142597436905,0.07428571581840515
238,2.6406679153442383,2.6404101848602295,0.07053571194410324,0.0771428570151329
239,2.640688419342041,2.6404004096984863,0.06553571671247482,0.0714285746216774
240,2.6406779289245605,2.640392780303955,0.06517857313156128,0.07571428269147873
241,2.6406760215759277,2.640377998352051,0.0657142847776413,0.07571428269147873
242,2.6406710147857666,2.6403653621673584,0.06392857432365417,0.0714285746216774
243,2.6406569480895996,2.640350341796875,0.06410714238882065,0.07857143133878708
244,2.64064359664917,2.640352725982666,0.06410714238882065,0.0714285746216774
245,2.6406478881835938,2.6403489112854004,0.06732142716646194,0.07000000029802322
246,2.640631675720215,2.6403400897979736,0.06892856955528259,0.07000000029802322
247,2.6406137943267822,2.640336751937866,0.0694642886519432,0.07000000029802322
248,2.6406657695770264,2.640331268310547,0.06642857193946838,0.0714285746216774
249,2.640617847442627,2.6403298377990723,0.07000000029802322,0.07000000029802322
