,loss,val_loss,accuracy,val_accuracy
0,2.537398338317871,1.9042202234268188,0.12035714089870453,0.35428571701049805
1,1.5787714719772339,1.082079529762268,0.445892870426178,0.6499999761581421
2,1.024507999420166,0.8994777202606201,0.6348214149475098,0.7228571176528931
3,0.7351369261741638,0.8174013495445251,0.7437499761581421,0.7314285635948181
4,0.5586564540863037,0.7418403029441833,0.8057143092155457,0.7571428418159485
5,0.4803702235221863,0.7327888011932373,0.8432142734527588,0.7642857432365417
6,0.4459547996520996,0.6955022811889648,0.8573214411735535,0.7599999904632568
7,0.4103829562664032,0.6585263013839722,0.8623214364051819,0.7799999713897705
8,0.3524274528026581,0.7511078715324402,0.8849999904632568,0.7557142972946167
9,0.3400510549545288,0.6689003109931946,0.895892858505249,0.7900000214576721
10,0.3436213433742523,0.6874698996543884,0.8953571319580078,0.795714259147644
11,0.2969919741153717,0.7685182094573975,0.910178542137146,0.7828571200370789
12,0.31124380230903625,0.761060893535614,0.9017857313156128,0.800000011920929
13,0.32620760798454285,0.7652671933174133,0.9100000262260437,0.7914285659790039
14,0.29535457491874695,0.8691686987876892,0.914821445941925,0.7900000214576721
15,0.3152223825454712,0.8251789212226868,0.9144642949104309,0.7828571200370789
16,0.30420753359794617,0.8646371960639954,0.9130356907844543,0.7799999713897705
17,0.27249038219451904,0.83658367395401,0.9212499856948853,0.7814285755157471
18,0.3024088740348816,0.9117981791496277,0.9169642925262451,0.7785714268684387
19,0.3692094087600708,0.8405604362487793,0.904285728931427,0.7914285659790039
20,0.29895371198654175,0.8751212954521179,0.9175000190734863,0.7814285755157471
21,0.3320515751838684,0.9896846413612366,0.9137499928474426,0.7642857432365417
22,0.32435497641563416,0.9479723572731018,0.9158928394317627,0.8057143092155457
23,0.334114670753479,0.8952144980430603,0.9173214435577393,0.7942857146263123
24,0.31910377740859985,0.9344709515571594,0.9217857122421265,0.7914285659790039
25,0.3101229965686798,0.9036995768547058,0.9248214364051819,0.8028571605682373
26,0.289766788482666,0.8082249760627747,0.9257143139839172,0.808571457862854
27,0.32086488604545593,0.8891751170158386,0.9212499856948853,0.7928571701049805
28,0.31698715686798096,0.9446964859962463,0.9210714101791382,0.7842857241630554
29,0.2914769947528839,1.095823884010315,0.9266071319580078,0.7914285659790039
30,0.3366420567035675,1.007294774055481,0.9233928322792053,0.7928571701049805
31,0.33446556329727173,1.1369831562042236,0.9208928346633911,0.7699999809265137
32,0.323961466550827,1.0103026628494263,0.9292857050895691,0.7842857241630554
33,0.31522807478904724,1.0250905752182007,0.9287499785423279,0.7885714173316956
34,0.3062218427658081,0.9712279438972473,0.9264285564422607,0.8014285564422607
35,0.3424472212791443,1.0686378479003906,0.927142858505249,0.7814285755157471
36,0.43750905990600586,1.101207971572876,0.9008928537368774,0.7699999809265137
37,0.41212594509124756,1.14215886592865,0.9028571248054504,0.7914285659790039
38,0.4513837993144989,1.181527018547058,0.9076785445213318,0.7842857241630554
39,0.4638870358467102,1.1485271453857422,0.9073214530944824,0.808571457862854
40,0.4545105993747711,1.4485424757003784,0.9105356931686401,0.7842857241630554
41,0.4260093569755554,1.4854068756103516,0.9155356884002686,0.7828571200370789
42,0.46532297134399414,1.7662242650985718,0.9162499904632568,0.7842857241630554
43,0.5885429978370667,1.30918550491333,0.9046428799629211,0.7942857146263123
44,0.4648873209953308,1.3701409101486206,0.9194642901420593,0.7971428632736206
45,0.5098116397857666,1.38105309009552,0.9175000190734863,0.795714259147644
46,0.5401444435119629,1.6455578804016113,0.914642870426178,0.7799999713897705
47,0.5282086133956909,1.4684921503067017,0.9133928418159485,0.7971428632736206
48,0.5276297926902771,1.4230395555496216,0.920714259147644,0.7985714077949524
49,0.4806588888168335,1.5750986337661743,0.9246428608894348,0.7914285659790039
50,0.5469794273376465,1.3125494718551636,0.9164285659790039,0.8071428537368774
51,0.5069922804832458,1.4906316995620728,0.9216071367263794,0.8014285564422607
52,0.5273311734199524,1.3174878358840942,0.920714259147644,0.8100000023841858
53,0.48569297790527344,1.8285044431686401,0.9219642877578735,0.7785714268684387
54,0.531093955039978,1.5047950744628906,0.9198214411735535,0.7985714077949524
55,0.48429203033447266,1.6699408292770386,0.9248214364051819,0.8071428537368774
56,0.4846610128879547,1.700809359550476,0.9348214268684387,0.808571457862854
57,0.5813663601875305,1.5944596529006958,0.9223214387893677,0.8128571510314941
58,0.5679051280021667,1.7278131246566772,0.9266071319580078,0.8057143092155457
59,0.6265611052513123,1.8637534379959106,0.9191071391105652,0.7785714268684387
60,0.5925867557525635,1.8311244249343872,0.9223214387893677,0.7942857146263123
61,0.5673204064369202,1.9472705125808716,0.9226785898208618,0.800000011920929
62,0.6841104030609131,1.6875109672546387,0.9151785969734192,0.8157142996788025
63,0.5656387805938721,1.7463899850845337,0.9214285612106323,0.8028571605682373
64,0.5259891748428345,1.798911690711975,0.9283928275108337,0.8014285564422607
65,0.5810929536819458,1.7085118293762207,0.925178587436676,0.7928571701049805
66,0.4649580121040344,1.4975005388259888,0.9325000047683716,0.8157142996788025
67,0.5934054851531982,2.123586416244507,0.9241071343421936,0.7628571391105652
68,0.5764707922935486,1.6806539297103882,0.9239285588264465,0.7985714077949524
69,0.600383460521698,1.8961620330810547,0.9221428632736206,0.7871428728103638
70,0.56584632396698,1.8972721099853516,0.9314285516738892,0.7942857146263123
71,0.5414733290672302,2.083603858947754,0.9296428561210632,0.7828571200370789
72,0.6067216396331787,2.1025168895721436,0.931071400642395,0.7842857241630554
73,0.5359550714492798,2.0999460220336914,0.9367856979370117,0.7871428728103638
74,0.5917041897773743,2.157984495162964,0.9317857027053833,0.7857142686843872
75,0.5411987900733948,2.255246877670288,0.9342857003211975,0.7799999713897705
76,0.5370764136314392,2.1749331951141357,0.9342857003211975,0.7757142782211304
77,0.6011193990707397,2.224477767944336,0.9255357384681702,0.7799999713897705
78,0.570360004901886,2.193650245666504,0.9332143068313599,0.7914285659790039
79,0.5880582332611084,2.1703498363494873,0.933571457862854,0.7871428728103638
80,0.5952436923980713,1.8966652154922485,0.929107129573822,0.7928571701049805
81,0.5518683195114136,2.0477912425994873,0.9350000023841858,0.8014285564422607
82,0.6230536103248596,2.15535044670105,0.9303571581840515,0.795714259147644
83,0.6708495020866394,1.9768730401992798,0.9275000095367432,0.808571457862854
84,0.5868462920188904,2.1971075534820557,0.9319642782211304,0.7985714077949524
85,0.6653527021408081,2.0374867916107178,0.9248214364051819,0.8014285564422607
86,0.5330032110214233,2.1319692134857178,0.9344642758369446,0.8014285564422607
87,0.6724816560745239,2.4196674823760986,0.9278571605682373,0.7971428632736206
88,0.7177534103393555,2.189889669418335,0.927142858505249,0.8042857050895691
89,0.7355789542198181,2.2067513465881348,0.9235714077949524,0.795714259147644
90,0.8149468898773193,2.249013900756836,0.9157142639160156,0.7871428728103638
91,0.7296850085258484,2.2564809322357178,0.9208928346633911,0.800000011920929
92,0.7111311554908752,2.330948829650879,0.9237499833106995,0.7885714173316956
93,0.847086489200592,2.4934732913970947,0.9117857217788696,0.772857129573822
94,0.7923870086669922,2.0634000301361084,0.9210714101791382,0.808571457862854
95,0.767133891582489,2.2030110359191895,0.923035740852356,0.8042857050895691
96,0.7849113345146179,2.2851974964141846,0.925000011920929,0.7885714173316956
97,0.762019693851471,2.4424734115600586,0.925178587436676,0.7928571701049805
98,0.8103298544883728,2.4729321002960205,0.918571412563324,0.795714259147644
99,0.7536651492118835,2.4005720615386963,0.9223214387893677,0.8014285564422607
100,0.8408057689666748,2.393531084060669,0.9221428632736206,0.8042857050895691
101,0.7681295871734619,2.34980845451355,0.9226785898208618,0.8100000023841858
102,0.7914807796478271,2.1677052974700928,0.9241071343421936,0.8157142996788025
103,0.6811155080795288,2.529871702194214,0.933571457862854,0.7942857146263123
104,0.809563398361206,2.3888654708862305,0.9208928346633911,0.7985714077949524
105,0.9143726825714111,2.391047477722168,0.8919642567634583,0.7928571701049805
106,1.041134238243103,2.4617767333984375,0.8948214054107666,0.8071428537368774
107,0.826951265335083,2.0195653438568115,0.9144642949104309,0.8285714387893677
108,0.8359585404396057,2.3093512058258057,0.912678599357605,0.8171428442001343
109,1.0018296241760254,2.4157583713531494,0.9103571176528931,0.808571457862854
110,1.0140507221221924,2.2275002002716064,0.9083928465843201,0.8214285969734192
111,0.9135768413543701,2.640019416809082,0.9119642972946167,0.7914285659790039
112,0.9881600737571716,2.606616258621216,0.9155356884002686,0.7971428632736206
113,1.0253723859786987,2.272474527359009,0.9058928489685059,0.8157142996788025
114,1.0081843137741089,2.2537667751312256,0.9051785469055176,0.808571457862854
115,1.0434825420379639,2.208331823348999,0.9092857241630554,0.8128571510314941
116,1.0979814529418945,2.4922173023223877,0.9026785492897034,0.795714259147644
117,1.1164051294326782,3.100637435913086,0.8941071629524231,0.7571428418159485
118,1.2307409048080444,2.5272910594940186,0.893928587436676,0.800000011920929
119,1.0826809406280518,2.3894455432891846,0.9039285778999329,0.8028571605682373
120,1.2303110361099243,2.801835775375366,0.8857142925262451,0.7771428823471069
121,1.0857739448547363,2.332061290740967,0.9058928489685059,0.8157142996788025
122,0.9415528774261475,2.8088862895965576,0.9173214435577393,0.7914285659790039
123,1.017516851425171,2.5460236072540283,0.9112499952316284,0.808571457862854
124,1.0462117195129395,2.4359147548675537,0.9078571200370789,0.8057143092155457
125,1.081608772277832,2.4524214267730713,0.9021428823471069,0.8100000023841858
126,1.163710594177246,2.395840644836426,0.8955357074737549,0.7885714173316956
127,1.0648300647735596,2.3595640659332275,0.897678554058075,0.8142856955528259
128,1.0091280937194824,2.361257553100586,0.9096428751945496,0.8128571510314941
129,1.1146957874298096,2.3679051399230957,0.8991071581840515,0.8057143092155457
130,1.1479426622390747,2.582073926925659,0.8989285826683044,0.8042857050895691
131,1.217599868774414,2.9026873111724854,0.8901785612106323,0.7657142877578735
132,1.4470793008804321,2.982396125793457,0.873035728931427,0.7714285850524902
133,1.0719627141952515,2.805595636367798,0.9001785516738892,0.7828571200370789
134,1.1102334260940552,2.7818069458007812,0.8971428275108337,0.795714259147644
135,1.1299738883972168,2.9073173999786377,0.8982142806053162,0.7857142686843872
136,1.3079967498779297,2.57061767578125,0.8851785659790039,0.8042857050895691
137,1.0224437713623047,2.528695583343506,0.9069643020629883,0.8028571605682373
138,1.115523099899292,2.5101137161254883,0.8980357050895691,0.808571457862854
139,1.0058653354644775,2.5420145988464355,0.9078571200370789,0.8114285469055176
140,1.0019904375076294,2.742879629135132,0.9085714221000671,0.7914285659790039
141,1.1164206266403198,2.5974667072296143,0.9012500047683716,0.8028571605682373
142,1.1152501106262207,2.4976284503936768,0.90625,0.808571457862854
143,1.2315727472305298,2.2941339015960693,0.8960714340209961,0.8214285969734192
144,1.1952860355377197,2.9037463665008545,0.897678554058075,0.7914285659790039
145,1.488908290863037,3.3511903285980225,0.8798214197158813,0.7571428418159485
146,1.5425517559051514,2.8543150424957275,0.8774999976158142,0.7871428728103638
147,1.2406803369522095,2.52640700340271,0.8896428346633911,0.8014285564422607
148,1.2298130989074707,2.336210250854492,0.887321412563324,0.8171428442001343
149,1.1279730796813965,2.5125296115875244,0.8951785564422607,0.8071428537368774
150,1.232576847076416,2.518617868423462,0.8892857432365417,0.8071428537368774
151,1.104462742805481,2.546128273010254,0.8951785564422607,0.808571457862854
152,1.030416488647461,2.7143208980560303,0.9017857313156128,0.7985714077949524
153,1.3013720512390137,2.8802289962768555,0.8869642615318298,0.7814285755157471
154,1.2909711599349976,2.466618299484253,0.8851785659790039,0.8171428442001343
155,1.183241367340088,2.5456173419952393,0.8994643092155457,0.8071428537368774
156,1.0562541484832764,2.410618782043457,0.9071428775787354,0.8257142901420593
157,1.1380031108856201,2.4812302589416504,0.9060714244842529,0.822857141494751
158,1.2425529956817627,2.6732022762298584,0.8896428346633911,0.8028571605682373
159,1.3157252073287964,2.6570651531219482,0.8930357098579407,0.8114285469055176
160,1.2852954864501953,2.3356361389160156,0.8932142853736877,0.8214285969734192
161,1.1543101072311401,2.4786536693573,0.8948214054107666,0.8142856955528259
162,1.0728799104690552,2.7807700634002686,0.9026785492897034,0.8028571605682373
163,1.4315727949142456,3.163691520690918,0.887499988079071,0.7814285755157471
164,1.3950403928756714,3.136591672897339,0.8916071653366089,0.7799999713897705
165,1.2443608045578003,2.435107946395874,0.8991071581840515,0.8214285969734192
166,1.1507943868637085,2.451704502105713,0.9033928513526917,0.8157142996788025
167,1.4345067739486694,2.5622265338897705,0.8810714483261108,0.8128571510314941
168,1.281086802482605,2.3876733779907227,0.9007142782211304,0.8285714387893677
169,1.2282923460006714,2.6913115978240967,0.9028571248054504,0.8071428537368774
170,1.1255215406417847,2.6217191219329834,0.9051785469055176,0.8142856955528259
171,1.1558377742767334,2.6219708919525146,0.9098214507102966,0.808571457862854
172,1.188029170036316,2.5609841346740723,0.904285728931427,0.8100000023841858
173,1.1123095750808716,2.54451584815979,0.9119642972946167,0.8157142996788025
174,1.2870306968688965,2.928570508956909,0.9035714268684387,0.7914285659790039
175,1.218325138092041,2.9157369136810303,0.9039285778999329,0.795714259147644
176,1.2809430360794067,2.947504758834839,0.9028571248054504,0.7928571701049805
177,1.1251870393753052,2.978382110595703,0.9123214483261108,0.7928571701049805
178,1.2120468616485596,2.4865777492523193,0.9066071510314941,0.8171428442001343
179,1.0736441612243652,2.522883415222168,0.9091071486473083,0.8171428442001343
180,1.3539706468582153,2.9067623615264893,0.8942857384681702,0.7971428632736206
181,1.2275712490081787,2.7664146423339844,0.9033928513526917,0.8028571605682373
182,0.9783159494400024,2.552295446395874,0.9182142615318298,0.8100000023841858
183,1.352480411529541,2.6367499828338623,0.8876785635948181,0.8028571605682373
184,1.2084925174713135,2.553359270095825,0.9021428823471069,0.8185714483261108
185,1.3178681135177612,2.709620714187622,0.8941071629524231,0.8014285564422607
186,1.1303061246871948,2.5875627994537354,0.9053571224212646,0.8128571510314941
187,1.2708674669265747,2.5141031742095947,0.8933928608894348,0.8100000023841858
188,1.1815766096115112,2.5543482303619385,0.895892858505249,0.8071428537368774
189,1.2609537839889526,3.0344886779785156,0.8980357050895691,0.7900000214576721
190,1.4081015586853027,3.3037948608398438,0.8891071677207947,0.7699999809265137
191,1.3524113893508911,2.5297627449035645,0.8944643139839172,0.8171428442001343
192,1.3599592447280884,3.0479984283447266,0.8946428298950195,0.7857142686843872
193,1.4537627696990967,3.1533591747283936,0.8905357122421265,0.7799999713897705
194,1.489823818206787,2.8587074279785156,0.8867856860160828,0.795714259147644
195,1.4505314826965332,3.0273847579956055,0.889464259147644,0.7828571200370789
196,1.4974762201309204,2.7267744541168213,0.8841071724891663,0.800000011920929
197,1.2446856498718262,2.576341390609741,0.9014285802841187,0.8157142996788025
198,1.1203893423080444,2.5170302391052246,0.9073214530944824,0.8214285969734192
199,1.2081444263458252,3.1033506393432617,0.9087499976158142,0.7857142686843872
200,1.5321506261825562,2.786923408508301,0.887499988079071,0.808571457862854
201,1.2512669563293457,2.726647138595581,0.9017857313156128,0.8100000023841858
202,1.292948603630066,2.7816667556762695,0.8966071605682373,0.800000011920929
203,1.2387487888336182,2.6026642322540283,0.897857129573822,0.808571457862854
204,1.111229419708252,2.6942317485809326,0.9073214530944824,0.808571457862854
205,1.2063816785812378,2.888218879699707,0.9007142782211304,0.8057143092155457
206,1.7159146070480347,2.8284695148468018,0.8757143020629883,0.8014285564422607
207,1.2460650205612183,2.6166934967041016,0.8932142853736877,0.8114285469055176
208,1.2496339082717896,2.6322762966156006,0.8926785588264465,0.8128571510314941
209,1.281785488128662,2.427206039428711,0.8908928632736206,0.8242856860160828
210,1.4006679058074951,2.4525868892669678,0.8869642615318298,0.822857141494751
211,1.2495548725128174,2.528733491897583,0.8896428346633911,0.8157142996788025
212,1.5195338726043701,2.841778516769409,0.8760714530944824,0.7971428632736206
213,1.3724913597106934,2.7570736408233643,0.8846428394317627,0.8042857050895691
214,1.4863964319229126,3.1675796508789062,0.878928542137146,0.7699999809265137
215,1.572550654411316,2.798208236694336,0.8658928275108337,0.7928571701049805
216,1.3374407291412354,2.9267771244049072,0.8794642686843872,0.7885714173316956
217,1.4101120233535767,2.5806353092193604,0.8785714507102966,0.8100000023841858
218,1.3200606107711792,2.5517218112945557,0.8905357122421265,0.8214285969734192
219,1.5294018983840942,3.147545099258423,0.8737499713897705,0.7771428823471069
220,1.4984557628631592,2.9782791137695312,0.8748214244842529,0.7914285659790039
221,1.3516007661819458,3.269908905029297,0.8878571391105652,0.7671428322792053
222,1.4800430536270142,2.9170849323272705,0.8744642734527588,0.7900000214576721
223,1.2883145809173584,2.708383560180664,0.8923214077949524,0.808571457862854
224,1.376321792602539,2.5404841899871826,0.8910714387893677,0.8185714483261108
225,1.2878966331481934,2.591020345687866,0.8969643115997314,0.8214285969734192
226,1.335639238357544,2.329953908920288,0.897857129573822,0.8271428346633911
227,1.2840418815612793,2.491624116897583,0.897857129573822,0.8199999928474426
228,1.349372386932373,2.75931453704834,0.8974999785423279,0.8128571510314941
229,1.3784793615341187,2.73919677734375,0.8966071605682373,0.8114285469055176
230,1.247538685798645,2.401371479034424,0.9017857313156128,0.8285714387893677
231,1.1431052684783936,2.2495577335357666,0.9073214530944824,0.8371428847312927
232,1.2247010469436646,2.668834924697876,0.9035714268684387,0.8114285469055176
233,1.083840250968933,2.4119579792022705,0.9144642949104309,0.8242856860160828
234,1.1045562028884888,2.3532848358154297,0.9087499976158142,0.8271428346633911
235,1.2910341024398804,2.624826669692993,0.895714282989502,0.8157142996788025
236,1.3566861152648926,2.6895742416381836,0.8946428298950195,0.8142856955528259
237,1.25724458694458,2.5929882526397705,0.8962500095367432,0.8142856955528259
238,1.2548613548278809,2.85036563873291,0.893750011920929,0.8014285564422607
239,1.2723098993301392,2.958185911178589,0.8985714316368103,0.7942857146263123
240,1.3759455680847168,2.849139451980591,0.8883928656578064,0.800000011920929
241,1.3719590902328491,3.035879135131836,0.8898214101791382,0.7885714173316956
242,1.7562127113342285,3.179640531539917,0.8676785826683044,0.7799999713897705
243,1.607568621635437,2.897366523742676,0.8764285445213318,0.7985714077949524
244,1.5591094493865967,2.909712791442871,0.8821428418159485,0.7985714077949524
245,1.3663665056228638,2.8327090740203857,0.8898214101791382,0.8071428537368774
246,1.428902506828308,2.439741373062134,0.8810714483261108,0.8199999928474426
247,1.2441153526306152,2.553208351135254,0.8921428322792053,0.808571457862854
248,1.4289472103118896,2.3556175231933594,0.8762500286102295,0.8242856860160828
249,1.250635027885437,2.164691209793091,0.8923214077949524,0.8399999737739563
