,loss,val_loss,accuracy,val_accuracy
0,2.665191173553467,2.6490015983581543,0.06714285910129547,0.0714285746216774
1,2.6488897800445557,2.6447739601135254,0.06464285403490067,0.0714285746216774
2,2.6101410388946533,2.365082025527954,0.09285714477300644,0.16857142746448517
3,1.7238198518753052,1.233578085899353,0.37482142448425293,0.5942857265472412
4,0.766825258731842,0.7050366997718811,0.7955357432365417,0.808571457862854
5,0.26861754059791565,0.55056232213974,0.9373214244842529,0.8600000143051147
6,0.10333433747291565,0.45828601717948914,0.9794642925262451,0.8842856884002686
7,0.05756743252277374,0.47844645380973816,0.9891071319580078,0.8771428465843201
8,0.042060114443302155,0.5113608241081238,0.9912499785423279,0.8728571534156799
9,0.025958748534321785,0.5170800089836121,0.9951785802841187,0.868571400642395
10,0.026964496821165085,0.569898784160614,0.9944642782211304,0.8671428561210632
11,0.02477114647626877,0.5356363654136658,0.9951785802841187,0.8757143020629883
12,0.04153359308838844,0.5762563347816467,0.9898214340209961,0.8642857074737549
13,0.03052932769060135,0.5469998717308044,0.9930357336997986,0.8642857074737549
14,0.02127739042043686,0.5480337142944336,0.9969642758369446,0.8742856979370117
15,0.020446183159947395,0.5492172837257385,0.9967857003211975,0.8771428465843201
16,0.009414843283593655,0.6243261098861694,0.9985714554786682,0.8700000047683716
17,0.005329141393303871,0.5695736408233643,0.9989285469055176,0.8799999952316284
18,0.005579720251262188,0.5735312104225159,0.9991071224212646,0.8771428465843201
19,0.002942778402939439,0.5760605335235596,1.0,0.8700000047683716
20,0.002276395680382848,0.5861188769340515,1.0,0.8728571534156799
21,0.0019770993385463953,0.5951838493347168,1.0,0.8728571534156799
22,0.0017321027116850019,0.6033117771148682,1.0,0.8728571534156799
23,0.0015499043511226773,0.6111821532249451,1.0,0.8728571534156799
24,0.00140685576479882,0.6193575859069824,1.0,0.8757143020629883
25,0.0012628046097233891,0.626681387424469,1.0,0.8757143020629883
26,0.0011567496694624424,0.6330152750015259,1.0,0.8757143020629883
27,0.0010566732380539179,0.6395061612129211,1.0,0.8771428465843201
28,0.000971302215475589,0.6455624103546143,1.0,0.8771428465843201
29,0.0008979309932328761,0.650659441947937,1.0,0.8771428465843201
30,0.000828431686386466,0.6562755703926086,1.0,0.8771428465843201
31,0.0007716497057117522,0.6611440777778625,1.0,0.8771428465843201
32,0.0007241882849484682,0.6660988926887512,1.0,0.8771428465843201
33,0.0006773684872314334,0.6710402369499207,1.0,0.8785714507102966
34,0.0006454435642808676,0.6754276156425476,1.0,0.8785714507102966
35,0.0005967791075818241,0.6802850365638733,1.0,0.8785714507102966
36,0.0005605996120721102,0.6842201352119446,1.0,0.8785714507102966
37,0.0005311493296176195,0.6888357996940613,1.0,0.8799999952316284
38,0.0005022204131819308,0.6928216814994812,1.0,0.8799999952316284
39,0.00047577620716765523,0.6962587833404541,1.0,0.8785714507102966
40,0.0004521951195783913,0.7000238299369812,1.0,0.8785714507102966
41,0.00043008383363485336,0.7037387490272522,1.0,0.8785714507102966
42,0.00040988705586642027,0.7077701687812805,1.0,0.8785714507102966
43,0.00039091901271604,0.7112136483192444,1.0,0.8785714507102966
44,0.0003726940485648811,0.7154335975646973,1.0,0.8785714507102966
45,0.0003560698532965034,0.7189664244651794,1.0,0.8771428465843201
46,0.0003403550654184073,0.7225406169891357,1.0,0.8771428465843201
47,0.0003258883662056178,0.7261567115783691,1.0,0.8771428465843201
48,0.0003141789056826383,0.729869544506073,1.0,0.8785714507102966
49,0.00029869895661249757,0.7335208058357239,1.0,0.8785714507102966
50,0.0002867725561372936,0.7373132109642029,1.0,0.8785714507102966
51,0.00027503183810040355,0.7408996224403381,1.0,0.8785714507102966
52,0.00026424869429320097,0.7440873980522156,1.0,0.8785714507102966
53,0.00025398022262379527,0.7479903697967529,1.0,0.8785714507102966
54,0.00024399402900598943,0.7519292235374451,1.0,0.8785714507102966
55,0.00023492681793868542,0.7554493546485901,1.0,0.8771428465843201
56,0.00022614702174905688,0.7589572072029114,1.0,0.8771428465843201
57,0.0002178197173634544,0.7625840306282043,1.0,0.8771428465843201
58,0.00020967685850337148,0.765830934047699,1.0,0.8771428465843201
59,0.0002023545530391857,0.7694006562232971,1.0,0.8771428465843201
60,0.0001950958394445479,0.772712767124176,1.0,0.8771428465843201
61,0.00018823191931005567,0.7761452794075012,1.0,0.8757143020629883
62,0.00018277455819770694,0.7790884375572205,1.0,0.8757143020629883
63,0.00017542866407893598,0.7821133136749268,1.0,0.8757143020629883
64,0.00016922687063924968,0.7857034802436829,1.0,0.8757143020629883
65,0.00016364536713808775,0.7886138558387756,1.0,0.8757143020629883
66,0.00015818570682313293,0.791608989238739,1.0,0.8757143020629883
67,0.0001529256405774504,0.7947505116462708,1.0,0.8757143020629883
68,0.0001479748752899468,0.7977748513221741,1.0,0.8742856979370117
69,0.00014317725435830653,0.8005650639533997,1.0,0.8742856979370117
70,0.0001384931238135323,0.8036651611328125,1.0,0.8742856979370117
71,0.0001340600138064474,0.8065047264099121,1.0,0.8742856979370117
72,0.000129925727378577,0.809608519077301,1.0,0.8742856979370117
73,0.00012658577179536223,0.8123072981834412,1.0,0.8742856979370117
74,0.00012217277253512293,0.8148356080055237,1.0,0.8742856979370117
75,0.00011818022903753445,0.8177077174186707,1.0,0.8742856979370117
76,0.0001145391070167534,0.8206807971000671,1.0,0.8757143020629883
77,0.00011106012971140444,0.8232123255729675,1.0,0.8757143020629883
78,0.00010844961070688441,0.8260254859924316,1.0,0.8757143020629883
79,0.00010452337301103398,0.8283636569976807,1.0,0.8757143020629883
80,0.0001013819346553646,0.8312950134277344,1.0,0.8757143020629883
81,9.842123108683154e-05,0.8337211608886719,1.0,0.8757143020629883
82,9.5531897386536e-05,0.8364720344543457,1.0,0.8757143020629883
83,9.28350564208813e-05,0.8391063809394836,1.0,0.8757143020629883
84,9.011609654407948e-05,0.8415848612785339,1.0,0.8757143020629883
85,8.751330460654572e-05,0.8439281582832336,1.0,0.8757143020629883
86,8.502669516019523e-05,0.8466782569885254,1.0,0.8757143020629883
87,8.266897202702239e-05,0.8489954471588135,1.0,0.8757143020629883
88,8.044247806537896e-05,0.851365864276886,1.0,0.8757143020629883
89,7.806364737916738e-05,0.8540315628051758,1.0,0.8757143020629883
90,7.591756002511829e-05,0.8563644289970398,1.0,0.8757143020629883
91,7.38982271286659e-05,0.8587284684181213,1.0,0.8757143020629883
92,7.179334352258593e-05,0.8610801100730896,1.0,0.8757143020629883
93,6.98241128702648e-05,0.863619863986969,1.0,0.8757143020629883
94,6.794088403694332e-05,0.8659611344337463,1.0,0.8757143020629883
95,6.61333033349365e-05,0.8681659698486328,1.0,0.8757143020629883
96,6.434426177293062e-05,0.8706395030021667,1.0,0.8757143020629883
97,6.262905662879348e-05,0.872887372970581,1.0,0.8757143020629883
98,6.0941081756027415e-05,0.8753280639648438,1.0,0.8757143020629883
99,5.9318226703908294e-05,0.877688467502594,1.0,0.8771428465843201
100,5.7798519264906645e-05,0.879621684551239,1.0,0.8771428465843201
101,5.657919609802775e-05,0.8821588158607483,1.0,0.8771428465843201
102,5.48053030797746e-05,0.8840461373329163,1.0,0.8771428465843201
103,5.3347626817412674e-05,0.8863230347633362,1.0,0.8771428465843201
104,5.195654375711456e-05,0.8885743021965027,1.0,0.8771428465843201
105,5.0637023377930745e-05,0.8904969692230225,1.0,0.8771428465843201
106,4.933105083182454e-05,0.8928022980690002,1.0,0.8771428465843201
107,4.8060366680147126e-05,0.8949764370918274,1.0,0.8785714507102966
108,4.684886880568229e-05,0.8971090316772461,1.0,0.8785714507102966
109,4.567802170640789e-05,0.8990809321403503,1.0,0.8785714507102966
110,4.453129440662451e-05,0.9012126922607422,1.0,0.8785714507102966
111,4.340089799370617e-05,0.903378963470459,1.0,0.8785714507102966
112,4.229228579788469e-05,0.9053391814231873,1.0,0.8785714507102966
113,4.124944098293781e-05,0.9073814749717712,1.0,0.8785714507102966
114,4.0230355807580054e-05,0.9094786047935486,1.0,0.8785714507102966
115,3.921854295185767e-05,0.9116438031196594,1.0,0.8785714507102966
116,3.8250189390964806e-05,0.9138144850730896,1.0,0.8785714507102966
117,3.735785139724612e-05,0.9157422184944153,1.0,0.8785714507102966
118,3.6397879739524797e-05,0.9180071949958801,1.0,0.8771428465843201
119,3.551395275280811e-05,0.920037567615509,1.0,0.8771428465843201
120,3.46242195519153e-05,0.922304093837738,1.0,0.8771428465843201
121,3.377718894626014e-05,0.9244718551635742,1.0,0.8757143020629883
122,3.2962558179860935e-05,0.9263424277305603,1.0,0.8742856979370117
123,3.218905840185471e-05,0.9285964965820312,1.0,0.8742856979370117
124,3.1406085327034816e-05,0.9304288029670715,1.0,0.8742856979370117
125,3.06428519252222e-05,0.9327929615974426,1.0,0.8742856979370117
126,2.9895994885009713e-05,0.9350915551185608,1.0,0.8742856979370117
127,2.9189906854298897e-05,0.9371629357337952,1.0,0.8742856979370117
128,2.8492551791714504e-05,0.9392597079277039,1.0,0.8742856979370117
129,2.7836444132844917e-05,0.9415457248687744,1.0,0.8742856979370117
130,2.716910603339784e-05,0.9435980319976807,1.0,0.8742856979370117
131,2.6514891942497343e-05,0.945604145526886,1.0,0.8728571534156799
132,2.5892297344398685e-05,0.9478158354759216,1.0,0.8728571534156799
133,2.5293413273175247e-05,0.9498658180236816,1.0,0.8728571534156799
134,2.469396531523671e-05,0.9517770409584045,1.0,0.8728571534156799
135,2.411990317341406e-05,0.9539445042610168,1.0,0.8728571534156799
136,2.3664870241191238e-05,0.9560441970825195,1.0,0.8728571534156799
137,2.300921369169373e-05,0.9581115245819092,1.0,0.8728571534156799
138,2.246950680273585e-05,0.9601680636405945,1.0,0.8728571534156799
139,2.1953206669422798e-05,0.9619553089141846,1.0,0.8728571534156799
140,2.1443083824124187e-05,0.9639299511909485,1.0,0.8728571534156799
141,2.0961595510016195e-05,0.965949535369873,1.0,0.8714285492897034
142,2.0492290786933154e-05,0.9680159091949463,1.0,0.8714285492897034
143,2.0005285477964208e-05,0.9697391390800476,1.0,0.8714285492897034
144,1.978206455532927e-05,0.9716593623161316,1.0,0.8700000047683716
145,1.9109111235593446e-05,0.9736350178718567,1.0,0.8700000047683716
146,1.8673845261218958e-05,0.9753735065460205,1.0,0.8700000047683716
147,1.8260225260746665e-05,0.9773218035697937,1.0,0.8700000047683716
148,1.7839243810158223e-05,0.9792027473449707,1.0,0.8700000047683716
149,1.7435782865504734e-05,0.9809882044792175,1.0,0.8700000047683716
150,1.704094756860286e-05,0.9829534888267517,1.0,0.8700000047683716
151,1.6657468222547323e-05,0.9846903681755066,1.0,0.8700000047683716
152,1.628441532375291e-05,0.9866323471069336,1.0,0.8700000047683716
153,1.5929925211821683e-05,0.9881839156150818,1.0,0.8700000047683716
154,1.5570503819617443e-05,0.9900776743888855,1.0,0.8700000047683716
155,1.5229234122671187e-05,0.9918234348297119,1.0,0.8700000047683716
156,1.4910780919308309e-05,0.9934244751930237,1.0,0.8714285492897034
157,1.4568266124115326e-05,0.9952967762947083,1.0,0.8714285492897034
158,1.4254142115532886e-05,0.9968854784965515,1.0,0.8714285492897034
159,1.393819366057869e-05,0.9988677501678467,1.0,0.8714285492897034
160,1.3623828635900281e-05,1.0003913640975952,1.0,0.8714285492897034
161,1.3335519724932965e-05,1.0021706819534302,1.0,0.8714285492897034
162,1.3043442777416203e-05,1.003642201423645,1.0,0.8714285492897034
163,1.2763415725203231e-05,1.0054261684417725,1.0,0.8714285492897034
164,1.2488714673963841e-05,1.007041096687317,1.0,0.8714285492897034
165,1.2216134564368986e-05,1.0084882974624634,1.0,0.8714285492897034
166,1.1948452993237879e-05,1.0100680589675903,1.0,0.8714285492897034
167,1.1702371011779178e-05,1.0117677450180054,1.0,0.8714285492897034
168,1.1446320968389045e-05,1.0132583379745483,1.0,0.8714285492897034
169,1.1198529136891011e-05,1.0149680376052856,1.0,0.8700000047683716
170,1.0959837709378917e-05,1.016596794128418,1.0,0.8700000047683716
171,1.072682425728999e-05,1.0180920362472534,1.0,0.8700000047683716
172,1.0504718375159428e-05,1.0195177793502808,1.0,0.8700000047683716
173,1.0281524737365544e-05,1.021048903465271,1.0,0.8700000047683716
174,1.0068531082652044e-05,1.0224581956863403,1.0,0.8700000047683716
175,9.854629752226174e-06,1.0240284204483032,1.0,0.8700000047683716
176,9.655283065512776e-06,1.0253585577011108,1.0,0.8700000047683716
177,9.44885778153548e-06,1.0267277956008911,1.0,0.8700000047683716
178,9.254765245714225e-06,1.028286337852478,1.0,0.8700000047683716
179,9.110960490943398e-06,1.0297297239303589,1.0,0.8700000047683716
180,8.878630069375504e-06,1.0311137437820435,1.0,0.8700000047683716
181,8.692876690474804e-06,1.0326553583145142,1.0,0.8700000047683716
182,8.516689376847353e-06,1.0340733528137207,1.0,0.8700000047683716
183,8.34287129691802e-06,1.035575270652771,1.0,0.868571400642395
184,8.173632522812113e-06,1.0370961427688599,1.0,0.868571400642395
185,8.01074111222988e-06,1.0384846925735474,1.0,0.868571400642395
186,7.850922884244937e-06,1.0399478673934937,1.0,0.868571400642395
187,7.699368325120304e-06,1.041513442993164,1.0,0.868571400642395
188,7.541425020463066e-06,1.043074131011963,1.0,0.868571400642395
189,7.388383892248385e-06,1.0443648099899292,1.0,0.868571400642395
190,7.238727903313702e-06,1.0457804203033447,1.0,0.868571400642395
191,7.137905413401313e-06,1.0473881959915161,1.0,0.868571400642395
192,6.959509846637957e-06,1.0487806797027588,1.0,0.868571400642395
193,6.823711828474188e-06,1.050230860710144,1.0,0.868571400642395
194,6.690884674753761e-06,1.051763892173767,1.0,0.868571400642395
195,6.559685061802156e-06,1.0531010627746582,1.0,0.868571400642395
196,6.4314140217902604e-06,1.0545721054077148,1.0,0.868571400642395
197,6.307976036623586e-06,1.0561531782150269,1.0,0.868571400642395
198,6.188876795931719e-06,1.0575259923934937,1.0,0.868571400642395
199,6.0732340898539405e-06,1.0600677728652954,1.0,0.8671428561210632
200,5.955997494311305e-06,1.062563419342041,1.0,0.8671428561210632
201,5.840888661623467e-06,1.0645151138305664,1.0,0.8671428561210632
202,5.733855232392671e-06,1.066648006439209,1.0,0.8671428561210632
203,5.62806098969304e-06,1.0686500072479248,1.0,0.8671428561210632
204,5.520171271200525e-06,1.0702704191207886,1.0,0.8671428561210632
205,5.416649401013274e-06,1.0718101263046265,1.0,0.8671428561210632
206,5.316725037118886e-06,1.0736489295959473,1.0,0.8657143115997314
207,5.221718765824335e-06,1.075029969215393,1.0,0.8657143115997314
208,5.1258161875011865e-06,1.0766719579696655,1.0,0.8657143115997314
209,5.032523858972127e-06,1.0783311128616333,1.0,0.8657143115997314
210,4.940098733641207e-06,1.0798531770706177,1.0,0.8642857074737549
211,4.853558039030759e-06,1.0816130638122559,1.0,0.8642857074737549
212,4.763483502756571e-06,1.0830771923065186,1.0,0.8642857074737549
213,4.680850906879641e-06,1.0847489833831787,1.0,0.8642857074737549
214,4.5971610234119e-06,1.0864757299423218,1.0,0.8642857074737549
215,4.514035481406609e-06,1.0882474184036255,1.0,0.8642857074737549
216,4.4351709220791236e-06,1.089788794517517,1.0,0.8642857074737549
217,4.360786533652572e-06,1.0913931131362915,1.0,0.8642857074737549
218,4.287023330107331e-06,1.0928019285202026,1.0,0.8642857074737549
219,4.214296950522112e-06,1.0942528247833252,1.0,0.8642857074737549
220,4.152689143666066e-06,1.0959845781326294,1.0,0.8642857074737549
221,4.072816864209017e-06,1.0975924730300903,1.0,0.8628571629524231
222,4.004958100267686e-06,1.099488615989685,1.0,0.8628571629524231
223,3.938906957046129e-06,1.1016119718551636,1.0,0.8628571629524231
224,3.874328740494093e-06,1.1030234098434448,1.0,0.8628571629524231
225,3.810916041402379e-06,1.1059893369674683,1.0,0.8628571629524231
226,3.749541292563663e-06,1.1078962087631226,1.0,0.8628571629524231
227,3.688230890475097e-06,1.1105506420135498,1.0,0.8628571629524231
228,3.6282390283304267e-06,1.1121729612350464,1.0,0.8614285588264465
229,3.571987235773122e-06,1.115032434463501,1.0,0.8614285588264465
230,3.514520585667924e-06,1.1176081895828247,1.0,0.8614285588264465
231,3.461006372162956e-06,1.120294213294983,1.0,0.8614285588264465
232,3.4060306006722385e-06,1.124428391456604,1.0,0.8614285588264465
233,3.355076614752761e-06,1.126640796661377,1.0,0.8585714101791382
234,3.3061687645385973e-06,1.1327048540115356,1.0,0.8585714101791382
235,3.2571690553595545e-06,1.1356030702590942,1.0,0.8585714101791382
236,3.207372856195434e-06,1.1401143074035645,1.0,0.8585714101791382
237,3.1608135486749234e-06,1.1431905031204224,1.0,0.8585714101791382
238,3.1168165151029825e-06,1.1462644338607788,1.0,0.8585714101791382
239,3.0729881927982206e-06,1.1486449241638184,1.0,0.8585714101791382
240,3.028525043191621e-06,1.1509407758712769,1.0,0.8585714101791382
241,2.98588224723062e-06,1.1530210971832275,1.0,0.8585714101791382
242,2.9439522677421337e-06,1.1548715829849243,1.0,0.8585714101791382
243,2.9019940939178923e-06,1.1572858095169067,1.0,0.8585714101791382
244,2.8624415335798403e-06,1.1591259241104126,1.0,0.8585714101791382
245,2.822535407176474e-06,1.1611254215240479,1.0,0.8585714101791382
246,2.783167474262882e-06,1.1631754636764526,1.0,0.8585714101791382
247,2.747622374954517e-06,1.1649836301803589,1.0,0.8585714101791382
248,2.7143285024067154e-06,1.1669974327087402,1.0,0.8585714101791382
249,2.6764207632368198e-06,1.1686433553695679,1.0,0.8600000143051147
