,loss,val_loss,accuracy,val_accuracy
0,2.69936466217041,2.6869986057281494,0.07803571224212646,0.09714286029338837
1,2.682626485824585,2.6671836376190186,0.09428571164608002,0.11428571492433548
2,2.6633148193359375,2.659865379333496,0.1058928593993187,0.12285714596509933
3,2.654482841491699,2.686781644821167,0.10785714536905289,0.08142857253551483
4,2.664762020111084,2.6305301189422607,0.09714286029338837,0.1071428582072258
5,2.6593313217163086,2.7372043132781982,0.10249999910593033,0.06142857298254967
6,2.693995714187622,2.728764533996582,0.08321428298950195,0.05714285746216774
7,2.666055917739868,2.6097843647003174,0.08696428686380386,0.13571429252624512
8,2.6432888507843018,2.6030385494232178,0.1071428582072258,0.1371428519487381
9,2.6792430877685547,2.6292049884796143,0.08089285343885422,0.09571428596973419
10,2.6666829586029053,2.727261543273926,0.08250000327825546,0.05000000074505806
11,2.6551430225372314,2.6425304412841797,0.08767857402563095,0.10285714268684387
12,2.661647081375122,2.6654350757598877,0.08267857134342194,0.07000000029802322
13,2.6603822708129883,2.6696033477783203,0.07374999672174454,0.07285714149475098
14,2.6528425216674805,2.6182587146759033,0.09196428209543228,0.12142857164144516
15,2.663423538208008,2.675684690475464,0.07392857223749161,0.06285714358091354
16,2.6595468521118164,2.728259801864624,0.07839285582304001,0.04571428522467613
17,2.6595840454101562,2.634805917739868,0.08089285343885422,0.10571428388357162
18,2.658050537109375,2.6707890033721924,0.0803571417927742,0.08857142925262451
19,2.6640355587005615,2.655130386352539,0.07303571701049805,0.0714285746216774
20,2.6477372646331787,2.7591664791107178,0.08321428298950195,0.018571428954601288
21,2.654355764389038,2.6561174392700195,0.07892857491970062,0.07999999821186066
22,2.653182029724121,2.668210029602051,0.0803571417927742,0.07857143133878708
23,2.6469979286193848,2.616678237915039,0.09303571283817291,0.10000000149011612
24,2.638326406478882,2.745002508163452,0.08767857402563095,0.0357142873108387
25,2.648233413696289,2.710569381713867,0.08749999850988388,0.034285712987184525
26,2.647382974624634,2.6239826679229736,0.08196428418159485,0.1014285683631897
27,2.6421735286712646,2.765230894088745,0.0867857113480568,0.019999999552965164
28,2.645301580429077,2.7105934619903564,0.07892857491970062,0.041428569704294205
29,2.646624803543091,2.6141517162323,0.09232142567634583,0.11857143044471741
30,2.6402769088745117,2.586395263671875,0.09142857044935226,0.10999999940395355
31,2.6398282051086426,2.573873281478882,0.0880357176065445,0.14142857491970062
32,2.64644455909729,2.6034629344940186,0.08107142895460129,0.10571428388357162
33,2.645735025405884,2.5971508026123047,0.07750000059604645,0.14000000059604645
34,2.636725902557373,2.6474506855010986,0.08892857283353806,0.06714285910129547
35,2.6467416286468506,2.6027050018310547,0.07607142627239227,0.11142857372760773
36,2.653024435043335,2.6511356830596924,0.07928571105003357,0.05999999865889549
37,2.6494781970977783,2.678302526473999,0.07767856866121292,0.07571428269147873
38,2.653347969055176,2.654709815979004,0.07553571462631226,0.0771428570151329
39,2.6514127254486084,2.6507129669189453,0.07357142865657806,0.0714285746216774
40,2.6478121280670166,2.646899461746216,0.06589286029338837,0.06428571790456772
41,2.6471941471099854,2.645214796066284,0.07035714387893677,0.0657142847776413
42,2.6459619998931885,2.6448233127593994,0.07321428507566452,0.06428571790456772
43,2.6453309059143066,2.6458230018615723,0.07339286059141159,0.07000000029802322
44,2.6455845832824707,2.644205093383789,0.06857142597436905,0.06285714358091354
45,2.645364761352539,2.643998861312866,0.06428571790456772,0.0714285746216774
46,2.644963026046753,2.644213914871216,0.0669642835855484,0.07000000029802322
47,2.644683599472046,2.64422607421875,0.06928571313619614,0.07999999821186066
48,2.6444027423858643,2.643824338912964,0.07160714268684387,0.07000000029802322
49,2.644341468811035,2.643315315246582,0.0669642835855484,0.06142857298254967
50,2.6440210342407227,2.6431796550750732,0.06446428596973419,0.07000000029802322
51,2.643932819366455,2.643056869506836,0.07071428745985031,0.07285714149475098
52,2.6438117027282715,2.643033027648926,0.06928571313619614,0.0714285746216774
53,2.643571615219116,2.6431233882904053,0.07482142746448517,0.0771428570151329
54,2.6435391902923584,2.642728805541992,0.07000000029802322,0.06857142597436905
55,2.6437299251556396,2.642598867416382,0.06660714000463486,0.06857142597436905
56,2.6430184841156006,2.6438422203063965,0.07321428507566452,0.0714285746216774
57,2.643097400665283,2.642674207687378,0.06785714626312256,0.0714285746216774
58,2.6430952548980713,2.6428329944610596,0.0682142823934555,0.07000000029802322
59,2.642987012863159,2.6425411701202393,0.06446428596973419,0.0714285746216774
60,2.643019676208496,2.6421327590942383,0.06499999761581421,0.06714285910129547
61,2.6428866386413574,2.6421587467193604,0.0625,0.0714285746216774
62,2.6426007747650146,2.6419718265533447,0.06875000149011612,0.07285714149475098
63,2.6426303386688232,2.6419103145599365,0.061071429401636124,0.0714285746216774
64,2.6426680088043213,2.641975164413452,0.06339285522699356,0.07000000029802322
65,2.6425328254699707,2.641735792160034,0.06303571164608002,0.06857142597436905
66,2.642540216445923,2.6417551040649414,0.06714285910129547,0.07285714149475098
67,2.6424641609191895,2.6416947841644287,0.06446428596973419,0.07000000029802322
68,2.642305612564087,2.64162278175354,0.06410714238882065,0.07000000029802322
69,2.642364740371704,2.6415889263153076,0.06714285910129547,0.0714285746216774
70,2.6421642303466797,2.6415157318115234,0.061071429401636124,0.07000000029802322
71,2.6422815322875977,2.6414730548858643,0.06607142835855484,0.07000000029802322
72,2.6418817043304443,2.6416101455688477,0.06535714119672775,0.07000000029802322
73,2.641967535018921,2.6414616107940674,0.06910714507102966,0.0714285746216774
74,2.64189076423645,2.6417009830474854,0.06803571432828903,0.0714285746216774
75,2.6422102451324463,2.6413662433624268,0.06624999642372131,0.07285714149475098
76,2.641934871673584,2.641345977783203,0.06803571432828903,0.0714285746216774
77,2.6419248580932617,2.6412336826324463,0.06660714000463486,0.07000000029802322
78,2.6419677734375,2.6412582397460938,0.0657142847776413,0.07285714149475098
79,2.6417458057403564,2.6415863037109375,0.06624999642372131,0.0714285746216774
80,2.6417810916900635,2.641143560409546,0.06535714119672775,0.0714285746216774
81,2.641549825668335,2.6411375999450684,0.0657142847776413,0.0714285746216774
82,2.6417901515960693,2.6410348415374756,0.06803571432828903,0.0714285746216774
83,2.6416492462158203,2.640977621078491,0.06267856806516647,0.0714285746216774
84,2.641587018966675,2.6409571170806885,0.06499999761581421,0.07000000029802322
85,2.6415441036224365,2.6411025524139404,0.07000000029802322,0.0714285746216774
86,2.641526460647583,2.6408982276916504,0.0682142823934555,0.07000000029802322
87,2.641608953475952,2.640953779220581,0.06767857074737549,0.0714285746216774
88,2.6414432525634766,2.640956163406372,0.06410714238882065,0.0714285746216774
89,2.641263723373413,2.641197443008423,0.06624999642372131,0.0714285746216774
90,2.641538619995117,2.640989303588867,0.06660714000463486,0.0714285746216774
91,2.6414453983306885,2.6408135890960693,0.06910714507102966,0.07000000029802322
92,2.6413393020629883,2.640864372253418,0.06839285790920258,0.0714285746216774
93,2.641037940979004,2.641178607940674,0.07089285552501678,0.0714285746216774
94,2.6411964893341064,2.640760898590088,0.0694642886519432,0.0714285746216774
95,2.641282558441162,2.640719175338745,0.06928571313619614,0.07285714149475098
96,2.6412203311920166,2.640756607055664,0.06321428716182709,0.07285714149475098
97,2.6412744522094727,2.640622854232788,0.06142857298254967,0.07000000029802322
98,2.6411798000335693,2.640712022781372,0.06714285910129547,0.0714285746216774
99,2.641324281692505,2.6407196521759033,0.07089285552501678,0.0714285746216774
100,2.641084671020508,2.641110420227051,0.0682142823934555,0.0714285746216774
101,2.641247034072876,2.6406586170196533,0.06857142597436905,0.0714285746216774
102,2.6410372257232666,2.6409144401550293,0.0701785683631897,0.0714285746216774
103,2.6411759853363037,2.6406450271606445,0.06517857313156128,0.0714285746216774
104,2.641096353530884,2.6405560970306396,0.06142857298254967,0.0714285746216774
105,2.6410017013549805,2.6408984661102295,0.0669642835855484,0.0714285746216774
106,2.641111135482788,2.640545129776001,0.06678571552038193,0.0714285746216774
107,2.640939950942993,2.6407480239868164,0.06982143223285675,0.0714285746216774
108,2.6410670280456543,2.6404812335968018,0.06607142835855484,0.0714285746216774
109,2.6409976482391357,2.6405398845672607,0.0682142823934555,0.0714285746216774
110,2.640995740890503,2.6404478549957275,0.0580357126891613,0.0714285746216774
111,2.640934944152832,2.6405396461486816,0.06642857193946838,0.0714285746216774
112,2.640812397003174,2.6404964923858643,0.06428571790456772,0.0714285746216774
113,2.640911340713501,2.640526294708252,0.07160714268684387,0.0714285746216774
114,2.6408591270446777,2.640493154525757,0.06750000268220901,0.0714285746216774
115,2.640932559967041,2.6403968334198,0.06785714626312256,0.07285714149475098
116,2.6408369541168213,2.6404473781585693,0.06732142716646194,0.0714285746216774
117,2.64095401763916,2.6405460834503174,0.06642857193946838,0.0714285746216774
118,2.640838384628296,2.6404263973236084,0.06714285910129547,0.06857142597436905
119,2.6409013271331787,2.640366315841675,0.06928571313619614,0.0714285746216774
120,2.640868902206421,2.6404006481170654,0.06714285910129547,0.06857142597436905
121,2.640687942504883,2.6404716968536377,0.0657142847776413,0.0714285746216774
122,2.6408262252807617,2.6404058933258057,0.06750000268220901,0.0714285746216774
123,2.6408884525299072,2.640312910079956,0.0669642835855484,0.0714285746216774
124,2.640738010406494,2.6403110027313232,0.06624999642372131,0.0714285746216774
125,2.6407265663146973,2.6402933597564697,0.0657142847776413,0.07000000029802322
126,2.6407392024993896,2.640336036682129,0.0637499988079071,0.0714285746216774
127,2.6407532691955566,2.6403326988220215,0.06660714000463486,0.0714285746216774
128,2.640735626220703,2.640185594558716,0.06357143074274063,0.0714285746216774
129,2.6407155990600586,2.640256643295288,0.06767857074737549,0.0714285746216774
130,2.6407597064971924,2.640195608139038,0.05999999865889549,0.0714285746216774
131,2.640798330307007,2.6402475833892822,0.06678571552038193,0.0714285746216774
132,2.6406519412994385,2.6401760578155518,0.06642857193946838,0.0714285746216774
133,2.640723466873169,2.640129327774048,0.05642857030034065,0.07285714149475098
134,2.640626907348633,2.6401336193084717,0.0625,0.0714285746216774
135,2.6406986713409424,2.640110969543457,0.06464285403490067,0.07285714149475098
136,2.640573501586914,2.640190601348877,0.06857142597436905,0.07000000029802322
137,2.640650749206543,2.640099287033081,0.06607142835855484,0.07000000029802322
138,2.640655517578125,2.640075922012329,0.06428571790456772,0.0714285746216774
139,2.6406450271606445,2.640120267868042,0.06642857193946838,0.0714285746216774
140,2.6406540870666504,2.640110731124878,0.06339285522699356,0.0714285746216774
141,2.6405372619628906,2.6402595043182373,0.06392857432365417,0.0714285746216774
142,2.6407277584075928,2.6401584148406982,0.06392857432365417,0.0714285746216774
143,2.6406164169311523,2.640028238296509,0.062142856419086456,0.07000000029802322
144,2.6405389308929443,2.6400279998779297,0.06785714626312256,0.07000000029802322
145,2.640587568283081,2.640028953552246,0.0580357126891613,0.07000000029802322
146,2.640554428100586,2.6400439739227295,0.06732142716646194,0.0714285746216774
147,2.640552520751953,2.6401190757751465,0.06732142716646194,0.0714285746216774
148,2.6405622959136963,2.640063524246216,0.0701785683631897,0.07000000029802322
149,2.6406118869781494,2.639939546585083,0.07035714387893677,0.07285714149475098
150,2.6404528617858887,2.6399152278900146,0.061071429401636124,0.07000000029802322
151,2.640484094619751,2.639986515045166,0.06714285910129547,0.0714285746216774
152,2.6404709815979004,2.6399781703948975,0.061071429401636124,0.07000000029802322
153,2.640489339828491,2.6399762630462646,0.0637499988079071,0.0714285746216774
154,2.6404712200164795,2.639934778213501,0.06071428582072258,0.0714285746216774
155,2.6404969692230225,2.639920949935913,0.061964284628629684,0.0714285746216774
156,2.6404225826263428,2.6399030685424805,0.06392857432365417,0.0714285746216774
157,2.6404407024383545,2.6399431228637695,0.06410714238882065,0.0714285746216774
158,2.6403543949127197,2.639904737472534,0.06357143074274063,0.07000000029802322
159,2.6404762268066406,2.6399669647216797,0.06071428582072258,0.0714285746216774
160,2.6404638290405273,2.639887809753418,0.06660714000463486,0.0714285746216774
161,2.6403939723968506,2.6399028301239014,0.0682142823934555,0.0714285746216774
162,2.640388011932373,2.6398706436157227,0.061964284628629684,0.07000000029802322
163,2.6403894424438477,2.6398277282714844,0.06517857313156128,0.07000000029802322
164,2.6403424739837646,2.6398417949676514,0.06910714507102966,0.07000000029802322
165,2.640439748764038,2.639887809753418,0.06589286029338837,0.0714285746216774
166,2.6403706073760986,2.6398613452911377,0.06321428716182709,0.0714285746216774
167,2.6403799057006836,2.6398684978485107,0.07035714387893677,0.0714285746216774
168,2.6403844356536865,2.639836549758911,0.06589286029338837,0.0714285746216774
169,2.6403748989105225,2.6398868560791016,0.06607142835855484,0.07285714149475098
170,2.6403188705444336,2.6398279666900635,0.06589286029338837,0.07000000029802322
171,2.6403799057006836,2.6398913860321045,0.0657142847776413,0.06714285910129547
172,2.640308141708374,2.6397836208343506,0.06678571552038193,0.0714285746216774
173,2.640302896499634,2.639812469482422,0.0637499988079071,0.0714285746216774
174,2.640362024307251,2.639857053756714,0.06392857432365417,0.0714285746216774
175,2.6403067111968994,2.639859914779663,0.06267856806516647,0.07285714149475098
176,2.6401939392089844,2.639774799346924,0.06517857313156128,0.07000000029802322
177,2.6402530670166016,2.639749526977539,0.06642857193946838,0.07000000029802322
178,2.640244483947754,2.6397948265075684,0.06482142955064774,0.07000000029802322
179,2.6402716636657715,2.639841318130493,0.06660714000463486,0.0714285746216774
180,2.640286922454834,2.6397705078125,0.06785714626312256,0.0714285746216774
181,2.6402645111083984,2.6397712230682373,0.06750000268220901,0.07000000029802322
182,2.640277862548828,2.6398017406463623,0.06482142955064774,0.0714285746216774
183,2.6401913166046143,2.639861583709717,0.06339285522699356,0.0714285746216774
184,2.640317678451538,2.639864921569824,0.06589286029338837,0.0714285746216774
185,2.6402604579925537,2.639878988265991,0.06803571432828903,0.0714285746216774
186,2.6402764320373535,2.639942169189453,0.06267856806516647,0.0714285746216774
187,2.6401994228363037,2.6399521827697754,0.06464285403490067,0.0714285746216774
188,2.64027738571167,2.639807939529419,0.06303571164608002,0.07000000029802322
189,2.6402194499969482,2.6397922039031982,0.0657142847776413,0.0714285746216774
190,2.6401922702789307,2.639752149581909,0.06875000149011612,0.0714285746216774
191,2.640272617340088,2.6397552490234375,0.06446428596973419,0.0714285746216774
192,2.6402266025543213,2.6397359371185303,0.06089285761117935,0.07000000029802322
193,2.640249490737915,2.6397387981414795,0.06624999642372131,0.0714285746216774
194,2.6401171684265137,2.6397719383239746,0.06410714238882065,0.07000000029802322
195,2.640188455581665,2.6397221088409424,0.0682142823934555,0.07000000029802322
196,2.6401865482330322,2.6397037506103516,0.07035714387893677,0.0714285746216774
197,2.6401803493499756,2.639634847640991,0.07071428745985031,0.07000000029802322
198,2.6401469707489014,2.639660120010376,0.06339285522699356,0.0714285746216774
199,2.6401708126068115,2.639681577682495,0.06624999642372131,0.07000000029802322
200,2.6402194499969482,2.6396896839141846,0.06392857432365417,0.0714285746216774
201,2.6401073932647705,2.639822244644165,0.06339285522699356,0.0714285746216774
202,2.6400821208953857,2.6396594047546387,0.06285714358091354,0.07000000029802322
203,2.640177011489868,2.6396706104278564,0.06607142835855484,0.07000000029802322
204,2.6401524543762207,2.639713764190674,0.06053571403026581,0.0714285746216774
205,2.640129327774048,2.6397550106048584,0.062142856419086456,0.0714285746216774
206,2.640134572982788,2.639796018600464,0.06517857313156128,0.0714285746216774
207,2.640204906463623,2.639754056930542,0.06785714626312256,0.0714285746216774
208,2.6401777267456055,2.6397221088409424,0.06535714119672775,0.0714285746216774
209,2.640155792236328,2.63975191116333,0.0625,0.0714285746216774
210,2.6401917934417725,2.639758348464966,0.06499999761581421,0.0714285746216774
211,2.640113592147827,2.639716625213623,0.07071428745985031,0.0714285746216774
212,2.6402533054351807,2.639624834060669,0.06660714000463486,0.0714285746216774
213,2.640035390853882,2.6396589279174805,0.0682142823934555,0.07428571581840515
214,2.640152931213379,2.6396257877349854,0.06803571432828903,0.0714285746216774
215,2.640136957168579,2.6396398544311523,0.0625,0.07000000029802322
216,2.6401288509368896,2.639657497406006,0.06321428716182709,0.0714285746216774
217,2.6400792598724365,2.639604091644287,0.0669642835855484,0.0714285746216774
218,2.6400792598724365,2.639585256576538,0.0657142847776413,0.0714285746216774
219,2.640059471130371,2.6396243572235107,0.06357143074274063,0.0714285746216774
220,2.6400516033172607,2.63972806930542,0.06892856955528259,0.07000000029802322
221,2.64005446434021,2.639662981033325,0.06624999642372131,0.07000000029802322
222,2.6400938034057617,2.6397626399993896,0.06357143074274063,0.0714285746216774
223,2.63991379737854,2.6395788192749023,0.07107143104076385,0.07000000029802322
224,2.640042543411255,2.6395819187164307,0.06428571790456772,0.0714285746216774
225,2.6401617527008057,2.6396472454071045,0.06553571671247482,0.07000000029802322
226,2.6399943828582764,2.6395809650421143,0.06553571671247482,0.0714285746216774
227,2.640167713165283,2.639627695083618,0.06589286029338837,0.0714285746216774
228,2.6401054859161377,2.639671564102173,0.0625,0.0714285746216774
229,2.6400628089904785,2.639638662338257,0.0637499988079071,0.0714285746216774
230,2.6400251388549805,2.6395936012268066,0.06535714119672775,0.0714285746216774
231,2.6400132179260254,2.6395058631896973,0.0701785683631897,0.0714285746216774
232,2.6399905681610107,2.6395394802093506,0.06517857313156128,0.0714285746216774
233,2.6399881839752197,2.6396234035491943,0.06732142716646194,0.07000000029802322
234,2.63995099067688,2.6397411823272705,0.07071428745985031,0.0714285746216774
235,2.640007495880127,2.6395533084869385,0.06785714626312256,0.07000000029802322
236,2.6400208473205566,2.6395480632781982,0.06785714626312256,0.0714285746216774
237,2.639984607696533,2.639518976211548,0.06464285403490067,0.0714285746216774
238,2.6400399208068848,2.6395089626312256,0.06535714119672775,0.0714285746216774
239,2.6399831771850586,2.639512777328491,0.0669642835855484,0.0714285746216774
240,2.6399714946746826,2.6395809650421143,0.06660714000463486,0.07000000029802322
241,2.640042543411255,2.6395702362060547,0.06535714119672775,0.0714285746216774
242,2.639927864074707,2.639864683151245,0.06553571671247482,0.0714285746216774
243,2.6401093006134033,2.6396801471710205,0.0637499988079071,0.0714285746216774
244,2.640047311782837,2.6395976543426514,0.06714285910129547,0.07000000029802322
245,2.639946937561035,2.6395061016082764,0.06928571313619614,0.0714285746216774
246,2.640016794204712,2.6395437717437744,0.06499999761581421,0.0714285746216774
247,2.6400234699249268,2.6395928859710693,0.062142856419086456,0.07000000029802322
248,2.6400105953216553,2.639592170715332,0.06839285790920258,0.07000000029802322
249,2.6399459838867188,2.6396427154541016,0.06892856955528259,0.0714285746216774
