epoch,accuracy,loss,val_accuracy,val_loss
0,0.08380000293254852,2.3140640258789062,0.10599999874830246,2.2993900775909424
1,0.11559999734163284,2.2957992553710938,0.13600000739097595,2.2904388904571533
2,0.13439999520778656,2.2869415283203125,0.15000000596046448,2.282670259475708
3,0.14810000360012054,2.279066324234009,0.15649999678134918,2.2753396034240723
4,0.15680000185966492,2.2711424827575684,0.16500000655651093,2.267303705215454
5,0.16990000009536743,2.262758493423462,0.17399999499320984,2.258406639099121
6,0.18150000274181366,2.253560781478882,0.19850000739097595,2.248530387878418
7,0.20229999721050262,2.2431113719940186,0.2094999998807907,2.2378177642822266
8,0.21089999377727509,2.2311792373657227,0.2329999953508377,2.224226236343384
9,0.22579999268054962,2.2173073291778564,0.23350000381469727,2.209047555923462
10,0.2361000031232834,2.2017629146575928,0.22849999368190765,2.1934781074523926
11,0.2345000058412552,2.184813976287842,0.24300000071525574,2.1768391132354736
12,0.243599995970726,2.1664865016937256,0.23350000381469727,2.1560823917388916
13,0.24699999392032623,2.1467700004577637,0.26249998807907104,2.1353464126586914
14,0.2531000077724457,2.1267282962799072,0.2524999976158142,2.115421772003174
15,0.25780001282691956,2.1068036556243896,0.25699999928474426,2.098010301589966
16,0.2687999904155731,2.0882465839385986,0.25850000977516174,2.078599691390991
17,0.2669000029563904,2.0707461833953857,0.2524999976158142,2.0643012523651123
18,0.2709999978542328,2.0560004711151123,0.2680000066757202,2.0476033687591553
19,0.2754000127315521,2.041452407836914,0.26750001311302185,2.036221504211426
20,0.2793000042438507,2.0298848152160645,0.2680000066757202,2.026235342025757
21,0.2784999907016754,2.020019292831421,0.26899999380111694,2.0183706283569336
22,0.28360000252723694,2.0106587409973145,0.25600001215934753,2.0207955837249756
23,0.28630000352859497,2.0031399726867676,0.2709999978542328,2.001596689224243
24,0.2874999940395355,1.9954148530960083,0.265500009059906,2.009413242340088
25,0.2904999852180481,1.9893850088119507,0.27950000762939453,1.987672209739685
26,0.2935999929904938,1.9822903871536255,0.2685000002384186,1.9866610765457153
27,0.296999990940094,1.976636290550232,0.27549999952316284,1.978420376777649
28,0.2971000075340271,1.9710748195648193,0.26899999380111694,1.9779218435287476
29,0.298799991607666,1.9660412073135376,0.2824999988079071,1.9696277379989624
30,0.3052000105381012,1.9616246223449707,0.2840000092983246,1.9631812572479248
31,0.3093999922275543,1.9562091827392578,0.2939999997615814,1.9637342691421509
32,0.30889999866485596,1.952380895614624,0.2879999876022339,1.9543546438217163
33,0.30979999899864197,1.9475531578063965,0.2930000126361847,1.9512361288070679
34,0.3100999891757965,1.943601131439209,0.2915000021457672,1.9520769119262695
35,0.3147999942302704,1.9382364749908447,0.28949999809265137,1.9519838094711304
36,0.3163999915122986,1.935356616973877,0.30149999260902405,1.949650764465332
37,0.31360000371932983,1.9307081699371338,0.2874999940395355,1.9340195655822754
38,0.3208000063896179,1.9260201454162598,0.30149999260902405,1.9317916631698608
39,0.3206000030040741,1.9215757846832275,0.30000001192092896,1.9309319257736206
40,0.3240000009536743,1.9163005352020264,0.2919999957084656,1.9345628023147583
41,0.3228999972343445,1.914182424545288,0.28600001335144043,1.9419422149658203
42,0.3255000114440918,1.9096040725708008,0.3075000047683716,1.9189631938934326
43,0.32690000534057617,1.905120849609375,0.30649998784065247,1.9179226160049438
44,0.32710000872612,1.9011362791061401,0.30799999833106995,1.909380316734314
45,0.33230000734329224,1.8968377113342285,0.30799999833106995,1.9039349555969238
46,0.3325999975204468,1.892317533493042,0.28700000047683716,1.9336506128311157
47,0.3357999920845032,1.8884906768798828,0.3199999928474426,1.901154637336731
48,0.3346000015735626,1.8842581510543823,0.3160000145435333,1.8911148309707642
49,0.3411000072956085,1.8789650201797485,0.3160000145435333,1.8928214311599731
50,0.3391000032424927,1.8751808404922485,0.3140000104904175,1.8851267099380493
51,0.3402000069618225,1.8704501390457153,0.3305000066757202,1.880575180053711
52,0.34630000591278076,1.8651728630065918,0.320499986410141,1.879207730293274
53,0.34200000762939453,1.862216591835022,0.3244999945163727,1.8794467449188232
54,0.3499000072479248,1.8579716682434082,0.32249999046325684,1.8794901371002197
55,0.34850001335144043,1.8524794578552246,0.3244999945163727,1.8764829635620117
56,0.3517000079154968,1.8481873273849487,0.3294999897480011,1.8639575242996216
57,0.3564999997615814,1.842949390411377,0.32249999046325684,1.8662469387054443
58,0.3528999984264374,1.8396623134613037,0.3199999928474426,1.8763585090637207
59,0.3580000102519989,1.835264801979065,0.3149999976158142,1.8737186193466187
60,0.352400004863739,1.829524040222168,0.34049999713897705,1.858527660369873
61,0.3630000054836273,1.8252298831939697,0.3334999978542328,1.8489785194396973
62,0.3628999888896942,1.8187696933746338,0.3244999945163727,1.8707444667816162
63,0.36469998955726624,1.8149487972259521,0.33399999141693115,1.8547801971435547
64,0.36649999022483826,1.8106154203414917,0.3330000042915344,1.8499538898468018
65,0.36809998750686646,1.8042781352996826,0.34950000047683716,1.8211346864700317
66,0.36730000376701355,1.8004847764968872,0.34549999237060547,1.8242106437683105
67,0.3702999949455261,1.7957760095596313,0.3474999964237213,1.8199490308761597
68,0.37549999356269836,1.7903310060501099,0.34049999713897705,1.8287937641143799
69,0.3725999891757965,1.7850687503814697,0.34299999475479126,1.8149160146713257
70,0.37619999051094055,1.7813646793365479,0.33649998903274536,1.832228422164917
71,0.3797000050544739,1.7767398357391357,0.3555000126361847,1.801605224609375
72,0.37869998812675476,1.7708336114883423,0.34450000524520874,1.8116397857666016
73,0.3813000023365021,1.7656458616256714,0.3474999964237213,1.804367184638977
74,0.38199999928474426,1.761130690574646,0.36149999499320984,1.7805628776550293
75,0.3880000114440918,1.755524754524231,0.36649999022483826,1.791707158088684
76,0.3871999979019165,1.7515759468078613,0.35850000381469727,1.781088948249817
77,0.3831000030040741,1.7463575601577759,0.3564999997615814,1.7887235879898071
78,0.3930000066757202,1.7412152290344238,0.359499990940094,1.796391248703003
79,0.39309999346733093,1.7350105047225952,0.3605000078678131,1.7805100679397583
80,0.3926999866962433,1.732847809791565,0.3540000021457672,1.7948616743087769
81,0.39910000562667847,1.7281785011291504,0.3720000088214874,1.7493635416030884
82,0.39410001039505005,1.7234866619110107,0.36000001430511475,1.771698236465454
83,0.3995000123977661,1.7179701328277588,0.36399999260902405,1.7774450778961182
84,0.39910000562667847,1.7152689695358276,0.36550000309944153,1.7636958360671997
85,0.4049000144004822,1.7084966897964478,0.3479999899864197,1.7875229120254517
86,0.4016999900341034,1.7049267292022705,0.3804999887943268,1.7398197650909424
87,0.4065000116825104,1.7000408172607422,0.37049999833106995,1.7407610416412354
88,0.4052000045776367,1.6976150274276733,0.3720000088214874,1.743279218673706
89,0.4065000116825104,1.6911002397537231,0.38749998807907104,1.7352609634399414
90,0.4056999981403351,1.688490867614746,0.3319999873638153,1.7970116138458252
91,0.4088999927043915,1.6835070848464966,0.3869999945163727,1.729614496231079
92,0.4074000120162964,1.6794601678848267,0.3564999997615814,1.8135099411010742
93,0.41429999470710754,1.6749380826950073,0.38499999046325684,1.7318483591079712
94,0.4147000014781952,1.6699668169021606,0.3865000009536743,1.709376335144043
95,0.41040000319480896,1.6666226387023926,0.3824999928474426,1.7105121612548828
96,0.4154999852180481,1.6623703241348267,0.3544999957084656,1.8409849405288696
97,0.4154999852180481,1.658873200416565,0.4000000059604645,1.69334077835083
98,0.41920000314712524,1.6529853343963623,0.3765000104904175,1.7571460008621216
99,0.4162999987602234,1.6496541500091553,0.3804999887943268,1.7150715589523315
100,0.4147000014781952,1.64573335647583,0.3824999928474426,1.7097203731536865
101,0.4239000082015991,1.6413302421569824,0.35249999165534973,1.7604771852493286
102,0.4212999939918518,1.6382862329483032,0.3540000021457672,1.7492324113845825
103,0.4212000072002411,1.6355481147766113,0.39100000262260437,1.6912645101547241
104,0.42329999804496765,1.6305553913116455,0.3790000081062317,1.7060807943344116
105,0.42669999599456787,1.6262544393539429,0.3995000123977661,1.6684080362319946
106,0.42640000581741333,1.6237183809280396,0.3804999887943268,1.7011436223983765
107,0.4271000027656555,1.6200644969940186,0.39149999618530273,1.6841808557510376
108,0.43070000410079956,1.6158740520477295,0.39800000190734863,1.6603634357452393
109,0.4332999885082245,1.6121504306793213,0.40400001406669617,1.6547629833221436
110,0.43299999833106995,1.6089037656784058,0.3785000145435333,1.701615333557129
111,0.435699999332428,1.6056188344955444,0.3894999921321869,1.6914641857147217
112,0.4323999881744385,1.602494478225708,0.39800000190734863,1.670393943786621
113,0.43459999561309814,1.5984365940093994,0.3955000042915344,1.6576181650161743
114,0.4339999854564667,1.594590187072754,0.37950000166893005,1.7561829090118408
115,0.43810001015663147,1.594420075416565,0.3880000114440918,1.6978205442428589
116,0.4343000054359436,1.5909839868545532,0.3944999873638153,1.6719821691513062
117,0.4453999996185303,1.586063027381897,0.40299999713897705,1.664345145225525
118,0.44020000100135803,1.5835875272750854,0.4020000100135803,1.6446523666381836
119,0.4429999887943268,1.5807479619979858,0.40950000286102295,1.6178704500198364
120,0.44449999928474426,1.5765613317489624,0.3935000002384186,1.6576842069625854
121,0.44209998846054077,1.5750902891159058,0.4065000116825104,1.641770601272583
122,0.4465999901294708,1.5690999031066895,0.41200000047683716,1.6174416542053223
123,0.44209998846054077,1.5678536891937256,0.41600000858306885,1.6386277675628662
124,0.4447999894618988,1.564483642578125,0.4034999907016754,1.6344218254089355
125,0.44670000672340393,1.562125563621521,0.40549999475479126,1.6635875701904297
126,0.4478999972343445,1.558949589729309,0.4259999990463257,1.6100035905838013
127,0.44830000400543213,1.556321144104004,0.4009999930858612,1.6507354974746704
128,0.44760000705718994,1.553773283958435,0.40849998593330383,1.7139829397201538
129,0.45100000500679016,1.5537798404693604,0.41850000619888306,1.5970075130462646
130,0.44999998807907104,1.547993779182434,0.42250001430511475,1.598405122756958
131,0.45019999146461487,1.5474109649658203,0.4050000011920929,1.6426016092300415
132,0.4512999951839447,1.544935703277588,0.41999998688697815,1.59213387966156
133,0.4564000070095062,1.540464997291565,0.4235000014305115,1.6095845699310303
134,0.4587000012397766,1.5383304357528687,0.4255000054836273,1.5874052047729492
135,0.4564000070095062,1.5369172096252441,0.40049999952316284,1.6696949005126953
136,0.4546999931335449,1.5355764627456665,0.3869999945163727,1.6385693550109863
137,0.46129998564720154,1.5324573516845703,0.41850000619888306,1.6126495599746704
138,0.4569999873638153,1.5319780111312866,0.43299999833106995,1.5732452869415283
139,0.46070000529289246,1.5261696577072144,0.41850000619888306,1.591060757637024
140,0.4618000090122223,1.5228710174560547,0.4194999933242798,1.6440930366516113
141,0.46239998936653137,1.5228627920150757,0.42100000381469727,1.611603021621704
142,0.4595000147819519,1.5208936929702759,0.4320000112056732,1.6218773126602173
143,0.46160000562667847,1.5195423364639282,0.43149998784065247,1.570527195930481
144,0.4666999876499176,1.515992522239685,0.4235000014305115,1.5985380411148071
145,0.4616999924182892,1.5161049365997314,0.4165000021457672,1.6087102890014648
146,0.4691999852657318,1.5119606256484985,0.42750000953674316,1.5948947668075562
147,0.46650001406669617,1.5093448162078857,0.42649999260902405,1.5797501802444458
148,0.4650999903678894,1.5071098804473877,0.33250001072883606,1.9337184429168701
149,0.4643000066280365,1.5120102167129517,0.34850001335144043,1.8941264152526855
150,0.4677000045776367,1.5060887336730957,0.39899998903274536,1.6145410537719727
151,0.46860000491142273,1.5006628036499023,0.42250001430511475,1.588767170906067
152,0.4699000120162964,1.4998812675476074,0.3995000123977661,1.6991024017333984
153,0.4715999960899353,1.4989508390426636,0.42649999260902405,1.6137678623199463
154,0.4731999933719635,1.4964194297790527,0.4465000033378601,1.5463505983352661
155,0.4690000116825104,1.4929643869400024,0.39899998903274536,1.6627867221832275
156,0.4731000065803528,1.495524525642395,0.4269999861717224,1.587464690208435
157,0.4749000072479248,1.4911959171295166,0.4334999918937683,1.5625481605529785
158,0.4772999882698059,1.4862747192382812,0.421999990940094,1.603109359741211
159,0.4772999882698059,1.4877339601516724,0.43849998712539673,1.632705569267273
160,0.4794999957084656,1.4862921237945557,0.390500009059906,1.641321063041687
161,0.4765999913215637,1.4818671941757202,0.4065000116825104,1.6484068632125854
162,0.4754999876022339,1.4824339151382446,0.42500001192092896,1.6542476415634155
163,0.47870001196861267,1.4796037673950195,0.4359999895095825,1.6001176834106445
164,0.482699990272522,1.478602647781372,0.41449999809265137,1.619203805923462
165,0.4805999994277954,1.4771088361740112,0.45350000262260437,1.5378155708312988
166,0.4821000099182129,1.472594976425171,0.453000009059906,1.5309046506881714
167,0.4819999933242798,1.4719765186309814,0.4334999918937683,1.5640535354614258
168,0.4814999997615814,1.46785306930542,0.421999990940094,1.695316195487976
169,0.48429998755455017,1.471815586090088,0.45100000500679016,1.5340747833251953
170,0.48339998722076416,1.4679338932037354,0.4309999942779541,1.5795930624008179
171,0.4855000078678131,1.4698245525360107,0.2840000092983246,2.330625295639038
172,0.48339998722076416,1.4754817485809326,0.4090000092983246,1.6641714572906494
173,0.4805999994277954,1.4661167860031128,0.4350000023841858,1.5804259777069092
174,0.4846000075340271,1.463154673576355,0.43299999833106995,1.6222398281097412
175,0.48579999804496765,1.4601390361785889,0.398499995470047,1.6482716798782349
176,0.48590001463890076,1.4589111804962158,0.4320000112056732,1.5775511264801025
177,0.4869999885559082,1.455224871635437,0.43650001287460327,1.5920140743255615
178,0.48660001158714294,1.4540027379989624,0.4375,1.5615793466567993
179,0.48829999566078186,1.4552831649780273,0.4235000014305115,1.5772007703781128
180,0.48890000581741333,1.452141523361206,0.4320000112056732,1.628671407699585
181,0.48969998955726624,1.4511315822601318,0.4480000138282776,1.533615231513977
182,0.4896000027656555,1.4506821632385254,0.4415000081062317,1.5362991094589233
183,0.49239999055862427,1.4450265169143677,0.42500001192092896,1.585374116897583
184,0.49480000138282776,1.4440510272979736,0.44749999046325684,1.543127179145813
185,0.4927999973297119,1.443604826927185,0.44850000739097595,1.5657269954681396
186,0.49219998717308044,1.4442312717437744,0.39250001311302185,1.6696677207946777
187,0.4909999966621399,1.4446262121200562,0.4449999928474426,1.5710991621017456
188,0.4936999976634979,1.438126802444458,0.4684999883174896,1.4978063106536865
189,0.4986000061035156,1.4411685466766357,0.4339999854564667,1.6220077276229858
190,0.4961000084877014,1.4359581470489502,0.4465000033378601,1.5403622388839722
191,0.49079999327659607,1.4349687099456787,0.4300000071525574,1.5920507907867432
192,0.4945000112056732,1.436776041984558,0.4650000035762787,1.5125737190246582
193,0.49480000138282776,1.4313385486602783,0.47200000286102295,1.5159764289855957
194,0.49619999527931213,1.429733395576477,0.46000000834465027,1.509182095527649
195,0.4970000088214874,1.430635690689087,0.45350000262260437,1.5322633981704712
196,0.4968999922275543,1.4274390935897827,0.4284999966621399,1.5518721342086792
197,0.5001000165939331,1.4278695583343506,0.45649999380111694,1.5332547426223755
198,0.5033000111579895,1.4231338500976562,0.45350000262260437,1.547244668006897
199,0.4999000132083893,1.4232046604156494,0.4650000035762787,1.5269888639450073
200,0.49959999322891235,1.4209486246109009,0.44600000977516174,1.5855159759521484
201,0.5001000165939331,1.423540472984314,0.46799999475479126,1.509365200996399
202,0.501800000667572,1.4197413921356201,0.4415000081062317,1.5478672981262207
203,0.5026999711990356,1.4186519384384155,0.45899999141693115,1.5044574737548828
204,0.5008999705314636,1.4185726642608643,0.4659999907016754,1.5027005672454834
205,0.503000020980835,1.4154061079025269,0.43050000071525574,1.5612000226974487
206,0.5001999735832214,1.4149490594863892,0.46700000762939453,1.4918596744537354
207,0.5066999793052673,1.4117096662521362,0.429500013589859,1.5950756072998047
208,0.5016000270843506,1.4139480590820312,0.4569999873638153,1.5037901401519775
209,0.5060999989509583,1.4092457294464111,0.4650000035762787,1.4903312921524048
210,0.5033000111579895,1.410338044166565,0.429500013589859,1.604122281074524
211,0.5059999823570251,1.407561182975769,0.4620000123977661,1.5025570392608643
212,0.5091999769210815,1.4055885076522827,0.4104999899864197,1.6357522010803223
213,0.5062000155448914,1.4048150777816772,0.4625000059604645,1.4982719421386719
214,0.5041999816894531,1.404944896697998,0.4544999897480011,1.5465891361236572
215,0.506600022315979,1.4009641408920288,0.43700000643730164,1.5979022979736328
216,0.5033000111579895,1.4038817882537842,0.44600000977516174,1.5197969675064087
217,0.5120999813079834,1.3978772163391113,0.4560000002384186,1.5823841094970703
218,0.5054000020027161,1.4031614065170288,0.4569999873638153,1.5618138313293457
219,0.5134000182151794,1.3976051807403564,0.4690000116825104,1.486437201499939
220,0.5109999775886536,1.3925942182540894,0.4625000059604645,1.4890950918197632
221,0.512499988079071,1.394482135772705,0.4205000102519989,1.582219123840332
222,0.5123999714851379,1.3931093215942383,0.4724999964237213,1.4900023937225342
223,0.5109999775886536,1.3946541547775269,0.4724999964237213,1.4880629777908325
224,0.5134000182151794,1.3906382322311401,0.429500013589859,1.5673885345458984
225,0.5102999806404114,1.388979196548462,0.44850000739097595,1.5659289360046387
226,0.5142999887466431,1.3859848976135254,0.4490000009536743,1.541986107826233
227,0.5112000107765198,1.3882722854614258,0.46700000762939453,1.4971674680709839
228,0.5123999714851379,1.386486530303955,0.3930000066757202,1.7769649028778076
229,0.5123999714851379,1.3836071491241455,0.44999998807907104,1.60188627243042
230,0.5120000243186951,1.3859169483184814,0.4584999978542328,1.513397216796875
231,0.5145000219345093,1.380638599395752,0.45750001072883606,1.4997458457946777
232,0.5113000273704529,1.3800348043441772,0.445499986410141,1.5707367658615112
233,0.5188999772071838,1.3791097402572632,0.4514999985694885,1.5247856378555298
234,0.5170999765396118,1.3793402910232544,0.41449999809265137,1.7073098421096802
235,0.5178999900817871,1.3795329332351685,0.492000013589859,1.472141981124878
236,0.5163000226020813,1.3738917112350464,0.4514999985694885,1.5452356338500977
237,0.5160999894142151,1.3756672143936157,0.4754999876022339,1.4654967784881592
238,0.5188999772071838,1.3731136322021484,0.4749999940395355,1.534936785697937
239,0.5185999870300293,1.3711398839950562,0.4169999957084656,1.6125544309616089
240,0.522599995136261,1.3696393966674805,0.31150001287460327,2.1808085441589355
241,0.5200999975204468,1.3742334842681885,0.47600001096725464,1.4799233675003052
242,0.5224999785423279,1.3666584491729736,0.4860000014305115,1.4803955554962158
243,0.520799994468689,1.3672789335250854,0.4580000042915344,1.5089548826217651
244,0.5221999883651733,1.3632688522338867,0.46950000524520874,1.5014301538467407
245,0.5206000208854675,1.366195559501648,0.4855000078678131,1.450748085975647
246,0.5236999988555908,1.3622554540634155,0.46299999952316284,1.4996564388275146
247,0.5252000093460083,1.3607944250106812,0.4390000104904175,1.569152593612671
248,0.521399974822998,1.3632038831710815,0.41850000619888306,1.6001530885696411
249,0.5264000296592712,1.3571586608886719,0.4580000042915344,1.5101059675216675
250,0.5254999995231628,1.3581666946411133,0.42899999022483826,1.6283799409866333
251,0.521399974822998,1.3609070777893066,0.47850000858306885,1.456182837486267
252,0.5273000001907349,1.3538835048675537,0.46549999713897705,1.4779751300811768
253,0.5245000123977661,1.3529189825057983,0.4320000112056732,1.584855079650879
254,0.5285999774932861,1.3536826372146606,0.4620000123977661,1.540246605873108
255,0.5277000069618225,1.351333737373352,0.4595000147819519,1.5116453170776367
256,0.5242000222206116,1.3509955406188965,0.43549999594688416,1.5652587413787842
257,0.5236999988555908,1.354297161102295,0.4494999945163727,1.537531852722168
258,0.5274999737739563,1.3501179218292236,0.4860000014305115,1.4607341289520264
259,0.529699981212616,1.3471702337265015,0.4749999940395355,1.4660961627960205
260,0.5299000144004822,1.344361424446106,0.48649999499320984,1.4609066247940063
261,0.5299000144004822,1.3420952558517456,0.4634999930858612,1.518113374710083
262,0.5307000279426575,1.3438559770584106,0.49399998784065247,1.4345817565917969
263,0.5335999727249146,1.3431966304779053,0.45100000500679016,1.5423392057418823
264,0.5322999954223633,1.342686653137207,0.47600001096725464,1.4613035917282104
265,0.5285999774932861,1.342057466506958,0.4560000002384186,1.5144166946411133
266,0.5351999998092651,1.3395496606826782,0.4860000014305115,1.4539355039596558
267,0.5320000052452087,1.3402915000915527,0.4805000126361847,1.4740443229675293
268,0.5331000089645386,1.3384455442428589,0.47049999237060547,1.5101231336593628
269,0.5314000248908997,1.338476300239563,0.4675000011920929,1.4792481660842896
270,0.5325000286102295,1.3347680568695068,0.48899999260902405,1.443871259689331
271,0.5303999781608582,1.3327720165252686,0.4514999985694885,1.5349013805389404
272,0.5322999954223633,1.3342299461364746,0.48500001430511475,1.4494950771331787
273,0.5364999771118164,1.3273144960403442,0.48500001430511475,1.448656439781189
274,0.535099983215332,1.3302100896835327,0.46299999952316284,1.5330755710601807
275,0.5327000021934509,1.3329631090164185,0.4595000147819519,1.5478169918060303
276,0.5339999794960022,1.329830527305603,0.476500004529953,1.5448652505874634
277,0.53329998254776,1.3281582593917847,0.4779999852180481,1.4514862298965454
278,0.5400000214576721,1.3256953954696655,0.45399999618530273,1.5405409336090088
279,0.5386999845504761,1.324912190437317,0.46299999952316284,1.4887986183166504
280,0.5383999943733215,1.323404312133789,0.4830000102519989,1.4646775722503662
281,0.5404000282287598,1.3193765878677368,0.46950000524520874,1.4612936973571777
282,0.536300003528595,1.3240036964416504,0.48750001192092896,1.4597183465957642
283,0.536899983882904,1.3191488981246948,0.47450000047683716,1.4656555652618408
284,0.5426999926567078,1.316129207611084,0.4869999885559082,1.4507348537445068
285,0.5425999760627747,1.3166744709014893,0.4165000021457672,1.6285938024520874
286,0.5378000140190125,1.3168588876724243,0.47749999165534973,1.477201223373413
287,0.5382000207901001,1.319258451461792,0.3995000123977661,1.73262619972229
288,0.5419999957084656,1.3164409399032593,0.4790000021457672,1.478222370147705
289,0.5435000061988831,1.3118338584899902,0.4855000078678131,1.4363911151885986
290,0.5457000136375427,1.3119785785675049,0.4729999899864197,1.4667046070098877
291,0.5468999743461609,1.3084856271743774,0.4909999966621399,1.4292380809783936
292,0.5447999835014343,1.311453938484192,0.49399998784065247,1.437576413154602
293,0.5426999926567078,1.3071485757827759,0.47749999165534973,1.4726686477661133
294,0.5454000234603882,1.3081632852554321,0.4025000035762787,1.7508697509765625
295,0.5424000024795532,1.3115712404251099,0.47699999809265137,1.462599515914917
296,0.5439000129699707,1.3034390211105347,0.4880000054836273,1.440563678741455
297,0.546500027179718,1.303710699081421,0.4975000023841858,1.4349110126495361
298,0.5418000221252441,1.3047692775726318,0.5095000267028809,1.4379037618637085
299,0.5468999743461609,1.3043569326400757,0.4659999907016754,1.4785526990890503
300,0.5454000234603882,1.2999556064605713,0.49399998784065247,1.4289677143096924
301,0.5479999780654907,1.3039405345916748,0.4350000023841858,1.5931044816970825
302,0.5476999878883362,1.298708200454712,0.4894999861717224,1.4666428565979004
303,0.545799970626831,1.2990411520004272,0.3919999897480011,1.8766076564788818
304,0.5483999848365784,1.3019829988479614,0.4959999918937683,1.4236242771148682
305,0.545199990272522,1.2979518175125122,0.4350000023841858,1.5689398050308228
306,0.5526999831199646,1.2949893474578857,0.4819999933242798,1.4671058654785156
307,0.5472000241279602,1.2954832315444946,0.49050000309944153,1.459444284439087
308,0.5537999868392944,1.29197359085083,0.4855000078678131,1.4468958377838135
309,0.5527999997138977,1.2891815900802612,0.49300000071525574,1.4409737586975098
310,0.550000011920929,1.289269208908081,0.4894999861717224,1.4315584897994995
311,0.5519000291824341,1.2884291410446167,0.4399999976158142,1.5767279863357544
312,0.5480999946594238,1.2956711053848267,0.5044999718666077,1.4146442413330078
313,0.5565000176429749,1.2838194370269775,0.47699999809265137,1.5038434267044067
314,0.5526000261306763,1.2882503271102905,0.4970000088214874,1.406463384628296
315,0.5537999868392944,1.284837007522583,0.4684999883174896,1.4947479963302612
316,0.5540000200271606,1.2878998517990112,0.4729999899864197,1.4807472229003906
317,0.5543000102043152,1.2857283353805542,0.5049999952316284,1.3922369480133057
318,0.5569000244140625,1.281304955482483,0.4970000088214874,1.4107526540756226
319,0.5543000102043152,1.2819589376449585,0.4860000014305115,1.4896341562271118
320,0.5526000261306763,1.2773207426071167,0.4855000078678131,1.436681866645813
321,0.5533999800682068,1.2788472175598145,0.5009999871253967,1.4297678470611572
322,0.5529000163078308,1.2794278860092163,0.4724999964237213,1.5057586431503296
323,0.5565000176429749,1.2797881364822388,0.4724999964237213,1.4661009311676025
324,0.5554999709129333,1.277817726135254,0.4309999942779541,1.5803598165512085
325,0.5590000152587891,1.2759970426559448,0.4334999918937683,1.6126482486724854
326,0.555899977684021,1.273819088935852,0.4894999861717224,1.461227536201477
327,0.5546000003814697,1.2745041847229004,0.49799999594688416,1.502013921737671
328,0.5551999807357788,1.2731127738952637,0.4909999966621399,1.4241156578063965
329,0.5587000250816345,1.2688441276550293,0.5105000138282776,1.4198440313339233
330,0.5551999807357788,1.2682384252548218,0.4560000002384186,1.5395300388336182
331,0.5583999752998352,1.2698363065719604,0.46700000762939453,1.5191160440444946
332,0.5587000250816345,1.2712106704711914,0.4894999861717224,1.4362343549728394
333,0.5594000220298767,1.2656553983688354,0.49799999594688416,1.4134244918823242
334,0.5615000128746033,1.2657692432403564,0.45399999618530273,1.5519970655441284
335,0.5590000152587891,1.2671458721160889,0.5009999871253967,1.3971068859100342
336,0.5665000081062317,1.2614185810089111,0.47749999165534973,1.4545459747314453
337,0.5593000054359436,1.2624949216842651,0.48100000619888306,1.4684062004089355
338,0.5598999857902527,1.2614185810089111,0.4894999861717224,1.4748108386993408
339,0.5630000233650208,1.2593425512313843,0.48500001430511475,1.4568593502044678
340,0.5634999871253967,1.2583094835281372,0.49050000309944153,1.4757115840911865
341,0.5649999976158142,1.2575737237930298,0.4860000014305115,1.4597312211990356
342,0.5601999759674072,1.259726643562317,0.5024999976158142,1.420646071434021
343,0.5644999742507935,1.2549234628677368,0.4869999885559082,1.4375927448272705
344,0.5648999810218811,1.258002519607544,0.5055000185966492,1.4253838062286377
345,0.564300000667572,1.2565642595291138,0.5055000185966492,1.416812539100647
346,0.5637999773025513,1.251826286315918,0.5095000267028809,1.401461124420166
347,0.5655999779701233,1.2502782344818115,0.5024999976158142,1.4368231296539307
348,0.5667999982833862,1.2500425577163696,0.49799999594688416,1.42319917678833
349,0.5631999969482422,1.251354455947876,0.4625000059604645,1.5368984937667847
350,0.5634999871253967,1.2516249418258667,0.4415000081062317,1.641727089881897
351,0.5636000037193298,1.2481744289398193,0.47200000286102295,1.4753069877624512
352,0.567300021648407,1.247612714767456,0.49900001287460327,1.4101697206497192
353,0.5666999816894531,1.245202660560608,0.5095000267028809,1.4087623357772827
354,0.5641000270843506,1.245012640953064,0.49399998784065247,1.4092293977737427
355,0.569599986076355,1.2434626817703247,0.46650001406669617,1.5211304426193237
356,0.5656999945640564,1.2434041500091553,0.44699999690055847,1.6606570482254028
357,0.5656999945640564,1.2450170516967773,0.46799999475479126,1.5074106454849243
358,0.5685999989509583,1.2445610761642456,0.5040000081062317,1.4272266626358032
359,0.5651999711990356,1.2419675588607788,0.4830000102519989,1.466004729270935
360,0.5685999989509583,1.2424763441085815,0.5080000162124634,1.399031639099121
361,0.5705000162124634,1.234671711921692,0.5,1.4294884204864502
362,0.570900022983551,1.2326873540878296,0.5015000104904175,1.4022427797317505
363,0.5680000185966492,1.23533034324646,0.5074999928474426,1.4167612791061401
364,0.5737000107765198,1.2354788780212402,0.4894999861717224,1.4268490076065063
365,0.5708000063896179,1.234035611152649,0.48350000381469727,1.457682490348816
366,0.5716999769210815,1.2325060367584229,0.5005000233650208,1.4150145053863525
367,0.5752000212669373,1.2295807600021362,0.4555000066757202,1.573203444480896
368,0.5722000002861023,1.2321239709854126,0.5049999952316284,1.4174435138702393
369,0.5715000033378601,1.2295496463775635,0.5044999718666077,1.3875044584274292
370,0.5724999904632568,1.2275614738464355,0.5099999904632568,1.4012950658798218
371,0.5701000094413757,1.2320793867111206,0.4984999895095825,1.451621174812317
372,0.574400007724762,1.2263785600662231,0.46050000190734863,1.5417453050613403
373,0.5751000046730042,1.224091649055481,0.47999998927116394,1.4298964738845825
374,0.5727999806404114,1.2243419885635376,0.4555000066757202,1.5282695293426514
375,0.5726000070571899,1.224367618560791,0.49799999594688416,1.407342791557312
376,0.574999988079071,1.2246723175048828,0.41449999809265137,1.7875102758407593
377,0.5763000249862671,1.226980209350586,0.49549999833106995,1.4458837509155273
378,0.5728999972343445,1.2178428173065186,0.4754999876022339,1.4960308074951172
379,0.5767999887466431,1.2201162576675415,0.5090000033378601,1.3868587017059326
380,0.5813999772071838,1.2189167737960815,0.4970000088214874,1.4303128719329834
381,0.579200029373169,1.2117793560028076,0.5139999985694885,1.3856030702590942
382,0.5796999931335449,1.2143168449401855,0.4975000023841858,1.4164764881134033
383,0.5795000195503235,1.2129465341567993,0.5,1.4003043174743652
384,0.5773000121116638,1.2121957540512085,0.5149999856948853,1.3819993734359741
385,0.5792999863624573,1.2134699821472168,0.5109999775886536,1.4449958801269531
386,0.5819000005722046,1.2091646194458008,0.49399998784065247,1.4027966260910034
387,0.5813999772071838,1.210531234741211,0.5184999704360962,1.372212529182434
388,0.580299973487854,1.2089884281158447,0.46299999952316284,1.5222796201705933
389,0.5813000202178955,1.209273099899292,0.47099998593330383,1.5501810312271118
390,0.5794000029563904,1.2097715139389038,0.5205000042915344,1.3662011623382568
391,0.5806000232696533,1.2081583738327026,0.4959999918937683,1.4108465909957886
392,0.5827000141143799,1.2045543193817139,0.5040000081062317,1.3849632740020752
393,0.5857999920845032,1.2033737897872925,0.5015000104904175,1.4162465333938599
394,0.5824999809265137,1.2075002193450928,0.460999995470047,1.5514992475509644
395,0.5805000066757202,1.206443428993225,0.49950000643730164,1.4045219421386719
396,0.5838000178337097,1.203641414642334,0.49000000953674316,1.4472379684448242
397,0.5848000049591064,1.2045550346374512,0.46149998903274536,1.4908722639083862
398,0.5838000178337097,1.1997944116592407,0.4595000147819519,1.5637069940567017
399,0.5879999995231628,1.2023916244506836,0.49799999594688416,1.4112586975097656
400,0.5885000228881836,1.197925090789795,0.4749999940395355,1.526619791984558
401,0.5845000147819519,1.1990878582000732,0.5019999742507935,1.403754711151123
402,0.5900999903678894,1.1942702531814575,0.5105000138282776,1.4027822017669678
403,0.5860000252723694,1.1952100992202759,0.4970000088214874,1.4364864826202393
404,0.5885999798774719,1.1954786777496338,0.4880000054836273,1.4489463567733765
405,0.5843999981880188,1.1935994625091553,0.40700000524520874,1.7967467308044434
406,0.5853999853134155,1.1984673738479614,0.44600000977516174,1.5424225330352783
407,0.5867999792098999,1.1928600072860718,0.5,1.4148306846618652
408,0.5856000185012817,1.189487099647522,0.5034999847412109,1.4019469022750854
409,0.5889999866485596,1.1884253025054932,0.5205000042915344,1.3707892894744873
410,0.5893999934196472,1.1841708421707153,0.4950000047683716,1.4802486896514893
411,0.5907999873161316,1.1858183145523071,0.49950000643730164,1.3893795013427734
412,0.586899995803833,1.1882236003875732,0.4334999918937683,1.6500670909881592
413,0.5896000266075134,1.1889923810958862,0.5090000033378601,1.4046000242233276
414,0.5902000069618225,1.183325171470642,0.5059999823570251,1.4088586568832397
415,0.5896000266075134,1.1856962442398071,0.4830000102519989,1.478996992111206
416,0.5898000001907349,1.1807729005813599,0.5034999847412109,1.4059511423110962
417,0.5921000242233276,1.177863359451294,0.515500009059906,1.3717561960220337
418,0.5848000049591064,1.1804531812667847,0.429500013589859,1.6250108480453491
419,0.590399980545044,1.1855103969573975,0.48750001192092896,1.4525017738342285
420,0.5922999978065491,1.1779166460037231,0.453000009059906,1.6117509603500366
421,0.5940999984741211,1.1758695840835571,0.4020000100135803,1.851956844329834
422,0.5927000045776367,1.179690957069397,0.5109999775886536,1.4077236652374268
423,0.5976999998092651,1.17315673828125,0.5195000171661377,1.4223358631134033
424,0.5952000021934509,1.1701034307479858,0.4880000054836273,1.4811633825302124
425,0.5921000242233276,1.1719112396240234,0.5049999952316284,1.4072736501693726
426,0.5954999923706055,1.1711052656173706,0.5189999938011169,1.376190185546875
427,0.595300018787384,1.1690109968185425,0.5044999718666077,1.3908805847167969
428,0.5942000150680542,1.1677889823913574,0.5195000171661377,1.3687782287597656
429,0.5945000052452087,1.16936194896698,0.3555000126361847,2.1383206844329834
430,0.5895000100135803,1.179579257965088,0.5099999904632568,1.4358348846435547
431,0.598800003528595,1.1634408235549927,0.5235000252723694,1.384809970855713
432,0.5978000164031982,1.1652116775512695,0.46650001406669617,1.494808554649353
433,0.598800003528595,1.1636269092559814,0.527999997138977,1.363610863685608
434,0.5996999740600586,1.1604335308074951,0.49050000309944153,1.4261012077331543
435,0.5978000164031982,1.159773588180542,0.5145000219345093,1.3872307538986206
436,0.5976999998092651,1.1600275039672852,0.4934999942779541,1.4328968524932861
437,0.6014000177383423,1.1574105024337769,0.5080000162124634,1.3881535530090332
438,0.5996999740600586,1.1587375402450562,0.512499988079071,1.4267140626907349
439,0.6021999716758728,1.154510498046875,0.5205000042915344,1.3663674592971802
440,0.6019999980926514,1.1562238931655884,0.5019999742507935,1.4292354583740234
441,0.6025000214576721,1.1571781635284424,0.5189999938011169,1.387143611907959
442,0.6022999882698059,1.1573721170425415,0.5205000042915344,1.361936092376709
443,0.6040999889373779,1.1523990631103516,0.5189999938011169,1.3935331106185913
444,0.599399983882904,1.150911808013916,0.45350000262260437,1.5542646646499634
445,0.6029000282287598,1.1508255004882812,0.5070000290870667,1.4152026176452637
446,0.6032000184059143,1.151348352432251,0.42649999260902405,1.655843734741211
447,0.6036999821662903,1.1477594375610352,0.4625000059604645,1.625573754310608
448,0.6057000160217285,1.1505436897277832,0.4375,1.583810567855835
449,0.6014999747276306,1.153773307800293,0.5274999737739563,1.3468127250671387
450,0.6075000166893005,1.1451244354248047,0.48649999499320984,1.4665045738220215
451,0.6003000140190125,1.1472094058990479,0.47600001096725464,1.481270432472229
452,0.6061999797821045,1.145738124847412,0.49799999594688416,1.4173110723495483
453,0.6060000061988831,1.1401591300964355,0.5015000104904175,1.4099196195602417
454,0.6071000099182129,1.1387617588043213,0.5174999833106995,1.3648011684417725
455,0.6110000014305115,1.1390246152877808,0.43799999356269836,1.5665687322616577
456,0.6096000075340271,1.14352548122406,0.5230000019073486,1.3808759450912476
457,0.6075999736785889,1.1383966207504272,0.47749999165534973,1.537192940711975
458,0.6062999963760376,1.1443392038345337,0.5040000081062317,1.4134817123413086
459,0.6100000143051147,1.1348539590835571,0.503000020980835,1.422287940979004
460,0.607200026512146,1.1382724046707153,0.5105000138282776,1.4205578565597534
461,0.6107000112533569,1.1370775699615479,0.46050000190734863,1.4988970756530762
462,0.6047999858856201,1.135799765586853,0.48249998688697815,1.482156753540039
463,0.6140999794006348,1.1339749097824097,0.4970000088214874,1.4208593368530273
464,0.609000027179718,1.1338763236999512,0.5080000162124634,1.402564525604248
465,0.6075999736785889,1.1339244842529297,0.5090000033378601,1.4042563438415527
466,0.6103000044822693,1.130845546722412,0.5040000081062317,1.39935302734375
467,0.6158000230789185,1.1289513111114502,0.4165000021457672,1.6485283374786377
468,0.6115999817848206,1.1289502382278442,0.5180000066757202,1.4031952619552612
469,0.6129999756813049,1.1277809143066406,0.4659999907016754,1.5162417888641357
470,0.6082000136375427,1.1305781602859497,0.4494999945163727,1.4909625053405762
471,0.6126000285148621,1.1309430599212646,0.5134999752044678,1.386099100112915
472,0.6129999756813049,1.1254619359970093,0.5274999737739563,1.3455431461334229
473,0.6082000136375427,1.125292420387268,0.5095000267028809,1.4123075008392334
474,0.6172000169754028,1.124365210533142,0.5214999914169312,1.3765568733215332
475,0.6137999892234802,1.123215675354004,0.4959999918937683,1.4495307207107544
476,0.6144999861717224,1.1204620599746704,0.47200000286102295,1.488669753074646
477,0.6175000071525574,1.1220653057098389,0.47600001096725464,1.4595115184783936
478,0.6136999726295471,1.1188312768936157,0.44449999928474426,1.6379855871200562
479,0.6101999878883362,1.1242948770523071,0.48899999260902405,1.491378664970398
480,0.6157000064849854,1.116681694984436,0.5260000228881836,1.3819607496261597
481,0.6193000078201294,1.1135826110839844,0.4869999885559082,1.514260172843933
482,0.6176000237464905,1.1150481700897217,0.460999995470047,1.5255370140075684
483,0.6162999868392944,1.116590976715088,0.5214999914169312,1.361639142036438
484,0.6187000274658203,1.1122949123382568,0.534500002861023,1.3435417413711548
485,0.6166999936103821,1.1139129400253296,0.5195000171661377,1.3613110780715942
486,0.6197999715805054,1.112866759300232,0.5260000228881836,1.3627995252609253
487,0.6204000115394592,1.1086277961730957,0.5289999842643738,1.3523815870285034
488,0.6184999942779541,1.1102652549743652,0.4934999942779541,1.44146728515625
489,0.6154999732971191,1.111467719078064,0.5295000076293945,1.3533676862716675
490,0.6165000200271606,1.1088123321533203,0.5084999799728394,1.4555175304412842
491,0.6219000220298767,1.1102360486984253,0.5210000276565552,1.374137043952942
492,0.6211000084877014,1.1053720712661743,0.4855000078678131,1.4884437322616577
493,0.6198999881744385,1.1052809953689575,0.4790000021457672,1.4946372509002686
494,0.6169000267982483,1.1085964441299438,0.503000020980835,1.5001497268676758
495,0.6204000115394592,1.1091378927230835,0.4959999918937683,1.4178533554077148
496,0.6208000183105469,1.1026606559753418,0.4519999921321869,1.584755301475525
497,0.6218000054359436,1.1008689403533936,0.5044999718666077,1.4353735446929932
498,0.6254000067710876,1.1029857397079468,0.5059999823570251,1.4239610433578491
499,0.6226000189781189,1.095644474029541,0.5205000042915344,1.361289620399475
500,0.6215000152587891,1.0976510047912598,0.4880000054836273,1.4625697135925293
501,0.6212000250816345,1.0979796648025513,0.5134999752044678,1.4344465732574463
502,0.6233999729156494,1.0986225605010986,0.5184999704360962,1.4138191938400269
503,0.6245999932289124,1.0965209007263184,0.46050000190734863,1.5878398418426514
504,0.6256999969482422,1.0983498096466064,0.49799999594688416,1.4699046611785889
505,0.6262999773025513,1.0964099168777466,0.5254999995231628,1.352182149887085
506,0.6243000030517578,1.09628164768219,0.5080000162124634,1.3897013664245605
507,0.6241000294685364,1.0905061960220337,0.512499988079071,1.4423534870147705
508,0.6202999949455261,1.0945453643798828,0.5084999799728394,1.4384500980377197
509,0.6208000183105469,1.0946874618530273,0.5254999995231628,1.3683792352676392
510,0.6254000067710876,1.09048330783844,0.5224999785423279,1.374961018562317
511,0.6291999816894531,1.0839773416519165,0.4884999990463257,1.4648001194000244
512,0.6312999725341797,1.0837658643722534,0.5195000171661377,1.3688706159591675
513,0.6317999958992004,1.0836131572723389,0.5254999995231628,1.3706309795379639
514,0.6237999796867371,1.0889098644256592,0.46000000834465027,1.6580220460891724
515,0.6244999766349792,1.0892951488494873,0.49399998784065247,1.4645296335220337
516,0.628000020980835,1.0842417478561401,0.4099999964237213,1.7630208730697632
517,0.6238999962806702,1.0866119861602783,0.45750001072883606,1.6388723850250244
518,0.6229000091552734,1.087950348854065,0.47699999809265137,1.4872937202453613
519,0.629800021648407,1.0813883543014526,0.44699999690055847,1.6035362482070923
520,0.6302000284194946,1.0788600444793701,0.4814999997615814,1.4967175722122192
521,0.6291000247001648,1.0776293277740479,0.5080000162124634,1.4291328191757202
522,0.6345000267028809,1.0765070915222168,0.5239999890327454,1.3734230995178223
523,0.6294999718666077,1.0732979774475098,0.45100000500679016,1.6519594192504883
524,0.6315000057220459,1.0785305500030518,0.4625000059604645,1.53656804561615
525,0.6331999897956848,1.0755268335342407,0.3720000088214874,2.08451509475708
526,0.6295999884605408,1.0802148580551147,0.5044999718666077,1.4328513145446777
527,0.6342999935150146,1.07160222530365,0.5170000195503235,1.3819177150726318
528,0.6320000290870667,1.0713026523590088,0.5090000033378601,1.4161027669906616
529,0.6328999996185303,1.0702890157699585,0.4855000078678131,1.5764416456222534
530,0.6312999725341797,1.072452187538147,0.49900001287460327,1.4503010511398315
531,0.6326000094413757,1.0669716596603394,0.5099999904632568,1.4070236682891846
532,0.633400022983551,1.0655033588409424,0.5034999847412109,1.4158738851547241
533,0.6297000050544739,1.066989541053772,0.48399999737739563,1.4675599336624146
534,0.636900007724762,1.06954824924469,0.5254999995231628,1.3657948970794678
535,0.6377000212669373,1.061964511871338,0.5210000276565552,1.386487603187561
536,0.6333000063896179,1.0646923780441284,0.49149999022483826,1.5215049982070923
537,0.6348000168800354,1.0645848512649536,0.45399999618530273,1.5798287391662598
538,0.6351000070571899,1.0617831945419312,0.5354999899864197,1.3443362712860107
539,0.6425999999046326,1.0548368692398071,0.4320000112056732,1.6456007957458496
540,0.6347000002861023,1.065090537071228,0.5130000114440918,1.3989464044570923
541,0.63919997215271,1.0593241453170776,0.5325000286102295,1.39319908618927
542,0.638700008392334,1.0553756952285767,0.44350001215934753,1.5915205478668213
543,0.6366999745368958,1.061766505241394,0.5214999914169312,1.3948750495910645
544,0.637499988079071,1.054421305656433,0.5274999737739563,1.3717737197875977
545,0.6373000144958496,1.0598267316818237,0.4104999899864197,1.784964680671692
546,0.6383000016212463,1.0602807998657227,0.5235000252723694,1.4148869514465332
547,0.6419000029563904,1.0537028312683105,0.5264999866485596,1.3944659233093262
548,0.640999972820282,1.0496846437454224,0.5084999799728394,1.409088373184204
549,0.6413999795913696,1.0514702796936035,0.4950000047683716,1.575218915939331
550,0.6399999856948853,1.052294135093689,0.5074999928474426,1.4257192611694336
551,0.6431000232696533,1.0492686033248901,0.5099999904632568,1.3965362310409546
552,0.6419000029563904,1.053165078163147,0.5095000267028809,1.4663361310958862
553,0.64410001039505,1.0460612773895264,0.49399998784065247,1.4772175550460815
554,0.6435999870300293,1.0485033988952637,0.5134999752044678,1.4034545421600342
555,0.6442000269889832,1.0446304082870483,0.5199999809265137,1.4277080297470093
556,0.6431000232696533,1.049370288848877,0.4869999885559082,1.5366263389587402
557,0.6410999894142151,1.0428494215011597,0.5109999775886536,1.4166609048843384
558,0.6463000178337097,1.0428920984268188,0.4934999942779541,1.4938167333602905
559,0.642799973487854,1.0379470586776733,0.4659999907016754,1.5576227903366089
560,0.6421999931335449,1.0477334260940552,0.5270000100135803,1.4012789726257324
561,0.6470000147819519,1.041141390800476,0.4984999895095825,1.4552050828933716
562,0.6395000219345093,1.0438482761383057,0.5214999914169312,1.3645119667053223
563,0.6499999761581421,1.034929871559143,0.5339999794960022,1.3460204601287842
564,0.6481999754905701,1.0341205596923828,0.5479999780654907,1.3294507265090942
565,0.6442000269889832,1.0355674028396606,0.460999995470047,1.6538186073303223
566,0.6448000073432922,1.03970468044281,0.49900001287460327,1.4404510259628296
567,0.641700029373169,1.0388214588165283,0.5149999856948853,1.4258453845977783
568,0.6452000141143799,1.0330554246902466,0.49000000953674316,1.472265601158142
569,0.6499999761581421,1.0332618951797485,0.4925000071525574,1.4566583633422852
570,0.6499000191688538,1.0306960344314575,0.49549999833106995,1.533083438873291
571,0.651199996471405,1.0286169052124023,0.531000018119812,1.3448243141174316
572,0.6492000222206116,1.0286400318145752,0.5285000205039978,1.3628406524658203
573,0.6470000147819519,1.029890775680542,0.527999997138977,1.3675470352172852
574,0.650600016117096,1.0255855321884155,0.5164999961853027,1.4285833835601807
575,0.6514999866485596,1.02340829372406,0.5105000138282776,1.4018608331680298
576,0.6431000232696533,1.0309908390045166,0.47749999165534973,1.567859411239624
577,0.6467000246047974,1.0306246280670166,0.5084999799728394,1.418355107307434
578,0.6496000289916992,1.0261272192001343,0.5034999847412109,1.454002022743225
579,0.652899980545044,1.0233842134475708,0.43299999833106995,1.760518193244934
580,0.6499000191688538,1.0304065942764282,0.512499988079071,1.4080617427825928
581,0.6499999761581421,1.023210883140564,0.4984999895095825,1.4346352815628052
582,0.6531999707221985,1.019717812538147,0.5249999761581421,1.3990521430969238
583,0.650600016117096,1.021010398864746,0.5410000085830688,1.3523705005645752
584,0.6541000008583069,1.0144397020339966,0.531499981880188,1.3622889518737793
585,0.6547999978065491,1.017518401145935,0.4894999861717224,1.4949079751968384
586,0.6503999829292297,1.0193605422973633,0.534500002861023,1.3712140321731567
587,0.6561999917030334,1.014395833015442,0.5389999747276306,1.3413351774215698
588,0.6531999707221985,1.017964482307434,0.49900001287460327,1.4846137762069702
589,0.6509000062942505,1.01234769821167,0.5354999899864197,1.3600876331329346
590,0.6524999737739563,1.0108774900436401,0.5329999923706055,1.3547511100769043
591,0.6597999930381775,1.0073705911636353,0.5059999823570251,1.4652830362319946
592,0.6601999998092651,1.0095279216766357,0.5245000123977661,1.3903332948684692
593,0.6563000082969666,1.0098052024841309,0.4749999940395355,1.5624639987945557
594,0.6543999910354614,1.018083095550537,0.48649999499320984,1.5413895845413208
595,0.6560999751091003,1.010114312171936,0.5170000195503235,1.4056787490844727
596,0.6567999720573425,1.0110228061676025,0.5360000133514404,1.3951151371002197
597,0.6579999923706055,1.0065712928771973,0.5034999847412109,1.4290523529052734
598,0.6577000021934509,1.0049197673797607,0.5379999876022339,1.3492825031280518
599,0.6568999886512756,1.0052883625030518,0.5394999980926514,1.3550018072128296
600,0.659500002861023,1.00371253490448,0.49399998784065247,1.4553862810134888
601,0.6603999733924866,1.0005677938461304,0.5055000185966492,1.4804021120071411
602,0.6590999960899353,1.005507230758667,0.5425000190734863,1.3526514768600464
603,0.6567000150680542,1.0015798807144165,0.5174999833106995,1.3820501565933228
604,0.661300003528595,1.0027052164077759,0.48249998688697815,1.5476388931274414
605,0.6590999960899353,1.0021851062774658,0.4465000033378601,1.6464496850967407
606,0.6593999862670898,1.0023795366287231,0.5364999771118164,1.3558080196380615
607,0.6593000292778015,0.9987167716026306,0.5180000066757202,1.3927353620529175
608,0.6620000004768372,0.9929994940757751,0.46799999475479126,1.6824431419372559
609,0.6589999794960022,0.9994526505470276,0.5065000057220459,1.4420602321624756
610,0.6606000065803528,0.9924073219299316,0.515999972820282,1.4079583883285522
611,0.6589000225067139,0.9954118132591248,0.48750001192092896,1.4755991697311401
612,0.6632000207901001,0.9933083057403564,0.476500004529953,1.512690544128418
613,0.6644999980926514,0.9924971461296082,0.527999997138977,1.3690541982650757
614,0.6610999703407288,0.9893168210983276,0.42500001192092896,1.7113980054855347
615,0.6583999991416931,0.9939524531364441,0.5254999995231628,1.3766367435455322
616,0.6647999882698059,0.9891684651374817,0.5425000190734863,1.3527871370315552
617,0.6632999777793884,0.9861921072006226,0.531000018119812,1.3683981895446777
618,0.6624000072479248,0.9877921938896179,0.49399998784065247,1.4896659851074219
619,0.6621000170707703,0.9892131090164185,0.3779999911785126,2.1161787509918213
620,0.6650999784469604,0.991420328617096,0.5109999775886536,1.4202936887741089
621,0.6660000085830688,0.9830689430236816,0.5385000109672546,1.3717448711395264
622,0.6626999974250793,0.9823064208030701,0.5019999742507935,1.4420732259750366
623,0.6664999723434448,0.9851205945014954,0.4754999876022339,1.6032227277755737
624,0.6646999716758728,0.9821046590805054,0.4659999907016754,1.5703182220458984
625,0.6639999747276306,0.9806234240531921,0.492000013589859,1.5158556699752808
626,0.6614000201225281,0.9798173904418945,0.550000011920929,1.3539299964904785
627,0.6674000024795532,0.9755339622497559,0.534500002861023,1.3818227052688599
628,0.6678000092506409,0.97824627161026,0.5134999752044678,1.4088921546936035
629,0.6685000061988831,0.9756106734275818,0.4390000104904175,1.6740906238555908
630,0.6669999957084656,0.9808845520019531,0.5354999899864197,1.3981595039367676
631,0.6671000123023987,0.9748533964157104,0.531499981880188,1.358867883682251
632,0.6668000221252441,0.9731140732765198,0.5120000243186951,1.4339083433151245
633,0.6703000068664551,0.9732682704925537,0.5019999742507935,1.4635207653045654
634,0.6686000227928162,0.9739586710929871,0.5184999704360962,1.4703707695007324
635,0.6697999835014343,0.9693849682807922,0.5184999704360962,1.4131370782852173
636,0.6675999760627747,0.9736897349357605,0.5195000171661377,1.3654474020004272
637,0.669700026512146,0.9661015868186951,0.5130000114440918,1.4515364170074463
638,0.6736000180244446,0.9665206074714661,0.5220000147819519,1.3454779386520386
639,0.6722000241279602,0.9680079817771912,0.484499990940094,1.5131654739379883
640,0.669700026512146,0.9679761528968811,0.4514999985694885,1.6401844024658203
641,0.6682999730110168,0.9694156050682068,0.5105000138282776,1.4680310487747192
642,0.6759999990463257,0.9648533463478088,0.4869999885559082,1.5054256916046143
643,0.6682000160217285,0.9685586094856262,0.48899999260902405,1.5116207599639893
644,0.6729000210762024,0.96538907289505,0.515500009059906,1.4333953857421875
645,0.6711000204086304,0.9661269783973694,0.5249999761581421,1.367618441581726
646,0.6758999824523926,0.9581398367881775,0.5080000162124634,1.4263525009155273
647,0.671999990940094,0.9623153209686279,0.47999998927116394,1.5178638696670532
648,0.6722000241279602,0.962508499622345,0.4675000011920929,1.5798444747924805
649,0.6715999841690063,0.959261417388916,0.5490000247955322,1.3606469631195068
650,0.6732000112533569,0.9603029489517212,0.5220000147819519,1.4601927995681763
651,0.6732000112533569,0.9552797675132751,0.5120000243186951,1.4240282773971558
652,0.6751999855041504,0.9550006985664368,0.4814999997615814,1.540941596031189
653,0.6769999861717224,0.9554100632667542,0.47999998927116394,1.5212092399597168
654,0.6743000149726868,0.9505943655967712,0.49950000643730164,1.4683351516723633
655,0.670799970626831,0.9564847946166992,0.5285000205039978,1.3938684463500977
656,0.6743999719619751,0.9545405507087708,0.47600001096725464,1.5695738792419434
657,0.6764000058174133,0.9545943140983582,0.5435000061988831,1.367783546447754
658,0.6782000064849854,0.9500957131385803,0.4884999990463257,1.5270886421203613
659,0.6783000230789185,0.95359206199646,0.5224999785423279,1.388092041015625
660,0.6783000230789185,0.9490782022476196,0.5220000147819519,1.410815954208374
661,0.6748999953269958,0.948179304599762,0.546500027179718,1.3669089078903198
662,0.6784999966621399,0.9506043195724487,0.5274999737739563,1.3853217363357544
663,0.6798999905586243,0.9471051692962646,0.48350000381469727,1.5663135051727295
664,0.6759999990463257,0.9509329795837402,0.5139999985694885,1.4132400751113892
665,0.6833000183105469,0.9424852728843689,0.5364999771118164,1.3797993659973145
666,0.6801999807357788,0.9437229633331299,0.5195000171661377,1.4161092042922974
667,0.6769000291824341,0.9452977776527405,0.4819999933242798,1.55459725856781
668,0.6804999709129333,0.9447494149208069,0.5260000228881836,1.385601282119751
669,0.6801000237464905,0.9384588599205017,0.39649999141693115,1.9347310066223145
670,0.6748999953269958,0.9509523510932922,0.5295000076293945,1.423460841178894
671,0.6814000010490417,0.9405233263969421,0.531000018119812,1.372509241104126
672,0.6796000003814697,0.9391865134239197,0.5335000157356262,1.371311068534851
673,0.6766999959945679,0.9409560561180115,0.5245000123977661,1.4283734560012817
674,0.6844000220298767,0.9344509840011597,0.4415000081062317,1.7598743438720703
675,0.6815000176429749,0.9381818175315857,0.4860000014305115,1.5744881629943848
676,0.6819000244140625,0.9334121942520142,0.531499981880188,1.36162269115448
677,0.6833999752998352,0.9278266429901123,0.5145000219345093,1.4472490549087524
678,0.6848999857902527,0.9320490956306458,0.5070000290870667,1.4125831127166748
679,0.6859999895095825,0.934654712677002,0.5009999871253967,1.5048810243606567
680,0.6855000257492065,0.931891918182373,0.4514999985694885,1.6680350303649902
681,0.6850000023841858,0.930698037147522,0.5134999752044678,1.4315640926361084
682,0.6850000023841858,0.9259892702102661,0.5130000114440918,1.4301612377166748
683,0.6847000122070312,0.9287569522857666,0.5299999713897705,1.3750416040420532
684,0.6833000183105469,0.9270210862159729,0.4934999942779541,1.5314549207687378
685,0.6858999729156494,0.9275224804878235,0.42399999499320984,1.8453348875045776
686,0.6815000176429749,0.9343757033348083,0.4855000078678131,1.5525469779968262
687,0.6862999796867371,0.9239200949668884,0.5485000014305115,1.3310891389846802
688,0.6881999969482422,0.9221788048744202,0.4975000023841858,1.5776335000991821
689,0.6851999759674072,0.926087498664856,0.5320000052452087,1.3765617609024048
690,0.6894999742507935,0.9202927947044373,0.47099998593330383,1.6704061031341553
691,0.6909999847412109,0.9233434796333313,0.4754999876022339,1.6442149877548218
692,0.6888999938964844,0.9240637421607971,0.4830000102519989,1.6074371337890625
693,0.6886000037193298,0.9191790819168091,0.5360000133514404,1.3784675598144531
694,0.6912000179290771,0.9176890850067139,0.48649999499320984,1.5238475799560547
695,0.6866000294685364,0.9219282269477844,0.5350000262260437,1.3907930850982666
696,0.6884999871253967,0.9166563749313354,0.5220000147819519,1.4281562566757202
697,0.6873000264167786,0.9189335107803345,0.47999998927116394,1.6432247161865234
698,0.6913999915122986,0.9157441258430481,0.4964999854564667,1.5584653615951538
699,0.6872000098228455,0.9166186451911926,0.4964999854564667,1.4648330211639404
700,0.6947000026702881,0.9086275100708008,0.47099998593330383,1.5742946863174438
701,0.6952000260353088,0.9083218574523926,0.5249999761581421,1.392161250114441
702,0.6919000148773193,0.9105787873268127,0.5180000066757202,1.459160327911377
703,0.6930000185966492,0.9126911163330078,0.4555000066757202,1.6306606531143188
704,0.6906999945640564,0.9135802984237671,0.527999997138977,1.4123636484146118
705,0.6966000199317932,0.9053188562393188,0.5134999752044678,1.4272416830062866
706,0.6947000026702881,0.9070466756820679,0.5184999704360962,1.420318841934204
707,0.6942999958992004,0.9077478647232056,0.5304999947547913,1.36070716381073
708,0.6941999793052673,0.9015434384346008,0.5189999938011169,1.4212788343429565
709,0.6966999769210815,0.9014132618904114,0.5235000252723694,1.4247761964797974
710,0.6952999830245972,0.9034627079963684,0.5080000162124634,1.4357596635818481
711,0.696399986743927,0.9001672863960266,0.5205000042915344,1.430856466293335
712,0.6985999941825867,0.902153491973877,0.47600001096725464,1.677114486694336
713,0.6956999897956848,0.9070384502410889,0.534500002861023,1.3631985187530518
714,0.6983000040054321,0.9000452160835266,0.5099999904632568,1.4684128761291504
715,0.6948000192642212,0.8988946080207825,0.5299999713897705,1.3970495462417603
716,0.6995000243186951,0.8967961072921753,0.5105000138282776,1.4192144870758057
717,0.7006000280380249,0.8964308500289917,0.5,1.5391943454742432
718,0.6962000131607056,0.8988480567932129,0.5205000042915344,1.3852465152740479
719,0.6972000002861023,0.8965772390365601,0.45249998569488525,1.6912990808486938
720,0.6996999979019165,0.8959903120994568,0.5230000019073486,1.4101650714874268
721,0.6990000009536743,0.8925178647041321,0.5264999866485596,1.3910537958145142
722,0.6995000243186951,0.8927330374717712,0.5270000100135803,1.4236078262329102
723,0.7009999752044678,0.8896324038505554,0.5139999985694885,1.499947428703308
724,0.6991999745368958,0.8907591700553894,0.46650001406669617,1.5789217948913574
725,0.7006999850273132,0.8910831809043884,0.5245000123977661,1.3974798917770386
726,0.6995999813079834,0.890449047088623,0.4975000023841858,1.5231869220733643
727,0.7003999948501587,0.8896663188934326,0.5264999866485596,1.3959015607833862
728,0.6998000144958496,0.8830245137214661,0.5099999904632568,1.4562782049179077
729,0.6983000040054321,0.8862087726593018,0.5320000052452087,1.382768154144287
730,0.6991000175476074,0.8853776454925537,0.5270000100135803,1.4292268753051758
731,0.7021999955177307,0.881827712059021,0.47200000286102295,1.603782296180725
732,0.6991999745368958,0.884975016117096,0.46149998903274536,1.709100365638733
733,0.7070000171661377,0.8834656476974487,0.4984999895095825,1.4679906368255615
734,0.7032999992370605,0.8796444535255432,0.5270000100135803,1.4164263010025024
735,0.7028999924659729,0.8815203905105591,0.5149999856948853,1.473523736000061
736,0.7045999765396118,0.8787548542022705,0.49149999022483826,1.485253095626831
737,0.7028999924659729,0.8779703378677368,0.5295000076293945,1.3768926858901978
738,0.7045000195503235,0.8749004602432251,0.515999972820282,1.4294887781143188
739,0.704800009727478,0.8787841796875,0.5375000238418579,1.435430884361267
740,0.7109000086784363,0.8743298649787903,0.48100000619888306,1.6530563831329346
741,0.7003999948501587,0.8782166242599487,0.4805000126361847,1.6332390308380127
742,0.704800009727478,0.8770399689674377,0.5109999775886536,1.5051487684249878
743,0.7020000219345093,0.8776206970214844,0.5230000019073486,1.4238756895065308
744,0.7102000117301941,0.8662047982215881,0.390500009059906,2.2010576725006104
745,0.7028999924659729,0.8889850378036499,0.5360000133514404,1.4450739622116089
746,0.7106000185012817,0.8699033260345459,0.4984999895095825,1.5818148851394653
747,0.7067999839782715,0.8701635599136353,0.4945000112056732,1.5206512212753296
748,0.7081000208854675,0.8696014881134033,0.5360000133514404,1.4150632619857788
749,0.7064999938011169,0.8661208748817444,0.5120000243186951,1.4830344915390015
750,0.7096999883651733,0.8648902177810669,0.503000020980835,1.5072879791259766
751,0.711899995803833,0.8636769652366638,0.5274999737739563,1.4123570919036865
752,0.7099000215530396,0.8650954961776733,0.4975000023841858,1.5627448558807373
753,0.7074999809265137,0.8672749996185303,0.5084999799728394,1.4428023099899292
754,0.7135000228881836,0.8588270545005798,0.5210000276565552,1.4712069034576416
755,0.7063999772071838,0.8656752109527588,0.5350000262260437,1.3929702043533325
756,0.7110000252723694,0.8610432744026184,0.5245000123977661,1.4172714948654175
757,0.7135999798774719,0.8583264350891113,0.5285000205039978,1.4047406911849976
758,0.711899995803833,0.8571884632110596,0.5009999871253967,1.5461018085479736
759,0.7099999785423279,0.8590579032897949,0.5364999771118164,1.3704800605773926
760,0.7078999876976013,0.8603495955467224,0.5224999785423279,1.4181504249572754
761,0.7121000289916992,0.8542138934135437,0.5184999704360962,1.4206788539886475
762,0.715399980545044,0.8530478477478027,0.5170000195503235,1.393894076347351
763,0.7123000025749207,0.8539596796035767,0.5295000076293945,1.4461238384246826
764,0.7092999815940857,0.8571631908416748,0.5189999938011169,1.4398990869522095
765,0.713100016117096,0.849064826965332,0.4645000100135803,1.5983798503875732
766,0.7113000154495239,0.8536831736564636,0.49149999022483826,1.5951203107833862
767,0.7113000154495239,0.8523314595222473,0.5335000157356262,1.3924047946929932
768,0.7105000019073486,0.8497726321220398,0.550000011920929,1.3694660663604736
769,0.7156000137329102,0.8473896384239197,0.5170000195503235,1.535004734992981
770,0.7125999927520752,0.8510285019874573,0.5335000157356262,1.3963369131088257
771,0.7150999903678894,0.8465870022773743,0.4359999895095825,1.9061986207962036
772,0.7142999768257141,0.8495123982429504,0.5249999761581421,1.4504814147949219
773,0.7153000235557556,0.8436195254325867,0.5394999980926514,1.382358431816101
774,0.7163000106811523,0.8441925644874573,0.5164999961853027,1.4369806051254272
775,0.7142999768257141,0.8447651267051697,0.5440000295639038,1.387498378753662
776,0.7164999842643738,0.8411831259727478,0.5070000290870667,1.5006264448165894
777,0.7196000218391418,0.8427968621253967,0.5295000076293945,1.4031860828399658
778,0.7199000120162964,0.8411204814910889,0.5425000190734863,1.3876417875289917
779,0.7156999707221985,0.8386263847351074,0.5109999775886536,1.4981342554092407
780,0.717199981212616,0.8410491943359375,0.5,1.5724434852600098
781,0.7214000225067139,0.8406801819801331,0.49900001287460327,1.5241953134536743
782,0.717199981212616,0.8413220643997192,0.476500004529953,1.586477518081665
783,0.7138000130653381,0.8384943604469299,0.5074999928474426,1.5383161306381226
784,0.7177000045776367,0.8373980522155762,0.5379999876022339,1.3992992639541626
785,0.7218999862670898,0.8324910402297974,0.49799999594688416,1.4940794706344604
786,0.7215999960899353,0.832876443862915,0.5059999823570251,1.510181188583374
787,0.7146000266075134,0.8387907147407532,0.5090000033378601,1.4695589542388916
788,0.7192999720573425,0.8342707753181458,0.5210000276565552,1.5086686611175537
789,0.7196000218391418,0.8309212923049927,0.5080000162124634,1.5532687902450562
790,0.7196999788284302,0.8327198028564453,0.5145000219345093,1.4389927387237549
791,0.7235999703407288,0.8305854201316833,0.531000018119812,1.4141740798950195
792,0.7203999757766724,0.8322768807411194,0.4794999957084656,1.5911935567855835
793,0.7213000059127808,0.8314318656921387,0.5,1.5070468187332153
794,0.7235999703407288,0.8259209990501404,0.4634999930858612,1.7075079679489136
795,0.7188000082969666,0.8340868949890137,0.515999972820282,1.4916945695877075
796,0.7221999764442444,0.8291933536529541,0.5049999952316284,1.5294629335403442
797,0.7218999862670898,0.8266648650169373,0.5385000109672546,1.403866171836853
798,0.7257000207901001,0.8219608664512634,0.5095000267028809,1.4768909215927124
799,0.7245000004768372,0.82184237241745,0.5,1.5095142126083374
800,0.7210000157356262,0.8211812376976013,0.48100000619888306,1.6073418855667114
801,0.7282000184059143,0.8185502290725708,0.5105000138282776,1.4662044048309326
802,0.7251999974250793,0.8190345168113708,0.5320000052452087,1.3696918487548828
803,0.7296000123023987,0.8171034455299377,0.5239999890327454,1.505616545677185
804,0.7226999998092651,0.8167438507080078,0.5285000205039978,1.469853401184082
805,0.7272999882698059,0.8164483904838562,0.5189999938011169,1.463895320892334
806,0.727400004863739,0.8132675290107727,0.5149999856948853,1.4811210632324219
807,0.7265999913215637,0.8163514733314514,0.5105000138282776,1.5077160596847534
808,0.7307000160217285,0.8105052709579468,0.49050000309944153,1.552198052406311
809,0.7246000170707703,0.8153213858604431,0.5090000033378601,1.4901902675628662
810,0.7269999980926514,0.8135598301887512,0.5264999866485596,1.5321054458618164
811,0.7210000157356262,0.8200597763061523,0.47749999165534973,1.5815554857254028
812,0.7228999733924866,0.8173564672470093,0.47200000286102295,1.692870855331421
813,0.7235999703407288,0.815025806427002,0.48249998688697815,1.5829790830612183
814,0.7297999858856201,0.8081946969032288,0.4950000047683716,1.5151441097259521
815,0.7285000085830688,0.8076576590538025,0.5055000185966492,1.4818980693817139
816,0.7325000166893005,0.8050483465194702,0.5304999947547913,1.4328912496566772
817,0.7290999889373779,0.8037019371986389,0.4690000116825104,1.6313450336456299
818,0.7289999723434448,0.8094961643218994,0.5220000147819519,1.4482510089874268
819,0.7276999950408936,0.8112697005271912,0.5164999961853027,1.4627001285552979
820,0.7272999882698059,0.8042141795158386,0.41850000619888306,1.949339747428894
821,0.7268999814987183,0.8098827600479126,0.5299999713897705,1.4618419408798218
822,0.7335000038146973,0.8005735278129578,0.5335000157356262,1.4117889404296875
823,0.7322999835014343,0.8014906048774719,0.527999997138977,1.4527920484542847
824,0.7300999760627747,0.804115355014801,0.5429999828338623,1.3877208232879639
825,0.7319999933242798,0.7989351749420166,0.5099999904632568,1.5096404552459717
826,0.732699990272522,0.7945666909217834,0.5239999890327454,1.4639413356781006
827,0.7361000180244446,0.7966839075088501,0.5149999856948853,1.4911116361618042
828,0.7354000210762024,0.7934138774871826,0.546999990940094,1.368239164352417
829,0.7315999865531921,0.7966777086257935,0.5329999923706055,1.4041811227798462
830,0.7311999797821045,0.7934512495994568,0.531499981880188,1.457032561302185
831,0.7333999872207642,0.7961167693138123,0.5320000052452087,1.4166908264160156
832,0.7355999946594238,0.7908186912536621,0.5245000123977661,1.4451979398727417
833,0.7333999872207642,0.7960460186004639,0.5350000262260437,1.4270219802856445
834,0.7386000156402588,0.7902888655662537,0.5400000214576721,1.4083003997802734
835,0.7337999939918518,0.7908294200897217,0.5130000114440918,1.568819522857666
836,0.736299991607666,0.7919454574584961,0.4925000071525574,1.5039827823638916
837,0.7307000160217285,0.7913699150085449,0.5339999794960022,1.4516772031784058
838,0.7364000082015991,0.7901220917701721,0.4584999978542328,1.7773535251617432
839,0.7369999885559082,0.7889991402626038,0.503000020980835,1.515509843826294
840,0.73580002784729,0.7897920608520508,0.484499990940094,1.6540262699127197
841,0.7390000224113464,0.7843178510665894,0.5034999847412109,1.520275592803955
842,0.7391999959945679,0.7856466174125671,0.5239999890327454,1.4810842275619507
843,0.7389000058174133,0.7836707830429077,0.4659999907016754,1.7101362943649292
844,0.7402999997138977,0.7861748933792114,0.5080000162124634,1.4859126806259155
845,0.7429999709129333,0.7785429358482361,0.4869999885559082,1.6847097873687744
846,0.7379000186920166,0.7863263487815857,0.49000000953674316,1.5945115089416504
847,0.7411999702453613,0.7788293361663818,0.4950000047683716,1.6463375091552734
848,0.7384999990463257,0.7806840538978577,0.5164999961853027,1.4598478078842163
849,0.7422999739646912,0.7751307487487793,0.5090000033378601,1.4998420476913452
850,0.7418000102043152,0.7767769694328308,0.5174999833106995,1.4654043912887573
851,0.7409999966621399,0.7757554650306702,0.5270000100135803,1.4153704643249512
852,0.7391999959945679,0.778372049331665,0.5015000104904175,1.5667238235473633
853,0.7422999739646912,0.7767189741134644,0.5230000019073486,1.4575231075286865
854,0.7434999942779541,0.7719695568084717,0.5394999980926514,1.4256799221038818
855,0.7437000274658203,0.7779285907745361,0.5370000004768372,1.4433623552322388
856,0.742900013923645,0.7706140875816345,0.531000018119812,1.4423153400421143
857,0.7419999837875366,0.7667529582977295,0.49799999594688416,1.5648930072784424
858,0.7434999942779541,0.7680956125259399,0.5295000076293945,1.442800760269165
859,0.745199978351593,0.7674314975738525,0.4645000100135803,1.7936238050460815
860,0.7398999929428101,0.7732728719711304,0.531000018119812,1.4262875318527222
861,0.745199978351593,0.7680450081825256,0.49950000643730164,1.5740070343017578
862,0.741100013256073,0.7673303484916687,0.5245000123977661,1.4639158248901367
863,0.7450000047683716,0.76862633228302,0.5335000157356262,1.4500799179077148
864,0.7458999752998352,0.7658226490020752,0.5224999785423279,1.4268821477890015
865,0.7434999942779541,0.7594724893569946,0.5109999775886536,1.4965252876281738
866,0.7416999936103821,0.7699896693229675,0.5325000286102295,1.4837572574615479
867,0.7472000122070312,0.764822244644165,0.5230000019073486,1.5178143978118896
868,0.7462000250816345,0.7613269090652466,0.5214999914169312,1.4403948783874512
869,0.7479000091552734,0.7575433850288391,0.49050000309944153,1.5885947942733765
870,0.744700014591217,0.7635123133659363,0.5370000004768372,1.4702228307724
871,0.7465999722480774,0.7591152191162109,0.5350000262260437,1.4027904272079468
872,0.744700014591217,0.7581823468208313,0.5015000104904175,1.6375997066497803
873,0.7454000115394592,0.7596872448921204,0.4429999887943268,1.933605432510376
874,0.7468000054359436,0.761045515537262,0.5065000057220459,1.609028935432434
875,0.7475000023841858,0.7537608742713928,0.534500002861023,1.469936728477478
876,0.7483000159263611,0.7562425136566162,0.5090000033378601,1.549214243888855
877,0.7465000152587891,0.7555116415023804,0.5189999938011169,1.53355073928833
878,0.7498999834060669,0.7516021132469177,0.5024999976158142,1.5914630889892578
879,0.7483999729156494,0.7523833513259888,0.4894999861717224,1.6275359392166138
880,0.7477999925613403,0.7529382109642029,0.484499990940094,1.6363356113433838
881,0.7495999932289124,0.7537115216255188,0.4740000069141388,1.6636011600494385
882,0.7469000220298767,0.7529100775718689,0.48100000619888306,1.7344015836715698
883,0.7501999735832214,0.7537585496902466,0.5184999704360962,1.5003644227981567
884,0.7512000203132629,0.7490741014480591,0.531499981880188,1.5147651433944702
885,0.7515000104904175,0.7449880838394165,0.531499981880188,1.4701029062271118
886,0.7494000196456909,0.7473256587982178,0.5115000009536743,1.5178532600402832
887,0.7511000037193298,0.7420754432678223,0.49399998784065247,1.7406288385391235
888,0.7498000264167786,0.7474823594093323,0.45750001072883606,1.8740967512130737
889,0.7498999834060669,0.7502471208572388,0.5245000123977661,1.481887698173523
890,0.7541000247001648,0.739797830581665,0.531000018119812,1.5154945850372314
891,0.7547000050544739,0.7394827008247375,0.5220000147819519,1.489412546157837
892,0.7529000043869019,0.7385378479957581,0.5115000009536743,1.5227675437927246
893,0.7530999779701233,0.7414652109146118,0.5164999961853027,1.596639633178711
894,0.7483000159263611,0.7465596199035645,0.48399999737739563,1.6364597082138062
895,0.7545999884605408,0.7402732968330383,0.515999972820282,1.485528826713562
896,0.7537999749183655,0.735558032989502,0.49300000071525574,1.6328074932098389
897,0.7544000148773193,0.7363667488098145,0.49950000643730164,1.553025722503662
898,0.7563999891281128,0.7363227009773254,0.4860000014305115,1.6500822305679321
899,0.7560999989509583,0.7319478392601013,0.5109999775886536,1.5672533512115479
900,0.7552000284194946,0.7348964214324951,0.503000020980835,1.583277940750122
901,0.7576000094413757,0.7341225147247314,0.5084999799728394,1.5482603311538696
902,0.7556999921798706,0.735118567943573,0.5224999785423279,1.5281840562820435
903,0.7576000094413757,0.7316328883171082,0.5049999952316284,1.5436619520187378
904,0.7583000063896179,0.7296385169029236,0.5274999737739563,1.5233566761016846
905,0.7552000284194946,0.7364227771759033,0.5074999928474426,1.5173275470733643
906,0.758899986743927,0.7235957980155945,0.5034999847412109,1.6529762744903564
907,0.758899986743927,0.7321584224700928,0.4964999854564667,1.6576038599014282
908,0.7602999806404114,0.7299866676330566,0.5210000276565552,1.4925540685653687
909,0.7623000144958496,0.7232134938240051,0.5099999904632568,1.5257484912872314
910,0.7595999836921692,0.7280168533325195,0.5239999890327454,1.4972153902053833
911,0.7594000101089478,0.7229577898979187,0.5264999866485596,1.486934781074524
912,0.7567999958992004,0.7255929708480835,0.4894999861717224,1.6363461017608643
913,0.7570000290870667,0.7242553234100342,0.5404999852180481,1.474367618560791
914,0.7621999979019165,0.720414400100708,0.45649999380111694,1.7826770544052124
915,0.7563999891281128,0.7298574447631836,0.5149999856948853,1.5166586637496948
916,0.7570000290870667,0.7210338711738586,0.4964999854564667,1.5698615312576294
917,0.7608000040054321,0.7193090319633484,0.4494999945163727,1.9785088300704956
918,0.7602999806404114,0.7215485572814941,0.4790000021457672,1.741705298423767
919,0.757099986076355,0.7235550284385681,0.5329999923706055,1.4383083581924438
920,0.7633000016212463,0.7171703577041626,0.531000018119812,1.5335508584976196
921,0.7623000144958496,0.7166036367416382,0.5199999809265137,1.5467734336853027
922,0.7609999775886536,0.7129039168357849,0.5404999852180481,1.4677573442459106
923,0.7638000249862671,0.7159987092018127,0.5105000138282776,1.5452238321304321
924,0.7652999758720398,0.7114298939704895,0.5115000009536743,1.5898078680038452
925,0.7670000195503235,0.7109918594360352,0.515500009059906,1.5590412616729736
926,0.7610999941825867,0.7146673798561096,0.49000000953674316,1.7328702211380005
927,0.7662000060081482,0.708411455154419,0.5080000162124634,1.5497595071792603
928,0.7678999900817871,0.7079501748085022,0.531499981880188,1.5089770555496216
929,0.7675999999046326,0.7055448889732361,0.5164999961853027,1.5278137922286987
930,0.7663999795913696,0.7035060524940491,0.5479999780654907,1.4395273923873901
931,0.7698000073432922,0.703605055809021,0.5264999866485596,1.4932503700256348
932,0.7670000195503235,0.7035780549049377,0.5245000123977661,1.4918479919433594
933,0.7646999955177307,0.7085525393486023,0.5019999742507935,1.5985981225967407
934,0.7609000205993652,0.7082200050354004,0.5264999866485596,1.527583122253418
935,0.767799973487854,0.7073284983634949,0.5070000290870667,1.6204484701156616
936,0.7681999802589417,0.7026006579399109,0.5264999866485596,1.5439339876174927
937,0.7623000144958496,0.7089454531669617,0.4934999942779541,1.6981890201568604
938,0.7660999894142151,0.7028515338897705,0.4884999990463257,1.6501291990280151
939,0.7702000141143799,0.6989253163337708,0.5220000147819519,1.5015438795089722
940,0.7724999785423279,0.6948435306549072,0.5370000004768372,1.4324456453323364
941,0.7702999711036682,0.6990492939949036,0.41100001335144043,2.1885688304901123
942,0.7631999850273132,0.708074152469635,0.4424999952316284,1.920600175857544
943,0.7698000073432922,0.7014786005020142,0.5245000123977661,1.553922176361084
944,0.7677000164985657,0.6941244006156921,0.48649999499320984,1.862381935119629
945,0.775600016117096,0.6921688318252563,0.45100000500679016,1.974689245223999
946,0.7663999795913696,0.7004651427268982,0.5065000057220459,1.6549019813537598
947,0.7746999859809875,0.6899166703224182,0.5235000252723694,1.5471599102020264
948,0.7659000158309937,0.6971328854560852,0.4860000014305115,1.7117836475372314
949,0.7724999785423279,0.690962553024292,0.48899999260902405,1.6634787321090698
950,0.7732999920845032,0.6933497190475464,0.4984999895095825,1.6316152811050415
951,0.7724000215530396,0.690177321434021,0.5289999842643738,1.5331319570541382
952,0.7750999927520752,0.6864331364631653,0.503000020980835,1.6926701068878174
953,0.7696999907493591,0.6905922293663025,0.4855000078678131,1.696323037147522
954,0.7770000100135803,0.6836581826210022,0.4925000071525574,1.6765087842941284
955,0.7724000215530396,0.6928257346153259,0.5205000042915344,1.4910162687301636
956,0.7717999815940857,0.6869820952415466,0.46549999713897705,1.7928448915481567
957,0.7712000012397766,0.6837729215621948,0.5024999976158142,1.6355135440826416
958,0.7749999761581421,0.6828282475471497,0.5055000185966492,1.6210172176361084
959,0.775600016117096,0.6821650862693787,0.531000018119812,1.4903160333633423
960,0.7777000069618225,0.675307035446167,0.5264999866485596,1.513115406036377
961,0.7766000032424927,0.677743136882782,0.5055000185966492,1.5938729047775269
962,0.7735000252723694,0.6804924607276917,0.5375000238418579,1.4626257419586182
963,0.7745000123977661,0.6767482757568359,0.5254999995231628,1.5036109685897827
964,0.7777000069618225,0.6767598390579224,0.5139999985694885,1.542338252067566
965,0.7793999910354614,0.6740721464157104,0.5090000033378601,1.6080663204193115
966,0.7735999822616577,0.6792582273483276,0.5109999775886536,1.587193250656128
967,0.7781000137329102,0.6734241247177124,0.5080000162124634,1.5978344678878784
968,0.777899980545044,0.6741819977760315,0.4934999942779541,1.6176928281784058
969,0.7775999903678894,0.6709064245223999,0.4595000147819519,1.8303145170211792
970,0.7759000062942505,0.6771143674850464,0.5339999794960022,1.467620611190796
971,0.7807000279426575,0.671639621257782,0.5130000114440918,1.5398367643356323
972,0.7817999720573425,0.6719676852226257,0.5134999752044678,1.6024829149246216
973,0.7802000045776367,0.6714258193969727,0.5249999761581421,1.539324164390564
974,0.7839999794960022,0.670697033405304,0.49549999833106995,1.7208974361419678
975,0.7807999849319458,0.6685635447502136,0.5220000147819519,1.5239773988723755
976,0.7782999873161316,0.6672431230545044,0.4880000054836273,1.6931157112121582
977,0.7756999731063843,0.6740267276763916,0.5260000228881836,1.5808947086334229
978,0.779699981212616,0.6645544171333313,0.5404999852180481,1.4642834663391113
979,0.7818999886512756,0.6669913530349731,0.5189999938011169,1.5119132995605469
980,0.7814000248908997,0.6665316224098206,0.534500002861023,1.498875617980957
981,0.7817999720573425,0.6628154516220093,0.49799999594688416,1.6538584232330322
982,0.7818999886512756,0.664979100227356,0.5220000147819519,1.605484127998352
983,0.7840999960899353,0.65592360496521,0.48500001430511475,1.7106105089187622
984,0.7850000262260437,0.6617379188537598,0.5024999976158142,1.6890686750411987
985,0.784600019454956,0.6609953045845032,0.5320000052452087,1.5673998594284058
986,0.7853000164031982,0.6563525795936584,0.5364999771118164,1.5610527992248535
987,0.7851999998092651,0.6591945886611938,0.531499981880188,1.4782356023788452
988,0.785099983215332,0.6515177488327026,0.5260000228881836,1.6001449823379517
989,0.7795000076293945,0.658176839351654,0.5289999842643738,1.5059796571731567
990,0.7857000231742859,0.6532748341560364,0.5099999904632568,1.6132398843765259
991,0.7831000089645386,0.654755175113678,0.4300000071525574,2.190366744995117
992,0.7782999873161316,0.6710911393165588,0.5189999938011169,1.6239205598831177
993,0.7832000255584717,0.6545513272285461,0.4934999942779541,1.774314284324646
994,0.7851999998092651,0.6514961123466492,0.5270000100135803,1.5892683267593384
995,0.7875999808311462,0.6469947099685669,0.5274999737739563,1.572279453277588
996,0.786300003528595,0.6502241492271423,0.5170000195503235,1.5076289176940918
997,0.7853000164031982,0.6520096063613892,0.5299999713897705,1.5062658786773682
998,0.7868000268936157,0.645473301410675,0.4970000088214874,1.7092206478118896
999,0.7858999967575073,0.6507500410079956,0.5180000066757202,1.5977773666381836
