epoch,accuracy,loss,val_accuracy,val_loss
0,0.09950000047683716,2.3070762157440186,0.12200000137090683,2.302295207977295
1,0.11980000138282776,2.302612781524658,0.13349999487400055,2.3000850677490234
2,0.120899997651577,2.3004050254821777,0.13249999284744263,2.298532724380493
3,0.12449999898672104,2.2987637519836426,0.12950000166893005,2.297106981277466
4,0.125900000333786,2.2972443103790283,0.13300000131130219,2.2956202030181885
5,0.13040000200271606,2.2956674098968506,0.13600000739097595,2.294100284576416
6,0.13590000569820404,2.2940452098846436,0.13850000500679016,2.2926011085510254
7,0.13979999721050262,2.2924118041992188,0.14949999749660492,2.2909750938415527
8,0.14749999344348907,2.2906622886657715,0.14949999749660492,2.2891759872436523
9,0.15230000019073486,2.2887518405914307,0.1525000035762787,2.2871177196502686
10,0.1574999988079071,2.2865664958953857,0.164000004529953,2.284841299057007
11,0.164000004529953,2.2841250896453857,0.17249999940395355,2.2820911407470703
12,0.17000000178813934,2.281334638595581,0.18199999630451202,2.2790889739990234
13,0.17790000140666962,2.2782273292541504,0.18199999630451202,2.2759273052215576
14,0.1817999929189682,2.2749557495117188,0.1914999932050705,2.272454023361206
15,0.1898999959230423,2.2712578773498535,0.19900000095367432,2.2685437202453613
16,0.19709999859333038,2.2671618461608887,0.20399999618530273,2.2641777992248535
17,0.19949999451637268,2.2625153064727783,0.20550000667572021,2.2592666149139404
18,0.20579999685287476,2.2571334838867188,0.21250000596046448,2.2536327838897705
19,0.2093999981880188,2.2510135173797607,0.21050000190734863,2.246968984603882
20,0.21570000052452087,2.2439024448394775,0.21549999713897705,2.2392380237579346
21,0.21789999306201935,2.23580002784729,0.22050000727176666,2.230137348175049
22,0.2232999950647354,2.2259681224823,0.22050000727176666,2.219923734664917
23,0.22439999878406525,2.214942693710327,0.23800000548362732,2.2077691555023193
24,0.22939999401569366,2.2020184993743896,0.23649999499320984,2.1945371627807617
25,0.23549999296665192,2.1875128746032715,0.2395000010728836,2.1787500381469727
26,0.23960000276565552,2.171405792236328,0.24250000715255737,2.162163019180298
27,0.24410000443458557,2.1538636684417725,0.2475000023841858,2.1444597244262695
28,0.24490000307559967,2.135446310043335,0.25450000166893005,2.1262407302856445
29,0.2515999972820282,2.117095708847046,0.2535000145435333,2.1077256202697754
30,0.25429999828338623,2.09909987449646,0.2644999921321869,2.0897648334503174
31,0.25780001282691956,2.082185745239258,0.257999986410141,2.075331449508667
32,0.26010000705718994,2.0671889781951904,0.2720000147819519,2.0592784881591797
33,0.2653000056743622,2.053591251373291,0.2750000059604645,2.046638250350952
34,0.2669999897480011,2.04209303855896,0.27250000834465027,2.0379273891448975
35,0.26829999685287476,2.0314509868621826,0.2705000042915344,2.0327823162078857
36,0.2689000070095062,2.0229461193084717,0.265500009059906,2.024188995361328
37,0.2734000086784363,2.0153629779815674,0.2824999988079071,2.0104448795318604
38,0.27869999408721924,2.0082366466522217,0.2784999907016754,2.0039358139038086
39,0.2802000045776367,2.0019242763519287,0.2904999852180481,1.9995836019515991
40,0.28380000591278076,1.9955062866210938,0.2770000100135803,1.9988837242126465
41,0.2856000065803528,1.9908486604690552,0.2879999876022339,1.9980534315109253
42,0.2858999967575073,1.985597848892212,0.289000004529953,1.9865574836730957
43,0.28610000014305115,1.9802398681640625,0.289000004529953,1.9819592237472534
44,0.2888999879360199,1.975961685180664,0.29649999737739563,1.9731402397155762
45,0.2919999957084656,1.9711644649505615,0.2980000078678131,1.96952486038208
46,0.29330000281333923,1.9665958881378174,0.28450000286102295,1.9852396249771118
47,0.295199990272522,1.9627339839935303,0.2985000014305115,1.961361050605774
48,0.2994999885559082,1.9579119682312012,0.2985000014305115,1.9560399055480957
49,0.30230000615119934,1.9536027908325195,0.2944999933242798,1.953507661819458
50,0.2996000051498413,1.9496451616287231,0.29899999499320984,1.9527159929275513
51,0.30390000343322754,1.945224404335022,0.30550000071525574,1.945363163948059
52,0.3037000000476837,1.9412211179733276,0.30799999833106995,1.9414092302322388
53,0.3061999976634979,1.9378564357757568,0.30550000071525574,1.9408388137817383
54,0.30649998784065247,1.9344614744186401,0.3070000112056732,1.9351835250854492
55,0.30809998512268066,1.9298685789108276,0.3095000088214874,1.9399652481079102
56,0.3111000061035156,1.9260315895080566,0.31049999594688416,1.9261114597320557
57,0.3124000132083893,1.9221136569976807,0.3160000145435333,1.9258933067321777
58,0.3100999891757965,1.9191900491714478,0.31299999356269836,1.9254688024520874
59,0.31839999556541443,1.9155720472335815,0.3109999895095825,1.9269939661026
60,0.31690001487731934,1.9112313985824585,0.30799999833106995,1.9250926971435547
61,0.3190999925136566,1.9079464673995972,0.3089999854564667,1.9151017665863037
62,0.3208000063896179,1.903450608253479,0.3149999976158142,1.9305050373077393
63,0.31929999589920044,1.9004634618759155,0.3174999952316284,1.9129561185836792
64,0.322299987077713,1.8964773416519165,0.31299999356269836,1.9152590036392212
65,0.3239000141620636,1.8924049139022827,0.32600000500679016,1.8970270156860352
66,0.32499998807907104,1.8894017934799194,0.32899999618530273,1.8963584899902344
67,0.32339999079704285,1.8856189250946045,0.32350000739097595,1.900525689125061
68,0.32919999957084656,1.8818228244781494,0.32350000739097595,1.8976683616638184
69,0.32910001277923584,1.8783615827560425,0.32850000262260437,1.8887128829956055
70,0.3292999863624573,1.875550389289856,0.32199999690055847,1.8881489038467407
71,0.33070001006126404,1.872070550918579,0.3269999921321869,1.8800965547561646
72,0.33079999685287476,1.8687189817428589,0.33000001311302185,1.8772122859954834
73,0.3343999981880188,1.863969087600708,0.3334999978542328,1.8670574426651
74,0.335999995470047,1.860377311706543,0.3330000042915344,1.8638670444488525
75,0.33660000562667847,1.857749581336975,0.3334999978542328,1.8622820377349854
76,0.337799996137619,1.853949785232544,0.32850000262260437,1.8619276285171509
77,0.3398999869823456,1.8507851362228394,0.33250001072883606,1.85635244846344
78,0.34279999136924744,1.846909999847412,0.32749998569488525,1.8697004318237305
79,0.3456999957561493,1.8428995609283447,0.33500000834465027,1.8492203950881958
80,0.3425999879837036,1.8402341604232788,0.3375000059604645,1.8466905355453491
81,0.3425000011920929,1.836691975593567,0.34049999713897705,1.8408732414245605
82,0.3465000092983246,1.833484411239624,0.3294999897480011,1.8535261154174805
83,0.3506999909877777,1.829505443572998,0.34299999475479126,1.842779278755188
84,0.3483999967575073,1.8270039558410645,0.34150001406669617,1.8424036502838135
85,0.3490000069141388,1.8222873210906982,0.3230000138282776,1.8610433340072632
86,0.351500004529953,1.8193567991256714,0.34200000762939453,1.8278855085372925
87,0.3528999984264374,1.815608024597168,0.3479999899864197,1.82575261592865
88,0.35510000586509705,1.812996506690979,0.34299999475479126,1.8248398303985596
89,0.35350000858306885,1.8089410066604614,0.3490000069141388,1.8166120052337646
90,0.357699990272522,1.8057441711425781,0.3384999930858612,1.8259614706039429
91,0.35580000281333923,1.8019869327545166,0.34700000286102295,1.8206263780593872
92,0.35920000076293945,1.79923677444458,0.34450000524520874,1.8399691581726074
93,0.359499990940094,1.7951855659484863,0.3474999964237213,1.8389734029769897
94,0.35929998755455017,1.791744351387024,0.3499999940395355,1.80259108543396
95,0.36039999127388,1.78859281539917,0.34450000524520874,1.8044638633728027
96,0.36390000581741333,1.7847281694412231,0.3490000069141388,1.8120876550674438
97,0.364300012588501,1.7807246446609497,0.3555000126361847,1.7962915897369385
98,0.3637999892234802,1.7781050205230713,0.34850001335144043,1.8042140007019043
99,0.36730000376701355,1.7746951580047607,0.35600000619888306,1.7928287982940674
100,0.3671000003814697,1.771488070487976,0.3499999940395355,1.7899242639541626
101,0.3702000081539154,1.7681881189346313,0.34299999475479126,1.8127880096435547
102,0.3702999949455261,1.764816403388977,0.3440000116825104,1.8036823272705078
103,0.3691999912261963,1.762721061706543,0.36399999260902405,1.7784099578857422
104,0.3723999857902527,1.758198618888855,0.3384999930858612,1.8181525468826294
105,0.3734000027179718,1.7555623054504395,0.35249999165534973,1.7816025018692017
106,0.37119999527931213,1.7525230646133423,0.3634999990463257,1.7689900398254395
107,0.3747999966144562,1.7482542991638184,0.3675000071525574,1.7686991691589355
108,0.37209999561309814,1.7459298372268677,0.3700000047683716,1.761330008506775
109,0.3776000142097473,1.7420554161071777,0.3700000047683716,1.756949782371521
110,0.3758000135421753,1.739179253578186,0.3709999918937683,1.7718716859817505
111,0.3797999918460846,1.7364648580551147,0.3630000054836273,1.7598719596862793
112,0.3752000033855438,1.7328121662139893,0.3630000054836273,1.7556332349777222
113,0.38370001316070557,1.7294648885726929,0.3504999876022339,1.7807523012161255
114,0.3831000030040741,1.7266099452972412,0.367000013589859,1.801975965499878
115,0.38429999351501465,1.7255730628967285,0.3659999966621399,1.7781777381896973
116,0.3831999897956848,1.722577691078186,0.38449999690055847,1.7443459033966064
117,0.38519999384880066,1.7178099155426025,0.37299999594688416,1.737114667892456
118,0.3855000138282776,1.7158117294311523,0.37950000166893005,1.7397041320800781
119,0.3880999982357025,1.7126731872558594,0.38850000500679016,1.7284282445907593
120,0.38909998536109924,1.7093157768249512,0.36550000309944153,1.7391903400421143
121,0.38769999146461487,1.7073944807052612,0.3824999928474426,1.7249257564544678
122,0.3903000056743622,1.702558994293213,0.3785000145435333,1.725709080696106
123,0.38920000195503235,1.7018786668777466,0.38350000977516174,1.734671711921692
124,0.3926999866962433,1.6984013319015503,0.3869999945163727,1.7203222513198853
125,0.3912999927997589,1.6954516172409058,0.3840000033378601,1.7291032075881958
126,0.3937999904155731,1.6923623085021973,0.3894999921321869,1.737369418144226
127,0.39399999380111694,1.6899383068084717,0.3700000047683716,1.7382179498672485
128,0.3955000042915344,1.6863454580307007,0.3765000104904175,1.7745373249053955
129,0.39410001039505005,1.6853753328323364,0.382999986410141,1.705032229423523
130,0.39959999918937683,1.681422472000122,0.38449999690055847,1.7056591510772705
131,0.3961000144481659,1.6799203157424927,0.3804999887943268,1.714678168296814
132,0.3978999853134155,1.676939845085144,0.3889999985694885,1.6991891860961914
133,0.3984000086784363,1.673842191696167,0.3880000114440918,1.7076146602630615
134,0.4020000100135803,1.671613097190857,0.390500009059906,1.6938060522079468
135,0.4020000100135803,1.6688544750213623,0.39899998903274536,1.7036328315734863
136,0.4027000069618225,1.666808009147644,0.3944999873638153,1.6970065832138062
137,0.40209999680519104,1.663743495941162,0.3935000002384186,1.688521146774292
138,0.4036000072956085,1.661553144454956,0.39100000262260437,1.6846843957901
139,0.4097999930381775,1.658853530883789,0.40049999952316284,1.681659460067749
140,0.40779998898506165,1.6545003652572632,0.390500009059906,1.7309033870697021
141,0.4043999910354614,1.6532752513885498,0.4059999883174896,1.6793631315231323
142,0.40610000491142273,1.650788426399231,0.40049999952316284,1.713631272315979
143,0.4092000126838684,1.6493501663208008,0.40549999475479126,1.6764798164367676
144,0.41260001063346863,1.6464226245880127,0.3869999945163727,1.679057240486145
145,0.412200003862381,1.6448390483856201,0.39250001311302185,1.6806235313415527
146,0.4117000102996826,1.641273856163025,0.40049999952316284,1.6828352212905884
147,0.41519999504089355,1.6396594047546387,0.39100000262260437,1.680572509765625
148,0.4124999940395355,1.6365330219268799,0.38499999046325684,1.7944496870040894
149,0.4142000079154968,1.6372127532958984,0.39750000834465027,1.716658353805542
150,0.4124000072479248,1.6328332424163818,0.4065000116825104,1.662340521812439
151,0.4174000024795532,1.6302379369735718,0.3824999928474426,1.6829018592834473
152,0.4156999886035919,1.6274681091308594,0.40049999952316284,1.6775896549224854
153,0.4187999963760376,1.6252785921096802,0.41100001335144043,1.6943589448928833
154,0.42100000381469727,1.6244243383407593,0.40299999713897705,1.6514312028884888
155,0.4235999882221222,1.621061086654663,0.3880000114440918,1.691396951675415
156,0.4203000068664551,1.6212248802185059,0.39649999141693115,1.679671049118042
157,0.4203999936580658,1.617374300956726,0.4074999988079071,1.648330807685852
158,0.4228000044822693,1.6138335466384888,0.40149998664855957,1.6651442050933838
159,0.42489999532699585,1.6125473976135254,0.41499999165534973,1.6569359302520752
160,0.42170000076293945,1.610175371170044,0.39399999380111694,1.659332275390625
161,0.4269999861717224,1.6069215536117554,0.39750000834465027,1.6664867401123047
162,0.424699991941452,1.606601357460022,0.3919999897480011,1.6906030178070068
163,0.42570000886917114,1.6042511463165283,0.40799999237060547,1.6544816493988037
164,0.42559999227523804,1.603162169456482,0.41200000047683716,1.6508616209030151
165,0.42800000309944153,1.6003997325897217,0.4169999957084656,1.633440375328064
166,0.4309000074863434,1.597859501838684,0.4074999988079071,1.6467994451522827
167,0.4277999997138977,1.5956521034240723,0.42250001430511475,1.6322036981582642
168,0.430400013923645,1.5928328037261963,0.41749998927116394,1.6642273664474487
169,0.4309999942779541,1.5919718742370605,0.4269999861717224,1.6323673725128174
170,0.43050000071525574,1.5905104875564575,0.4129999876022339,1.63336181640625
171,0.43160000443458557,1.5899646282196045,0.30799999833106995,1.949520230293274
172,0.43369999527931213,1.5913840532302856,0.4124999940395355,1.631606101989746
173,0.4350000023841858,1.584923505783081,0.41449999809265137,1.6236637830734253
174,0.43630000948905945,1.582323431968689,0.40700000524520874,1.7156063318252563
175,0.43639999628067017,1.581824541091919,0.40700000524520874,1.6318482160568237
176,0.43630000948905945,1.5788476467132568,0.4300000071525574,1.6187431812286377
177,0.43650001287460327,1.5760446786880493,0.40799999237060547,1.6394670009613037
178,0.43810001015663147,1.5736098289489746,0.4300000071525574,1.6140336990356445
179,0.44020000100135803,1.5741493701934814,0.41449999809265137,1.6256985664367676
180,0.4392000138759613,1.5717512369155884,0.421999990940094,1.6275079250335693
181,0.4390000104904175,1.5700428485870361,0.41100001335144043,1.6376038789749146
182,0.4401000142097473,1.5688995122909546,0.4205000102519989,1.6131370067596436
183,0.44449999928474426,1.5652085542678833,0.42100000381469727,1.6218587160110474
184,0.44029998779296875,1.5632802248001099,0.42149999737739563,1.602470874786377
185,0.44040000438690186,1.5634081363677979,0.41850000619888306,1.6443570852279663
186,0.4390999972820282,1.5613192319869995,0.4230000078678131,1.6185410022735596
187,0.44699999690055847,1.560097575187683,0.42399999499320984,1.643996238708496
188,0.4415999948978424,1.5579805374145508,0.4334999918937683,1.590731143951416
189,0.4408999979496002,1.5588387250900269,0.42899999022483826,1.6097004413604736
190,0.44609999656677246,1.552889108657837,0.41200000047683716,1.6235883235931396
191,0.4481000006198883,1.5522098541259766,0.41200000047683716,1.6233357191085815
192,0.44699999690055847,1.5517652034759521,0.42149999737739563,1.6028293371200562
193,0.4487000107765198,1.5491632223129272,0.4350000023841858,1.6017234325408936
194,0.4465000033378601,1.5479459762573242,0.43799999356269836,1.593031644821167
195,0.4471000134944916,1.5466225147247314,0.429500013589859,1.5987987518310547
196,0.45179998874664307,1.5437195301055908,0.4074999988079071,1.6415002346038818
197,0.44760000705718994,1.5442225933074951,0.4115000069141388,1.6207523345947266
198,0.44940000772476196,1.541632890701294,0.4269999861717224,1.5963670015335083
199,0.4521999955177307,1.539188027381897,0.44200000166893005,1.5781338214874268
200,0.4519999921321869,1.536547303199768,0.41749998927116394,1.6205735206604004
201,0.4528999924659729,1.538054347038269,0.43799999356269836,1.5974571704864502
202,0.44940000772476196,1.5353471040725708,0.4345000088214874,1.5915336608886719
203,0.45419999957084656,1.5336711406707764,0.43799999356269836,1.5788339376449585
204,0.45080000162124634,1.5329645872116089,0.4244999885559082,1.5807873010635376
205,0.45350000262260437,1.5318351984024048,0.4259999990463257,1.5973541736602783
206,0.4544999897480011,1.5306408405303955,0.4415000081062317,1.5938353538513184
207,0.4528999924659729,1.5282270908355713,0.4309999942779541,1.6152739524841309
208,0.4530999958515167,1.5281275510787964,0.4350000023841858,1.5787044763565063
209,0.4575999975204468,1.524580717086792,0.43849998712539673,1.580377221107483
210,0.4537000060081482,1.5253825187683105,0.4404999911785126,1.5732622146606445
211,0.4553999900817871,1.5229779481887817,0.4284999966621399,1.59803307056427
212,0.45500001311302185,1.5219526290893555,0.3880000114440918,1.6920044422149658
213,0.4593999981880188,1.5216875076293945,0.4320000112056732,1.5693031549453735
214,0.45750001072883606,1.5193727016448975,0.42800000309944153,1.580862045288086
215,0.45840001106262207,1.5180057287216187,0.4390000104904175,1.5620777606964111
216,0.4584999978542328,1.5166361331939697,0.41499999165534973,1.6074496507644653
217,0.4577000141143799,1.515037178993225,0.4399999976158142,1.6000621318817139
218,0.4609000086784363,1.515197515487671,0.4415000081062317,1.5815335512161255
219,0.4602000117301941,1.5112814903259277,0.44749999046325684,1.5729788541793823
220,0.45989999175071716,1.5104141235351562,0.43700000643730164,1.563488245010376
221,0.46070000529289246,1.5100127458572388,0.42250001430511475,1.5906531810760498
222,0.46050000190734863,1.5100650787353516,0.4410000145435333,1.5558215379714966
223,0.46070000529289246,1.5094410181045532,0.4399999976158142,1.5751495361328125
224,0.4625000059604645,1.5078970193862915,0.42800000309944153,1.5739818811416626
225,0.4634999930858612,1.5047423839569092,0.4309999942779541,1.5636820793151855
226,0.46549999713897705,1.503068208694458,0.43700000643730164,1.5849148035049438
227,0.462799996137619,1.5034490823745728,0.4410000145435333,1.5542960166931152
228,0.4643999934196472,1.5015250444412231,0.41850000619888306,1.6614494323730469
229,0.4666000008583069,1.5008472204208374,0.4359999895095825,1.6046583652496338
230,0.4627000093460083,1.5011229515075684,0.43650001287460327,1.5576131343841553
231,0.46459999680519104,1.4978001117706299,0.4339999854564667,1.579980492591858
232,0.46369999647140503,1.4981083869934082,0.41200000047683716,1.6270359754562378
233,0.4652000069618225,1.496933937072754,0.4410000145435333,1.56516432762146
234,0.46889999508857727,1.4956501722335815,0.4429999887943268,1.5619488954544067
235,0.4666000008583069,1.494601845741272,0.44699999690055847,1.5477341413497925
236,0.4657999873161316,1.4915826320648193,0.4390000104904175,1.5745104551315308
237,0.4668999910354614,1.4928648471832275,0.4465000033378601,1.5384302139282227
238,0.4684000015258789,1.4900025129318237,0.4375,1.5646291971206665
239,0.46880000829696655,1.4896634817123413,0.43700000643730164,1.575551152229309
240,0.4717999994754791,1.4882102012634277,0.37450000643730164,1.7674654722213745
241,0.4675000011920929,1.4896119832992554,0.4410000145435333,1.5499941110610962
242,0.47350001335144043,1.485519528388977,0.4424999952316284,1.5791469812393188
243,0.4708000123500824,1.4873042106628418,0.4494999945163727,1.5449618101119995
244,0.4690000116825104,1.483476996421814,0.4390000104904175,1.5684518814086914
245,0.4724999964237213,1.4847086668014526,0.45500001311302185,1.5325818061828613
246,0.4747999906539917,1.4800904989242554,0.4494999945163727,1.5424385070800781
247,0.47510001063346863,1.479951024055481,0.44350001215934753,1.5616626739501953
248,0.47360000014305115,1.4812551736831665,0.4375,1.5672498941421509
249,0.4697999954223633,1.4776716232299805,0.4334999918937683,1.5519376993179321
250,0.47679999470710754,1.477927565574646,0.44999998807907104,1.5480045080184937
251,0.47290000319480896,1.4783746004104614,0.4505000114440918,1.534040093421936
252,0.47760000824928284,1.4755860567092896,0.4350000023841858,1.5622777938842773
253,0.4724999964237213,1.476616382598877,0.45350000262260437,1.5463234186172485
254,0.47519999742507935,1.4732574224472046,0.4390000104904175,1.5836317539215088
255,0.4778999984264374,1.472703456878662,0.429500013589859,1.5734965801239014
256,0.4729999899864197,1.4721498489379883,0.43299999833106995,1.5774303674697876
257,0.4763999879360199,1.4733656644821167,0.445499986410141,1.5735303163528442
258,0.474700003862381,1.4715957641601562,0.453000009059906,1.5269784927368164
259,0.47699999809265137,1.469030737876892,0.44449999928474426,1.5243321657180786
260,0.4812000095844269,1.4669461250305176,0.44200000166893005,1.5454390048980713
261,0.4812999963760376,1.4668009281158447,0.45249998569488525,1.548695683479309
262,0.48030000925064087,1.4658112525939941,0.4519999921321869,1.5252394676208496
263,0.4799000024795532,1.465941309928894,0.4505000114440918,1.530896782875061
264,0.48179998993873596,1.464461088180542,0.43700000643730164,1.551908254623413
265,0.4788999855518341,1.4660887718200684,0.4584999978542328,1.522699236869812
266,0.4812999963760376,1.4631911516189575,0.45100000500679016,1.5457209348678589
267,0.4812999963760376,1.4617068767547607,0.46000000834465027,1.522003412246704
268,0.482699990272522,1.462080717086792,0.45899999141693115,1.5204647779464722
269,0.4837000072002411,1.460170030593872,0.453000009059906,1.5166113376617432
270,0.4830999970436096,1.458830714225769,0.44350001215934753,1.570942997932434
271,0.4812000095844269,1.45857572555542,0.4620000123977661,1.514277458190918
272,0.48159998655319214,1.4578502178192139,0.4544999897480011,1.5286251306533813
273,0.4860000014305115,1.4554775953292847,0.45350000262260437,1.5162581205368042
274,0.48240000009536743,1.4563806056976318,0.44449999928474426,1.55573570728302
275,0.4848000109195709,1.4563766717910767,0.43549999594688416,1.5719798803329468
276,0.48350000381469727,1.453859567642212,0.4514999985694885,1.552681565284729
277,0.4814000129699707,1.4536747932434082,0.4620000123977661,1.5247687101364136
278,0.4878000020980835,1.4529504776000977,0.4465000033378601,1.532167673110962
279,0.486299991607666,1.4523794651031494,0.44850000739097595,1.5213356018066406
280,0.48579999804496765,1.4495079517364502,0.4490000009536743,1.548681616783142
281,0.48660001158714294,1.4489293098449707,0.4519999921321869,1.521182894706726
282,0.4887999892234802,1.4498323202133179,0.4415000081062317,1.5145208835601807
283,0.48980000615119934,1.4480104446411133,0.45500001311302185,1.5261701345443726
284,0.4860000014305115,1.4462374448776245,0.4595000147819519,1.5054779052734375
285,0.48489999771118164,1.4462757110595703,0.43050000071525574,1.5682734251022339
286,0.4878000020980835,1.4460084438323975,0.453000009059906,1.5239582061767578
287,0.4909999966621399,1.44521963596344,0.3930000066757202,1.7454266548156738
288,0.48809999227523804,1.4471659660339355,0.46000000834465027,1.5200682878494263
289,0.4927999973297119,1.4416496753692627,0.46000000834465027,1.5073541402816772
290,0.49050000309944153,1.4415737390518188,0.4659999907016754,1.5117164850234985
291,0.4878999888896942,1.441250205039978,0.45399999618530273,1.5056562423706055
292,0.4912000000476837,1.4413713216781616,0.4490000009536743,1.5097702741622925
293,0.49000000953674316,1.4396508932113647,0.44350001215934753,1.534285306930542
294,0.4900999963283539,1.4395184516906738,0.42399999499320984,1.6426663398742676
295,0.4952999949455261,1.4396740198135376,0.4555000066757202,1.5166754722595215
296,0.4925000071525574,1.4361540079116821,0.4514999985694885,1.5327050685882568
297,0.4887000024318695,1.4378151893615723,0.46700000762939453,1.4999932050704956
298,0.4921000003814697,1.4357376098632812,0.4620000123977661,1.5215198993682861
299,0.4893999993801117,1.4358882904052734,0.44200000166893005,1.5403528213500977
300,0.4918000102043152,1.434340476989746,0.4584999978542328,1.5136619806289673
301,0.49320000410079956,1.4351673126220703,0.4415000081062317,1.561681866645813
302,0.4934000074863434,1.432451844215393,0.460999995470047,1.5113625526428223
303,0.49320000410079956,1.431779146194458,0.42500001192092896,1.688720941543579
304,0.4936000108718872,1.4323124885559082,0.4519999921321869,1.5153685808181763
305,0.49219998717308044,1.4310957193374634,0.4104999899864197,1.6429412364959717
306,0.49309998750686646,1.4307838678359985,0.46799999475479126,1.4941701889038086
307,0.4936000108718872,1.4298369884490967,0.44999998807907104,1.5305275917053223
308,0.4993000030517578,1.4273738861083984,0.45350000262260437,1.5194917917251587
309,0.501800000667572,1.425452470779419,0.4699999988079071,1.4852665662765503
310,0.4936999976634979,1.4260307550430298,0.44999998807907104,1.5122666358947754
311,0.4959000051021576,1.4248926639556885,0.4519999921321869,1.5200865268707275
312,0.4961000084877014,1.427310585975647,0.46299999952316284,1.5076755285263062
313,0.4950000047683716,1.4223053455352783,0.4699999988079071,1.502684235572815
314,0.4968000054359436,1.4240925312042236,0.4595000147819519,1.4946293830871582
315,0.4977000057697296,1.4223911762237549,0.46700000762939453,1.496987223625183
316,0.4943999946117401,1.4232405424118042,0.4625000059604645,1.503970980644226
317,0.4945000112056732,1.4222526550292969,0.4684999883174896,1.4920285940170288
318,0.4993000030517578,1.4207868576049805,0.4675000011920929,1.4869829416275024
319,0.4970000088214874,1.4204190969467163,0.45899999141693115,1.5460118055343628
320,0.4984000027179718,1.4176872968673706,0.45350000262260437,1.5146934986114502
321,0.4966000020503998,1.4198471307754517,0.46050000190734863,1.5055325031280518
322,0.4982999861240387,1.4185680150985718,0.45350000262260437,1.5201029777526855
323,0.49880000948905945,1.418149471282959,0.45899999141693115,1.5063228607177734
324,0.5,1.4165241718292236,0.44699999690055847,1.509016990661621
325,0.49869999289512634,1.4164737462997437,0.45500001311302185,1.5096803903579712
326,0.49869999289512634,1.4144163131713867,0.46799999475479126,1.5005403757095337
327,0.4977000057697296,1.414451003074646,0.47450000047683716,1.5033910274505615
328,0.4968000054359436,1.4131861925125122,0.4645000100135803,1.5214141607284546
329,0.5006999969482422,1.4122929573059082,0.46050000190734863,1.5012643337249756
330,0.5020999908447266,1.4112529754638672,0.4544999897480011,1.5118305683135986
331,0.5047000050544739,1.41102933883667,0.46799999475479126,1.5108144283294678
332,0.503600001335144,1.4105525016784668,0.4480000138282776,1.4908045530319214
333,0.4984000027179718,1.410097599029541,0.4595000147819519,1.4892799854278564
334,0.5013999938964844,1.408800482749939,0.4595000147819519,1.4962354898452759
335,0.5037000179290771,1.4086047410964966,0.47049999237060547,1.4808164834976196
336,0.504800021648407,1.4076815843582153,0.4544999897480011,1.5064892768859863
337,0.5008000135421753,1.4074655771255493,0.4580000042915344,1.4913148880004883
338,0.5026000142097473,1.4061670303344727,0.4580000042915344,1.4884215593338013
339,0.5045999884605408,1.4050723314285278,0.4580000042915344,1.5010223388671875
340,0.5027999877929688,1.4046303033828735,0.445499986410141,1.5422688722610474
341,0.4999000132083893,1.4059184789657593,0.47450000047683716,1.481571912765503
342,0.504800021648407,1.4045374393463135,0.46299999952316284,1.5076934099197388
343,0.5084999799728394,1.4020540714263916,0.445499986410141,1.517422080039978
344,0.5067999958992004,1.4040305614471436,0.47099998593330383,1.4820852279663086
345,0.5055999755859375,1.4015133380889893,0.46950000524520874,1.4999442100524902
346,0.5055000185966492,1.4001708030700684,0.4449999928474426,1.5045628547668457
347,0.5029000043869019,1.40185546875,0.4715000092983246,1.4915854930877686
348,0.5059999823570251,1.3987942934036255,0.4625000059604645,1.4917988777160645
349,0.5090000033378601,1.400120496749878,0.42399999499320984,1.5923118591308594
350,0.504800021648407,1.4000693559646606,0.4465000033378601,1.5343024730682373
351,0.5048999786376953,1.3975895643234253,0.4544999897480011,1.492582082748413
352,0.5094000101089478,1.3964077234268188,0.46650001406669617,1.4869775772094727
353,0.503600001335144,1.3955249786376953,0.47049999237060547,1.4990490674972534
354,0.5070000290870667,1.3976335525512695,0.45899999141693115,1.4849660396575928
355,0.5077999830245972,1.3938747644424438,0.45899999141693115,1.497910737991333
356,0.5098999738693237,1.3930869102478027,0.42649999260902405,1.6598482131958008
357,0.5054000020027161,1.3972399234771729,0.4684999883174896,1.4895027875900269
358,0.5049999952316284,1.39399254322052,0.4645000100135803,1.4950587749481201
359,0.5066999793052673,1.3945324420928955,0.43950000405311584,1.572977066040039
360,0.5072000026702881,1.3942387104034424,0.46700000762939453,1.4784340858459473
361,0.5087000131607056,1.389634609222412,0.4595000147819519,1.485812783241272
362,0.5120999813079834,1.3875784873962402,0.45649999380111694,1.4956992864608765
363,0.5084999799728394,1.3896223306655884,0.47999998927116394,1.4909753799438477
364,0.5112000107765198,1.389586091041565,0.4584999978542328,1.495659351348877
365,0.5116000175476074,1.3875975608825684,0.44600000977516174,1.531364917755127
366,0.512499988079071,1.388120174407959,0.45899999141693115,1.4866160154342651
367,0.5090000033378601,1.387780785560608,0.4620000123977661,1.5227233171463013
368,0.5091000199317932,1.387162446975708,0.46950000524520874,1.4795573949813843
369,0.5117999911308289,1.3851525783538818,0.4740000069141388,1.4676382541656494
370,0.5113999843597412,1.3854718208312988,0.46650001406669617,1.483969807624817
371,0.5116000175476074,1.386199951171875,0.4569999873638153,1.5287452936172485
372,0.5121999979019165,1.3846111297607422,0.4390000104904175,1.5482358932495117
373,0.5135999917984009,1.3829033374786377,0.44699999690055847,1.5191287994384766
374,0.5098999738693237,1.3827470541000366,0.46000000834465027,1.476434350013733
375,0.512499988079071,1.3824794292449951,0.46650001406669617,1.4815104007720947
376,0.5146999955177307,1.382524847984314,0.4390000104904175,1.6459673643112183
377,0.5081999897956848,1.382845163345337,0.45500001311302185,1.5081230401992798
378,0.5138000249862671,1.3799166679382324,0.44850000739097595,1.511541485786438
379,0.5112000107765198,1.380422592163086,0.46950000524520874,1.4744515419006348
380,0.5123999714851379,1.3792192935943604,0.46050000190734863,1.4831868410110474
381,0.5117999911308289,1.3762431144714355,0.47699999809265137,1.4606596231460571
382,0.5157999992370605,1.3768384456634521,0.45399999618530273,1.495245099067688
383,0.5148000121116638,1.375891089439392,0.4749999940395355,1.4693677425384521
384,0.5135999917984009,1.374975562095642,0.4634999930858612,1.4817662239074707
385,0.5105999708175659,1.3759697675704956,0.4790000021457672,1.4883981943130493
386,0.5156000256538391,1.373969316482544,0.46950000524520874,1.4811538457870483
387,0.5131000280380249,1.3734526634216309,0.47699999809265137,1.4595566987991333
388,0.5151000022888184,1.3742698431015015,0.47049999237060547,1.4690531492233276
389,0.5160999894142151,1.3727962970733643,0.4235000014305115,1.6062933206558228
390,0.5146999955177307,1.3749133348464966,0.47350001335144043,1.4587092399597168
391,0.5152000188827515,1.3722949028015137,0.47850000858306885,1.4941308498382568
392,0.5160999894142151,1.371765375137329,0.4729999899864197,1.4599040746688843
393,0.5177000164985657,1.3688303232192993,0.4480000138282776,1.5242390632629395
394,0.5174000263214111,1.3706289529800415,0.44350001215934753,1.5504330396652222
395,0.515999972820282,1.3698527812957764,0.46299999952316284,1.4882876873016357
396,0.5146999955177307,1.3698475360870361,0.4519999921321869,1.5126787424087524
397,0.5174999833106995,1.3683462142944336,0.44600000977516174,1.4868439435958862
398,0.5178999900817871,1.3673983812332153,0.4580000042915344,1.5086259841918945
399,0.5163000226020813,1.3690555095672607,0.4569999873638153,1.46250581741333
400,0.5175999999046326,1.366287112236023,0.4754999876022339,1.4646068811416626
401,0.5156000256538391,1.3671468496322632,0.46399998664855957,1.4917044639587402
402,0.5163999795913696,1.3653022050857544,0.46700000762939453,1.4621379375457764
403,0.5196999907493591,1.3642444610595703,0.47850000858306885,1.4739054441452026
404,0.5181999802589417,1.3651043176651,0.46700000762939453,1.4667532444000244
405,0.516700029373169,1.3627161979675293,0.4309999942779541,1.6936334371566772
406,0.5135999917984009,1.3654122352600098,0.460999995470047,1.4759128093719482
407,0.5180000066757202,1.361741542816162,0.4650000035762787,1.4683611392974854
408,0.5238999724388123,1.3612909317016602,0.476500004529953,1.4540410041809082
409,0.5202000141143799,1.3601995706558228,0.47699999809265137,1.4508233070373535
410,0.5199000239372253,1.3579597473144531,0.47049999237060547,1.4866628646850586
411,0.519599974155426,1.3599636554718018,0.4675000011920929,1.4514638185501099
412,0.5184000134468079,1.3594510555267334,0.4424999952316284,1.5446399450302124
413,0.5223000049591064,1.3596848249435425,0.4740000069141388,1.4648076295852661
414,0.5205000042915344,1.3579756021499634,0.4544999897480011,1.4883735179901123
415,0.5199999809265137,1.3584102392196655,0.45649999380111694,1.493408203125
416,0.5210999846458435,1.3564138412475586,0.4620000123977661,1.4876625537872314
417,0.5206000208854675,1.3560951948165894,0.4779999852180481,1.457436203956604
418,0.5228000283241272,1.3564642667770386,0.4189999997615814,1.6300411224365234
419,0.5196999907493591,1.3584213256835938,0.4684999883174896,1.4802781343460083
420,0.5235000252723694,1.353454828262329,0.453000009059906,1.54082453250885
421,0.5217000246047974,1.3541996479034424,0.41749998927116394,1.6645818948745728
422,0.5218999981880188,1.3564872741699219,0.46299999952316284,1.4829437732696533
423,0.5239999890327454,1.3521831035614014,0.47999998927116394,1.49214768409729
424,0.5232999920845032,1.349959135055542,0.4754999876022339,1.481100082397461
425,0.5246999859809875,1.3520095348358154,0.460999995470047,1.4985992908477783
426,0.5268999934196472,1.3512039184570312,0.47350001335144043,1.4531785249710083
427,0.5256999731063843,1.3509138822555542,0.46000000834465027,1.4804435968399048
428,0.5235999822616577,1.3484946489334106,0.47999998927116394,1.4441310167312622
429,0.5232999920845032,1.3493515253067017,0.39750000834465027,1.792867660522461
430,0.5231000185012817,1.353418231010437,0.47350001335144043,1.474639892578125
431,0.5281999707221985,1.3460725545883179,0.47450000047683716,1.4600369930267334
432,0.5235999822616577,1.3454405069351196,0.4449999928474426,1.4895340204238892
433,0.5235999822616577,1.3462449312210083,0.4645000100135803,1.4559717178344727
434,0.5254999995231628,1.3454917669296265,0.4715000092983246,1.4580579996109009
435,0.5234000086784363,1.344573736190796,0.4675000011920929,1.4802231788635254
436,0.5254999995231628,1.3455017805099487,0.47200000286102295,1.4691976308822632
437,0.5277000069618225,1.343416452407837,0.47049999237060547,1.4639970064163208
438,0.5285999774932861,1.3415113687515259,0.46650001406669617,1.4946744441986084
439,0.5282999873161316,1.3420718908309937,0.4729999899864197,1.4465678930282593
440,0.5242999792098999,1.3423714637756348,0.46700000762939453,1.4970911741256714
441,0.5264000296592712,1.3435083627700806,0.4749999940395355,1.455808401107788
442,0.5271000266075134,1.3413385152816772,0.476500004529953,1.4404690265655518
443,0.5230000019073486,1.3404651880264282,0.4724999964237213,1.4949429035186768
444,0.5293999910354614,1.3407573699951172,0.453000009059906,1.5054211616516113
445,0.52920001745224,1.3392516374588013,0.4625000059604645,1.4876158237457275
446,0.52920001745224,1.3399375677108765,0.460999995470047,1.4731825590133667
447,0.5286999940872192,1.336971640586853,0.4519999921321869,1.5874375104904175
448,0.5264000296592712,1.3409518003463745,0.4519999921321869,1.5164892673492432
449,0.5246999859809875,1.339413046836853,0.476500004529953,1.4366008043289185
450,0.5285999774932861,1.336086392402649,0.4690000116825104,1.4776195287704468
451,0.5317999720573425,1.3385082483291626,0.46700000762939453,1.4771029949188232
452,0.5281000137329102,1.3369758129119873,0.46950000524520874,1.4606341123580933
453,0.5325000286102295,1.3336448669433594,0.4699999988079071,1.4482436180114746
454,0.5291000008583069,1.3324987888336182,0.47450000047683716,1.4470882415771484
455,0.5327000021934509,1.3323129415512085,0.47200000286102295,1.471218228340149
456,0.5235000252723694,1.335300087928772,0.46650001406669617,1.510919451713562
457,0.5335000157356262,1.3322746753692627,0.47600001096725464,1.4688128232955933
458,0.5309000015258789,1.3339146375656128,0.4505000114440918,1.5406115055084229
459,0.5307999849319458,1.3308870792388916,0.4754999876022339,1.5010907649993896
460,0.5320000052452087,1.3327871561050415,0.47099998593330383,1.4902395009994507
461,0.5325000286102295,1.3314282894134521,0.45750001072883606,1.5153626203536987
462,0.5295000076293945,1.3310353755950928,0.4544999897480011,1.5186169147491455
463,0.5304999947547913,1.3307207822799683,0.4729999899864197,1.4536659717559814
464,0.5328999757766724,1.3278995752334595,0.4699999988079071,1.4613330364227295
465,0.534600019454956,1.329195261001587,0.4715000092983246,1.4771450757980347
466,0.5349000096321106,1.3292136192321777,0.460999995470047,1.5152713060379028
467,0.5325000286102295,1.3278504610061646,0.4320000112056732,1.5494000911712646
468,0.5302000045776367,1.3254958391189575,0.4675000011920929,1.452823519706726
469,0.5338000059127808,1.3263719081878662,0.4505000114440918,1.5211130380630493
470,0.5320000052452087,1.3265286684036255,0.47999998927116394,1.4487959146499634
471,0.5357999801635742,1.3266491889953613,0.46650001406669617,1.4555422067642212
472,0.5351999998092651,1.325793981552124,0.4754999876022339,1.4401193857192993
473,0.535099983215332,1.3254343271255493,0.47749999165534973,1.4641104936599731
474,0.5310999751091003,1.3248417377471924,0.47749999165534973,1.4507389068603516
475,0.5368000268936157,1.3244402408599854,0.4684999883174896,1.4390989542007446
476,0.5361999869346619,1.3221561908721924,0.4544999897480011,1.5205248594284058
477,0.53329998254776,1.3222012519836426,0.4729999899864197,1.4791535139083862
478,0.5349000096321106,1.3203644752502441,0.4729999899864197,1.4948217868804932
479,0.5338000059127808,1.3214796781539917,0.4465000033378601,1.537612795829773
480,0.5327000021934509,1.3207768201828003,0.47600001096725464,1.4509711265563965
481,0.5351999998092651,1.3179199695587158,0.48399999737739563,1.446582317352295
482,0.5383999943733215,1.317716360092163,0.453000009059906,1.5197702646255493
483,0.5357999801635742,1.3186712265014648,0.47350001335144043,1.4580715894699097
484,0.534600019454956,1.3180768489837646,0.48350000381469727,1.4464448690414429
485,0.5371000170707703,1.3182095289230347,0.4729999899864197,1.4528874158859253
486,0.5360999703407288,1.3175780773162842,0.4830000102519989,1.4356852769851685
487,0.5393999814987183,1.3157812356948853,0.48249998688697815,1.4395705461502075
488,0.5383999943733215,1.3151323795318604,0.4634999930858612,1.5198111534118652
489,0.5386999845504761,1.3171546459197998,0.4794999957084656,1.4325330257415771
490,0.5367000102996826,1.315019130706787,0.46549999713897705,1.5342243909835815
491,0.535099983215332,1.3170956373214722,0.46399998664855957,1.4557645320892334
492,0.5370000004768372,1.3139337301254272,0.47450000047683716,1.4808533191680908
493,0.5393000245094299,1.312321662902832,0.45750001072883606,1.4918304681777954
494,0.5370000004768372,1.3163352012634277,0.4724999964237213,1.458516240119934
495,0.5358999967575073,1.3126720190048218,0.47450000047683716,1.4426710605621338
496,0.5378999710083008,1.311905860900879,0.4595000147819519,1.4869773387908936
497,0.5364999771118164,1.3121956586837769,0.47699999809265137,1.484493374824524
498,0.5356000065803528,1.3132529258728027,0.47350001335144043,1.4439107179641724
499,0.5386000275611877,1.3080500364303589,0.48100000619888306,1.4551669359207153
500,0.5371999740600586,1.3098719120025635,0.4684999883174896,1.4503016471862793
501,0.5407999753952026,1.3091709613800049,0.4819999933242798,1.4794929027557373
502,0.5403000116348267,1.3101221323013306,0.47749999165534973,1.4878913164138794
503,0.5422999858856201,1.3088622093200684,0.47699999809265137,1.4394763708114624
504,0.5415999889373779,1.306916356086731,0.4699999988079071,1.4807747602462769
505,0.5426999926567078,1.3099360466003418,0.48399999737739563,1.4356063604354858
506,0.5400000214576721,1.3082716464996338,0.4724999964237213,1.4531636238098145
507,0.5415999889373779,1.305600643157959,0.47850000858306885,1.445347785949707
508,0.5368000268936157,1.307112455368042,0.4580000042915344,1.508866548538208
509,0.5383999943733215,1.3076999187469482,0.4790000021457672,1.4976837635040283
510,0.5401999950408936,1.305216670036316,0.46299999952316284,1.4657914638519287
511,0.5400999784469604,1.3039829730987549,0.4645000100135803,1.46613609790802
512,0.5410000085830688,1.3025093078613281,0.4684999883174896,1.450399398803711
513,0.5418999791145325,1.30280339717865,0.48249998688697815,1.432650089263916
514,0.5403000116348267,1.3021279573440552,0.46650001406669617,1.5404765605926514
515,0.5396999716758728,1.3046276569366455,0.4684999883174896,1.477901577949524
516,0.5432000160217285,1.3038849830627441,0.4320000112056732,1.546006679534912
517,0.5393999814987183,1.3019872903823853,0.4424999952316284,1.672519564628601
518,0.5400000214576721,1.3051146268844604,0.47450000047683716,1.461305856704712
519,0.541700005531311,1.3007044792175293,0.43799999356269836,1.5745279788970947
520,0.5425000190734863,1.2995177507400513,0.46149998903274536,1.4655154943466187
521,0.5414999723434448,1.2981922626495361,0.4860000014305115,1.4388916492462158
522,0.5424000024795532,1.3001879453659058,0.4659999907016754,1.4763468503952026
523,0.5449000000953674,1.2971105575561523,0.47450000047683716,1.4587903022766113
524,0.54339998960495,1.2977114915847778,0.45500001311302185,1.5257835388183594
525,0.5422999858856201,1.2984575033187866,0.43299999833106995,1.5833325386047363
526,0.545199990272522,1.2975316047668457,0.47600001096725464,1.5113193988800049
527,0.5421000123023987,1.2967188358306885,0.45350000262260437,1.5260041952133179
528,0.5436999797821045,1.297552227973938,0.44600000977516174,1.5779526233673096
529,0.5444999933242798,1.2975070476531982,0.47850000858306885,1.5104330778121948
530,0.5454000234603882,1.2960083484649658,0.4715000092983246,1.4629048109054565
531,0.5439000129699707,1.2959470748901367,0.4860000014305115,1.4319336414337158
532,0.5475999712944031,1.2923598289489746,0.48899999260902405,1.4364858865737915
533,0.5449000000953674,1.2932618856430054,0.4729999899864197,1.447609305381775
534,0.5437999963760376,1.294329047203064,0.476500004529953,1.4596294164657593
535,0.5461000204086304,1.2924851179122925,0.4754999876022339,1.455950140953064
536,0.5450999736785889,1.2918684482574463,0.47200000286102295,1.4939028024673462
537,0.5439000129699707,1.294646978378296,0.4505000114440918,1.5173574686050415
538,0.5465999841690063,1.2916308641433716,0.48249998688697815,1.4278372526168823
539,0.5468999743461609,1.2864140272140503,0.4749999940395355,1.4553426504135132
540,0.5472999811172485,1.289825201034546,0.4749999940395355,1.4432319402694702
541,0.5454000234603882,1.2900269031524658,0.48100000619888306,1.4564353227615356
542,0.5480999946594238,1.2896875143051147,0.4675000011920929,1.4725639820098877
543,0.546999990940094,1.2894599437713623,0.4659999907016754,1.4835116863250732
544,0.5473999977111816,1.2889060974121094,0.47699999809265137,1.4312199354171753
545,0.544700026512146,1.288231372833252,0.43299999833106995,1.5946941375732422
546,0.5489000082015991,1.2899497747421265,0.4625000059604645,1.5019879341125488
547,0.5475000143051147,1.287659764289856,0.4779999852180481,1.4550162553787231
548,0.5485000014305115,1.2856378555297852,0.4659999907016754,1.4961179494857788
549,0.5479000210762024,1.2869489192962646,0.4729999899864197,1.5780532360076904
550,0.546999990940094,1.286401391029358,0.47749999165534973,1.5354723930358887
551,0.5486999750137329,1.285969853401184,0.4909999966621399,1.4457253217697144
552,0.5497000217437744,1.2863940000534058,0.4790000021457672,1.478310227394104
553,0.5472000241279602,1.2849030494689941,0.44600000977516174,1.5548304319381714
554,0.5479000210762024,1.2851921319961548,0.4724999964237213,1.4707748889923096
555,0.5442000031471252,1.2837257385253906,0.4754999876022339,1.4461610317230225
556,0.5478000044822693,1.2837451696395874,0.4729999899864197,1.4783991575241089
557,0.5482000112533569,1.2826433181762695,0.4805000126361847,1.4460465908050537
558,0.5486000180244446,1.2818655967712402,0.4749999940395355,1.468063473701477
559,0.5461999773979187,1.2792954444885254,0.48399999737739563,1.4445686340332031
560,0.5480999946594238,1.282537579536438,0.476500004529953,1.4521543979644775
561,0.5521000027656555,1.2810965776443481,0.4894999861717224,1.431314468383789
562,0.5493000149726868,1.2804746627807617,0.46799999475479126,1.473068356513977
563,0.5507000088691711,1.2793371677398682,0.49050000309944153,1.4371070861816406
564,0.5501999855041504,1.2784353494644165,0.4754999876022339,1.4434400796890259
565,0.5503000020980835,1.2785913944244385,0.4620000123977661,1.5749773979187012
566,0.5504000186920166,1.2785139083862305,0.47049999237060547,1.4486939907073975
567,0.5525000095367432,1.279758095741272,0.4880000054836273,1.4380688667297363
568,0.5479000210762024,1.2761378288269043,0.4724999964237213,1.5346190929412842
569,0.5479000210762024,1.2792433500289917,0.4749999940395355,1.4565571546554565
570,0.5504999756813049,1.2760173082351685,0.4819999933242798,1.4858468770980835
571,0.5529999732971191,1.2740511894226074,0.4855000078678131,1.4341343641281128
572,0.5508999824523926,1.2748645544052124,0.4794999957084656,1.4402681589126587
573,0.5511999726295471,1.2752904891967773,0.4779999852180481,1.4327059984207153
574,0.5486999750137329,1.2728890180587769,0.476500004529953,1.4696065187454224
575,0.5541999936103821,1.2722976207733154,0.47049999237060547,1.478897213935852
576,0.5512999892234802,1.2763564586639404,0.4729999899864197,1.4703692197799683
577,0.5529999732971191,1.273458480834961,0.47999998927116394,1.4369031190872192
578,0.5512999892234802,1.2730211019515991,0.4690000116825104,1.4814878702163696
579,0.5541999936103821,1.2720215320587158,0.45750001072883606,1.5469934940338135
580,0.5527999997138977,1.275515079498291,0.4634999930858612,1.4796401262283325
581,0.5504000186920166,1.2727453708648682,0.48249998688697815,1.445880651473999
582,0.5529999732971191,1.2700363397598267,0.4684999883174896,1.4923045635223389
583,0.5539000034332275,1.2713842391967773,0.4950000047683716,1.4235210418701172
584,0.5523999929428101,1.2679576873779297,0.47600001096725464,1.4551706314086914
585,0.5489000082015991,1.2685205936431885,0.47350001335144043,1.531689167022705
586,0.5533999800682068,1.2706878185272217,0.48350000381469727,1.4251540899276733
587,0.5547999739646912,1.268641710281372,0.4880000054836273,1.4165650606155396
588,0.5546000003814697,1.268052577972412,0.43799999356269836,1.6003061532974243
589,0.5550000071525574,1.2681797742843628,0.48399999737739563,1.4468809366226196
590,0.5507000088691711,1.2654904127120972,0.4869999885559082,1.4338148832321167
591,0.5558000206947327,1.2645349502563477,0.48649999499320984,1.4521777629852295
592,0.5559999942779541,1.2667217254638672,0.4945000112056732,1.4321589469909668
593,0.5551999807357788,1.2642654180526733,0.4544999897480011,1.5334182977676392
594,0.5541999936103821,1.2674731016159058,0.4684999883174896,1.5151931047439575
595,0.5566999912261963,1.2657105922698975,0.492000013589859,1.4245973825454712
596,0.5543000102043152,1.2654414176940918,0.48399999737739563,1.4493430852890015
597,0.5551999807357788,1.2638654708862305,0.4625000059604645,1.466103196144104
598,0.5540000200271606,1.2635267972946167,0.4880000054836273,1.4431082010269165
599,0.5555999875068665,1.263279914855957,0.48500001430511475,1.446815848350525
600,0.5557000041007996,1.26364266872406,0.4779999852180481,1.434224009513855
601,0.5576000213623047,1.261366844177246,0.4690000116825104,1.5304232835769653
602,0.5557000041007996,1.2629700899124146,0.4869999885559082,1.4453096389770508
603,0.5580000281333923,1.2627482414245605,0.47350001335144043,1.4365745782852173
604,0.5544000267982483,1.2630815505981445,0.47699999809265137,1.4783363342285156
605,0.5544999837875366,1.261201024055481,0.47600001096725464,1.4385992288589478
606,0.5569999814033508,1.2610599994659424,0.4684999883174896,1.4858620166778564
607,0.5541999936103821,1.2622132301330566,0.47699999809265137,1.4507224559783936
608,0.5577999949455261,1.2580115795135498,0.4740000069141388,1.5117541551589966
609,0.5562000274658203,1.260067343711853,0.4819999933242798,1.4467365741729736
610,0.5562999844551086,1.2580606937408447,0.47099998593330383,1.4558502435684204
611,0.5569999814033508,1.2574098110198975,0.4860000014305115,1.4197720289230347
612,0.5576000213623047,1.258391261100769,0.48399999737739563,1.434614658355713
613,0.5602999925613403,1.2567613124847412,0.4749999940395355,1.4307668209075928
614,0.5597000122070312,1.2559270858764648,0.4230000078678131,1.6571635007858276
615,0.5575000047683716,1.258264422416687,0.4779999852180481,1.4440221786499023
616,0.5577999949455261,1.2563884258270264,0.49549999833106995,1.4191958904266357
617,0.5595999956130981,1.25645112991333,0.4884999990463257,1.4441795349121094
618,0.5570999979972839,1.256058931350708,0.4814999997615814,1.4791582822799683
619,0.555899977684021,1.2570487260818481,0.40849998593330383,1.7354223728179932
620,0.5575000047683716,1.256818413734436,0.4675000011920929,1.4847617149353027
621,0.5608999729156494,1.2536342144012451,0.48750001192092896,1.4354604482650757
622,0.5600000023841858,1.2525047063827515,0.4625000059604645,1.504650354385376
623,0.5595999956130981,1.2549549341201782,0.4934999942779541,1.4255462884902954
624,0.5626999735832214,1.252955436706543,0.4790000021457672,1.448058843612671
625,0.5598000288009644,1.253207802772522,0.48750001192092896,1.4241455793380737
626,0.558899998664856,1.2515180110931396,0.4950000047683716,1.4167234897613525
627,0.5620999932289124,1.250997543334961,0.48649999499320984,1.4407298564910889
628,0.5598999857902527,1.2514760494232178,0.4699999988079071,1.4771316051483154
629,0.5618000030517578,1.2495063543319702,0.4740000069141388,1.4660190343856812
630,0.5612000226974487,1.2500840425491333,0.47600001096725464,1.450562834739685
631,0.5555999875068665,1.2508033514022827,0.48649999499320984,1.4233531951904297
632,0.5580000281333923,1.2492406368255615,0.460999995470047,1.4776798486709595
633,0.5626000165939331,1.2486594915390015,0.476500004529953,1.49557626247406
634,0.5612000226974487,1.2501190900802612,0.4779999852180481,1.5080281496047974
635,0.5631999969482422,1.2480595111846924,0.49050000309944153,1.421080231666565
636,0.5608000159263611,1.2485411167144775,0.48649999499320984,1.4125159978866577
637,0.5648000240325928,1.2436374425888062,0.45399999618530273,1.5286368131637573
638,0.5598000288009644,1.2476967573165894,0.47749999165534973,1.4431257247924805
639,0.5608000159263611,1.2470835447311401,0.460999995470047,1.5081117153167725
640,0.5609999895095825,1.2460225820541382,0.47600001096725464,1.4485201835632324
641,0.5605000257492065,1.2470040321350098,0.48350000381469727,1.4392156600952148
642,0.5623000264167786,1.2450717687606812,0.4519999921321869,1.5365098714828491
643,0.5598999857902527,1.247501015663147,0.4569999873638153,1.491680383682251
644,0.5570999979972839,1.2445106506347656,0.4749999940395355,1.4575395584106445
645,0.5623000264167786,1.2453787326812744,0.4984999895095825,1.4225596189498901
646,0.564300000667572,1.2417210340499878,0.476500004529953,1.431007742881775
647,0.5616999864578247,1.2432377338409424,0.4325000047683716,1.6059439182281494
648,0.5638999938964844,1.2464817762374878,0.42149999737739563,1.6501469612121582
649,0.5612000226974487,1.2440977096557617,0.49300000071525574,1.425540804862976
650,0.5623000264167786,1.2430334091186523,0.4869999885559082,1.475149154663086
651,0.5667999982833862,1.2396389245986938,0.4794999957084656,1.4415963888168335
652,0.5645999908447266,1.2408148050308228,0.492000013589859,1.4411523342132568
653,0.5656999945640564,1.2383934259414673,0.4580000042915344,1.4691474437713623
654,0.5629000067710876,1.2387913465499878,0.49000000953674316,1.4576529264450073
655,0.5623999834060669,1.239505648612976,0.4814999997615814,1.4381864070892334
656,0.5634999871253967,1.2408291101455688,0.4390000104904175,1.5957484245300293
657,0.5637999773025513,1.2407824993133545,0.4855000078678131,1.4321422576904297
658,0.5613999962806702,1.2371934652328491,0.4884999990463257,1.4367899894714355
659,0.5623000264167786,1.2388043403625488,0.4790000021457672,1.4299745559692383
660,0.5676000118255615,1.2381705045700073,0.45500001311302185,1.52764093875885
661,0.5658000111579895,1.2385118007659912,0.4964999854564667,1.4405866861343384
662,0.5637999773025513,1.2387828826904297,0.4869999885559082,1.4435333013534546
663,0.5649999976158142,1.2377068996429443,0.47999998927116394,1.461885690689087
664,0.5651000142097473,1.2386451959609985,0.46950000524520874,1.4619441032409668
665,0.5666000247001648,1.2374755144119263,0.49149999022483826,1.4376989603042603
666,0.5662000179290771,1.2365995645523071,0.47099998593330383,1.4598100185394287
667,0.5688999891281128,1.2341299057006836,0.4754999876022339,1.4752579927444458
668,0.5655999779701233,1.235324740409851,0.4894999861717224,1.4228909015655518
669,0.5666999816894531,1.2335177659988403,0.41999998688697815,1.6460680961608887
670,0.5648000240325928,1.236991047859192,0.4855000078678131,1.4481074810028076
671,0.5688999891281128,1.2359751462936401,0.4754999876022339,1.448732614517212
672,0.5672000050544739,1.2336466312408447,0.4830000102519989,1.4345123767852783
673,0.5666999816894531,1.2333928346633911,0.4779999852180481,1.4484212398529053
674,0.5713000297546387,1.231399416923523,0.48249998688697815,1.4974530935287476
675,0.5648999810218811,1.2333195209503174,0.4909999966621399,1.4412447214126587
676,0.5654000043869019,1.2309033870697021,0.4855000078678131,1.4369120597839355
677,0.5692999958992004,1.2291606664657593,0.47200000286102295,1.5132511854171753
678,0.5659999847412109,1.229894995689392,0.47850000858306885,1.4416066408157349
679,0.5669999718666077,1.2322077751159668,0.47049999237060547,1.4817463159561157
680,0.5702000260353088,1.2307298183441162,0.46650001406669617,1.4658998250961304
681,0.565500020980835,1.2310723066329956,0.4934999942779541,1.4151548147201538
682,0.5690000057220459,1.2279263734817505,0.46650001406669617,1.4830901622772217
683,0.5665000081062317,1.2301477193832397,0.48750001192092896,1.4380728006362915
684,0.5688999891281128,1.2273218631744385,0.4350000023841858,1.6032065153121948
685,0.5730999708175659,1.2299693822860718,0.4790000021457672,1.4695852994918823
686,0.5697000026702881,1.2290689945220947,0.49300000071525574,1.4628933668136597
687,0.5705999732017517,1.2270656824111938,0.48350000381469727,1.4257854223251343
688,0.5683000087738037,1.2272658348083496,0.46050000190734863,1.5493583679199219
689,0.5683000087738037,1.2271769046783447,0.48500001430511475,1.4541443586349487
690,0.5698999762535095,1.2269959449768066,0.4819999933242798,1.4563299417495728
691,0.5688999891281128,1.2263764142990112,0.38999998569488525,1.865024209022522
692,0.5697000026702881,1.2287812232971191,0.48750001192092896,1.4625014066696167
693,0.5733000040054321,1.223578929901123,0.4959999918937683,1.4391937255859375
694,0.5702999830245972,1.2245069742202759,0.484499990940094,1.453326940536499
695,0.5697000026702881,1.223608136177063,0.492000013589859,1.4438536167144775
696,0.5723000168800354,1.223441481590271,0.4934999942779541,1.4570380449295044
697,0.5740000009536743,1.2236566543579102,0.4925000071525574,1.4212610721588135
698,0.5722000002861023,1.2217475175857544,0.47749999165534973,1.4766337871551514
699,0.571399986743927,1.2232638597488403,0.4699999988079071,1.470555305480957
700,0.5730000138282776,1.2227551937103271,0.4634999930858612,1.4544663429260254
701,0.5727999806404114,1.2213832139968872,0.4884999990463257,1.4226895570755005
702,0.5713000297546387,1.220399022102356,0.47699999809265137,1.467466950416565
703,0.5702000260353088,1.2219277620315552,0.4855000078678131,1.456770420074463
704,0.5715000033378601,1.2214164733886719,0.4984999895095825,1.4311623573303223
705,0.5738000273704529,1.218322992324829,0.47350001335144043,1.4759749174118042
706,0.5738000273704529,1.2208471298217773,0.47699999809265137,1.4567303657531738
707,0.5730999708175659,1.2203389406204224,0.4869999885559082,1.4243450164794922
708,0.5727999806404114,1.2167305946350098,0.5055000185966492,1.4101598262786865
709,0.5759999752044678,1.217257022857666,0.49399998784065247,1.4363012313842773
710,0.574999988079071,1.2185250520706177,0.47749999165534973,1.4465742111206055
711,0.5723999738693237,1.2164280414581299,0.4959999918937683,1.4199705123901367
712,0.5773000121116638,1.2161073684692383,0.47350001335144043,1.4762918949127197
713,0.5692999958992004,1.2179850339889526,0.4975000023841858,1.4199637174606323
714,0.5726000070571899,1.2156888246536255,0.49000000953674316,1.4292024374008179
715,0.5723999738693237,1.2171438932418823,0.4970000088214874,1.4430067539215088
716,0.5745000243186951,1.2151377201080322,0.4884999990463257,1.4253486394882202
717,0.5730999708175659,1.2162542343139648,0.4945000112056732,1.4241536855697632
718,0.5753999948501587,1.2147927284240723,0.48100000619888306,1.4494547843933105
719,0.5735999941825867,1.2149766683578491,0.47699999809265137,1.4897756576538086
720,0.5716999769210815,1.2146172523498535,0.484499990940094,1.436853289604187
721,0.5738000273704529,1.2147852182388306,0.48249998688697815,1.4216278791427612
722,0.5755000114440918,1.2136727571487427,0.4805000126361847,1.4443243741989136
723,0.5778999924659729,1.212051510810852,0.4860000014305115,1.502071738243103
724,0.5766000151634216,1.2137739658355713,0.45100000500679016,1.5211262702941895
725,0.5735999941825867,1.2132909297943115,0.4724999964237213,1.4621672630310059
726,0.5773000121116638,1.213414192199707,0.4779999852180481,1.4670578241348267
727,0.5770000219345093,1.2115111351013184,0.48750001192092896,1.4299943447113037
728,0.5795000195503235,1.2100006341934204,0.4860000014305115,1.464324951171875
729,0.5784000158309937,1.2115511894226074,0.47999998927116394,1.4431029558181763
730,0.5787000060081482,1.2111142873764038,0.4884999990463257,1.4308676719665527
731,0.5769000053405762,1.2085288763046265,0.44350001215934753,1.5719788074493408
732,0.574400007724762,1.2127301692962646,0.4415000081062317,1.5889827013015747
733,0.5763000249862671,1.2105181217193604,0.4794999957084656,1.4439815282821655
734,0.5748999714851379,1.2088806629180908,0.48100000619888306,1.4600193500518799
735,0.5759000182151794,1.2103142738342285,0.47099998593330383,1.5018128156661987
736,0.5764999985694885,1.2099823951721191,0.4880000054836273,1.4343595504760742
737,0.5763999819755554,1.2076064348220825,0.4909999966621399,1.4147310256958008
738,0.5781000256538391,1.207915186882019,0.4934999942779541,1.419562816619873
739,0.5771999955177307,1.2081555128097534,0.49000000953674316,1.4494668245315552
740,0.5748999714851379,1.2071539163589478,0.49300000071525574,1.4385875463485718
741,0.5758000016212463,1.206667423248291,0.44999998807907104,1.5479751825332642
742,0.5776000022888184,1.2065545320510864,0.48350000381469727,1.4565542936325073
743,0.5769000053405762,1.2062212228775024,0.49549999833106995,1.435835361480713
744,0.5794000029563904,1.2031232118606567,0.4830000102519989,1.5622656345367432
745,0.5773000121116638,1.2088005542755127,0.4970000088214874,1.4279756546020508
746,0.5774999856948853,1.204779863357544,0.47600001096725464,1.5144661664962769
747,0.5759000182151794,1.2068127393722534,0.4894999861717224,1.4472041130065918
748,0.5805000066757202,1.2029621601104736,0.49399998784065247,1.4160526990890503
749,0.5777999758720398,1.202370524406433,0.4945000112056732,1.4505892992019653
750,0.579800009727478,1.2030177116394043,0.4659999907016754,1.5065288543701172
751,0.5755000114440918,1.2034833431243896,0.4884999990463257,1.4199985265731812
752,0.5795000195503235,1.2025610208511353,0.4934999942779541,1.4594354629516602
753,0.5807999968528748,1.2031017541885376,0.4934999942779541,1.4192748069763184
754,0.582099974155426,1.2009317874908447,0.48750001192092896,1.436948537826538
755,0.5781000256538391,1.2031854391098022,0.4984999895095825,1.4241161346435547
756,0.5789999961853027,1.2025933265686035,0.5015000104904175,1.4399755001068115
757,0.58160001039505,1.1995699405670166,0.4754999876022339,1.4475898742675781
758,0.5799000263214111,1.1999791860580444,0.48399999737739563,1.4634231328964233
759,0.5788000226020813,1.201704978942871,0.4860000014305115,1.4214805364608765
760,0.5799000263214111,1.201640248298645,0.4884999990463257,1.4317718744277954
761,0.5817000269889832,1.1987537145614624,0.4729999899864197,1.455691933631897
762,0.5813000202178955,1.1984728574752808,0.4675000011920929,1.4488433599472046
763,0.5803999900817871,1.1988890171051025,0.48350000381469727,1.4502581357955933
764,0.5810999870300293,1.1997003555297852,0.4860000014305115,1.4463930130004883
765,0.5788000226020813,1.1980868577957153,0.47699999809265137,1.4749044179916382
766,0.5812000036239624,1.197083592414856,0.4894999861717224,1.4404892921447754
767,0.5809999704360962,1.1979541778564453,0.49149999022483826,1.4308032989501953
768,0.5831999778747559,1.1975375413894653,0.48649999499320984,1.4493451118469238
769,0.5831000208854675,1.1959728002548218,0.4729999899864197,1.535841941833496
770,0.5839999914169312,1.1948659420013428,0.4830000102519989,1.4295299053192139
771,0.5821999907493591,1.1938128471374512,0.4830000102519989,1.4651459455490112
772,0.5837000012397766,1.1949876546859741,0.49300000071525574,1.4454201459884644
773,0.5845999717712402,1.193999171257019,0.4950000047683716,1.4259617328643799
774,0.585099995136261,1.1941168308258057,0.4830000102519989,1.4856290817260742
775,0.5806000232696533,1.1948984861373901,0.4964999854564667,1.4316226243972778
776,0.5824999809265137,1.1938436031341553,0.5,1.4269866943359375
777,0.5827000141143799,1.1954200267791748,0.4934999942779541,1.430635929107666
778,0.5796999931335449,1.1952595710754395,0.4860000014305115,1.4524435997009277
779,0.5834000110626221,1.1928975582122803,0.48899999260902405,1.4599429368972778
780,0.5843999981880188,1.1927441358566284,0.4945000112056732,1.4762203693389893
781,0.5803999900817871,1.194046139717102,0.48399999737739563,1.4810569286346436
782,0.5843999981880188,1.1935811042785645,0.47350001335144043,1.4686243534088135
783,0.583299994468689,1.1927745342254639,0.48500001430511475,1.4840887784957886
784,0.5823000073432922,1.1928759813308716,0.5015000104904175,1.4280155897140503
785,0.5859000086784363,1.190064787864685,0.48899999260902405,1.4146214723587036
786,0.5845999717712402,1.1881754398345947,0.49000000953674316,1.4752637147903442
787,0.5824999809265137,1.1929527521133423,0.4984999895095825,1.4163203239440918
788,0.5871999859809875,1.1907026767730713,0.49399998784065247,1.4533090591430664
789,0.5823000073432922,1.191085934638977,0.4794999957084656,1.4974455833435059
790,0.5843999981880188,1.1922155618667603,0.492000013589859,1.4144139289855957
791,0.5856000185012817,1.1881632804870605,0.492000013589859,1.4406453371047974
792,0.5828999876976013,1.189058542251587,0.49149999022483826,1.4247890710830688
793,0.5859000086784363,1.1902503967285156,0.4894999861717224,1.4453929662704468
794,0.5864999890327454,1.1865845918655396,0.4684999883174896,1.5465104579925537
795,0.5824000239372253,1.1897332668304443,0.4830000102519989,1.5108668804168701
796,0.5831999778747559,1.1893805265426636,0.4830000102519989,1.4490606784820557
797,0.5870000123977661,1.1857414245605469,0.49300000071525574,1.4156162738800049
798,0.5843999981880188,1.1856870651245117,0.44749999046325684,1.5460968017578125
799,0.5820000171661377,1.186570167541504,0.49000000953674316,1.43709135055542
800,0.5843999981880188,1.1853097677230835,0.4339999854564667,1.5917162895202637
801,0.5831999778747559,1.1856683492660522,0.5,1.4179023504257202
802,0.5857999920845032,1.1854125261306763,0.4934999942779541,1.4525138139724731
803,0.5842999815940857,1.1858946084976196,0.5005000233650208,1.4421039819717407
804,0.5838000178337097,1.1850470304489136,0.47749999165534973,1.460607886314392
805,0.5859000086784363,1.1830263137817383,0.4860000014305115,1.4162579774856567
806,0.5875999927520752,1.183122992515564,0.48350000381469727,1.4678614139556885
807,0.5842999815940857,1.182989478111267,0.4860000014305115,1.4538387060165405
808,0.5859000086784363,1.1807925701141357,0.46799999475479126,1.487753987312317
809,0.5860000252723694,1.1828827857971191,0.5005000233650208,1.4265838861465454
810,0.5837000012397766,1.1825928688049316,0.47049999237060547,1.547605276107788
811,0.5841000080108643,1.1876070499420166,0.49000000953674316,1.455814242362976
812,0.5839999914169312,1.1830663681030273,0.4869999885559082,1.4648797512054443
813,0.5885000228881836,1.1825850009918213,0.48649999499320984,1.4412165880203247
814,0.5881999731063843,1.180604338645935,0.47350001335144043,1.4731667041778564
815,0.5889999866485596,1.179020643234253,0.4794999957084656,1.4723700284957886
816,0.5878000259399414,1.1798616647720337,0.48350000381469727,1.4607700109481812
817,0.5874000191688538,1.1816898584365845,0.4754999876022339,1.481656551361084
818,0.5864999890327454,1.1814626455307007,0.4855000078678131,1.4526724815368652
819,0.583899974822998,1.180838942527771,0.4909999966621399,1.4486461877822876
820,0.5889000296592712,1.1806249618530273,0.42250001430511475,1.6942205429077148
821,0.5871999859809875,1.1822028160095215,0.47850000858306885,1.460945963859558
822,0.5906999707221985,1.1792917251586914,0.4964999854564667,1.4341613054275513
823,0.5889999866485596,1.1786590814590454,0.49900001287460327,1.4341826438903809
824,0.5906000137329102,1.1803205013275146,0.4925000071525574,1.4527956247329712
825,0.5902000069618225,1.1786221265792847,0.5005000233650208,1.410003423690796
826,0.5906999707221985,1.1766873598098755,0.4984999895095825,1.412194013595581
827,0.5892000198364258,1.1772847175598145,0.47749999165534973,1.4834516048431396
828,0.5906999707221985,1.1767035722732544,0.49300000071525574,1.4371697902679443
829,0.5900999903678894,1.1759604215621948,0.48899999260902405,1.4409724473953247
830,0.590499997138977,1.1760526895523071,0.484499990940094,1.454339861869812
831,0.586899995803833,1.1772454977035522,0.5,1.43626070022583
832,0.5895000100135803,1.1735424995422363,0.4814999997615814,1.4417316913604736
833,0.5892999768257141,1.1749982833862305,0.4975000023841858,1.4081462621688843
834,0.590499997138977,1.174371361732483,0.49050000309944153,1.4603369235992432
835,0.5916000008583069,1.1752370595932007,0.4869999885559082,1.4933737516403198
836,0.5900999903678894,1.1760385036468506,0.4860000014305115,1.4382238388061523
837,0.5888000130653381,1.1734437942504883,0.49149999022483826,1.447142243385315
838,0.5910000205039978,1.1735886335372925,0.4560000002384186,1.575417160987854
839,0.5892000198364258,1.1729485988616943,0.48350000381469727,1.476589560508728
840,0.5885000228881836,1.1758815050125122,0.4580000042915344,1.548490047454834
841,0.5898000001907349,1.1731029748916626,0.48249998688697815,1.45888352394104
842,0.5928999781608582,1.1719211339950562,0.48500001430511475,1.4919406175613403
843,0.5921000242233276,1.1737146377563477,0.4729999899864197,1.4772279262542725
844,0.5902000069618225,1.1716827154159546,0.4855000078678131,1.4517879486083984
845,0.5900999903678894,1.1710400581359863,0.48249998688697815,1.5010006427764893
846,0.5910000205039978,1.1716911792755127,0.47200000286102295,1.4972580671310425
847,0.586899995803833,1.1729074716567993,0.4860000014305115,1.4364393949508667
848,0.5895000100135803,1.1697168350219727,0.484499990940094,1.461533784866333
849,0.597100019454956,1.1713943481445312,0.49300000071525574,1.4305152893066406
850,0.592199981212616,1.1698813438415527,0.48100000619888306,1.4810696840286255
851,0.592199981212616,1.1707768440246582,0.4925000071525574,1.43679678440094
852,0.5932000279426575,1.1699049472808838,0.4805000126361847,1.471476435661316
853,0.5909000039100647,1.1689785718917847,0.48899999260902405,1.439064383506775
854,0.5924999713897705,1.1684144735336304,0.4950000047683716,1.439863681793213
855,0.5916000008583069,1.1692969799041748,0.4975000023841858,1.4323590993881226
856,0.589900016784668,1.167925238609314,0.48649999499320984,1.4381712675094604
857,0.5940999984741211,1.1650742292404175,0.48750001192092896,1.443591833114624
858,0.5914000272750854,1.1665781736373901,0.4894999861717224,1.4486576318740845
859,0.5925999879837036,1.1650711297988892,0.4925000071525574,1.4522501230239868
860,0.590499997138977,1.1694306135177612,0.48750001192092896,1.4364694356918335
861,0.5935999751091003,1.1643986701965332,0.4925000071525574,1.462398886680603
862,0.5934000015258789,1.1659992933273315,0.4909999966621399,1.440335988998413
863,0.5934000015258789,1.1640369892120361,0.47850000858306885,1.4750641584396362
864,0.5932999849319458,1.166979193687439,0.4724999964237213,1.5297051668167114
865,0.5945000052452087,1.1643227338790894,0.4884999990463257,1.4368609189987183
866,0.5942999720573425,1.1655837297439575,0.49300000071525574,1.4267300367355347
867,0.5952000021934509,1.1646263599395752,0.4934999942779541,1.4418703317642212
868,0.5949000120162964,1.1644296646118164,0.5019999742507935,1.4243626594543457
869,0.5932000279426575,1.1615620851516724,0.49050000309944153,1.4524037837982178
870,0.5990999937057495,1.1628496646881104,0.4909999966621399,1.4387924671173096
871,0.595300018787384,1.1608965396881104,0.5074999928474426,1.4177712202072144
872,0.5960999727249146,1.1616591215133667,0.49149999022483826,1.423438310623169
873,0.5932999849319458,1.1619744300842285,0.43799999356269836,1.6765400171279907
874,0.5958999991416931,1.1661405563354492,0.4964999854564667,1.4554107189178467
875,0.5963000059127808,1.16007661819458,0.48500001430511475,1.4796379804611206
876,0.5965999960899353,1.1611883640289307,0.4855000078678131,1.4671977758407593
877,0.592199981212616,1.1610721349716187,0.503000020980835,1.432452917098999
878,0.5968000292778015,1.1598470211029053,0.4975000023841858,1.4407585859298706
879,0.5943999886512756,1.1589272022247314,0.48750001192092896,1.4603644609451294
880,0.5953999757766724,1.1595784425735474,0.476500004529953,1.4861299991607666
881,0.5953999757766724,1.1602354049682617,0.4814999997615814,1.473175048828125
882,0.5910000205039978,1.1621900796890259,0.4779999852180481,1.5521453619003296
883,0.5942000150680542,1.1620161533355713,0.460999995470047,1.4957289695739746
884,0.5935999751091003,1.161220908164978,0.5044999718666077,1.4189218282699585
885,0.5989999771118164,1.1574338674545288,0.5074999928474426,1.4239623546600342
886,0.5983999967575073,1.1582506895065308,0.47999998927116394,1.5126080513000488
887,0.5999000072479248,1.156670331954956,0.5084999799728394,1.4424713850021362
888,0.5979999899864197,1.157439112663269,0.46149998903274536,1.5443681478500366
889,0.5964000225067139,1.1609582901000977,0.49000000953674316,1.4552068710327148
890,0.5965999960899353,1.1560806035995483,0.47850000858306885,1.5082653760910034
891,0.597000002861023,1.1554806232452393,0.4964999854564667,1.4397279024124146
892,0.5943999886512756,1.1564579010009766,0.484499990940094,1.5216549634933472
893,0.5972999930381775,1.157794713973999,0.48750001192092896,1.438759684562683
894,0.595300018787384,1.1574405431747437,0.4909999966621399,1.4262640476226807
895,0.5953999757766724,1.1536400318145752,0.4884999990463257,1.427626132965088
896,0.5974000096321106,1.1542365550994873,0.4925000071525574,1.431087613105774
897,0.5999000072479248,1.1555538177490234,0.4650000035762787,1.53250253200531
898,0.5953999757766724,1.1572002172470093,0.48399999737739563,1.4649713039398193
899,0.5965999960899353,1.1543300151824951,0.4925000071525574,1.4772319793701172
900,0.5985000133514404,1.154870867729187,0.4675000011920929,1.5534048080444336
901,0.6019999980926514,1.155083179473877,0.5,1.4366356134414673
902,0.5978000164031982,1.1550625562667847,0.4729999899864197,1.5243804454803467
903,0.5965999960899353,1.15420663356781,0.49050000309944153,1.4322248697280884
904,0.5975000262260437,1.15147066116333,0.4684999883174896,1.5462232828140259
905,0.5953999757766724,1.1551629304885864,0.48649999499320984,1.439778208732605
906,0.5981000065803528,1.151896595954895,0.47049999237060547,1.5285024642944336
907,0.5965999960899353,1.1543819904327393,0.4584999978542328,1.5648653507232666
908,0.5986999869346619,1.152251958847046,0.4794999957084656,1.4638276100158691
909,0.5982000231742859,1.1506465673446655,0.49050000309944153,1.4578241109848022
910,0.6010000109672546,1.1520147323608398,0.4505000114440918,1.5624202489852905
911,0.5975000262260437,1.1518430709838867,0.4894999861717224,1.4330251216888428
912,0.6000000238418579,1.1524688005447388,0.47699999809265137,1.4954230785369873
913,0.6007000207901001,1.1522104740142822,0.4869999885559082,1.4775817394256592
914,0.5996999740600586,1.1482962369918823,0.46950000524520874,1.477358341217041
915,0.5996000170707703,1.1495753526687622,0.4950000047683716,1.4273695945739746
916,0.5995000004768372,1.1508278846740723,0.4975000023841858,1.437442421913147
917,0.5983999967575073,1.1489964723587036,0.4970000088214874,1.4513368606567383
918,0.6014000177383423,1.1497042179107666,0.48750001192092896,1.4455918073654175
919,0.597100019454956,1.1491445302963257,0.49399998784065247,1.436456561088562
920,0.6028000116348267,1.1474931240081787,0.4729999899864197,1.5955640077590942
921,0.6000000238418579,1.1475927829742432,0.4884999990463257,1.4496062994003296
922,0.6015999913215637,1.1464592218399048,0.4860000014305115,1.4679150581359863
923,0.5986999869346619,1.1487516164779663,0.4884999990463257,1.4305692911148071
924,0.6017000079154968,1.1473661661148071,0.49050000309944153,1.4739280939102173
925,0.6018000245094299,1.1460374593734741,0.5009999871253967,1.4293887615203857
926,0.598800003528595,1.1468309164047241,0.48750001192092896,1.452510118484497
927,0.6044999957084656,1.143913984298706,0.46549999713897705,1.5326006412506104
928,0.6019999980926514,1.1468985080718994,0.4855000078678131,1.5005601644515991
929,0.6007000207901001,1.1439595222473145,0.4934999942779541,1.4530121088027954
930,0.5990999937057495,1.1440298557281494,0.49900001287460327,1.4316380023956299
931,0.6017000079154968,1.1442747116088867,0.4860000014305115,1.4360096454620361
932,0.6033999919891357,1.144883155822754,0.48100000619888306,1.5378623008728027
933,0.6021000146865845,1.1469706296920776,0.4790000021457672,1.4637187719345093
934,0.6008999943733215,1.1455128192901611,0.47049999237060547,1.5811333656311035
935,0.5978999733924866,1.146365761756897,0.47049999237060547,1.53279709815979
936,0.5996999740600586,1.1431044340133667,0.49399998784065247,1.4406057596206665
937,0.5997999906539917,1.1431406736373901,0.4659999907016754,1.5919017791748047
938,0.6001999974250793,1.1441638469696045,0.4909999966621399,1.4633864164352417
939,0.6017000079154968,1.142044186592102,0.4909999966621399,1.4279837608337402
940,0.6039000153541565,1.1390358209609985,0.4970000088214874,1.4303092956542969
941,0.6014999747276306,1.1409538984298706,0.46399998664855957,1.5326650142669678
942,0.6004999876022339,1.1430628299713135,0.4569999873638153,1.565637469291687
943,0.5978999733924866,1.140579342842102,0.4925000071525574,1.4737820625305176
944,0.6000000238418579,1.139967679977417,0.4399999976158142,1.6879374980926514
945,0.6050999760627747,1.1425201892852783,0.4855000078678131,1.4584245681762695
946,0.597000002861023,1.1408371925354004,0.4925000071525574,1.5192193984985352
947,0.602400004863739,1.1397383213043213,0.49000000953674316,1.435660719871521
948,0.6013000011444092,1.141044020652771,0.476500004529953,1.5074604749679565
949,0.6013000011444092,1.1400046348571777,0.44749999046325684,1.5969622135162354
950,0.6013000011444092,1.1418299674987793,0.5015000104904175,1.4183357954025269
951,0.6040999889373779,1.137628436088562,0.49549999833106995,1.4430779218673706
952,0.6026999950408936,1.1393901109695435,0.460999995470047,1.529142141342163
953,0.6037999987602234,1.1380228996276855,0.4909999966621399,1.4487215280532837
954,0.6043999791145325,1.1370930671691895,0.4959999918937683,1.4300726652145386
955,0.6050000190734863,1.1385064125061035,0.49549999833106995,1.4189059734344482
956,0.6043999791145325,1.1364682912826538,0.4805000126361847,1.467092752456665
957,0.6025000214576721,1.135918378829956,0.5040000081062317,1.441286563873291
958,0.6061000227928162,1.135402798652649,0.48500001430511475,1.466819405555725
959,0.6065999865531921,1.136009931564331,0.49300000071525574,1.425416350364685
960,0.6025000214576721,1.1351019144058228,0.48899999260902405,1.4465107917785645
961,0.6057999730110168,1.1338541507720947,0.4794999957084656,1.484902024269104
962,0.603600025177002,1.1362063884735107,0.5040000081062317,1.4168856143951416
963,0.6061999797821045,1.1346135139465332,0.4884999990463257,1.4937411546707153
964,0.6075000166893005,1.1336948871612549,0.47200000286102295,1.5061514377593994
965,0.6072999835014343,1.1325520277023315,0.4819999933242798,1.4949442148208618
966,0.6004999876022339,1.137252688407898,0.48649999499320984,1.4763448238372803
967,0.6071000099182129,1.133471131324768,0.4779999852180481,1.4915121793746948
968,0.6060000061988831,1.134034514427185,0.4934999942779541,1.4476865530014038
969,0.6050000190734863,1.134150505065918,0.453000009059906,1.5910197496414185
970,0.6025999784469604,1.1356512308120728,0.4984999895095825,1.4483333826065063
971,0.6061999797821045,1.1320964097976685,0.46149998903274536,1.520754098892212
972,0.6029000282287598,1.1336826086044312,0.49549999833106995,1.4326703548431396
973,0.6075000166893005,1.1323702335357666,0.4945000112056732,1.462892770767212
974,0.6046000123023987,1.133394718170166,0.48350000381469727,1.4754607677459717
975,0.6053000092506409,1.1303038597106934,0.49900001287460327,1.4231562614440918
976,0.6072999835014343,1.1315460205078125,0.4964999854564667,1.4525296688079834
977,0.6054999828338623,1.1328051090240479,0.48649999499320984,1.4705183506011963
978,0.6049000024795532,1.131216049194336,0.4934999942779541,1.4269837141036987
979,0.6069999933242798,1.1304906606674194,0.47450000047683716,1.4817880392074585
980,0.607200026512146,1.1294548511505127,0.46700000762939453,1.4984413385391235
981,0.6107000112533569,1.12835693359375,0.47749999165534973,1.4804682731628418
982,0.6075999736785889,1.1283602714538574,0.48750001192092896,1.4562835693359375
983,0.6055999994277954,1.1249699592590332,0.4724999964237213,1.533531665802002
984,0.6032000184059143,1.1292530298233032,0.4894999861717224,1.4706798791885376
985,0.6065000295639038,1.1285780668258667,0.5005000233650208,1.4401758909225464
986,0.6087999939918518,1.1262307167053223,0.49050000309944153,1.496312141418457
987,0.6078000068664551,1.125476360321045,0.4805000126361847,1.4893889427185059
988,0.6083999872207642,1.1277390718460083,0.48350000381469727,1.4978936910629272
989,0.6053000092506409,1.1279911994934082,0.5044999718666077,1.4190624952316284
990,0.6040999889373779,1.12558913230896,0.49900001287460327,1.4548112154006958
991,0.6093999743461609,1.1268770694732666,0.46050000190734863,1.5592372417449951
992,0.6083999872207642,1.1279077529907227,0.4964999854564667,1.4579051733016968
993,0.6035000085830688,1.1281999349594116,0.49950000643730164,1.4526294469833374
994,0.6097000241279602,1.1258957386016846,0.4684999883174896,1.5847913026809692
995,0.6114000082015991,1.1253265142440796,0.5,1.4327986240386963
996,0.6083999872207642,1.1237962245941162,0.5070000290870667,1.4269064664840698
997,0.6087999939918518,1.1246052980422974,0.484499990940094,1.4507286548614502
998,0.6096000075340271,1.1232423782348633,0.4975000023841858,1.4759982824325562
999,0.6068000197410583,1.126908779144287,0.49900001287460327,1.427483081817627
