epoch,accuracy,loss,val_accuracy,val_loss
0,0.11420000344514847,2.3192877769470215,0.1120000034570694,2.300873279571533
1,0.12520000338554382,2.294544219970703,0.14149999618530273,2.2880475521087646
2,0.13770000636577606,2.28469181060791,0.148499995470047,2.280702590942383
3,0.1386999934911728,2.2770957946777344,0.15950000286102295,2.273730754852295
4,0.15109999477863312,2.2688148021698,0.16500000655651093,2.2652580738067627
5,0.16189999878406525,2.2585058212280273,0.17800000309944153,2.2539145946502686
6,0.17630000412464142,2.2461702823638916,0.1940000057220459,2.2415168285369873
7,0.19110000133514404,2.23335599899292,0.19949999451637268,2.2288763523101807
8,0.19920000433921814,2.219251871109009,0.21649999916553497,2.2138242721557617
9,0.21629999577999115,2.203434705734253,0.2150000035762787,2.1975207328796387
10,0.22349999845027924,2.1859002113342285,0.23000000417232513,2.1797280311584473
11,0.23119999468326569,2.1665501594543457,0.24300000071525574,2.1608364582061768
12,0.2395000010728836,2.146225690841675,0.23149999976158142,2.14030122756958
13,0.24390000104904175,2.12518572807312,0.2565000057220459,2.1184051036834717
14,0.2531999945640564,2.1047115325927734,0.257999986410141,2.0988824367523193
15,0.257999986410141,2.0851430892944336,0.2565000057220459,2.081458330154419
16,0.26170000433921814,2.067629098892212,0.25600001215934753,2.0662033557891846
17,0.2667999863624573,2.0519988536834717,0.26750001311302185,2.0519840717315674
18,0.2669000029563904,2.038689374923706,0.2705000042915344,2.0378003120422363
19,0.2700999975204468,2.026012420654297,0.27000001072883606,2.0273282527923584
20,0.27239999175071716,2.0158193111419678,0.27300000190734863,2.020864963531494
21,0.2736000120639801,2.007129192352295,0.27799999713897705,2.009709119796753
22,0.2800999879837036,1.9979697465896606,0.27000001072883606,2.0151872634887695
23,0.28049999475479126,1.99104905128479,0.2800000011920929,1.9976798295974731
24,0.2842999994754791,1.9838849306106567,0.2745000123977661,2.0016324520111084
25,0.2867000102996826,1.9778789281845093,0.2854999899864197,1.9810959100723267
26,0.28859999775886536,1.971053123474121,0.27149999141693115,1.9816136360168457
27,0.2906999886035919,1.9655311107635498,0.289000004529953,1.9715534448623657
28,0.2930999994277954,1.959989070892334,0.2955000102519989,1.9690613746643066
29,0.29660001397132874,1.9549070596694946,0.29350000619888306,1.9632511138916016
30,0.2994999885559082,1.9498671293258667,0.29249998927116394,1.9547293186187744
31,0.30230000615119934,1.9444776773452759,0.2955000102519989,1.9540265798568726
32,0.3061000108718872,1.9400222301483154,0.28999999165534973,1.9465351104736328
33,0.30630001425743103,1.9351900815963745,0.29600000381469727,1.94179105758667
34,0.30790001153945923,1.930894136428833,0.2994999885559082,1.942897081375122
35,0.30959999561309814,1.9254083633422852,0.3059999942779541,1.9395242929458618
36,0.31310001015663147,1.921746850013733,0.2994999885559082,1.9401251077651978
37,0.31470000743865967,1.9167894124984741,0.30399999022483826,1.9232401847839355
38,0.3172999918460846,1.9119994640350342,0.3034999966621399,1.9194931983947754
39,0.320499986410141,1.9075201749801636,0.30000001192092896,1.919748306274414
40,0.32269999384880066,1.9017795324325562,0.3089999854564667,1.9181647300720215
41,0.3244999945163727,1.8988502025604248,0.30000001192092896,1.922912836074829
42,0.32499998807907104,1.8940041065216064,0.3109999895095825,1.9060893058776855
43,0.32420000433921814,1.889302372932434,0.30649998784065247,1.9037564992904663
44,0.32670000195503235,1.885121464729309,0.32199999690055847,1.8927185535430908
45,0.33230000734329224,1.8804335594177246,0.32199999690055847,1.8897624015808105
46,0.3359000086784363,1.8759887218475342,0.31150001287460327,1.9012866020202637
47,0.3343999981880188,1.8713427782058716,0.32600000500679016,1.8849778175354004
48,0.33719998598098755,1.8673573732376099,0.3215000033378601,1.877333402633667
49,0.3400000035762787,1.8618475198745728,0.3319999873638153,1.8750814199447632
50,0.34290000796318054,1.857924222946167,0.3269999921321869,1.8735988140106201
51,0.3431999981403351,1.8528168201446533,0.32899999618530273,1.8683699369430542
52,0.34779998660087585,1.847718596458435,0.3294999897480011,1.864170789718628
53,0.3472000062465668,1.8445625305175781,0.32199999690055847,1.8632044792175293
54,0.34950000047683716,1.8408699035644531,0.3345000147819519,1.8573070764541626
55,0.349700003862381,1.8349103927612305,0.3269999921321869,1.8594911098480225
56,0.35350000858306885,1.830735683441162,0.32899999618530273,1.8525807857513428
57,0.35409998893737793,1.8266230821609497,0.3434999883174896,1.845747470855713
58,0.35190001130104065,1.823046326637268,0.3310000002384186,1.8547078371047974
59,0.3562000095844269,1.8197336196899414,0.3244999945163727,1.8536734580993652
60,0.357699990272522,1.8138014078140259,0.34850001335144043,1.8463549613952637
61,0.3587000072002411,1.8101577758789062,0.3474999964237213,1.8437049388885498
62,0.361299991607666,1.8048046827316284,0.3269999921321869,1.8679046630859375
63,0.35910001397132874,1.8018531799316406,0.3305000066757202,1.8470865488052368
64,0.3614000082015991,1.7977136373519897,0.3319999873638153,1.830488920211792
65,0.36570000648498535,1.7919541597366333,0.3544999957084656,1.813759446144104
66,0.36660000681877136,1.7892377376556396,0.3440000116825104,1.8183077573776245
67,0.36719998717308044,1.785720944404602,0.35600000619888306,1.807708501815796
68,0.3700000047683716,1.7810336351394653,0.35499998927116394,1.8114979267120361
69,0.36660000681877136,1.7767175436019897,0.3425000011920929,1.8128691911697388
70,0.37220001220703125,1.77388596534729,0.3425000011920929,1.8141030073165894
71,0.3725000023841858,1.7703673839569092,0.35199999809265137,1.7999696731567383
72,0.37369999289512634,1.76569664478302,0.3425000011920929,1.8043079376220703
73,0.37450000643730164,1.7614338397979736,0.351500004529953,1.799349069595337
74,0.37619999051094055,1.7577420473098755,0.3540000021457672,1.79094660282135
75,0.3756999969482422,1.754110336303711,0.36149999499320984,1.7924712896347046
76,0.3783999979496002,1.7511297464370728,0.3540000021457672,1.7965847253799438
77,0.382099986076355,1.7473936080932617,0.3490000069141388,1.7797337770462036
78,0.3799999952316284,1.7427173852920532,0.35899999737739563,1.825429916381836
79,0.3828999996185303,1.738723635673523,0.35850000381469727,1.7797064781188965
80,0.38769999146461487,1.7367173433303833,0.34450000524520874,1.805133581161499
81,0.3865000009536743,1.7334452867507935,0.37700000405311584,1.7553693056106567
82,0.3882000148296356,1.7301239967346191,0.3564999997615814,1.7766913175582886
83,0.3896999955177307,1.7260690927505493,0.3659999966621399,1.7906299829483032
84,0.3917999863624573,1.723829746246338,0.36000001430511475,1.7640058994293213
85,0.3935000002384186,1.7184211015701294,0.34150001406669617,1.7961968183517456
86,0.3946000039577484,1.715682864189148,0.3634999990463257,1.7463724613189697
87,0.39430001378059387,1.7119814157485962,0.3555000126361847,1.7550100088119507
88,0.39660000801086426,1.7101136445999146,0.3644999861717224,1.74431574344635
89,0.3946000039577484,1.7055373191833496,0.37299999594688416,1.757836937904358
90,0.39629998803138733,1.7039052248001099,0.3449999988079071,1.775676965713501
91,0.3970000147819519,1.6993542909622192,0.3824999928474426,1.756036639213562
92,0.3982999920845032,1.6971052885055542,0.36800000071525574,1.806000828742981
93,0.3995000123977661,1.6929433345794678,0.3824999928474426,1.744675636291504
94,0.40149998664855957,1.6893950700759888,0.3779999911785126,1.7252577543258667
95,0.4016999900341034,1.6868537664413452,0.3695000112056732,1.7362009286880493
96,0.4016000032424927,1.682711124420166,0.34599998593330383,1.8472990989685059
97,0.40779998898506165,1.6808384656906128,0.3855000138282776,1.7120945453643799
98,0.4065000116825104,1.6758675575256348,0.37599998712539673,1.7642489671707153
99,0.40790000557899475,1.6733266115188599,0.38350000977516174,1.7134963274002075
100,0.40450000762939453,1.6708835363388062,0.375,1.7269030809402466
101,0.40689998865127563,1.6675175428390503,0.351500004529953,1.7800894975662231
102,0.4074000120162964,1.6648848056793213,0.3425000011920929,1.7782576084136963
103,0.4074000120162964,1.6630877256393433,0.3790000081062317,1.7389273643493652
104,0.4108000099658966,1.658951997756958,0.37450000643730164,1.7320202589035034
105,0.4090999960899353,1.6556048393249512,0.3765000104904175,1.7077751159667969
106,0.40790000557899475,1.653394103050232,0.36800000071525574,1.7183442115783691
107,0.41019999980926514,1.6500463485717773,0.38850000500679016,1.6978344917297363
108,0.4122999906539917,1.6469876766204834,0.3919999897480011,1.6869062185287476
109,0.412200003862381,1.6433371305465698,0.39500001072883606,1.678538203239441
110,0.4163999855518341,1.6406879425048828,0.3734999895095825,1.7191818952560425
111,0.4185999929904938,1.638765811920166,0.3804999887943268,1.7152825593948364
112,0.4147999882698059,1.635827898979187,0.3869999945163727,1.6935570240020752
113,0.4154999852180481,1.6328893899917603,0.3865000009536743,1.6885970830917358
114,0.4212000072002411,1.6299406290054321,0.38449999690055847,1.754487156867981
115,0.41760000586509705,1.628667950630188,0.3714999854564667,1.7625893354415894
116,0.4198000133037567,1.627716302871704,0.3824999928474426,1.6889078617095947
117,0.41940000653266907,1.621759057044983,0.3959999978542328,1.6848316192626953
118,0.420199990272522,1.6205776929855347,0.3959999978542328,1.6723190546035767
119,0.4230000078678131,1.6184619665145874,0.39800000190734863,1.6516003608703613
120,0.42160001397132874,1.6147977113723755,0.38999998569488525,1.6642394065856934
121,0.42419999837875366,1.612606167793274,0.39100000262260437,1.671363115310669
122,0.4260999858379364,1.6086448431015015,0.40149998664855957,1.6539506912231445
123,0.4244000017642975,1.6071529388427734,0.40950000286102295,1.6677528619766235
124,0.42489999532699585,1.6049083471298218,0.4025000035762787,1.6478697061538696
125,0.42480000853538513,1.6020368337631226,0.3804999887943268,1.7421294450759888
126,0.43059998750686646,1.5999563932418823,0.4124999940395355,1.6582300662994385
127,0.4300999939441681,1.5977414846420288,0.3955000042915344,1.668548822402954
128,0.42899999022483826,1.5941276550292969,0.390500009059906,1.7320703268051147
129,0.43149998784065247,1.5946815013885498,0.39800000190734863,1.6314009428024292
130,0.4311000108718872,1.5902793407440186,0.4099999964237213,1.6280498504638672
131,0.4320000112056732,1.5894259214401245,0.4025000035762787,1.6602343320846558
132,0.4318999946117401,1.586883544921875,0.4050000011920929,1.6303035020828247
133,0.4350000023841858,1.5830166339874268,0.3970000147819519,1.6564586162567139
134,0.439300000667572,1.5810589790344238,0.4090000092983246,1.6252580881118774
135,0.4339999854564667,1.5800532102584839,0.4059999883174896,1.6546545028686523
136,0.4361000061035156,1.5789599418640137,0.38600000739097595,1.6487550735473633
137,0.43389999866485596,1.5762861967086792,0.4115000069141388,1.6202824115753174
138,0.43700000643730164,1.5746899843215942,0.40700000524520874,1.6127307415008545
139,0.43869999051094055,1.57158625125885,0.40849998593330383,1.6147613525390625
140,0.44029998779296875,1.5677248239517212,0.41200000047683716,1.6675282716751099
141,0.43630000948905945,1.567335605621338,0.398499995470047,1.6678481101989746
142,0.4404999911785126,1.5662628412246704,0.4074999988079071,1.6719428300857544
143,0.44040000438690186,1.565809726715088,0.41749998927116394,1.6084200143814087
144,0.4422000050544739,1.5628761053085327,0.4065000116825104,1.6202871799468994
145,0.43709999322891235,1.5620288848876953,0.39649999141693115,1.6228550672531128
146,0.4438999891281128,1.5570719242095947,0.40849998593330383,1.6250717639923096
147,0.4415000081062317,1.556514024734497,0.40700000524520874,1.620918869972229
148,0.44769999384880066,1.5536317825317383,0.3384999930858612,1.8493727445602417
149,0.44179999828338623,1.558321237564087,0.375,1.8052849769592285
150,0.444599986076355,1.5529520511627197,0.3995000123977661,1.615087628364563
151,0.4487999975681305,1.5485016107559204,0.39649999141693115,1.6415319442749023
152,0.4481000006198883,1.5480291843414307,0.3894999921321869,1.6904046535491943
153,0.44679999351501465,1.5467358827590942,0.4020000100135803,1.646046757698059
154,0.4505000114440918,1.545212745666504,0.42250001430511475,1.5871154069900513
155,0.4519999921321869,1.5414701700210571,0.3955000042915344,1.647125005722046
156,0.4496000111103058,1.5430549383163452,0.4099999964237213,1.6268033981323242
157,0.45010000467300415,1.539367437362671,0.40849998593330383,1.6210873126983643
158,0.44929999113082886,1.5361106395721436,0.4074999988079071,1.608464002609253
159,0.44929999113082886,1.5373725891113281,0.4090000092983246,1.6571706533432007
160,0.45399999618530273,1.5345126390457153,0.40049999952316284,1.6421763896942139
161,0.453900009393692,1.531295657157898,0.4230000078678131,1.604507565498352
162,0.4523000121116638,1.530267357826233,0.4000000059604645,1.6773864030838013
163,0.45579999685287476,1.5290607213974,0.4154999852180481,1.594926118850708
164,0.4553000032901764,1.5274251699447632,0.39250001311302185,1.6424145698547363
165,0.4544999897480011,1.5275280475616455,0.4269999861717224,1.5801494121551514
166,0.4587000012397766,1.5244470834732056,0.4169999957084656,1.59096360206604
167,0.45840001106262207,1.5224511623382568,0.4205000102519989,1.5847768783569336
168,0.4603999853134155,1.519687294960022,0.3995000123977661,1.6971582174301147
169,0.45890000462532043,1.5220943689346313,0.42899999022483826,1.5765348672866821
170,0.45969998836517334,1.5197956562042236,0.40799999237060547,1.635277271270752
171,0.4586000144481659,1.52070951461792,0.3059999942779541,2.177727699279785
172,0.4602999985218048,1.5245707035064697,0.4034999907016754,1.6409813165664673
173,0.45809999108314514,1.5165454149246216,0.41100001335144043,1.6029912233352661
174,0.4625999927520752,1.5145955085754395,0.40149998664855957,1.652420163154602
175,0.46459999680519104,1.5123594999313354,0.4129999876022339,1.6298555135726929
176,0.4643999934196472,1.5101271867752075,0.4154999852180481,1.5673028230667114
177,0.46700000762939453,1.5082736015319824,0.4230000078678131,1.5905909538269043
178,0.46230000257492065,1.506592869758606,0.4359999895095825,1.5680285692214966
179,0.4620000123977661,1.5069729089736938,0.42399999499320984,1.5825470685958862
180,0.4675000011920929,1.5042214393615723,0.421999990940094,1.6317365169525146
181,0.46549999713897705,1.504388689994812,0.4284999966621399,1.567022442817688
182,0.46560001373291016,1.5033105611801147,0.4300000071525574,1.5886656045913696
183,0.4650000035762787,1.4992698431015015,0.4115000069141388,1.5942384004592896
184,0.46639999747276306,1.4980801343917847,0.41999998688697815,1.606354832649231
185,0.4652999937534332,1.4986311197280884,0.4359999895095825,1.5676219463348389
186,0.46540001034736633,1.4971344470977783,0.40549999475479126,1.6115189790725708
187,0.4681999981403351,1.496311902999878,0.4090000092983246,1.6742419004440308
188,0.46790000796318054,1.4926177263259888,0.4429999887943268,1.5393835306167603
189,0.4668000042438507,1.4960049390792847,0.4020000100135803,1.6299614906311035
190,0.47029998898506165,1.491295576095581,0.4284999966621399,1.5653167963027954
191,0.47189998626708984,1.488349199295044,0.40400001406669617,1.6229170560836792
192,0.4675000011920929,1.4910982847213745,0.4345000088214874,1.5509148836135864
193,0.4715000092983246,1.4869695901870728,0.4359999895095825,1.5606764554977417
194,0.47029998898506165,1.485547423362732,0.4415000081062317,1.5569827556610107
195,0.4708999991416931,1.4860557317733765,0.43950000405311584,1.5696115493774414
196,0.4731999933719635,1.483345866203308,0.4180000126361847,1.571736454963684
197,0.4715000092983246,1.4831806421279907,0.4399999976158142,1.5629202127456665
198,0.47369998693466187,1.4796767234802246,0.42750000953674316,1.5778487920761108
199,0.4740000069141388,1.4797766208648682,0.44350001215934753,1.5320359468460083
200,0.47679999470710754,1.4771639108657837,0.42899999022483826,1.6158071756362915
201,0.4733000099658966,1.4799786806106567,0.43549999594688416,1.5908793210983276
202,0.4763000011444092,1.4757291078567505,0.42500001192092896,1.6008108854293823
203,0.4733999967575073,1.475287675857544,0.4424999952316284,1.5376604795455933
204,0.474700003862381,1.4745063781738281,0.44200000166893005,1.5408313274383545
205,0.47429999709129333,1.4725338220596313,0.4059999883174896,1.585700511932373
206,0.47380000352859497,1.4727468490600586,0.43549999594688416,1.545263409614563
207,0.47760000824928284,1.4695608615875244,0.43299999833106995,1.5605034828186035
208,0.47600001096725464,1.4708577394485474,0.44449999928474426,1.5261965990066528
209,0.48510000109672546,1.4657270908355713,0.44200000166893005,1.5251432657241821
210,0.4779999852180481,1.468848705291748,0.4154999852180481,1.6301909685134888
211,0.47690001130104065,1.465616226196289,0.4429999887943268,1.5536937713623047
212,0.47850000858306885,1.4635521173477173,0.4230000078678131,1.599090576171875
213,0.47929999232292175,1.4629309177398682,0.4440000057220459,1.5236223936080933
214,0.476500004529953,1.4631348848342896,0.4359999895095825,1.5424083471298218
215,0.4814999997615814,1.4592370986938477,0.4334999918937683,1.5779008865356445
216,0.474700003862381,1.4612044095993042,0.4480000138282776,1.539499044418335
217,0.48249998688697815,1.4563860893249512,0.4490000009536743,1.5742319822311401
218,0.47690001130104065,1.4592678546905518,0.43650001287460327,1.5778652429580688
219,0.4830000102519989,1.4555621147155762,0.4580000042915344,1.525116205215454
220,0.48500001430511475,1.4532848596572876,0.44999998807907104,1.520535945892334
221,0.4839000105857849,1.4536622762680054,0.41749998927116394,1.5709086656570435
222,0.48260000348091125,1.4520665407180786,0.4494999945163727,1.5267484188079834
223,0.4803999960422516,1.453108787536621,0.4399999976158142,1.5377269983291626
224,0.48410001397132874,1.4500821828842163,0.44749999046325684,1.5370928049087524
225,0.48420000076293945,1.4488162994384766,0.43700000643730164,1.5761663913726807
226,0.4860000014305115,1.446409821510315,0.44449999928474426,1.526613712310791
227,0.48489999771118164,1.447037696838379,0.45649999380111694,1.511125922203064
228,0.4862000048160553,1.4457589387893677,0.35350000858306885,1.8989505767822266
229,0.4860000014305115,1.4462130069732666,0.42399999499320984,1.606825351715088
230,0.4884999990463257,1.4451346397399902,0.43650001287460327,1.5652410984039307
231,0.4918000102043152,1.4418224096298218,0.44600000977516174,1.5235278606414795
232,0.483599990606308,1.4407626390457153,0.44350001215934753,1.5556886196136475
233,0.4869999885559082,1.4393550157546997,0.4415000081062317,1.5338308811187744
234,0.48980000615119934,1.4390003681182861,0.4099999964237213,1.647027850151062
235,0.48730000853538513,1.4406180381774902,0.4690000116825104,1.511175513267517
236,0.49059998989105225,1.4356595277786255,0.44200000166893005,1.5341558456420898
237,0.48919999599456787,1.4356786012649536,0.4505000114440918,1.521203637123108
238,0.48820000886917114,1.434873342514038,0.4375,1.6004393100738525
239,0.48910000920295715,1.4331518411636353,0.4194999933242798,1.586838960647583
240,0.48919999599456787,1.4311449527740479,0.34850001335144043,1.8780021667480469
241,0.49070000648498535,1.4326235055923462,0.4580000042915344,1.5118989944458008
242,0.4941999912261963,1.4289017915725708,0.45500001311302185,1.5289812088012695
243,0.49160000681877136,1.43050217628479,0.4584999978542328,1.5188653469085693
244,0.4900999963283539,1.4258580207824707,0.46149998903274536,1.5120904445648193
245,0.49549999833106995,1.4278383255004883,0.46700000762939453,1.4911748170852661
246,0.49380001425743103,1.4242252111434937,0.44850000739097595,1.539328694343567
247,0.49900001287460327,1.4229999780654907,0.43299999833106995,1.570761799812317
248,0.49480000138282776,1.4266940355300903,0.43149998784065247,1.56663978099823
249,0.49639999866485596,1.420274257659912,0.44699999690055847,1.534103512763977
250,0.49540001153945923,1.422340750694275,0.4465000033378601,1.5575190782546997
251,0.49390000104904175,1.4230618476867676,0.45500001311302185,1.4958361387252808
252,0.49390000104904175,1.4177910089492798,0.4424999952316284,1.5400245189666748
253,0.4932999908924103,1.4191783666610718,0.4584999978542328,1.5169233083724976
254,0.49790000915527344,1.4169894456863403,0.43950000405311584,1.5615805387496948
255,0.49639999866485596,1.4158841371536255,0.43700000643730164,1.5530959367752075
256,0.4964999854564667,1.415631890296936,0.4244999885559082,1.581602692604065
257,0.49869999289512634,1.4182132482528687,0.44449999928474426,1.5455840826034546
258,0.49709999561309814,1.4144693613052368,0.46149998903274536,1.4933156967163086
259,0.49779999256134033,1.4124709367752075,0.46399998664855957,1.4975422620773315
260,0.49810001254081726,1.4101849794387817,0.4620000123977661,1.49484121799469
261,0.49729999899864197,1.408762812614441,0.4620000123977661,1.5223900079727173
262,0.49939998984336853,1.4094349145889282,0.47450000047683716,1.4807599782943726
263,0.5001999735832214,1.4084553718566895,0.45100000500679016,1.527897596359253
264,0.5016999840736389,1.4082244634628296,0.4645000100135803,1.485902190208435
265,0.4999000132083893,1.408049464225769,0.46000000834465027,1.5139868259429932
266,0.5022000074386597,1.4064487218856812,0.46650001406669617,1.480972170829773
267,0.49950000643730164,1.4060730934143066,0.47350001335144043,1.4999642372131348
268,0.5034000277519226,1.4044181108474731,0.4794999957084656,1.4708155393600464
269,0.5019000172615051,1.4035017490386963,0.45350000262260437,1.4933818578720093
270,0.5056999921798706,1.4001413583755493,0.47350001335144043,1.4748777151107788
271,0.5044999718666077,1.399880051612854,0.45100000500679016,1.5191810131072998
272,0.5041999816894531,1.4014803171157837,0.45350000262260437,1.5127779245376587
273,0.5031999945640564,1.39657723903656,0.4684999883174896,1.4818167686462402
274,0.5030999779701233,1.3973956108093262,0.4514999985694885,1.5271753072738647
275,0.5060999989509583,1.3979768753051758,0.4480000138282776,1.5420458316802979
276,0.5034999847412109,1.3958313465118408,0.4729999899864197,1.4713330268859863
277,0.5055999755859375,1.393890142440796,0.4620000123977661,1.4839322566986084
278,0.5044000148773193,1.3942041397094727,0.46000000834465027,1.4901037216186523
279,0.5067999958992004,1.392967700958252,0.4429999887943268,1.5315055847167969
280,0.5087000131607056,1.3926912546157837,0.46149998903274536,1.4889014959335327
281,0.5080000162124634,1.3889434337615967,0.4514999985694885,1.5295220613479614
282,0.5052000284194946,1.3934118747711182,0.4684999883174896,1.4812383651733398
283,0.505299985408783,1.3894456624984741,0.45350000262260437,1.5020829439163208
284,0.5088000297546387,1.385682463645935,0.4805000126361847,1.461740493774414
285,0.5066999793052673,1.386695384979248,0.43299999833106995,1.5550620555877686
286,0.5088000297546387,1.3857126235961914,0.45750001072883606,1.5307800769805908
287,0.5109999775886536,1.3879647254943848,0.4345000088214874,1.5697870254516602
288,0.5088000297546387,1.3847013711929321,0.4779999852180481,1.476008415222168
289,0.511900007724762,1.3811821937561035,0.47850000858306885,1.463054895401001
290,0.5092999935150146,1.3820247650146484,0.45249998569488525,1.5110293626785278
291,0.5085999965667725,1.3798555135726929,0.46700000762939453,1.4723858833312988
292,0.5083000063896179,1.3814244270324707,0.4569999873638153,1.4926426410675049
293,0.5098999738693237,1.377605676651001,0.47099998593330383,1.4815797805786133
294,0.5081999897956848,1.3793535232543945,0.4244999885559082,1.6186529397964478
295,0.5108000040054321,1.3801426887512207,0.460999995470047,1.5015918016433716
296,0.5133000016212463,1.3756685256958008,0.4729999899864197,1.4842520952224731
297,0.5109999775886536,1.3763588666915894,0.4855000078678131,1.4699116945266724
298,0.5131000280380249,1.3758307695388794,0.476500004529953,1.4601631164550781
299,0.5131999850273132,1.3751299381256104,0.4595000147819519,1.4794913530349731
300,0.5127999782562256,1.3721868991851807,0.4699999988079071,1.4541499614715576
301,0.515500009059906,1.3748964071273804,0.42899999022483826,1.5881361961364746
302,0.5164999961853027,1.3713337182998657,0.4675000011920929,1.5153138637542725
303,0.5120000243186951,1.3711235523223877,0.42250001430511475,1.7162370681762695
304,0.5146999955177307,1.3712791204452515,0.47099998593330383,1.48188316822052
305,0.5160999894142151,1.3686493635177612,0.41749998927116394,1.593868613243103
306,0.515500009059906,1.3681797981262207,0.4805000126361847,1.4785219430923462
307,0.5163999795913696,1.366943359375,0.47600001096725464,1.477304458618164
308,0.5196999907493591,1.3649332523345947,0.4805000126361847,1.456722378730774
309,0.517799973487854,1.3610142469406128,0.48500001430511475,1.4539849758148193
310,0.5139999985694885,1.363676905632019,0.47600001096725464,1.4690613746643066
311,0.5144000053405762,1.3626763820648193,0.44600000977516174,1.5237287282943726
312,0.5163999795913696,1.365676999092102,0.4790000021457672,1.4561800956726074
313,0.5235000252723694,1.3576879501342773,0.47600001096725464,1.4752511978149414
314,0.5167999863624573,1.3618825674057007,0.47699999809265137,1.4553862810134888
315,0.5162000060081482,1.3582186698913574,0.4754999876022339,1.4765933752059937
316,0.5169000029563904,1.3597837686538696,0.44999998807907104,1.5240073204040527
317,0.5152000188827515,1.3594266176223755,0.4830000102519989,1.455546498298645
318,0.519599974155426,1.3562082052230835,0.48249998688697815,1.4492007493972778
319,0.5199000239372253,1.357056975364685,0.47850000858306885,1.4921427965164185
320,0.5206000208854675,1.3534413576126099,0.4794999957084656,1.4648607969284058
321,0.520799994468689,1.3534835577011108,0.48399999737739563,1.4614547491073608
322,0.5175999999046326,1.3543753623962402,0.4404999911785126,1.5664640665054321
323,0.5188000202178955,1.3545399904251099,0.4449999928474426,1.520399808883667
324,0.5187000036239624,1.3529706001281738,0.43849998712539673,1.5394741296768188
325,0.5235000252723694,1.3512789011001587,0.4465000033378601,1.5530732870101929
326,0.5231000185012817,1.3488507270812988,0.4650000035762787,1.5114306211471558
327,0.5184000134468079,1.3501983880996704,0.46950000524520874,1.486594796180725
328,0.5216000080108643,1.34843111038208,0.48399999737739563,1.4561066627502441
329,0.5254999995231628,1.345145583152771,0.48649999499320984,1.4495066404342651
330,0.5213000178337097,1.3454183340072632,0.43549999594688416,1.5604764223098755
331,0.5259000062942505,1.34498929977417,0.4729999899864197,1.498599886894226
332,0.526199996471405,1.3462220430374146,0.4699999988079071,1.4674795866012573
333,0.5214999914169312,1.3422871828079224,0.4860000014305115,1.4439369440078735
334,0.5224999785423279,1.3421735763549805,0.45750001072883606,1.5483921766281128
335,0.5227000117301941,1.3426119089126587,0.4805000126361847,1.4502875804901123
336,0.5252000093460083,1.3391170501708984,0.46950000524520874,1.4766474962234497
337,0.5245000123977661,1.3397539854049683,0.48100000619888306,1.4568736553192139
338,0.5263000130653381,1.3390554189682007,0.4595000147819519,1.5076030492782593
339,0.5270000100135803,1.3370741605758667,0.4645000100135803,1.4922616481781006
340,0.5288000106811523,1.336240291595459,0.4819999933242798,1.4637984037399292
341,0.5275999903678894,1.3378334045410156,0.4925000071525574,1.4476803541183472
342,0.5282999873161316,1.337765097618103,0.46700000762939453,1.5020074844360352
343,0.5271000266075134,1.3338953256607056,0.48100000619888306,1.4522160291671753
344,0.5250999927520752,1.3358557224273682,0.49149999022483826,1.4665952920913696
345,0.5275999903678894,1.3337520360946655,0.4814999997615814,1.4609090089797974
346,0.5267000198364258,1.3327831029891968,0.4814999997615814,1.4625204801559448
347,0.5300999879837036,1.3306976556777954,0.4869999885559082,1.450538158416748
348,0.5304999947547913,1.328771710395813,0.46050000190734863,1.4860358238220215
349,0.5289000272750854,1.3306320905685425,0.46050000190734863,1.501763105392456
350,0.5317000150680542,1.328534722328186,0.43149998784065247,1.653343677520752
351,0.5282999873161316,1.3289097547531128,0.4339999854564667,1.5374619960784912
352,0.5321999788284302,1.327233910560608,0.47999998927116394,1.4473488330841064
353,0.5307000279426575,1.3255209922790527,0.4950000047683716,1.4446824789047241
354,0.5285000205039978,1.3263018131256104,0.4819999933242798,1.437817096710205
355,0.52920001745224,1.3230794668197632,0.44850000739097595,1.5272653102874756
356,0.5329999923706055,1.3225089311599731,0.44200000166893005,1.5940698385238647
357,0.5288000106811523,1.3251464366912842,0.47099998593330383,1.4750734567642212
358,0.5304999947547913,1.3237704038619995,0.4749999940395355,1.4661895036697388
359,0.531499981880188,1.324286699295044,0.46950000524520874,1.4690427780151367
360,0.5307999849319458,1.3228461742401123,0.5044999718666077,1.420098900794983
361,0.5353999733924866,1.3169727325439453,0.47699999809265137,1.4879398345947266
362,0.5335000157356262,1.315914511680603,0.4950000047683716,1.4283126592636108
363,0.5296000242233276,1.3178887367248535,0.47600001096725464,1.4896000623703003
364,0.531499981880188,1.3189458847045898,0.4790000021457672,1.4466935396194458
365,0.5340999960899353,1.3163135051727295,0.4480000138282776,1.5153858661651611
366,0.5378000140190125,1.3161280155181885,0.4790000021457672,1.4434332847595215
367,0.5376999974250793,1.3145593404769897,0.4429999887943268,1.5799620151519775
368,0.5353000164031982,1.3140922784805298,0.4869999885559082,1.4494428634643555
369,0.5328999757766724,1.3122923374176025,0.5024999976158142,1.4213696718215942
370,0.535099983215332,1.3112871646881104,0.4749999940395355,1.4727747440338135
371,0.5336999893188477,1.3139688968658447,0.4740000069141388,1.489617109298706
372,0.5347999930381775,1.3113157749176025,0.4699999988079071,1.489708662033081
373,0.5378999710083008,1.308967113494873,0.4830000102519989,1.4521807432174683
374,0.5343999862670898,1.3085343837738037,0.46050000190734863,1.505120873451233
375,0.5400000214576721,1.307645559310913,0.4819999933242798,1.4750046730041504
376,0.536300003528595,1.30894935131073,0.44699999690055847,1.6037245988845825
377,0.536899983882904,1.3085297346115112,0.47699999809265137,1.503861427307129
378,0.5364999771118164,1.3052799701690674,0.42399999499320984,1.6084476709365845
379,0.5394999980926514,1.3064417839050293,0.4975000023841858,1.4218639135360718
380,0.541700005531311,1.3044836521148682,0.4855000078678131,1.4519097805023193
381,0.5410000085830688,1.299527883529663,0.4959999918937683,1.422631025314331
382,0.5406000018119812,1.3012603521347046,0.4950000047683716,1.4300391674041748
383,0.5383999943733215,1.3002965450286865,0.4975000023841858,1.4195923805236816
384,0.5411999821662903,1.2990573644638062,0.5080000162124634,1.410274624824524
385,0.541100025177002,1.3009649515151978,0.4869999885559082,1.4541462659835815
386,0.5407999753952026,1.2973359823226929,0.5019999742507935,1.4241529703140259
387,0.5432999730110168,1.2980966567993164,0.49900001287460327,1.429915428161621
388,0.5435000061988831,1.2984354496002197,0.48350000381469727,1.466111421585083
389,0.5414000153541565,1.2970751523971558,0.4544999897480011,1.5635743141174316
390,0.5428000092506409,1.2981672286987305,0.5070000290870667,1.400120735168457
391,0.5435000061988831,1.2963836193084717,0.47600001096725464,1.5086106061935425
392,0.5407000184059143,1.294165015220642,0.5049999952316284,1.4111988544464111
393,0.5436999797821045,1.290682077407837,0.4860000014305115,1.4434268474578857
394,0.5407999753952026,1.293430209159851,0.4560000002384186,1.5747321844100952
395,0.5408999919891357,1.2940891981124878,0.4894999861717224,1.4251244068145752
396,0.5442000031471252,1.2930504083633423,0.4779999852180481,1.5181940793991089
397,0.5471000075340271,1.2922123670578003,0.4555000066757202,1.510495901107788
398,0.5478000044822693,1.2899811267852783,0.45750001072883606,1.5446572303771973
399,0.5450999736785889,1.2921479940414429,0.48350000381469727,1.441292405128479
400,0.5447999835014343,1.2878350019454956,0.4634999930858612,1.5072181224822998
401,0.5396999716758728,1.2893203496932983,0.5019999742507935,1.4270408153533936
402,0.5468000173568726,1.2851885557174683,0.4970000088214874,1.4373292922973633
403,0.5478000044822693,1.2855925559997559,0.4869999885559082,1.4500352144241333
404,0.5447999835014343,1.287431001663208,0.46799999475479126,1.4659634828567505
405,0.5414999723434448,1.2848949432373047,0.4165000021457672,1.6886603832244873
406,0.5468999743461609,1.2876535654067993,0.46149998903274536,1.50006103515625
407,0.5449000000953674,1.2841159105300903,0.4855000078678131,1.450164556503296
408,0.5483999848365784,1.2815310955047607,0.5149999856948853,1.398740530014038
409,0.5478000044822693,1.2812122106552124,0.5049999952316284,1.415204644203186
410,0.5471000075340271,1.277389645576477,0.48750001192092896,1.4810171127319336
411,0.548799991607666,1.2790400981903076,0.4894999861717224,1.4245545864105225
412,0.5486999750137329,1.2799994945526123,0.4555000066757202,1.5466758012771606
413,0.5507000088691711,1.282159447669983,0.5059999823570251,1.41957688331604
414,0.5493999719619751,1.2767213582992554,0.47600001096725464,1.468519687652588
415,0.5482000112533569,1.2780137062072754,0.46950000524520874,1.4707977771759033
416,0.5504000186920166,1.2743725776672363,0.4779999852180481,1.4581913948059082
417,0.5508000254631042,1.2723740339279175,0.49000000953674316,1.4192572832107544
418,0.5489000082015991,1.2725039720535278,0.3865000009536743,1.7622860670089722
419,0.5479000210762024,1.2789571285247803,0.4884999990463257,1.4357584714889526
420,0.5523999929428101,1.2720389366149902,0.4569999873638153,1.5380593538284302
421,0.553600013256073,1.2710037231445312,0.41449999809265137,1.7465378046035767
422,0.5504000186920166,1.276755690574646,0.4790000021457672,1.4631702899932861
423,0.5519999861717224,1.2689725160598755,0.49050000309944153,1.4714336395263672
424,0.5522000193595886,1.2673474550247192,0.47699999809265137,1.483837366104126
425,0.5539000034332275,1.269879937171936,0.48649999499320984,1.436274528503418
426,0.5522000193595886,1.267980933189392,0.4964999854564667,1.4233002662658691
427,0.5534999966621399,1.2675180435180664,0.5044999718666077,1.3960226774215698
428,0.5544999837875366,1.2640879154205322,0.515999972820282,1.3881698846817017
429,0.5523999929428101,1.2653027772903442,0.3605000078678131,1.9451082944869995
430,0.5522000193595886,1.2726070880889893,0.5040000081062317,1.444707989692688
431,0.5558000206947327,1.2621397972106934,0.5044999718666077,1.4180546998977661
432,0.5519000291824341,1.2621657848358154,0.4244999885559082,1.5936498641967773
433,0.5529999732971191,1.2636592388153076,0.49050000309944153,1.4221417903900146
434,0.5570999979972839,1.2604707479476929,0.503000020980835,1.4037529230117798
435,0.5575000047683716,1.2580195665359497,0.4970000088214874,1.4347180128097534
436,0.5547999739646912,1.2596205472946167,0.48350000381469727,1.4587472677230835
437,0.5533000230789185,1.2583051919937134,0.49300000071525574,1.4235862493515015
438,0.5590999722480774,1.2558990716934204,0.4934999942779541,1.4501553773880005
439,0.557200014591217,1.2566533088684082,0.5139999985694885,1.399210810661316
440,0.5548999905586243,1.2557445764541626,0.5005000233650208,1.4327741861343384
441,0.5555999875068665,1.257265567779541,0.5120000243186951,1.3969169855117798
442,0.5557000041007996,1.255539894104004,0.5145000219345093,1.3823237419128418
443,0.5550000071525574,1.2533433437347412,0.5139999985694885,1.4205892086029053
444,0.5554999709129333,1.2539372444152832,0.4490000009536743,1.5866442918777466
445,0.5562000274658203,1.2530689239501953,0.4909999966621399,1.4644402265548706
446,0.5541999936103821,1.2538483142852783,0.41350001096725464,1.626571774482727
447,0.5555999875068665,1.2521051168441772,0.476500004529953,1.5489715337753296
448,0.5594000220298767,1.2504992485046387,0.421999990940094,1.604743480682373
449,0.5583000183105469,1.254954218864441,0.5205000042915344,1.3879153728485107
450,0.5627999901771545,1.2498654127120972,0.4959999918937683,1.4318289756774902
451,0.5564000010490417,1.249540090560913,0.48100000619888306,1.4869346618652344
452,0.5572999715805054,1.2498650550842285,0.4970000088214874,1.4135242700576782
453,0.5637999773025513,1.244171380996704,0.4805000126361847,1.4436888694763184
454,0.5619000196456909,1.2439286708831787,0.5109999775886536,1.3978618383407593
455,0.5618000030517578,1.2427810430526733,0.4740000069141388,1.4776909351348877
456,0.5619000196456909,1.2451963424682617,0.5095000267028809,1.418082594871521
457,0.5651999711990356,1.2422854900360107,0.5,1.4575061798095703
458,0.5573999881744385,1.2468371391296387,0.4754999876022339,1.4737671613693237
459,0.5619000196456909,1.2419899702072144,0.5199999809265137,1.409439206123352
460,0.5609999895095825,1.241419792175293,0.4984999895095825,1.4441815614700317
461,0.5633999705314636,1.242126703262329,0.43700000643730164,1.5961004495620728
462,0.5594000220298767,1.2425717115402222,0.49900001287460327,1.427656650543213
463,0.5645999908447266,1.2410318851470947,0.5024999976158142,1.413582682609558
464,0.5630999803543091,1.2374919652938843,0.5115000009536743,1.4056180715560913
465,0.5630999803543091,1.2405500411987305,0.4909999966621399,1.4170798063278198
466,0.565500020980835,1.2375268936157227,0.48750001192092896,1.4399216175079346
467,0.5612999796867371,1.2382758855819702,0.445499986410141,1.5311710834503174
468,0.5644000172615051,1.235903024673462,0.5034999847412109,1.413461446762085
469,0.5681999921798706,1.2364119291305542,0.45750001072883606,1.5327680110931396
470,0.5640000104904175,1.2368711233139038,0.47350001335144043,1.4558767080307007
471,0.5625,1.2358063459396362,0.5139999985694885,1.3890984058380127
472,0.5680999755859375,1.2337538003921509,0.5095000267028809,1.3850582838058472
473,0.5641000270843506,1.2334002256393433,0.5070000290870667,1.404573917388916
474,0.5665000081062317,1.2325669527053833,0.49000000953674316,1.4172242879867554
475,0.5677000284194946,1.2336148023605347,0.5015000104904175,1.4049397706985474
476,0.5709999799728394,1.2302701473236084,0.4779999852180481,1.4808237552642822
477,0.5662000179290771,1.2299962043762207,0.4754999876022339,1.487760066986084
478,0.5688999891281128,1.2283316850662231,0.4959999918937683,1.4475290775299072
479,0.5680999755859375,1.2303811311721802,0.4830000102519989,1.4708242416381836
480,0.5680000185966492,1.2268352508544922,0.5019999742507935,1.4247071743011475
481,0.5669999718666077,1.2252286672592163,0.5,1.433022141456604
482,0.5680000185966492,1.225387454032898,0.4555000066757202,1.547573447227478
483,0.5659999847412109,1.2274729013442993,0.4970000088214874,1.4293358325958252
484,0.5697000026702881,1.2258211374282837,0.5084999799728394,1.4013172388076782
485,0.5690000057220459,1.2257124185562134,0.5065000057220459,1.3883687257766724
486,0.5716999769210815,1.2251014709472656,0.48750001192092896,1.4322782754898071
487,0.5713000297546387,1.2213821411132812,0.4959999918937683,1.443187952041626
488,0.5677000284194946,1.2225139141082764,0.4684999883174896,1.5204850435256958
489,0.5692999958992004,1.2234762907028198,0.5109999775886536,1.4104279279708862
490,0.569599986076355,1.2211834192276,0.48350000381469727,1.5071396827697754
491,0.5698999762535095,1.2244257926940918,0.4884999990463257,1.417140245437622
492,0.5727999806404114,1.2184292078018188,0.4855000078678131,1.494330883026123
493,0.571399986743927,1.2170466184616089,0.5005000233650208,1.4400783777236938
494,0.5716000199317932,1.221191167831421,0.4959999918937683,1.4270024299621582
495,0.5694000124931335,1.2188444137573242,0.5074999928474426,1.4111531972885132
496,0.5738000273704529,1.2155358791351318,0.4584999978542328,1.5430113077163696
497,0.5706999897956848,1.2179397344589233,0.49950000643730164,1.4454941749572754
498,0.5730999708175659,1.2165875434875488,0.5005000233650208,1.4179929494857788
499,0.5713000297546387,1.2116398811340332,0.5049999952316284,1.3966974020004272
500,0.5734000205993652,1.212522029876709,0.5170000195503235,1.3928707838058472
501,0.574999988079071,1.2125169038772583,0.5044999718666077,1.4180651903152466
502,0.5715000033378601,1.2133924961090088,0.5049999952316284,1.4146071672439575
503,0.5727999806404114,1.2122032642364502,0.5109999775886536,1.3926219940185547
504,0.5735999941825867,1.2098007202148438,0.4950000047683716,1.453297734260559
505,0.5745000243186951,1.2122389078140259,0.5214999914169312,1.370036244392395
506,0.5748000144958496,1.2095215320587158,0.5109999775886536,1.4047932624816895
507,0.5738000273704529,1.2082771062850952,0.4934999942779541,1.4389615058898926
508,0.5740000009536743,1.2119975090026855,0.48100000619888306,1.5156307220458984
509,0.5728999972343445,1.2118792533874512,0.5164999961853027,1.4130369424819946
510,0.5756000280380249,1.2081408500671387,0.5015000104904175,1.4045259952545166
511,0.5774999856948853,1.204171061515808,0.4684999883174896,1.4876712560653687
512,0.5760999917984009,1.203609585762024,0.492000013589859,1.4609652757644653
513,0.574400007724762,1.2044521570205688,0.5070000290870667,1.3950417041778564
514,0.5737000107765198,1.2056728601455688,0.49000000953674316,1.4893567562103271
515,0.5748000144958496,1.2057522535324097,0.5230000019073486,1.4077794551849365
516,0.5806000232696533,1.203502893447876,0.4034999907016754,1.71145498752594
517,0.573199987411499,1.204187273979187,0.45399999618530273,1.6162222623825073
518,0.573199987411499,1.2043404579162598,0.49149999022483826,1.4422874450683594
519,0.5785999894142151,1.2003439664840698,0.4690000116825104,1.4727928638458252
520,0.5788999795913696,1.1983543634414673,0.4909999966621399,1.4467580318450928
521,0.5781000256538391,1.1988340616226196,0.5139999985694885,1.3784857988357544
522,0.5778999924659729,1.1969281435012817,0.5090000033378601,1.40796959400177
523,0.5814999938011169,1.195859432220459,0.47450000047683716,1.5047158002853394
524,0.5791000127792358,1.1976988315582275,0.4650000035762787,1.5048232078552246
525,0.5774000287055969,1.197425127029419,0.414000004529953,1.7392696142196655
526,0.5789999961853027,1.1973565816879272,0.5,1.4165030717849731
527,0.5806000232696533,1.1939302682876587,0.4819999933242798,1.4520564079284668
528,0.5799999833106995,1.1959218978881836,0.5055000185966492,1.4144994020462036
529,0.5807999968528748,1.1946300268173218,0.4880000054836273,1.4912259578704834
530,0.578000009059906,1.1954524517059326,0.5055000185966492,1.4031052589416504
531,0.5813999772071838,1.1906676292419434,0.5145000219345093,1.4057097434997559
532,0.5831999778747559,1.189920425415039,0.5080000162124634,1.4011834859848022
533,0.579800009727478,1.190118432044983,0.5049999952316284,1.4072984457015991
534,0.5837000012397766,1.1917558908462524,0.5015000104904175,1.4103561639785767
535,0.5817000269889832,1.1894346475601196,0.4805000126361847,1.4908894300460815
536,0.5813999772071838,1.1901274919509888,0.5005000233650208,1.4154765605926514
537,0.5799000263214111,1.1901880502700806,0.4894999861717224,1.4449951648712158
538,0.585099995136261,1.1870611906051636,0.5205000042915344,1.3930420875549316
539,0.5842000246047974,1.1839760541915894,0.4399999976158142,1.5962697267532349
540,0.5802000164985657,1.188119888305664,0.49799999594688416,1.4225467443466187
541,0.5838000178337097,1.184821605682373,0.5295000076293945,1.3712542057037354
542,0.5819000005722046,1.184053659439087,0.46799999475479126,1.5124855041503906
543,0.5866000056266785,1.1853474378585815,0.515500009059906,1.39201021194458
544,0.5845999717712402,1.1827000379562378,0.5214999914169312,1.3775005340576172
545,0.5861999988555908,1.1831026077270508,0.4205000102519989,1.710059642791748
546,0.5806999802589417,1.1865742206573486,0.49050000309944153,1.463296890258789
547,0.5856000185012817,1.181899070739746,0.5095000267028809,1.3848220109939575
548,0.5859000086784363,1.1788787841796875,0.5009999871253967,1.4254454374313354
549,0.5813000202178955,1.180663824081421,0.48100000619888306,1.5372494459152222
550,0.5824999809265137,1.1823605298995972,0.49799999594688416,1.4572426080703735
551,0.5861999988555908,1.1818206310272217,0.5214999914169312,1.377264380455017
552,0.5874999761581421,1.179868221282959,0.4869999885559082,1.4644166231155396
553,0.5845999717712402,1.1771436929702759,0.49399998784065247,1.4491353034973145
554,0.5871999859809875,1.1786551475524902,0.5109999775886536,1.4375063180923462
555,0.5874000191688538,1.1774219274520874,0.5134999752044678,1.397181749343872
556,0.5853999853134155,1.1794381141662598,0.5149999856948853,1.3995462656021118
557,0.589900016784668,1.1739459037780762,0.5040000081062317,1.4159798622131348
558,0.5893999934196472,1.1731642484664917,0.5264999866485596,1.3917955160140991
559,0.5900999903678894,1.1699934005737305,0.49549999833106995,1.4170808792114258
560,0.5857999920845032,1.176228642463684,0.5134999752044678,1.4125481843948364
561,0.5924999713897705,1.1737656593322754,0.5065000057220459,1.416072130203247
562,0.5861999988555908,1.172219157218933,0.5195000171661377,1.400490164756775
563,0.590499997138977,1.1693588495254517,0.5214999914169312,1.3768866062164307
564,0.5916000008583069,1.1686395406723022,0.5270000100135803,1.3777477741241455
565,0.5902000069618225,1.1700339317321777,0.46399998664855957,1.562286615371704
566,0.5896999835968018,1.171064853668213,0.5015000104904175,1.4343563318252563
567,0.5909000039100647,1.1692205667495728,0.512499988079071,1.4010467529296875
568,0.5874000191688538,1.1670808792114258,0.49950000643730164,1.4482086896896362
569,0.5860999822616577,1.1686064004898071,0.5145000219345093,1.398342251777649
570,0.5871999859809875,1.166247844696045,0.5080000162124634,1.4201840162277222
571,0.5902000069618225,1.1630607843399048,0.527999997138977,1.3715120553970337
572,0.5940999984741211,1.163759708404541,0.5339999794960022,1.3614568710327148
573,0.5903000235557556,1.164021372795105,0.5205000042915344,1.394636869430542
574,0.590399980545044,1.1617474555969238,0.5009999871253967,1.4563804864883423
575,0.592199981212616,1.1618642807006836,0.5080000162124634,1.3932862281799316
576,0.5903000235557556,1.1645731925964355,0.453000009059906,1.6271108388900757
577,0.5881999731063843,1.1674585342407227,0.5195000171661377,1.3957422971725464
578,0.59170001745224,1.1615126132965088,0.5245000123977661,1.4141249656677246
579,0.5928999781608582,1.1608569622039795,0.48750001192092896,1.5188496112823486
580,0.5914999842643738,1.1630290746688843,0.4945000112056732,1.4471770524978638
581,0.5895000100135803,1.1647921800613403,0.5180000066757202,1.3903460502624512
582,0.5925999879837036,1.156758427619934,0.5044999718666077,1.4643864631652832
583,0.5924000144004822,1.1595356464385986,0.5184999704360962,1.3665518760681152
584,0.5971999764442444,1.1535060405731201,0.515500009059906,1.3866935968399048
585,0.593500018119812,1.1575082540512085,0.4790000021457672,1.4920791387557983
586,0.590499997138977,1.1598199605941772,0.5224999785423279,1.371195673942566
587,0.5960000157356262,1.1548845767974854,0.5230000019073486,1.3782230615615845
588,0.5928000211715698,1.1566578149795532,0.4819999933242798,1.5031031370162964
589,0.5920000076293945,1.1544678211212158,0.5074999928474426,1.4112392663955688
590,0.5949000120162964,1.153072476387024,0.5145000219345093,1.3984047174453735
591,0.5964000225067139,1.1505742073059082,0.5115000009536743,1.3848694562911987
592,0.5967000126838684,1.151721477508545,0.5214999914169312,1.3926726579666138
593,0.5961999893188477,1.1494230031967163,0.44600000977516174,1.6119050979614258
594,0.5946999788284302,1.1591722965240479,0.48249998688697815,1.5143821239471436
595,0.5975000262260437,1.1524327993392944,0.5184999704360962,1.3874362707138062
596,0.595300018787384,1.151365041732788,0.5164999961853027,1.3996444940567017
597,0.5989000201225281,1.1500016450881958,0.48100000619888306,1.439375400543213
598,0.5950000286102295,1.1484891176223755,0.534500002861023,1.3531017303466797
599,0.5990999937057495,1.1500463485717773,0.5074999928474426,1.4090901613235474
600,0.5971999764442444,1.1481143236160278,0.5205000042915344,1.381966233253479
601,0.5963000059127808,1.1461851596832275,0.4975000023841858,1.4741889238357544
602,0.5983999967575073,1.1483200788497925,0.5224999785423279,1.3815263509750366
603,0.5960000157356262,1.1476800441741943,0.5115000009536743,1.3912699222564697
604,0.5989999771118164,1.1474151611328125,0.47749999165534973,1.463413119316101
605,0.6007000207901001,1.145211935043335,0.49000000953674316,1.4579750299453735
606,0.6003999710083008,1.1450133323669434,0.5095000267028809,1.4037764072418213
607,0.6008999943733215,1.1434428691864014,0.5074999928474426,1.3939815759658813
608,0.5979999899864197,1.1418819427490234,0.4690000116825104,1.5871227979660034
609,0.5961999893188477,1.144688367843628,0.48500001430511475,1.446829080581665
610,0.5972999930381775,1.1387944221496582,0.5139999985694885,1.3715299367904663
611,0.5975000262260437,1.1412111520767212,0.515999972820282,1.3982681035995483
612,0.6000000238418579,1.1403768062591553,0.5145000219345093,1.3895584344863892
613,0.6008999943733215,1.1402201652526855,0.515999972820282,1.3936234712600708
614,0.6021000146865845,1.1372709274291992,0.41749998927116394,1.6776694059371948
615,0.6025999784469604,1.141937017440796,0.503000020980835,1.4343271255493164
616,0.6014999747276306,1.1374868154525757,0.5335000157356262,1.3570811748504639
617,0.6008999943733215,1.1375547647476196,0.5224999785423279,1.398754596710205
618,0.6022999882698059,1.1374050378799438,0.48500001430511475,1.495278239250183
619,0.6007000207901001,1.136874794960022,0.3569999933242798,2.154637098312378
620,0.6007999777793884,1.1409549713134766,0.4964999854564667,1.437937617301941
621,0.6065000295639038,1.1334185600280762,0.5184999704360962,1.383063554763794
622,0.604200005531311,1.1344454288482666,0.4934999942779541,1.4415572881698608
623,0.6007999777793884,1.1361174583435059,0.5080000162124634,1.4335923194885254
624,0.6021000146865845,1.1335128545761108,0.49549999833106995,1.4321295022964478
625,0.6057999730110168,1.1318589448928833,0.48500001430511475,1.5102006196975708
626,0.6043000221252441,1.1319626569747925,0.5354999899864197,1.3609898090362549
627,0.6079000234603882,1.1285014152526855,0.5070000290870667,1.40095853805542
628,0.6003999710083008,1.1302540302276611,0.5149999856948853,1.3920713663101196
629,0.605400025844574,1.1268912553787231,0.4860000014305115,1.464982271194458
630,0.6040999889373779,1.1296570301055908,0.5304999947547913,1.3841229677200317
631,0.6025000214576721,1.1303868293762207,0.512499988079071,1.3858619928359985
632,0.6068999767303467,1.127494215965271,0.48750001192092896,1.4870703220367432
633,0.6083999872207642,1.1282081604003906,0.4909999966621399,1.449067234992981
634,0.6035000085830688,1.1281472444534302,0.5009999871253967,1.426279902458191
635,0.6082000136375427,1.1250344514846802,0.5289999842643738,1.3632749319076538
636,0.6067000031471252,1.1264852285385132,0.5370000004768372,1.3473623991012573
637,0.6043000221252441,1.1217378377914429,0.47999998927116394,1.5080496072769165
638,0.6075000166893005,1.124987244606018,0.5224999785423279,1.3777284622192383
639,0.6093000173568726,1.122708797454834,0.49149999022483826,1.462727665901184
640,0.6090999841690063,1.1249761581420898,0.46000000834465027,1.593360424041748
641,0.6068999767303467,1.1252360343933105,0.5134999752044678,1.3878220319747925
642,0.6090999841690063,1.1230440139770508,0.47350001335144043,1.5320048332214355
643,0.6046000123023987,1.1247209310531616,0.4970000088214874,1.4580243825912476
644,0.6018000245094299,1.1221672296524048,0.4934999942779541,1.4467477798461914
645,0.609499990940094,1.1217981576919556,0.5304999947547913,1.3663736581802368
646,0.6085000038146973,1.1165791749954224,0.5105000138282776,1.3840473890304565
647,0.6067000031471252,1.1194859743118286,0.4754999876022339,1.518776297569275
648,0.6093000173568726,1.121486783027649,0.45500001311302185,1.556025743484497
649,0.6083999872207642,1.1191835403442383,0.5289999842643738,1.3822335004806519
650,0.6062999963760376,1.1195465326309204,0.5249999761581421,1.3966119289398193
651,0.612500011920929,1.1139302253723145,0.527999997138977,1.3946866989135742
652,0.6136999726295471,1.1163890361785889,0.5040000081062317,1.4227640628814697
653,0.6133000254631042,1.1142784357070923,0.4970000088214874,1.4601719379425049
654,0.6133000254631042,1.1126419305801392,0.503000020980835,1.4412857294082642
655,0.6114000082015991,1.1147878170013428,0.515500009059906,1.403153657913208
656,0.6050999760627747,1.1155058145523071,0.4569999873638153,1.6360766887664795
657,0.6093000173568726,1.1135623455047607,0.503000020980835,1.4260212182998657
658,0.6104000210762024,1.1126519441604614,0.5024999976158142,1.4479200839996338
659,0.6072999835014343,1.1146161556243896,0.534500002861023,1.3488709926605225
660,0.6126999855041504,1.1102663278579712,0.5249999761581421,1.3850488662719727
661,0.6119999885559082,1.110958456993103,0.5320000052452087,1.3677741289138794
662,0.6108999848365784,1.1136183738708496,0.5174999833106995,1.3686360120773315
663,0.6118999719619751,1.110756516456604,0.4805000126361847,1.5440024137496948
664,0.609000027179718,1.1150555610656738,0.515999972820282,1.4049209356307983
665,0.6122000217437744,1.1094129085540771,0.5130000114440918,1.3850247859954834
666,0.6093999743461609,1.109983205795288,0.4950000047683716,1.4409241676330566
667,0.616100013256073,1.1070950031280518,0.4894999861717224,1.4824109077453613
668,0.6111999750137329,1.108172059059143,0.5174999833106995,1.3899054527282715
669,0.6141999959945679,1.105821132659912,0.4429999887943268,1.6791388988494873
670,0.6114000082015991,1.1112993955612183,0.5145000219345093,1.4075453281402588
671,0.6119999885559082,1.107541799545288,0.4830000102519989,1.4634302854537964
672,0.614799976348877,1.1062538623809814,0.5210000276565552,1.412222981452942
673,0.6133000254631042,1.104252576828003,0.5239999890327454,1.3916066884994507
674,0.6180999875068665,1.1025437116622925,0.49300000071525574,1.471853494644165
675,0.6111999750137329,1.102586269378662,0.47999998927116394,1.5015634298324585
676,0.6144000291824341,1.1029679775238037,0.5289999842643738,1.36503005027771
677,0.6161999702453613,1.0990256071090698,0.4945000112056732,1.4836829900741577
678,0.6151000261306763,1.1031367778778076,0.4950000047683716,1.4254122972488403
679,0.6132000088691711,1.1013755798339844,0.4975000023841858,1.459368109703064
680,0.6172999739646912,1.1004676818847656,0.4684999883174896,1.5707051753997803
681,0.6175000071525574,1.1006075143814087,0.5274999737739563,1.388708233833313
682,0.6154000163078308,1.0975146293640137,0.5070000290870667,1.434686541557312
683,0.616599977016449,1.098645567893982,0.5195000171661377,1.370068073272705
684,0.614799976348877,1.098358154296875,0.49950000643730164,1.433728814125061
685,0.6154999732971191,1.0990608930587769,0.4779999852180481,1.5084655284881592
686,0.6177999973297119,1.0990478992462158,0.5005000233650208,1.4498034715652466
687,0.616599977016449,1.093765377998352,0.5230000019073486,1.3781288862228394
688,0.6148999929428101,1.095003604888916,0.44600000977516174,1.6626638174057007
689,0.6201000213623047,1.0985383987426758,0.5299999713897705,1.368603229522705
690,0.6194000244140625,1.0929964780807495,0.48750001192092896,1.5210572481155396
691,0.6172000169754028,1.095595359802246,0.48750001192092896,1.4777166843414307
692,0.6202999949455261,1.0936176776885986,0.48899999260902405,1.469536304473877
693,0.6198999881744385,1.091814637184143,0.5049999952316284,1.4405721426010132
694,0.6211000084877014,1.0919898748397827,0.5009999871253967,1.4461653232574463
695,0.6209999918937683,1.0918339490890503,0.5264999866485596,1.3932702541351318
696,0.6201000213623047,1.090045690536499,0.5260000228881836,1.4115087985992432
697,0.6182000041007996,1.092191457748413,0.5015000104904175,1.4679255485534668
698,0.6251999735832214,1.0887632369995117,0.48350000381469727,1.5046470165252686
699,0.6208000183105469,1.0903388261795044,0.49799999594688416,1.4470645189285278
700,0.6209999918937683,1.0866689682006836,0.49900001287460327,1.4364877939224243
701,0.6230999827384949,1.0860939025878906,0.5304999947547913,1.3617885112762451
702,0.6195999979972839,1.0869611501693726,0.5184999704360962,1.4306303262710571
703,0.6209999918937683,1.089087724685669,0.5249999761581421,1.3880661725997925
704,0.6215999722480774,1.0872060060501099,0.5109999775886536,1.3943583965301514
705,0.6202999949455261,1.0829863548278809,0.5059999823570251,1.4205665588378906
706,0.6220999956130981,1.0855343341827393,0.48750001192092896,1.4604061841964722
707,0.6230999827384949,1.0851737260818481,0.515500009059906,1.3914910554885864
708,0.6243000030517578,1.0806665420532227,0.5224999785423279,1.380611777305603
709,0.6223999857902527,1.0807690620422363,0.5174999833106995,1.3803006410598755
710,0.6237999796867371,1.083266258239746,0.49149999022483826,1.4593831300735474
711,0.6258999705314636,1.0791136026382446,0.527999997138977,1.3725496530532837
712,0.6252999901771545,1.080009937286377,0.5120000243186951,1.3979724645614624
713,0.6225000023841858,1.081498622894287,0.5044999718666077,1.394828200340271
714,0.6237000226974487,1.0804961919784546,0.5170000195503235,1.401731014251709
715,0.6197999715805054,1.0786627531051636,0.5304999947547913,1.3733205795288086
716,0.6233999729156494,1.0785654783248901,0.5065000057220459,1.4061568975448608
717,0.6227999925613403,1.0790940523147583,0.4945000112056732,1.4633193016052246
718,0.6218000054359436,1.0785573720932007,0.5249999761581421,1.3676445484161377
719,0.6254000067710876,1.0774749517440796,0.5034999847412109,1.433054804801941
720,0.6272000074386597,1.076537847518921,0.49549999833106995,1.4536830186843872
721,0.6233000159263611,1.078852891921997,0.5224999785423279,1.3803627490997314
722,0.6287000179290771,1.0755680799484253,0.5260000228881836,1.3819433450698853
723,0.626800000667572,1.0734838247299194,0.5099999904632568,1.4438263177871704
724,0.6233000159263611,1.073786973953247,0.46700000762939453,1.5586521625518799
725,0.6216999888420105,1.0758981704711914,0.5040000081062317,1.4359238147735596
726,0.6280999779701233,1.0735808610916138,0.5199999809265137,1.4245096445083618
727,0.6288999915122986,1.0733541250228882,0.5074999928474426,1.401958703994751
728,0.6309999823570251,1.0713226795196533,0.5235000252723694,1.3825814723968506
729,0.6281999945640564,1.072546124458313,0.531000018119812,1.3680031299591064
730,0.625,1.0694794654846191,0.5210000276565552,1.3978469371795654
731,0.6273000240325928,1.0697262287139893,0.4595000147819519,1.5833911895751953
732,0.6230999827384949,1.0728920698165894,0.4625000059604645,1.6166576147079468
733,0.6312000155448914,1.0714188814163208,0.5059999823570251,1.426746129989624
734,0.632099986076355,1.0663087368011475,0.5239999890327454,1.4009864330291748
735,0.6308000087738037,1.0685003995895386,0.4959999918937683,1.4770649671554565
736,0.6294999718666077,1.0675138235092163,0.5,1.4405083656311035
737,0.631600022315979,1.0673571825027466,0.5350000262260437,1.359176754951477
738,0.6292999982833862,1.0670020580291748,0.5285000205039978,1.3933403491973877
739,0.6304000020027161,1.065629482269287,0.49799999594688416,1.4605836868286133
740,0.6309999823570251,1.0649393796920776,0.49300000071525574,1.50407075881958
741,0.6280999779701233,1.0662894248962402,0.47999998927116394,1.5327799320220947
742,0.6309000253677368,1.0663068294525146,0.5040000081062317,1.4501858949661255
743,0.6269000172615051,1.066489815711975,0.5174999833106995,1.4035508632659912
744,0.6304000020027161,1.059085488319397,0.47200000286102295,1.5314453840255737
745,0.6327999830245972,1.0662813186645508,0.5264999866485596,1.3937504291534424
746,0.6306999921798706,1.0615814924240112,0.5260000228881836,1.4232844114303589
747,0.6274999976158142,1.0630948543548584,0.5170000195503235,1.4446918964385986
748,0.6298999786376953,1.062165379524231,0.5019999742507935,1.4379875659942627
749,0.629800021648407,1.0610429048538208,0.5184999704360962,1.4188570976257324
750,0.633400022983551,1.0589889287948608,0.5024999976158142,1.4611611366271973
751,0.6327000260353088,1.0574684143066406,0.5339999794960022,1.3711676597595215
752,0.6324999928474426,1.0572888851165771,0.5239999890327454,1.4188450574874878
753,0.6327999830245972,1.0612156391143799,0.5354999899864197,1.3665543794631958
754,0.6333000063896179,1.0563501119613647,0.5170000195503235,1.4416260719299316
755,0.6359999775886536,1.0591427087783813,0.531499981880188,1.3755549192428589
756,0.6294000148773193,1.0595325231552124,0.5055000185966492,1.4474773406982422
757,0.6323000192642212,1.0560914278030396,0.5134999752044678,1.411130428314209
758,0.635699987411499,1.0540823936462402,0.5235000252723694,1.415682077407837
759,0.6352999806404114,1.0566943883895874,0.531000018119812,1.3643383979797363
760,0.633400022983551,1.0556175708770752,0.5040000081062317,1.4385100603103638
761,0.633400022983551,1.055422306060791,0.5195000171661377,1.3918440341949463
762,0.6349999904632568,1.0521492958068848,0.5065000057220459,1.407670259475708
763,0.6341999769210815,1.0506980419158936,0.5335000157356262,1.3666369915008545
764,0.6337000131607056,1.0541611909866333,0.5274999737739563,1.3750823736190796
765,0.6367999911308289,1.0498789548873901,0.46149998903274536,1.5325593948364258
766,0.6312999725341797,1.0529227256774902,0.5249999761581421,1.3985986709594727
767,0.6331999897956848,1.051864743232727,0.5274999737739563,1.3639912605285645
768,0.6365000009536743,1.0491654872894287,0.5375000238418579,1.362936019897461
769,0.636900007724762,1.048108696937561,0.4855000078678131,1.5724064111709595
770,0.6363999843597412,1.0505229234695435,0.5274999737739563,1.3688058853149414
771,0.6359000205993652,1.0483195781707764,0.47999998927116394,1.495833396911621
772,0.6345999836921692,1.048264980316162,0.5170000195503235,1.4058401584625244
773,0.6424999833106995,1.0458788871765137,0.5394999980926514,1.3700686693191528
774,0.6353999972343445,1.0465072393417358,0.5134999752044678,1.4509183168411255
775,0.6394000053405762,1.0479981899261475,0.5220000147819519,1.4147050380706787
776,0.6381999850273132,1.045695424079895,0.5074999928474426,1.422966480255127
777,0.6366999745368958,1.0477626323699951,0.5385000109672546,1.375580072402954
778,0.6389999985694885,1.0440210103988647,0.5370000004768372,1.385797381401062
779,0.6377999782562256,1.0435893535614014,0.5120000243186951,1.4166152477264404
780,0.6398000121116638,1.042799472808838,0.5,1.508907675743103
781,0.6378999948501587,1.0447970628738403,0.5080000162124634,1.4377328157424927
782,0.6403999924659729,1.043300747871399,0.4740000069141388,1.5172529220581055
783,0.6378999948501587,1.043138027191162,0.515999972820282,1.4810045957565308
784,0.6398000121116638,1.0441405773162842,0.5249999761581421,1.400459885597229
785,0.63919997215271,1.0410926342010498,0.5264999866485596,1.392029881477356
786,0.6394000053405762,1.0391271114349365,0.5,1.4562616348266602
787,0.6377999782562256,1.0420747995376587,0.5224999785423279,1.4141981601715088
788,0.6395999789237976,1.0421104431152344,0.5235000252723694,1.4145327806472778
789,0.6406000256538391,1.0390268564224243,0.47850000858306885,1.5937778949737549
790,0.6373000144958496,1.0424875020980835,0.5339999794960022,1.378242015838623
791,0.6384000182151794,1.0383762121200562,0.5354999899864197,1.3613371849060059
792,0.6417999863624573,1.038098692893982,0.5134999752044678,1.4268200397491455
793,0.6392999887466431,1.0387840270996094,0.5145000219345093,1.4036766290664673
794,0.6419000029563904,1.0368282794952393,0.5180000066757202,1.4501482248306274
795,0.6377000212669373,1.035119652748108,0.5164999961853027,1.432620882987976
796,0.6395999789237976,1.0376545190811157,0.5090000033378601,1.4381366968154907
797,0.6435999870300293,1.0356680154800415,0.5350000262260437,1.3598263263702393
798,0.6439999938011169,1.0323795080184937,0.5205000042915344,1.380073070526123
799,0.6455000042915344,1.0328755378723145,0.5224999785423279,1.4097275733947754
800,0.6410999894142151,1.0334588289260864,0.4334999918937683,1.7626618146896362
801,0.6403999924659729,1.0339401960372925,0.5320000052452087,1.3752621412277222
802,0.6419000029563904,1.0320056676864624,0.5354999899864197,1.3721836805343628
803,0.6431000232696533,1.030263900756836,0.4909999966621399,1.46700119972229
804,0.638700008392334,1.033674716949463,0.5199999809265137,1.4166828393936157
805,0.6442999839782715,1.0293922424316406,0.5299999713897705,1.3769409656524658
806,0.6452000141143799,1.0299526453018188,0.5195000171661377,1.4325593709945679
807,0.6452000141143799,1.027742624282837,0.5220000147819519,1.3871827125549316
808,0.6466000080108643,1.0263460874557495,0.4909999966621399,1.4821338653564453
809,0.6431999802589417,1.0277498960494995,0.515999972820282,1.3930065631866455
810,0.64410001039505,1.0294520854949951,0.5170000195503235,1.4667609930038452
811,0.6438000202178955,1.0330439805984497,0.5115000009536743,1.4200353622436523
812,0.6430000066757202,1.0287457704544067,0.5134999752044678,1.4602535963058472
813,0.6473000049591064,1.0288828611373901,0.5205000042915344,1.4076141119003296
814,0.6459000110626221,1.0241875648498535,0.4625000059604645,1.5945444107055664
815,0.6473000049591064,1.0253932476043701,0.5170000195503235,1.4135708808898926
816,0.6456999778747559,1.0238409042358398,0.5145000219345093,1.4002931118011475
817,0.6477000117301941,1.021790862083435,0.5009999871253967,1.464049220085144
818,0.6419000029563904,1.0264301300048828,0.5105000138282776,1.4073673486709595
819,0.6438999772071838,1.025989055633545,0.5145000219345093,1.4041321277618408
820,0.6445000171661377,1.0221954584121704,0.4625000059604645,1.6340055465698242
821,0.6459000110626221,1.025366187095642,0.5174999833106995,1.4211610555648804
822,0.6491000056266785,1.0218876600265503,0.5320000052452087,1.3808917999267578
823,0.6462000012397766,1.0209879875183105,0.5239999890327454,1.4090266227722168
824,0.6474000215530396,1.0213793516159058,0.5354999899864197,1.3887650966644287
825,0.6466000080108643,1.0225893259048462,0.5335000157356262,1.3817180395126343
826,0.6480000019073486,1.0180963277816772,0.5220000147819519,1.3794156312942505
827,0.6496999859809875,1.019166350364685,0.4984999895095825,1.447185754776001
828,0.6499999761581421,1.0188056230545044,0.5364999771118164,1.36177659034729
829,0.6489999890327454,1.0156186819076538,0.512499988079071,1.4221585988998413
830,0.6474999785423279,1.016173243522644,0.5189999938011169,1.4100828170776367
831,0.6474000215530396,1.019471526145935,0.527999997138977,1.4061863422393799
832,0.6521000266075134,1.0139294862747192,0.5109999775886536,1.428834319114685
833,0.6468999981880188,1.0179129838943481,0.5274999737739563,1.4036540985107422
834,0.6463000178337097,1.0143165588378906,0.5199999809265137,1.3853678703308105
835,0.6456999778747559,1.0143396854400635,0.5115000009536743,1.4202382564544678
836,0.6485999822616577,1.0151636600494385,0.4970000088214874,1.4614882469177246
837,0.6518999934196472,1.0141453742980957,0.5325000286102295,1.3913905620574951
838,0.6482999920845032,1.0131478309631348,0.5049999952316284,1.4612767696380615
839,0.6477000117301941,1.0128412246704102,0.48649999499320984,1.4820502996444702
840,0.6488000154495239,1.0144137144088745,0.49799999594688416,1.485689401626587
841,0.6498000025749207,1.009823203086853,0.5005000233650208,1.477306604385376
842,0.6527000069618225,1.0122408866882324,0.5180000066757202,1.4402680397033691
843,0.6509000062942505,1.0147581100463867,0.46050000190734863,1.6747843027114868
844,0.6549999713897705,1.0141993761062622,0.4964999854564667,1.48784601688385
845,0.6450999975204468,1.009614109992981,0.5134999752044678,1.4994217157363892
846,0.6514000296592712,1.009730577468872,0.48750001192092896,1.5500236749649048
847,0.6484000086784363,1.0106325149536133,0.5199999809265137,1.4528779983520508
848,0.6502000093460083,1.0090035200119019,0.5210000276565552,1.4053361415863037
849,0.6547999978065491,1.0072407722473145,0.5264999866485596,1.4025520086288452
850,0.6485999822616577,1.0070267915725708,0.5099999904632568,1.449584722518921
851,0.6524999737739563,1.0065525770187378,0.5145000219345093,1.39794921875
852,0.6468999981880188,1.0079600811004639,0.5080000162124634,1.4560973644256592
853,0.6553999781608582,1.00364351272583,0.5235000252723694,1.413327693939209
854,0.6521999835968018,1.0059665441513062,0.5205000042915344,1.4093623161315918
855,0.6549000144004822,1.0051076412200928,0.5354999899864197,1.3696948289871216
856,0.6531000137329102,1.0023114681243896,0.515999972820282,1.4199692010879517
857,0.6556000113487244,1.0006484985351562,0.49900001287460327,1.451001763343811
858,0.6545000076293945,1.0017242431640625,0.5130000114440918,1.43091881275177
859,0.6550999879837036,1.002000093460083,0.49000000953674316,1.5548051595687866
860,0.6556000113487244,1.0033408403396606,0.5260000228881836,1.3741581439971924
861,0.6539999842643738,0.9991627931594849,0.5199999809265137,1.4402910470962524
862,0.6539999842643738,1.0009372234344482,0.5274999737739563,1.401071310043335
863,0.6557999849319458,0.9996980428695679,0.5090000033378601,1.4475215673446655
864,0.6518999934196472,1.0041989088058472,0.5049999952316284,1.5432863235473633
865,0.654699981212616,1.001319169998169,0.5184999704360962,1.4051886796951294
866,0.652400016784668,1.0021523237228394,0.5245000123977661,1.3924309015274048
867,0.6552000045776367,0.9984343647956848,0.5230000019073486,1.399604320526123
868,0.6546000242233276,0.9982409477233887,0.5139999985694885,1.4437271356582642
869,0.6557999849319458,0.9952045679092407,0.5034999847412109,1.4556244611740112
870,0.6543999910354614,0.9971086978912354,0.531000018119812,1.3881218433380127
871,0.6560999751091003,0.9969502091407776,0.5289999842643738,1.3829280138015747
872,0.6564000248908997,0.9969980716705322,0.5164999961853027,1.4497367143630981
873,0.6561999917030334,0.9977037906646729,0.5009999871253967,1.5261427164077759
874,0.6559000015258789,0.9972094893455505,0.5180000066757202,1.4503036737442017
875,0.6534000039100647,0.9945134520530701,0.5285000205039978,1.3967443704605103
876,0.6567000150680542,0.992681622505188,0.5145000219345093,1.481680154800415
877,0.6582000255584717,0.9926422834396362,0.512499988079071,1.4167238473892212
878,0.6593000292778015,0.9926737546920776,0.5320000052452087,1.406214952468872
879,0.6585999727249146,0.9897395372390747,0.5084999799728394,1.4491486549377441
880,0.6585000157356262,0.9911764860153198,0.4860000014305115,1.4825958013534546
881,0.65420001745224,0.9934410452842712,0.47350001335144043,1.5222201347351074
882,0.6518999934196472,0.9944770336151123,0.4869999885559082,1.531724452972412
883,0.6560999751091003,0.991024911403656,0.5099999904632568,1.4297535419464111
884,0.6592000126838684,0.9914274215698242,0.5329999923706055,1.385455846786499
885,0.6574000120162964,0.9883990287780762,0.5335000157356262,1.374565601348877
886,0.6570000052452087,0.9876598715782166,0.4945000112056732,1.4553382396697998
887,0.6610000133514404,0.9863401651382446,0.4945000112056732,1.50081205368042
888,0.661899983882904,0.9876385927200317,0.4595000147819519,1.676142692565918
889,0.6539000272750854,0.9920505881309509,0.5335000157356262,1.392236590385437
890,0.6632000207901001,0.9849982261657715,0.5164999961853027,1.460303783416748
891,0.6610000133514404,0.9835615158081055,0.5339999794960022,1.3950432538986206
892,0.6579999923706055,0.9870239496231079,0.5239999890327454,1.3917815685272217
893,0.6600000262260437,0.985595703125,0.5084999799728394,1.451911449432373
894,0.6593999862670898,0.9867643713951111,0.5115000009536743,1.468205213546753
895,0.6607000231742859,0.9830754995346069,0.5350000262260437,1.371928095817566
896,0.6611999869346619,0.9814430475234985,0.5205000042915344,1.4268866777420044
897,0.6606000065803528,0.983592689037323,0.492000013589859,1.4803107976913452
898,0.6559000015258789,0.9836158156394958,0.4984999895095825,1.5031144618988037
899,0.6603000164031982,0.9825855493545532,0.5040000081062317,1.520361065864563
900,0.6599000096321106,0.9822136759757996,0.5205000042915344,1.396317720413208
901,0.6608999967575073,0.9815972447395325,0.4964999854564667,1.4679570198059082
902,0.6586999893188477,0.9818593859672546,0.5149999856948853,1.4576466083526611
903,0.6622999906539917,0.9787895679473877,0.5360000133514404,1.3766577243804932
904,0.6621000170707703,0.9785704016685486,0.503000020980835,1.4905494451522827
905,0.6608999967575073,0.9804269671440125,0.5354999899864197,1.3761314153671265
906,0.6626999974250793,0.9763290882110596,0.5070000290870667,1.5386004447937012
907,0.6632000207901001,0.9817027449607849,0.4699999988079071,1.6310131549835205
908,0.6636000275611877,0.9794754981994629,0.492000013589859,1.493786334991455
909,0.6626999974250793,0.97808837890625,0.5170000195503235,1.4452427625656128
910,0.6585999727249146,0.9789362549781799,0.4894999861717224,1.5139102935791016
911,0.6651999950408936,0.9758024215698242,0.5220000147819519,1.421440839767456
912,0.6593000292778015,0.9786491394042969,0.46549999713897705,1.5999634265899658
913,0.661899983882904,0.9783123135566711,0.5410000085830688,1.3727686405181885
914,0.6643999814987183,0.9717311263084412,0.47200000286102295,1.573068380355835
915,0.6585000157356262,0.9774248003959656,0.5044999718666077,1.4457056522369385
916,0.6611999869346619,0.9760411977767944,0.5055000185966492,1.47562837600708
917,0.6651999950408936,0.9741073250770569,0.48649999499320984,1.6184676885604858
918,0.663100004196167,0.9755066633224487,0.4869999885559082,1.5660231113433838
919,0.6620000004768372,0.9754865169525146,0.531000018119812,1.3975110054016113
920,0.6615999937057495,0.9721640348434448,0.5084999799728394,1.4579707384109497
921,0.6646999716758728,0.969075083732605,0.5230000019073486,1.4189791679382324
922,0.6658999919891357,0.9690285921096802,0.5235000252723694,1.423060655593872
923,0.6668000221252441,0.9710073471069336,0.5339999794960022,1.4004887342453003
924,0.6632999777793884,0.9708896279335022,0.5130000114440918,1.511353611946106
925,0.6674000024795532,0.9700018763542175,0.5264999866485596,1.4049501419067383
926,0.6646999716758728,0.9707086682319641,0.5189999938011169,1.4223675727844238
927,0.6654999852180481,0.9679964780807495,0.5040000081062317,1.470467448234558
928,0.6656000018119812,0.9681630730628967,0.5220000147819519,1.4264705181121826
929,0.666700005531311,0.9646149277687073,0.503000020980835,1.473524570465088
930,0.6656000018119812,0.9642049074172974,0.5414999723434448,1.3719415664672852
931,0.6646000146865845,0.9648152589797974,0.5230000019073486,1.3971561193466187
932,0.6664999723434448,0.9649028182029724,0.5429999828338623,1.3738044500350952
933,0.6675000190734863,0.9641111493110657,0.4580000042915344,1.6134337186813354
934,0.6628999710083008,0.9691157341003418,0.5090000033378601,1.4652913808822632
935,0.6660000085830688,0.9653767347335815,0.46700000762939453,1.6363800764083862
936,0.6671000123023987,0.9668826460838318,0.5429999828338623,1.3842828273773193
937,0.6638000011444092,0.9655845761299133,0.5105000138282776,1.5257511138916016
938,0.669700026512146,0.9645550847053528,0.49950000643730164,1.5348621606826782
939,0.6680999994277954,0.9645087718963623,0.5184999704360962,1.4272146224975586
940,0.6665999889373779,0.9577710032463074,0.5379999876022339,1.402742624282837
941,0.670799970626831,0.9625970721244812,0.445499986410141,1.7828495502471924
942,0.6636000275611877,0.966361939907074,0.46700000762939453,1.6339534521102905
943,0.6678000092506409,0.9619578123092651,0.5450000166893005,1.3818687200546265
944,0.6693000197410583,0.9588112235069275,0.44850000739097595,1.718556523323059
945,0.6690999865531921,0.9604146480560303,0.4984999895095825,1.5324697494506836
946,0.6714000105857849,0.9604882597923279,0.4715000092983246,1.6701152324676514
947,0.6690000295639038,0.9611570239067078,0.503000020980835,1.469688892364502
948,0.670799970626831,0.9590868353843689,0.5174999833106995,1.4250108003616333
949,0.6708999872207642,0.9567005634307861,0.49050000309944153,1.526665210723877
950,0.6718999743461609,0.9598523378372192,0.5019999742507935,1.487220287322998
951,0.6678000092506409,0.9566259980201721,0.5354999899864197,1.4014837741851807
952,0.6646999716758728,0.9583128690719604,0.49300000071525574,1.5002632141113281
953,0.6686000227928162,0.9569886922836304,0.512499988079071,1.4722988605499268
954,0.6711000204086304,0.9535320997238159,0.5354999899864197,1.3751635551452637
955,0.6729999780654907,0.9556549787521362,0.5274999737739563,1.4024875164031982
956,0.6748999953269958,0.9527109265327454,0.4945000112056732,1.552517294883728
957,0.6726999878883362,0.9536311626434326,0.5270000100135803,1.4443116188049316
958,0.675000011920929,0.9521191120147705,0.5059999823570251,1.4570295810699463
959,0.6711999773979187,0.9533422589302063,0.5245000123977661,1.4369332790374756
960,0.6725999712944031,0.9524642825126648,0.5214999914169312,1.4195724725723267
961,0.6675000190734863,0.9511322975158691,0.5170000195503235,1.437226414680481
962,0.6685000061988831,0.9518100619316101,0.5394999980926514,1.3958489894866943
963,0.6682000160217285,0.9516725540161133,0.5235000252723694,1.4283725023269653
964,0.671500027179718,0.9487111568450928,0.4950000047683716,1.5570647716522217
965,0.6725999712944031,0.9497460126876831,0.5074999928474426,1.4955596923828125
966,0.6707000136375427,0.9527948498725891,0.534500002861023,1.4195592403411865
967,0.6693999767303467,0.9491945505142212,0.5199999809265137,1.4348000288009644
968,0.6736999750137329,0.9483746886253357,0.5189999938011169,1.4556434154510498
969,0.6729999780654907,0.9491885900497437,0.4884999990463257,1.5723322629928589
970,0.6758000254631042,0.9495924115180969,0.5339999794960022,1.395368218421936
971,0.6741999983787537,0.9455119967460632,0.5249999761581421,1.4115244150161743
972,0.6743999719619751,0.946255087852478,0.515999972820282,1.4217597246170044
973,0.6741999983787537,0.9449574947357178,0.5239999890327454,1.4364168643951416
974,0.6736999750137329,0.9462621808052063,0.4934999942779541,1.536609411239624
975,0.6747999787330627,0.943492591381073,0.5289999842643738,1.4130295515060425
976,0.6725000143051147,0.945889949798584,0.5295000076293945,1.4077168703079224
977,0.6746000051498413,0.9464918971061707,0.5339999794960022,1.39678955078125
978,0.6740999817848206,0.9419401288032532,0.5214999914169312,1.40766179561615
979,0.6751000285148621,0.9440575242042542,0.5304999947547913,1.3995945453643799
980,0.6729000210762024,0.9418660402297974,0.5164999961853027,1.464858055114746
981,0.675599992275238,0.9410715699195862,0.4950000047683716,1.4862984418869019
982,0.6775000095367432,0.9442666172981262,0.531000018119812,1.4023503065109253
983,0.6776999831199646,0.935664176940918,0.515500009059906,1.4471079111099243
984,0.6753000020980835,0.9395830035209656,0.4950000047683716,1.50496244430542
985,0.6741999983787537,0.9415863156318665,0.5394999980926514,1.383646845817566
986,0.6776999831199646,0.938635528087616,0.5115000009536743,1.452744722366333
987,0.6761000156402588,0.9381905198097229,0.5180000066757202,1.4287452697753906
988,0.6754000186920166,0.9376997351646423,0.5354999899864197,1.4208085536956787
989,0.6753000020980835,0.939423143863678,0.5385000109672546,1.38798189163208
990,0.6773999929428101,0.937969446182251,0.5260000228881836,1.4211742877960205
991,0.6779000163078308,0.9382470846176147,0.43799999356269836,1.8061165809631348
992,0.6743000149726868,0.9442475438117981,0.5274999737739563,1.454817771911621
993,0.6771000027656555,0.938370406627655,0.527999997138977,1.4673678874969482
994,0.67330002784729,0.9347423911094666,0.5070000290870667,1.5340901613235474
995,0.6794999837875366,0.9347846508026123,0.5425000190734863,1.3841136693954468
996,0.6747999787330627,0.9349662065505981,0.5350000262260437,1.3925832509994507
997,0.6794000267982483,0.9343296885490417,0.534500002861023,1.3998972177505493
998,0.6775000095367432,0.9333384037017822,0.5,1.5386879444122314
999,0.6758999824523926,0.9372930526733398,0.5049999952316284,1.4509679079055786
