epoch,accuracy,loss,val_accuracy,val_loss
0,0.10760000348091125,2.311377763748169,0.10999999940395355,2.3026559352874756
1,0.11379999667406082,2.3029487133026123,0.12200000137090683,2.296978712081909
2,0.12759999930858612,2.2979660034179688,0.12999999523162842,2.292874336242676
3,0.1429000049829483,2.293799638748169,0.14900000393390656,2.2890915870666504
4,0.14880000054836273,2.289729118347168,0.1589999943971634,2.2850964069366455
5,0.16130000352859497,2.285369634628296,0.164000004529953,2.280677318572998
6,0.16680000722408295,2.2805492877960205,0.16349999606609344,2.275705337524414
7,0.16820000112056732,2.275049924850464,0.16249999403953552,2.270043134689331
8,0.16619999706745148,2.2687227725982666,0.17399999499320984,2.263375997543335
9,0.1687999963760376,2.2613182067871094,0.16500000655651093,2.2552742958068848
10,0.1768999993801117,2.2527482509613037,0.17399999499320984,2.246049404144287
11,0.17059999704360962,2.242759943008423,0.1889999955892563,2.23586368560791
12,0.17960000038146973,2.231292247772217,0.17800000309944153,2.2228031158447266
13,0.18019999563694,2.2179160118103027,0.19499999284744263,2.208526134490967
14,0.193900004029274,2.202667474746704,0.20399999618530273,2.192099094390869
15,0.19769999384880066,2.185741901397705,0.2214999943971634,2.174043655395508
16,0.2134000062942505,2.167461633682251,0.2175000011920929,2.1553566455841064
17,0.2151000052690506,2.14807391166687,0.23800000548362732,2.1354050636291504
18,0.22920000553131104,2.129075050354004,0.23399999737739563,2.115983009338379
19,0.23649999499320984,2.1098501682281494,0.24050000309944153,2.096391201019287
20,0.23880000412464142,2.0924055576324463,0.2460000067949295,2.078890562057495
21,0.24410000443458557,2.076716661453247,0.2535000145435333,2.063899040222168
22,0.24979999661445618,2.06274151802063,0.2574999928474426,2.053367853164673
23,0.25529998540878296,2.050887107849121,0.26100000739097595,2.0442893505096436
24,0.2563999891281128,2.0406572818756104,0.2535000145435333,2.0381481647491455
25,0.26179999113082886,2.0320162773132324,0.25999999046325684,2.0209436416625977
26,0.2651999890804291,2.0234663486480713,0.2694999873638153,2.0129024982452393
27,0.2696000039577484,2.0161406993865967,0.2619999945163727,2.008765935897827
28,0.2736999988555908,2.009310007095337,0.26499998569488525,2.001890182495117
29,0.2721000015735626,2.0031917095184326,0.2770000100135803,1.9941375255584717
30,0.27790001034736633,1.9971033334732056,0.2770000100135803,1.987116813659668
31,0.2808000147342682,1.9912941455841064,0.273499995470047,1.9865273237228394
32,0.2874999940395355,1.9861812591552734,0.273499995470047,1.9762295484542847
33,0.28619998693466187,1.9806853532791138,0.2849999964237213,1.97111177444458
34,0.2863999903202057,1.9760595560073853,0.28049999475479126,1.9671305418014526
35,0.28949999809265137,1.9703261852264404,0.2944999933242798,1.9672789573669434
36,0.2937999963760376,1.9662765264511108,0.28999999165534973,1.9673906564712524
37,0.29440000653266907,1.9612029790878296,0.2915000021457672,1.952388048171997
38,0.2962000072002411,1.9567443132400513,0.29499998688697815,1.9490116834640503
39,0.29840001463890076,1.9520716667175293,0.2919999957084656,1.9457238912582397
40,0.2985000014305115,1.9464730024337769,0.2865000069141388,1.9443864822387695
41,0.29899999499320984,1.943449854850769,0.2915000021457672,1.9513847827911377
42,0.3018999993801117,1.938612461090088,0.2904999852180481,1.9347087144851685
43,0.3043999969959259,1.933936357498169,0.2930000126361847,1.9301190376281738
44,0.30809998512268066,1.9299144744873047,0.31049999594688416,1.9226837158203125
45,0.30799999833106995,1.9252468347549438,0.30250000953674316,1.9178459644317627
46,0.31380000710487366,1.9210186004638672,0.2939999997615814,1.943420648574829
47,0.3149000108242035,1.9168939590454102,0.3174999952316284,1.9108154773712158
48,0.31709998846054077,1.9123948812484741,0.31450000405311584,1.9057013988494873
49,0.31779998540878296,1.9073596000671387,0.3125,1.9072383642196655
50,0.3206000030040741,1.9032881259918213,0.3149999976158142,1.8995389938354492
51,0.3215000033378601,1.8984730243682861,0.32199999690055847,1.8953698873519897
52,0.3278000056743622,1.8936127424240112,0.3125,1.8921558856964111
53,0.32710000872612,1.890248417854309,0.31949999928474426,1.8933109045028687
54,0.32690000534057617,1.8861922025680542,0.31200000643730164,1.8900139331817627
55,0.3305000066757202,1.8804785013198853,0.3160000145435333,1.891692876815796
56,0.3353999853134155,1.8764455318450928,0.31949999928474426,1.8782281875610352
57,0.33169999718666077,1.8715380430221558,0.3160000145435333,1.8752132654190063
58,0.33730000257492065,1.8679187297821045,0.3199999928474426,1.879836082458496
59,0.33629998564720154,1.8641160726547241,0.3109999895095825,1.882063627243042
60,0.337799996137619,1.8580209016799927,0.3269999921321869,1.8806617259979248
61,0.3382999897003174,1.854156255722046,0.335999995470047,1.8620952367782593
62,0.3427000045776367,1.848102331161499,0.3230000138282776,1.8894118070602417
63,0.34540000557899475,1.844560980796814,0.3190000057220459,1.8718816041946411
64,0.3447999954223633,1.8402372598648071,0.3174999952316284,1.8656734228134155
65,0.349700003862381,1.8340439796447754,0.3395000100135803,1.8375052213668823
66,0.3499000072479248,1.8306097984313965,0.32350000739097595,1.845705270767212
67,0.350600004196167,1.8260347843170166,0.3334999978542328,1.84126877784729
68,0.3538999855518341,1.8208730220794678,0.3345000147819519,1.8392735719680786
69,0.357699990272522,1.8163174390792847,0.3294999897480011,1.8317441940307617
70,0.3580999970436096,1.8131506443023682,0.3310000002384186,1.8503313064575195
71,0.3562999963760376,1.8090544939041138,0.33899998664855957,1.8209972381591797
72,0.3610000014305115,1.8038554191589355,0.3305000066757202,1.825955867767334
73,0.36629998683929443,1.7992209196090698,0.3375000059604645,1.8150579929351807
74,0.36410000920295715,1.7946816682815552,0.3479999899864197,1.8087987899780273
75,0.36559998989105225,1.791139841079712,0.3474999964237213,1.8035825490951538
76,0.3662000000476837,1.7871203422546387,0.35199999809265137,1.8071452379226685
77,0.3675000071525574,1.782894492149353,0.3425000011920929,1.8128141164779663
78,0.37389999628067017,1.7789572477340698,0.33899998664855957,1.8319919109344482
79,0.3684999942779541,1.7735788822174072,0.351500004529953,1.7963805198669434
80,0.374099999666214,1.7714170217514038,0.34549999237060547,1.7968363761901855
81,0.37700000405311584,1.7677277326583862,0.36399999260902405,1.7765263319015503
82,0.37540000677108765,1.7646665573120117,0.3564999997615814,1.8112765550613403
83,0.37959998846054077,1.7606736421585083,0.3580000102519989,1.8034863471984863
84,0.37950000166893005,1.7577828168869019,0.35499998927116394,1.7826099395751953
85,0.3815000057220459,1.7521878480911255,0.34200000762939453,1.8232437372207642
86,0.3804999887943268,1.7493082284927368,0.3605000078678131,1.7638977766036987
87,0.38029998540878296,1.7454707622528076,0.3474999964237213,1.771325707435608
88,0.382099986076355,1.7437585592269897,0.36399999260902405,1.7654248476028442
89,0.38760000467300415,1.7388006448745728,0.3610000014305115,1.7720537185668945
90,0.3840999901294708,1.7371597290039062,0.320499986410141,1.8272991180419922
91,0.38440001010894775,1.7326279878616333,0.3630000054836273,1.7642583847045898
92,0.38359999656677246,1.7298861742019653,0.35350000858306885,1.847463607788086
93,0.38929998874664307,1.72575044631958,0.3564999997615814,1.7826677560806274
94,0.387800008058548,1.7219257354736328,0.37599998712539673,1.7389873266220093
95,0.39010000228881836,1.7194747924804688,0.3675000071525574,1.7471870183944702
96,0.391400009393692,1.7154878377914429,0.34599998593330383,1.8248153924942017
97,0.39320001006126404,1.7132161855697632,0.3815000057220459,1.737490177154541
98,0.39329999685287476,1.7085000276565552,0.36800000071525574,1.7652102708816528
99,0.3926999866962433,1.7051331996917725,0.37299999594688416,1.7459641695022583
100,0.3926999866962433,1.7024425268173218,0.3709999918937683,1.7396256923675537
101,0.3935000002384186,1.698988676071167,0.33399999141693115,1.8100003004074097
102,0.39739999175071716,1.6965335607528687,0.3294999897480011,1.7884141206741333
103,0.3968999981880188,1.694701910018921,0.3815000057220459,1.746286153793335
104,0.39910000562667847,1.6906756162643433,0.36800000071525574,1.747206211090088
105,0.4007999897003174,1.6867324113845825,0.3855000138282776,1.7163689136505127
106,0.4000000059604645,1.6842879056930542,0.3580000102519989,1.7340220212936401
107,0.4023999869823456,1.6803348064422607,0.3824999928474426,1.7219741344451904
108,0.4018000066280365,1.6778062582015991,0.39399999380111694,1.6994202136993408
109,0.40470001101493835,1.6738085746765137,0.3894999921321869,1.6936849355697632
110,0.4027999937534332,1.6706286668777466,0.3714999854564667,1.7375849485397339
111,0.40959998965263367,1.6678982973098755,0.37549999356269836,1.7453352212905884
112,0.40610000491142273,1.6653478145599365,0.39149999618530273,1.7155863046646118
113,0.41200000047683716,1.661451816558838,0.38449999690055847,1.7081539630889893
114,0.4101000130176544,1.6575015783309937,0.3720000088214874,1.7665719985961914
115,0.40880000591278076,1.6564840078353882,0.37599998712539673,1.7321641445159912
116,0.4115000069141388,1.6539902687072754,0.3695000112056732,1.7390141487121582
117,0.41339999437332153,1.6492421627044678,0.39899998903274536,1.6925064325332642
118,0.41130000352859497,1.64713716506958,0.398499995470047,1.6862342357635498
119,0.41200000047683716,1.6441097259521484,0.4124999940395355,1.6619912385940552
120,0.41749998927116394,1.639748454093933,0.3889999985694885,1.6863162517547607
121,0.4147999882698059,1.6371041536331177,0.39800000190734863,1.6803227663040161
122,0.4171999990940094,1.6322524547576904,0.39750000834465027,1.6661803722381592
123,0.41780000925064087,1.630929708480835,0.4000000059604645,1.7069774866104126
124,0.42170000076293945,1.6274938583374023,0.4099999964237213,1.6561697721481323
125,0.42179998755455017,1.6246832609176636,0.3955000042915344,1.7041658163070679
126,0.42559999227523804,1.6203376054763794,0.4165000021457672,1.6647132635116577
127,0.4203000068664551,1.6183738708496094,0.3869999945163727,1.6882047653198242
128,0.42289999127388,1.6143094301223755,0.390500009059906,1.7697632312774658
129,0.42309999465942383,1.6148637533187866,0.41499999165534973,1.6400827169418335
130,0.426800012588501,1.6083697080612183,0.4129999876022339,1.636120319366455
131,0.4293000102043152,1.6077899932861328,0.4065000116825104,1.6647942066192627
132,0.42800000309944153,1.6047136783599854,0.4180000126361847,1.6350162029266357
133,0.4311000108718872,1.6002227067947388,0.3959999978542328,1.6714645624160767
134,0.43230000138282776,1.5975748300552368,0.4180000126361847,1.6251941919326782
135,0.43149998784065247,1.5957896709442139,0.39250001311302185,1.6987701654434204
136,0.4300999939441681,1.5946096181869507,0.3700000047683716,1.6695609092712402
137,0.4343000054359436,1.5909489393234253,0.4300000071525574,1.6284226179122925
138,0.42899999022483826,1.5902190208435059,0.42750000953674316,1.6121937036514282
139,0.43650001287460327,1.5837539434432983,0.43050000071525574,1.6118642091751099
140,0.43880000710487366,1.5793579816818237,0.4235000014305115,1.6501641273498535
141,0.43529999256134033,1.5794026851654053,0.41350001096725464,1.6561691761016846
142,0.4383000135421753,1.5755510330200195,0.4189999997615814,1.6671546697616577
143,0.43689998984336853,1.5760414600372314,0.4309999942779541,1.6085063219070435
144,0.43860000371932983,1.5731626749038696,0.40799999237060547,1.624234914779663
145,0.4357999861240387,1.570984125137329,0.39250001311302185,1.6710410118103027
146,0.44020000100135803,1.5664284229278564,0.4244999885559082,1.6240592002868652
147,0.4406000077724457,1.5636810064315796,0.414000004529953,1.6337368488311768
148,0.4417000114917755,1.5615880489349365,0.27950000762939453,2.140920400619507
149,0.44029998779296875,1.5693691968917847,0.359499990940094,1.8951425552368164
150,0.4415999948978424,1.5600272417068481,0.4129999876022339,1.610046148300171
151,0.44830000400543213,1.5538442134857178,0.4099999964237213,1.6086297035217285
152,0.4438999891281128,1.5532411336898804,0.39149999618530273,1.7258358001708984
153,0.44350001215934753,1.5521713495254517,0.41600000858306885,1.672441005706787
154,0.4438999891281128,1.550844430923462,0.4345000088214874,1.5744950771331787
155,0.44429999589920044,1.5451076030731201,0.40049999952316284,1.6412899494171143
156,0.446399986743927,1.5484082698822021,0.4194999933242798,1.6287883520126343
157,0.44859999418258667,1.5428388118743896,0.42399999499320984,1.59181809425354
158,0.45100000500679016,1.538605809211731,0.42100000381469727,1.601109266281128
159,0.44440001249313354,1.5390530824661255,0.4404999911785126,1.6197153329849243
160,0.4494999945163727,1.536482572555542,0.36899998784065247,1.7131237983703613
161,0.45179998874664307,1.5335625410079956,0.4189999997615814,1.6294219493865967
162,0.45100000500679016,1.5323759317398071,0.38850000500679016,1.7251094579696655
163,0.454800009727478,1.5292099714279175,0.4115000069141388,1.638887643814087
164,0.45210000872612,1.531403660774231,0.4300000071525574,1.6123032569885254
165,0.45590001344680786,1.5284117460250854,0.45249998569488525,1.5678073167800903
166,0.45559999346733093,1.5239853858947754,0.4345000088214874,1.572190761566162
167,0.4578000009059906,1.5213063955307007,0.43700000643730164,1.5763760805130005
168,0.4569999873638153,1.5178231000900269,0.40549999475479126,1.740701675415039
169,0.4553000032901764,1.524956464767456,0.45399999618530273,1.5519975423812866
170,0.4580000042915344,1.516113042831421,0.4165000021457672,1.6019823551177979
171,0.4569999873638153,1.5191704034805298,0.28049999475479126,2.2968602180480957
172,0.4560999870300293,1.5262112617492676,0.4154999852180481,1.6419975757598877
173,0.45730000734329224,1.5157467126846313,0.4244999885559082,1.5887787342071533
174,0.4593000113964081,1.5117692947387695,0.4255000054836273,1.63621985912323
175,0.4607999920845032,1.5095407962799072,0.4309999942779541,1.6315420866012573
176,0.459199994802475,1.5070322751998901,0.4399999976158142,1.5688484907150269
177,0.4625999927520752,1.5045017004013062,0.42500001192092896,1.594657063484192
178,0.4607999920845032,1.5029758214950562,0.43700000643730164,1.5771108865737915
179,0.4616999924182892,1.5053045749664307,0.421999990940094,1.60211181640625
180,0.46209999918937683,1.5014407634735107,0.42100000381469727,1.6749694347381592
181,0.46459999680519104,1.5001888275146484,0.4269999861717224,1.6022555828094482
182,0.46299999952316284,1.4999560117721558,0.45350000262260437,1.5648047924041748
183,0.4675000011920929,1.494809627532959,0.4309999942779541,1.5916999578475952
184,0.47029998898506165,1.4919328689575195,0.4194999933242798,1.621753454208374
185,0.4717000126838684,1.4929531812667847,0.44449999928474426,1.5824183225631714
186,0.4648999869823456,1.4953440427780151,0.40400001406669617,1.6252965927124023
187,0.46889999508857727,1.4929568767547607,0.43149998784065247,1.637699842453003
188,0.4715000092983246,1.4877430200576782,0.4645000100135803,1.5210992097854614
189,0.47290000319480896,1.490766167640686,0.4309999942779541,1.645325779914856
190,0.4668000042438507,1.4861396551132202,0.44449999928474426,1.5580600500106812
191,0.4749999940395355,1.4821373224258423,0.3944999873638153,1.6693751811981201
192,0.46950000524520874,1.487126350402832,0.44449999928474426,1.5702862739562988
193,0.4733999967575073,1.4804625511169434,0.44999998807907104,1.5541391372680664
194,0.4691999852657318,1.4794437885284424,0.4625000059604645,1.5272926092147827
195,0.47620001435279846,1.4802097082138062,0.44999998807907104,1.5281440019607544
196,0.4745999872684479,1.4811594486236572,0.4449999928474426,1.5478187799453735
197,0.47609999775886536,1.4763656854629517,0.4569999873638153,1.535857915878296
198,0.4788999855518341,1.4722391366958618,0.4449999928474426,1.5672539472579956
199,0.4738999903202057,1.4730058908462524,0.4625000059604645,1.518835186958313
200,0.47519999742507935,1.471259355545044,0.41350001096725464,1.6712342500686646
201,0.47859999537467957,1.473027229309082,0.45500001311302185,1.5337414741516113
202,0.4779999852180481,1.469774603843689,0.43299999833106995,1.5861808061599731
203,0.47380000352859497,1.468232274055481,0.4620000123977661,1.518243432044983
204,0.476500004529953,1.4687925577163696,0.4465000033378601,1.5286771059036255
205,0.4796000123023987,1.4627602100372314,0.42750000953674316,1.5713915824890137
206,0.476500004529953,1.46749746799469,0.44999998807907104,1.5247381925582886
207,0.4799000024795532,1.4624180793762207,0.4440000057220459,1.5646144151687622
208,0.4772000014781952,1.4677143096923828,0.43799999356269836,1.541327714920044
209,0.482699990272522,1.4579784870147705,0.4659999907016754,1.5114516019821167
210,0.4787999987602234,1.4612189531326294,0.4269999861717224,1.6456010341644287
211,0.4803999960422516,1.459884762763977,0.4634999930858612,1.5419427156448364
212,0.48500001430511475,1.453536868095398,0.4065000116825104,1.6717251539230347
213,0.48080000281333923,1.4543910026550293,0.4390000104904175,1.5319597721099854
214,0.4810999929904938,1.4554208517074585,0.46000000834465027,1.5393328666687012
215,0.48559999465942383,1.4503560066223145,0.4375,1.621576189994812
216,0.47679999470710754,1.4550012350082397,0.45750001072883606,1.528813123703003
217,0.4878000020980835,1.446497917175293,0.43650001287460327,1.6904785633087158
218,0.4821999967098236,1.4548029899597168,0.44200000166893005,1.6076620817184448
219,0.48910000920295715,1.447287678718567,0.47200000286102295,1.5364291667938232
220,0.4875999987125397,1.445935606956482,0.45350000262260437,1.5107802152633667
221,0.49059998989105225,1.4484143257141113,0.4269999861717224,1.5606930255889893
222,0.48579999804496765,1.44130539894104,0.4684999883174896,1.4970600605010986
223,0.4864000082015991,1.445198655128479,0.4569999873638153,1.5164457559585571
224,0.4869999885559082,1.4418588876724243,0.445499986410141,1.534928560256958
225,0.48919999599456787,1.438980221748352,0.4244999885559082,1.6456239223480225
226,0.49050000309944153,1.4359452724456787,0.44600000977516174,1.5525884628295898
227,0.4884999990463257,1.4372299909591675,0.47749999165534973,1.5129836797714233
228,0.4875999987125397,1.4358704090118408,0.3345000147819519,2.0461933612823486
229,0.49239999055862427,1.4381248950958252,0.4440000057220459,1.6217217445373535
230,0.49230000376701355,1.4393646717071533,0.4465000033378601,1.5471073389053345
231,0.4945000112056732,1.431362271308899,0.46149998903274536,1.5162363052368164
232,0.49309998750686646,1.4300625324249268,0.4514999985694885,1.5234073400497437
233,0.4934000074863434,1.426932454109192,0.4410000145435333,1.5337636470794678
234,0.4918999969959259,1.431060552597046,0.4124999940395355,1.7174404859542847
235,0.4921000003814697,1.4310977458953857,0.4860000014305115,1.470033884048462
236,0.4934000074863434,1.4235069751739502,0.4684999883174896,1.4937918186187744
237,0.49459999799728394,1.4266531467437744,0.4650000035762787,1.4902719259262085
238,0.49470001459121704,1.426246166229248,0.453000009059906,1.582167625427246
239,0.49549999833106995,1.422065258026123,0.43650001287460327,1.5392316579818726
240,0.49970000982284546,1.4202752113342285,0.28999999165534973,2.30389666557312
241,0.4977000057697296,1.4257962703704834,0.44999998807907104,1.5063824653625488
242,0.4975999891757965,1.4213534593582153,0.4830000102519989,1.4825230836868286
243,0.4997999966144562,1.4186047315597534,0.4505000114440918,1.5274065732955933
244,0.4986000061035156,1.413996934890747,0.45249998569488525,1.5630375146865845
245,0.4986000061035156,1.4206775426864624,0.48649999499320984,1.457804799079895
246,0.4973999857902527,1.4155776500701904,0.4514999985694885,1.5423517227172852
247,0.5012999773025513,1.4139599800109863,0.4334999918937683,1.54468834400177
248,0.49790000915527344,1.4184285402297974,0.44699999690055847,1.5148577690124512
249,0.5012000203132629,1.4090876579284668,0.45500001311302185,1.501966953277588
250,0.5008000135421753,1.4095932245254517,0.4465000033378601,1.5587154626846313
251,0.4975000023841858,1.4150402545928955,0.46700000762939453,1.4923080205917358
252,0.5085999965667725,1.406984567642212,0.46299999952316284,1.4881631135940552
253,0.5051000118255615,1.406460165977478,0.4675000011920929,1.5088199377059937
254,0.5062000155448914,1.4054232835769653,0.460999995470047,1.561863660812378
255,0.5060999989509583,1.4059498310089111,0.41850000619888306,1.5954972505569458
256,0.504800021648407,1.4038572311401367,0.42250001430511475,1.5935777425765991
257,0.5001999735832214,1.4062451124191284,0.47049999237060547,1.519844889640808
258,0.5048999786376953,1.4020915031433105,0.4675000011920929,1.4924266338348389
259,0.5077000260353088,1.4037468433380127,0.47850000858306885,1.474382758140564
260,0.5048999786376953,1.3974486589431763,0.48249998688697815,1.4730051755905151
261,0.508899986743927,1.3958451747894287,0.4855000078678131,1.4779319763183594
262,0.5040000081062317,1.3968877792358398,0.5009999871253967,1.4426389932632446
263,0.5102999806404114,1.3964533805847168,0.45350000262260437,1.5668232440948486
264,0.5077999830245972,1.397720456123352,0.46399998664855957,1.4884636402130127
265,0.5044000148773193,1.3996468782424927,0.45350000262260437,1.5579997301101685
266,0.5088000297546387,1.3926897048950195,0.49050000309944153,1.4486173391342163
267,0.5076000094413757,1.3938229084014893,0.4779999852180481,1.4882726669311523
268,0.5060999989509583,1.3921841382980347,0.46549999713897705,1.4808684587478638
269,0.508899986743927,1.390974521636963,0.4480000138282776,1.5177490711212158
270,0.5095000267028809,1.3884601593017578,0.48500001430511475,1.4682985544204712
271,0.5116999745368958,1.3841166496276855,0.4424999952316284,1.536344289779663
272,0.5080999732017517,1.3911969661712646,0.4740000069141388,1.4631961584091187
273,0.5170000195503235,1.3831244707107544,0.48750001192092896,1.4536404609680176
274,0.5135999917984009,1.3857221603393555,0.43149998784065247,1.6765501499176025
275,0.5102999806404114,1.3885408639907837,0.47600001096725464,1.4997317790985107
276,0.5131000280380249,1.3819146156311035,0.476500004529953,1.522947072982788
277,0.515500009059906,1.3798545598983765,0.4749999940395355,1.4786103963851929
278,0.5102999806404114,1.3816990852355957,0.44699999690055847,1.5129584074020386
279,0.5144000053405762,1.3795276880264282,0.460999995470047,1.4775595664978027
280,0.51419997215271,1.3766838312149048,0.4675000011920929,1.4857035875320435
281,0.5152999758720398,1.373354196548462,0.4860000014305115,1.47487473487854
282,0.5149999856948853,1.3808871507644653,0.476500004529953,1.471154808998108
283,0.5133000016212463,1.3749289512634277,0.46299999952316284,1.4801921844482422
284,0.516700029373169,1.3706378936767578,0.4805000126361847,1.4443976879119873
285,0.5148000121116638,1.3710178136825562,0.4390000104904175,1.5365771055221558
286,0.5194000005722046,1.3689903020858765,0.4429999887943268,1.5501035451889038
287,0.5145999789237976,1.3744806051254272,0.39800000190734863,1.7252668142318726
288,0.5160999894142151,1.3724112510681152,0.46950000524520874,1.5444573163986206
289,0.5163999795913696,1.3684260845184326,0.49000000953674316,1.4431688785552979
290,0.5189999938011169,1.3662673234939575,0.48899999260902405,1.4426158666610718
291,0.5167999863624573,1.3630071878433228,0.48649999499320984,1.451345443725586
292,0.5151000022888184,1.3694196939468384,0.47350001335144043,1.4512101411819458
293,0.5228999853134155,1.3618528842926025,0.49300000071525574,1.4479273557662964
294,0.5160999894142151,1.363279938697815,0.414000004529953,1.72128427028656
295,0.515500009059906,1.3693748712539673,0.4814999997615814,1.4630459547042847
296,0.5209000110626221,1.3603811264038086,0.49300000071525574,1.4505852460861206
297,0.5234000086784363,1.358624815940857,0.49050000309944153,1.4429399967193604
298,0.5184999704360962,1.360710620880127,0.4790000021457672,1.4947428703308105
299,0.5198000073432922,1.3612241744995117,0.4724999964237213,1.4783449172973633
300,0.5235999822616577,1.3554381132125854,0.46549999713897705,1.4626045227050781
301,0.5217999815940857,1.3614801168441772,0.4449999928474426,1.5609159469604492
302,0.520799994468689,1.354856014251709,0.49149999022483826,1.449731707572937
303,0.5238000154495239,1.354687213897705,0.3799999952316284,1.9559160470962524
304,0.5205000042915344,1.3595579862594604,0.4894999861717224,1.4379892349243164
305,0.5218999981880188,1.352030634880066,0.42500001192092896,1.5609612464904785
306,0.527899980545044,1.3527759313583374,0.47999998927116394,1.4852968454360962
307,0.5254999995231628,1.350396990776062,0.47450000047683716,1.538228154182434
308,0.524399995803833,1.3467469215393066,0.4684999883174896,1.477757453918457
309,0.5311999917030334,1.3425177335739136,0.4860000014305115,1.4541754722595215
310,0.5246999859809875,1.345122218132019,0.48500001430511475,1.4390639066696167
311,0.5250999927520752,1.3458027839660645,0.4645000100135803,1.5045145750045776
312,0.5285000205039978,1.351934552192688,0.4959999918937683,1.42875075340271
313,0.527400016784668,1.3398158550262451,0.47350001335144043,1.4747775793075562
314,0.5278000235557556,1.3431380987167358,0.4950000047683716,1.4296298027038574
315,0.529699981212616,1.341720461845398,0.45399999618530273,1.5596851110458374
316,0.5268999934196472,1.3475008010864258,0.4634999930858612,1.4925347566604614
317,0.5218999981880188,1.3449022769927979,0.5,1.4166418313980103
318,0.5307999849319458,1.3384569883346558,0.4950000047683716,1.424596905708313
319,0.5310999751091003,1.3403935432434082,0.4855000078678131,1.465860366821289
320,0.5342000126838684,1.3313453197479248,0.4860000014305115,1.4548276662826538
321,0.5285999774932861,1.3364508152008057,0.49000000953674316,1.4588347673416138
322,0.5317999720573425,1.33803391456604,0.4659999907016754,1.4974559545516968
323,0.5297999978065491,1.3379977941513062,0.46149998903274536,1.495270013809204
324,0.5252000093460083,1.3370999097824097,0.453000009059906,1.503805160522461
325,0.534500002861023,1.332682490348816,0.43700000643730164,1.6091078519821167
326,0.5331000089645386,1.3303529024124146,0.4645000100135803,1.5269970893859863
327,0.5339999794960022,1.3306423425674438,0.47600001096725464,1.5363689661026
328,0.529699981212616,1.3327300548553467,0.5044999718666077,1.4278724193572998
329,0.5358999967575073,1.3284450769424438,0.5019999742507935,1.412248134613037
330,0.5378999710083008,1.3247650861740112,0.4634999930858612,1.4857016801834106
331,0.535099983215332,1.3250477313995361,0.4830000102519989,1.5071462392807007
332,0.5324000120162964,1.3285309076309204,0.4675000011920929,1.4795253276824951
333,0.5317000150680542,1.3223198652267456,0.4869999885559082,1.4207581281661987
334,0.5340999960899353,1.3220776319503784,0.4449999928474426,1.6095683574676514
335,0.5339000225067139,1.3257927894592285,0.49399998784065247,1.4168003797531128
336,0.5385000109672546,1.3193364143371582,0.4794999957084656,1.4385898113250732
337,0.5364000201225281,1.3204377889633179,0.4754999876022339,1.4539421796798706
338,0.5351999998092651,1.3199329376220703,0.5015000104904175,1.4308967590332031
339,0.5371000170707703,1.316200613975525,0.4830000102519989,1.4781920909881592
340,0.5372999906539917,1.317683219909668,0.4830000102519989,1.4762241840362549
341,0.5393000245094299,1.3149094581604004,0.4790000021457672,1.508581519126892
342,0.5404999852180481,1.3165611028671265,0.48399999737739563,1.481276273727417
343,0.5382999777793884,1.317224144935608,0.476500004529953,1.4549826383590698
344,0.5393999814987183,1.3175734281539917,0.503000020980835,1.4337624311447144
345,0.5339000225067139,1.3145382404327393,0.5,1.426417589187622
346,0.5404000282287598,1.3113969564437866,0.492000013589859,1.4349943399429321
347,0.54339998960495,1.30934476852417,0.4925000071525574,1.4867240190505981
348,0.5386999845504761,1.3094357252120972,0.48649999499320984,1.4507944583892822
349,0.5375000238418579,1.3118208646774292,0.4235000014305115,1.6191819906234741
350,0.5425999760627747,1.3096001148223877,0.4320000112056732,1.6730477809906006
351,0.5372999906539917,1.3069660663604736,0.46050000190734863,1.5044679641723633
352,0.5406000018119812,1.30735182762146,0.5,1.4147231578826904
353,0.5389999747276306,1.3050434589385986,0.5109999775886536,1.4055382013320923
354,0.5414000153541565,1.305604338645935,0.4925000071525574,1.4317736625671387
355,0.5442000031471252,1.302988052368164,0.476500004529953,1.4926879405975342
356,0.5450000166893005,1.29937744140625,0.4544999897480011,1.588491439819336
357,0.5407000184059143,1.3015234470367432,0.47749999165534973,1.4642808437347412
358,0.5432999730110168,1.3025614023208618,0.4975000023841858,1.4145605564117432
359,0.5393999814987183,1.3043118715286255,0.46149998903274536,1.500961422920227
360,0.5426999926567078,1.3030976057052612,0.4975000023841858,1.4566240310668945
361,0.5450999736785889,1.2953205108642578,0.48500001430511475,1.483027696609497
362,0.545799970626831,1.2936674356460571,0.5019999742507935,1.4284191131591797
363,0.5432999730110168,1.2949669361114502,0.49000000953674316,1.4585522413253784
364,0.5449000000953674,1.2956678867340088,0.47600001096725464,1.4555476903915405
365,0.5473999977111816,1.293947696685791,0.4690000116825104,1.4575332403182983
366,0.5457000136375427,1.291663646697998,0.5024999976158142,1.4185563325881958
367,0.5458999872207642,1.2893437147140503,0.47099998593330383,1.4962635040283203
368,0.5455999970436096,1.2924320697784424,0.5034999847412109,1.4064384698867798
369,0.5472999811172485,1.28817880153656,0.49549999833106995,1.411548376083374
370,0.5472000241279602,1.285658359527588,0.4970000088214874,1.4275600910186768
371,0.545199990272522,1.295068383216858,0.47699999809265137,1.4826416969299316
372,0.5443999767303467,1.2876901626586914,0.46799999475479126,1.486000657081604
373,0.5472000241279602,1.2844914197921753,0.4729999899864197,1.4421398639678955
374,0.5475999712944031,1.284106731414795,0.43050000071525574,1.6345559358596802
375,0.5486000180244446,1.2860914468765259,0.4794999957084656,1.437754511833191
376,0.550599992275238,1.2855890989303589,0.4359999895095825,1.7115459442138672
377,0.5515999794006348,1.2890890836715698,0.492000013589859,1.454382300376892
378,0.5491999983787537,1.279545783996582,0.43799999356269836,1.6353689432144165
379,0.5530999898910522,1.2829382419586182,0.5005000233650208,1.4174340963363647
380,0.5501999855041504,1.278548002243042,0.48399999737739563,1.4372907876968384
381,0.5572999715805054,1.2744477987289429,0.5084999799728394,1.3963375091552734
382,0.5536999702453613,1.2761794328689575,0.492000013589859,1.4460113048553467
383,0.5540000200271606,1.2761754989624023,0.4950000047683716,1.4294897317886353
384,0.5534999966621399,1.2742936611175537,0.49000000953674316,1.436288595199585
385,0.5497000217437744,1.2794603109359741,0.5134999752044678,1.4267404079437256
386,0.5526999831199646,1.2708158493041992,0.4909999966621399,1.418628215789795
387,0.5508999824523926,1.2716881036758423,0.5080000162124634,1.399228811264038
388,0.5526000261306763,1.2740843296051025,0.4645000100135803,1.5269705057144165
389,0.5540000200271606,1.2728431224822998,0.48649999499320984,1.4829756021499634
390,0.554099977016449,1.271239995956421,0.5084999799728394,1.3936610221862793
391,0.5534999966621399,1.2723444700241089,0.5139999985694885,1.4234226942062378
392,0.5569999814033508,1.2654424905776978,0.5034999847412109,1.3988051414489746
393,0.5551000237464905,1.2668124437332153,0.48649999499320984,1.4413443803787231
394,0.5547999739646912,1.2725557088851929,0.4715000092983246,1.5467967987060547
395,0.5551000237464905,1.2694909572601318,0.49050000309944153,1.4186804294586182
396,0.5572999715805054,1.266122579574585,0.4805000126361847,1.4931814670562744
397,0.5572999715805054,1.2692992687225342,0.4814999997615814,1.444392442703247
398,0.5612000226974487,1.262593388557434,0.4634999930858612,1.5632967948913574
399,0.5562000274658203,1.2656954526901245,0.48649999499320984,1.4301704168319702
400,0.5590999722480774,1.2613104581832886,0.4970000088214874,1.4306840896606445
401,0.554099977016449,1.2621731758117676,0.5109999775886536,1.3911874294281006
402,0.5580000281333923,1.2562814950942993,0.4675000011920929,1.5486085414886475
403,0.5576000213623047,1.2591582536697388,0.5109999775886536,1.4088025093078613
404,0.5583000183105469,1.2599570751190186,0.4970000088214874,1.4335156679153442
405,0.5565999746322632,1.2562910318374634,0.40450000762939453,1.8061203956604004
406,0.5587999820709229,1.263468623161316,0.4555000066757202,1.509784460067749
407,0.5584999918937683,1.2552486658096313,0.48899999260902405,1.4501190185546875
408,0.560699999332428,1.2548760175704956,0.5015000104904175,1.429070234298706
409,0.5612999796867371,1.2521344423294067,0.5170000195503235,1.3927046060562134
410,0.5633000135421753,1.2473392486572266,0.47049999237060547,1.5263862609863281
411,0.5626000165939331,1.2500057220458984,0.4909999966621399,1.4034870862960815
412,0.5633999705314636,1.2548764944076538,0.41499999165534973,1.6826366186141968
413,0.5608999729156494,1.2549430131912231,0.5049999952316284,1.428381323814392
414,0.5666999816894531,1.246552586555481,0.5040000081062317,1.4030206203460693
415,0.5605999827384949,1.2522892951965332,0.4675000011920929,1.523525595664978
416,0.5626000165939331,1.2455782890319824,0.47999998927116394,1.451200008392334
417,0.5667999982833862,1.2432100772857666,0.5090000033378601,1.3948585987091064
418,0.5626000165939331,1.245185136795044,0.4165000021457672,1.6527116298675537
419,0.5626999735832214,1.250484824180603,0.5005000233650208,1.4409395456314087
420,0.5637000203132629,1.2412930727005005,0.45750001072883606,1.5857290029525757
421,0.5672000050544739,1.2434459924697876,0.3785000145435333,1.925169825553894
422,0.5616000294685364,1.2459031343460083,0.5055000185966492,1.4411267042160034
423,0.5622000098228455,1.2383460998535156,0.4729999899864197,1.5915931463241577
424,0.5670999884605408,1.2354220151901245,0.4830000102519989,1.4834789037704468
425,0.5641999840736389,1.2395567893981934,0.4959999918937683,1.4147104024887085
426,0.5651000142097473,1.2375221252441406,0.5099999904632568,1.3937926292419434
427,0.5665000081062317,1.2367862462997437,0.5109999775886536,1.3877695798873901
428,0.5665000081062317,1.233891487121582,0.5130000114440918,1.3692213296890259
429,0.5629000067710876,1.235339641571045,0.32350000739097595,2.2355642318725586
430,0.5637000203132629,1.248398780822754,0.5019999742507935,1.4532932043075562
431,0.5715000033378601,1.2301045656204224,0.49900001287460327,1.4234617948532104
432,0.5663999915122986,1.2318203449249268,0.4699999988079071,1.4909217357635498
433,0.567799985408783,1.2310513257980347,0.512499988079071,1.3785816431045532
434,0.5716000199317932,1.2263188362121582,0.4934999942779541,1.437441349029541
435,0.5741000175476074,1.2256627082824707,0.5044999718666077,1.4159798622131348
436,0.5702999830245972,1.2280601263046265,0.5109999775886536,1.4088026285171509
437,0.5727999806404114,1.223223090171814,0.5109999775886536,1.400829792022705
438,0.5702000260353088,1.2225961685180664,0.48649999499320984,1.5164493322372437
439,0.5722000002861023,1.2236242294311523,0.5065000057220459,1.3840333223342896
440,0.5716000199317932,1.2228658199310303,0.484499990940094,1.4348222017288208
441,0.5726000070571899,1.223999261856079,0.512499988079071,1.40779447555542
442,0.571399986743927,1.2272626161575317,0.5180000066757202,1.3660706281661987
443,0.5745000243186951,1.2206602096557617,0.5065000057220459,1.4307732582092285
444,0.5730000138282776,1.222137451171875,0.4675000011920929,1.497056484222412
445,0.5734000205993652,1.2194468975067139,0.5015000104904175,1.4162896871566772
446,0.5720000267028809,1.2196478843688965,0.46799999475479126,1.4834659099578857
447,0.5719000101089478,1.2155380249023438,0.45399999618530273,1.6314201354980469
448,0.5730999708175659,1.2193570137023926,0.4514999985694885,1.5427993535995483
449,0.5723000168800354,1.2213513851165771,0.5145000219345093,1.368388295173645
450,0.574999988079071,1.2151890993118286,0.4925000071525574,1.4213446378707886
451,0.5708000063896179,1.2181466817855835,0.47350001335144043,1.5068910121917725
452,0.5756000280380249,1.2153403759002686,0.5230000019073486,1.3745766878128052
453,0.5760999917984009,1.2083312273025513,0.5015000104904175,1.404294490814209
454,0.5778999924659729,1.2069422006607056,0.5044999718666077,1.4050710201263428
455,0.5770000219345093,1.2106807231903076,0.45350000262260437,1.509785532951355
456,0.5759999752044678,1.2151836156845093,0.5235000252723694,1.3753175735473633
457,0.5763999819755554,1.2089097499847412,0.5065000057220459,1.4200999736785889
458,0.5730000138282776,1.2124255895614624,0.47699999809265137,1.494449257850647
459,0.574400007724762,1.206236481666565,0.5220000147819519,1.3927963972091675
460,0.5777999758720398,1.2086026668548584,0.49300000071525574,1.4699318408966064
461,0.5764999985694885,1.2095725536346436,0.42750000953674316,1.6179970502853394
462,0.5771999955177307,1.2099518775939941,0.46549999713897705,1.5361499786376953
463,0.5800999999046326,1.2053276300430298,0.4959999918937683,1.4259941577911377
464,0.5805000066757202,1.2047364711761475,0.49799999594688416,1.4188790321350098
465,0.5774999856948853,1.2068045139312744,0.49950000643730164,1.416118860244751
466,0.5794000029563904,1.2034671306610107,0.5084999799728394,1.4150166511535645
467,0.5774000287055969,1.2007490396499634,0.4375,1.5578813552856445
468,0.5817000269889832,1.1987262964248657,0.5009999871253967,1.4431431293487549
469,0.5820000171661377,1.2023342847824097,0.4580000042915344,1.533767580986023
470,0.5763999819755554,1.2024401426315308,0.4754999876022339,1.4590034484863281
471,0.5812000036239624,1.203261375427246,0.5184999704360962,1.3674883842468262
472,0.5810999870300293,1.196260690689087,0.5180000066757202,1.3735374212265015
473,0.580299973487854,1.2004470825195312,0.5095000267028809,1.4108806848526
474,0.582099974155426,1.1970657110214233,0.5164999961853027,1.3727160692214966
475,0.5807999968528748,1.1974570751190186,0.49900001287460327,1.4211890697479248
476,0.5845999717712402,1.1942771673202515,0.46000000834465027,1.4956225156784058
477,0.5834000110626221,1.1947886943817139,0.4984999895095825,1.4261232614517212
478,0.5841000080108643,1.1916478872299194,0.49399998784065247,1.456215500831604
479,0.5806999802589417,1.1939053535461426,0.5009999871253967,1.4349007606506348
480,0.5828999876976013,1.1895838975906372,0.5099999904632568,1.4242101907730103
481,0.5863999724388123,1.1866732835769653,0.49399998784065247,1.4572176933288574
482,0.5859000086784363,1.1908271312713623,0.47200000286102295,1.5033245086669922
483,0.5828999876976013,1.1910687685012817,0.512499988079071,1.3766992092132568
484,0.5867999792098999,1.1850953102111816,0.5325000286102295,1.3660811185836792
485,0.5870000123977661,1.1874549388885498,0.5174999833106995,1.3749116659164429
486,0.5873000025749207,1.1879289150238037,0.5205000042915344,1.368435263633728
487,0.588699996471405,1.1841042041778564,0.5320000052452087,1.3788378238677979
488,0.5825999975204468,1.1854126453399658,0.4729999899864197,1.4873751401901245
489,0.5877000093460083,1.1889958381652832,0.5044999718666077,1.3910865783691406
490,0.5861999988555908,1.1839540004730225,0.5120000243186951,1.4474072456359863
491,0.5852000117301941,1.1837141513824463,0.5049999952316284,1.398315668106079
492,0.5899999737739563,1.1795120239257812,0.445499986410141,1.6605716943740845
493,0.5870000123977661,1.1822038888931274,0.4984999895095825,1.4212427139282227
494,0.5889999866485596,1.1845630407333374,0.49799999594688416,1.486714482307434
495,0.5909000039100647,1.185318112373352,0.4779999852180481,1.4631550312042236
496,0.5841000080108643,1.1803030967712402,0.4959999918937683,1.4434696435928345
497,0.5860999822616577,1.178647518157959,0.5205000042915344,1.3714241981506348
498,0.5892999768257141,1.179841160774231,0.49000000953674316,1.4709635972976685
499,0.5875999927520752,1.1749763488769531,0.5205000042915344,1.3837180137634277
500,0.5874000191688538,1.1758291721343994,0.515500009059906,1.3830121755599976
501,0.589900016784668,1.1754335165023804,0.503000020980835,1.4661980867385864
502,0.5881999731063843,1.1739449501037598,0.515500009059906,1.4350225925445557
503,0.5842000246047974,1.1778240203857422,0.46399998664855957,1.5579183101654053
504,0.5892999768257141,1.1761354207992554,0.5139999985694885,1.410144567489624
505,0.5916000008583069,1.1748040914535522,0.5189999938011169,1.3726953268051147
506,0.5896999835968018,1.1747863292694092,0.5120000243186951,1.3899424076080322
507,0.5916000008583069,1.1686393022537231,0.5115000009536743,1.4170830249786377
508,0.5928999781608582,1.1751426458358765,0.4970000088214874,1.4632810354232788
509,0.5927000045776367,1.174129843711853,0.5230000019073486,1.3836669921875
510,0.5891000032424927,1.1685413122177124,0.5034999847412109,1.4012532234191895
511,0.5958999991416931,1.1644630432128906,0.4880000054836273,1.4704378843307495
512,0.5924000144004822,1.1665922403335571,0.49300000071525574,1.4244846105575562
513,0.5924000144004822,1.1651175022125244,0.531000018119812,1.358489751815796
514,0.588100016117096,1.16739022731781,0.4659999907016754,1.6533969640731812
515,0.5960999727249146,1.1685434579849243,0.5099999904632568,1.4189980030059814
516,0.5924000144004822,1.1626439094543457,0.40400001406669617,1.7436014413833618
517,0.5927000045776367,1.166130781173706,0.46000000834465027,1.7026045322418213
518,0.5914000272750854,1.170460820198059,0.47850000858306885,1.476789951324463
519,0.5920000076293945,1.1608754396438599,0.42399999499320984,1.6888445615768433
520,0.5942000150680542,1.1601530313491821,0.4505000114440918,1.5933927297592163
521,0.5968999862670898,1.1609947681427002,0.5139999985694885,1.3988639116287231
522,0.597000002861023,1.1587339639663696,0.5139999985694885,1.4148368835449219
523,0.6000000238418579,1.1549324989318848,0.47099998593330383,1.5446866750717163
524,0.5916000008583069,1.158002257347107,0.4480000138282776,1.6206284761428833
525,0.5965999960899353,1.1590198278427124,0.4375,1.6175426244735718
526,0.5964000225067139,1.1567001342773438,0.5049999952316284,1.4219142198562622
527,0.5985999703407288,1.1539827585220337,0.4970000088214874,1.421712040901184
528,0.5974000096321106,1.1551563739776611,0.4805000126361847,1.5252805948257446
529,0.5960999727249146,1.156211495399475,0.47850000858306885,1.5757246017456055
530,0.5982000231742859,1.1583350896835327,0.5184999704360962,1.3900129795074463
531,0.5964999794960022,1.149991512298584,0.5260000228881836,1.3540966510772705
532,0.599399983882904,1.1455531120300293,0.5239999890327454,1.368331789970398
533,0.5934000015258789,1.1492406129837036,0.46399998664855957,1.5300918817520142
534,0.599399983882904,1.1538814306259155,0.5164999961853027,1.390769124031067
535,0.6000999808311462,1.1473088264465332,0.4984999895095825,1.440065622329712
536,0.5968999862670898,1.1495921611785889,0.4754999876022339,1.5700395107269287
537,0.5978999733924866,1.1533037424087524,0.46149998903274536,1.5687624216079712
538,0.6001999974250793,1.1472878456115723,0.5325000286102295,1.362335205078125
539,0.60589998960495,1.1388782262802124,0.4595000147819519,1.5442776679992676
540,0.6010000109672546,1.147241234779358,0.4984999895095825,1.4156949520111084
541,0.6032000184059143,1.1442755460739136,0.5044999718666077,1.4898158311843872
542,0.6025999784469604,1.1413614749908447,0.47099998593330383,1.4803293943405151
543,0.5979999899864197,1.1435246467590332,0.5274999737739563,1.367594599723816
544,0.6004999876022339,1.1406060457229614,0.515500009059906,1.3708959817886353
545,0.6011000275611877,1.1454858779907227,0.45100000500679016,1.6276942491531372
546,0.603600025177002,1.141892433166504,0.4959999918937683,1.444731593132019
547,0.6054999828338623,1.139285922050476,0.5214999914169312,1.386385440826416
548,0.6069999933242798,1.1344376802444458,0.4950000047683716,1.4778975248336792
549,0.6036999821662903,1.1378073692321777,0.47049999237060547,1.6880419254302979
550,0.6014000177383423,1.1398730278015137,0.5115000009536743,1.4172738790512085
551,0.6046000123023987,1.1344623565673828,0.5170000195503235,1.4062706232070923
552,0.6043999791145325,1.1408796310424805,0.5109999775886536,1.4405468702316284
553,0.6040999889373779,1.131792426109314,0.4684999883174896,1.5270452499389648
554,0.6035000085830688,1.1387662887573242,0.4934999942779541,1.4555634260177612
555,0.6051999926567078,1.1318325996398926,0.5189999938011169,1.3821742534637451
556,0.6050000190734863,1.1345099210739136,0.5009999871253967,1.4852900505065918
557,0.6028000116348267,1.1300562620162964,0.5084999799728394,1.408509612083435
558,0.604200005531311,1.1308605670928955,0.5164999961853027,1.4012950658798218
559,0.609499990940094,1.1271699666976929,0.49300000071525574,1.4452043771743774
560,0.607699990272522,1.1334333419799805,0.515999972820282,1.3924530744552612
561,0.607200026512146,1.1267422437667847,0.4970000088214874,1.4251742362976074
562,0.6051999926567078,1.1295775175094604,0.527999997138977,1.3738493919372559
563,0.6080999970436096,1.1256483793258667,0.5195000171661377,1.361668586730957
564,0.6075999736785889,1.1243743896484375,0.5304999947547913,1.351589560508728
565,0.6021999716758728,1.1289777755737305,0.46050000190734863,1.6450344324111938
566,0.6047000288963318,1.1291321516036987,0.4970000088214874,1.414344310760498
567,0.608299970626831,1.1281864643096924,0.5164999961853027,1.3918097019195557
568,0.6075000166893005,1.1219518184661865,0.48399999737739563,1.4679768085479736
569,0.6087999939918518,1.1242456436157227,0.5120000243186951,1.4108314514160156
570,0.6100000143051147,1.1183760166168213,0.49399998784065247,1.5414459705352783
571,0.6104999780654907,1.1209279298782349,0.5394999980926514,1.3405741453170776
572,0.6071000099182129,1.118711233139038,0.5260000228881836,1.3654776811599731
573,0.6115000247955322,1.1192295551300049,0.5295000076293945,1.3661508560180664
574,0.61080002784729,1.1168687343597412,0.4950000047683716,1.510659098625183
575,0.6129999756813049,1.1170158386230469,0.5224999785423279,1.3861397504806519
576,0.609499990940094,1.122743010520935,0.5095000267028809,1.4255332946777344
577,0.6087999939918518,1.1204993724822998,0.5044999718666077,1.3887542486190796
578,0.6083999872207642,1.1169307231903076,0.5084999799728394,1.433901309967041
579,0.6129000186920166,1.1154649257659912,0.4675000011920929,1.5836244821548462
580,0.6092000007629395,1.1243516206741333,0.5084999799728394,1.3945008516311646
581,0.609499990940094,1.1145358085632324,0.5095000267028809,1.3979650735855103
582,0.6151999831199646,1.114676594734192,0.5109999775886536,1.4767444133758545
583,0.6107000112533569,1.1151224374771118,0.5425000190734863,1.3409521579742432
584,0.6107000112533569,1.1078062057495117,0.5230000019073486,1.3868032693862915
585,0.6115999817848206,1.1129968166351318,0.512499988079071,1.41679048538208
586,0.6097000241279602,1.1119773387908936,0.5130000114440918,1.4199192523956299
587,0.6165000200271606,1.1105122566223145,0.5440000295639038,1.3463727235794067
588,0.6176000237464905,1.1092174053192139,0.4490000009536743,1.6678917407989502
589,0.6140999794006348,1.1096303462982178,0.5270000100135803,1.3659557104110718
590,0.6144999861717224,1.1043264865875244,0.5360000133514404,1.3529188632965088
591,0.6198999881744385,1.1002135276794434,0.5174999833106995,1.4254193305969238
592,0.6162999868392944,1.1066663265228271,0.5329999923706055,1.3724784851074219
593,0.6179999709129333,1.101544976234436,0.4675000011920929,1.5743622779846191
594,0.6122000217437744,1.1120532751083374,0.4814999997615814,1.5365852117538452
595,0.6133999824523926,1.1045202016830444,0.5015000104904175,1.4502002000808716
596,0.6154000163078308,1.1063377857208252,0.5249999761581421,1.3832814693450928
597,0.6152999997138977,1.1032276153564453,0.5065000057220459,1.4314327239990234
598,0.6151000261306763,1.1031477451324463,0.5385000109672546,1.338283658027649
599,0.614300012588501,1.1042536497116089,0.5304999947547913,1.3459948301315308
600,0.6164000034332275,1.1009340286254883,0.512499988079071,1.3963563442230225
601,0.6186000108718872,1.099901556968689,0.492000013589859,1.5178496837615967
602,0.6184999942779541,1.1026417016983032,0.5360000133514404,1.3453915119171143
603,0.6173999905586243,1.098961353302002,0.5320000052452087,1.3607217073440552
604,0.6197999715805054,1.09927499294281,0.4794999957084656,1.5470290184020996
605,0.6177999973297119,1.0993249416351318,0.4580000042915344,1.58396577835083
606,0.6144999861717224,1.0985445976257324,0.5139999985694885,1.4021973609924316
607,0.6179999709129333,1.1001172065734863,0.503000020980835,1.4503015279769897
608,0.6211000084877014,1.0922297239303589,0.4410000145435333,1.8016785383224487
609,0.6154000163078308,1.0990779399871826,0.4749999940395355,1.5075101852416992
610,0.6191999912261963,1.0927037000656128,0.515500009059906,1.357125163078308
611,0.6191999912261963,1.0916767120361328,0.503000020980835,1.4061007499694824
612,0.6198999881744385,1.091946005821228,0.515500009059906,1.3802578449249268
613,0.621999979019165,1.0918217897415161,0.512499988079071,1.3989840745925903
614,0.6216999888420105,1.0890769958496094,0.45500001311302185,1.589565634727478
615,0.6195999979972839,1.0904192924499512,0.5245000123977661,1.3912134170532227
616,0.6208999752998352,1.0892022848129272,0.5375000238418579,1.351057529449463
617,0.619700014591217,1.0872673988342285,0.49300000071525574,1.4960548877716064
618,0.6220999956130981,1.0873292684555054,0.4964999854564667,1.5016285181045532
619,0.6187999844551086,1.0895826816558838,0.3824999928474426,2.040504217147827
620,0.6205999851226807,1.091611385345459,0.5005000233650208,1.4831289052963257
621,0.6215999722480774,1.0864930152893066,0.5205000042915344,1.4024409055709839
622,0.6211000084877014,1.0849957466125488,0.5189999938011169,1.38164484500885
623,0.6237000226974487,1.085632085800171,0.4779999852180481,1.5303906202316284
624,0.6234999895095825,1.0840266942977905,0.5115000009536743,1.4095712900161743
625,0.6237000226974487,1.07902193069458,0.5080000162124634,1.4184057712554932
626,0.6241000294685364,1.081716537475586,0.5509999990463257,1.3283193111419678
627,0.625,1.0782124996185303,0.515999972820282,1.416987419128418
628,0.6254000067710876,1.0815092325210571,0.5174999833106995,1.3879534006118774
629,0.6237000226974487,1.078415870666504,0.4675000011920929,1.5396497249603271
630,0.6218000054359436,1.080977201461792,0.5354999899864197,1.3509533405303955
631,0.6251999735832214,1.0766900777816772,0.5109999775886536,1.391337513923645
632,0.6269999742507935,1.0752594470977783,0.5015000104904175,1.423256516456604
633,0.628000020980835,1.0750356912612915,0.49950000643730164,1.4773343801498413
634,0.6248999834060669,1.0773189067840576,0.5210000276565552,1.4214048385620117
635,0.6233000159263611,1.0752743482589722,0.5339999794960022,1.333317756652832
636,0.6241999864578247,1.0753387212753296,0.5385000109672546,1.3247458934783936
637,0.6292999982833862,1.0709240436553955,0.4970000088214874,1.4542540311813354
638,0.6258999705314636,1.073370099067688,0.5370000004768372,1.3580440282821655
639,0.6273999810218811,1.069814682006836,0.48750001192092896,1.456795334815979
640,0.6265000104904175,1.0729491710662842,0.4749999940395355,1.482985258102417
641,0.6252999901771545,1.072324275970459,0.4894999861717224,1.4670289754867554
642,0.6266999840736389,1.0708558559417725,0.46650001406669617,1.6038625240325928
643,0.6248000264167786,1.0784764289855957,0.4830000102519989,1.5463712215423584
644,0.6256999969482422,1.073398470878601,0.5099999904632568,1.4216017723083496
645,0.628000020980835,1.0687774419784546,0.5419999957084656,1.3450515270233154
646,0.6309000253677368,1.062789797782898,0.492000013589859,1.4631733894348145
647,0.6284000277519226,1.06644868850708,0.46700000762939453,1.5926752090454102
648,0.6310999989509583,1.0688008069992065,0.484499990940094,1.5427234172821045
649,0.6299999952316284,1.0651458501815796,0.5400000214576721,1.3570940494537354
650,0.6294000148773193,1.0651495456695557,0.5364999771118164,1.3792071342468262
651,0.6302000284194946,1.0607523918151855,0.5139999985694885,1.3813419342041016
652,0.6295999884605408,1.0617361068725586,0.5130000114440918,1.4074466228485107
653,0.631600022315979,1.0624626874923706,0.5084999799728394,1.411038875579834
654,0.6323000192642212,1.0569127798080444,0.5170000195503235,1.439307451248169
655,0.6295999884605408,1.0635532140731812,0.5274999737739563,1.3803445100784302
656,0.6276000142097473,1.0626133680343628,0.49149999022483826,1.4840377569198608
657,0.6315000057220459,1.0623124837875366,0.5205000042915344,1.4037595987319946
658,0.6304000020027161,1.0598278045654297,0.5095000267028809,1.4137933254241943
659,0.6298999786376953,1.062330722808838,0.5249999761581421,1.3547449111938477
660,0.6331999897956848,1.0553170442581177,0.5105000138282776,1.4057072401046753
661,0.6334999799728394,1.060988426208496,0.5410000085830688,1.3588051795959473
662,0.6353999972343445,1.0590060949325562,0.5174999833106995,1.3921666145324707
663,0.6313999891281128,1.0603713989257812,0.5044999718666077,1.438630223274231
664,0.6324999928474426,1.061995267868042,0.5195000171661377,1.391847848892212
665,0.6341000199317932,1.0548027753829956,0.5254999995231628,1.3947622776031494
666,0.6320000290870667,1.0530978441238403,0.5134999752044678,1.4155809879302979
667,0.6352999806404114,1.052774429321289,0.4909999966621399,1.469061255455017
668,0.6366000175476074,1.0539580583572388,0.5074999928474426,1.4343162775039673
669,0.6359999775886536,1.0520811080932617,0.45100000500679016,1.6667603254318237
670,0.6355999708175659,1.0581705570220947,0.5070000290870667,1.431650161743164
671,0.633400022983551,1.054059624671936,0.5065000057220459,1.405065894126892
672,0.6394000053405762,1.0518256425857544,0.5220000147819519,1.3850035667419434
673,0.6359999775886536,1.0521008968353271,0.5034999847412109,1.492720365524292
674,0.6399000287055969,1.047913908958435,0.4805000126361847,1.558282732963562
675,0.6365000009536743,1.0477536916732788,0.484499990940094,1.5475503206253052
676,0.6383000016212463,1.0451862812042236,0.5289999842643738,1.3691396713256836
677,0.63919997215271,1.040351152420044,0.4880000054836273,1.5534192323684692
678,0.6389999985694885,1.0468080043792725,0.5105000138282776,1.41709566116333
679,0.6363000273704529,1.0477880239486694,0.4945000112056732,1.4631427526474
680,0.6402000188827515,1.043421983718872,0.48100000619888306,1.5281505584716797
681,0.6396999955177307,1.0417060852050781,0.5174999833106995,1.4231407642364502
682,0.6385999917984009,1.0411776304244995,0.5120000243186951,1.4351918697357178
683,0.6406000256538391,1.042255163192749,0.534500002861023,1.3645718097686768
684,0.6395000219345093,1.0377891063690186,0.4779999852180481,1.5435315370559692
685,0.6384000182151794,1.041526436805725,0.4580000042915344,1.5966880321502686
686,0.6384999752044678,1.0464317798614502,0.48350000381469727,1.530696988105774
687,0.6385999917984009,1.0416386127471924,0.5260000228881836,1.3895739316940308
688,0.6392999887466431,1.0381028652191162,0.47350001335144043,1.609641671180725
689,0.6371999979019165,1.0394216775894165,0.5435000061988831,1.3367488384246826
690,0.6438000202178955,1.0335496664047241,0.5065000057220459,1.4625709056854248
691,0.6427000164985657,1.0374764204025269,0.4790000021457672,1.5897493362426758
692,0.6406000256538391,1.0369431972503662,0.5214999914169312,1.4264354705810547
693,0.6424000263214111,1.0337098836898804,0.5335000157356262,1.3688775300979614
694,0.6432999968528748,1.0352224111557007,0.5034999847412109,1.4441536664962769
695,0.6373999714851379,1.0351094007492065,0.5214999914169312,1.4020659923553467
696,0.6444000005722046,1.0328056812286377,0.5189999938011169,1.4556232690811157
697,0.6359000205993652,1.0362980365753174,0.5024999976158142,1.4769675731658936
698,0.6486999988555908,1.0295740365982056,0.5109999775886536,1.4533026218414307
699,0.6399999856948853,1.0326402187347412,0.5205000042915344,1.398305058479309
700,0.642799973487854,1.0278689861297607,0.5065000057220459,1.42543625831604
701,0.6439999938011169,1.0264707803726196,0.5385000109672546,1.3333946466445923
702,0.6439999938011169,1.0263768434524536,0.5189999938011169,1.424009919166565
703,0.64410001039505,1.0297712087631226,0.48100000619888306,1.4625452756881714
704,0.6420000195503235,1.0306023359298706,0.5034999847412109,1.4191148281097412
705,0.6464999914169312,1.0244088172912598,0.5289999842643738,1.3737834692001343
706,0.6486999988555908,1.025917887687683,0.5109999775886536,1.4405146837234497
707,0.6438000202178955,1.0248456001281738,0.5304999947547913,1.3604416847229004
708,0.6496999859809875,1.021571159362793,0.531499981880188,1.3573297262191772
709,0.6428999900817871,1.0230450630187988,0.5299999713897705,1.3696703910827637
710,0.6455000042915344,1.0254772901535034,0.5339999794960022,1.3631205558776855
711,0.649399995803833,1.0204168558120728,0.5285000205039978,1.3780027627944946
712,0.6503999829292297,1.0204205513000488,0.48399999737739563,1.5457628965377808
713,0.6452000141143799,1.0226447582244873,0.5214999914169312,1.4014956951141357
714,0.6459000110626221,1.0195598602294922,0.5055000185966492,1.4149361848831177
715,0.6456999778747559,1.0200049877166748,0.5235000252723694,1.4077210426330566
716,0.6496999859809875,1.0207229852676392,0.5400000214576721,1.3469456434249878
717,0.6480000019073486,1.0187913179397583,0.5080000162124634,1.4643313884735107
718,0.6460999846458435,1.0205516815185547,0.5249999761581421,1.3667668104171753
719,0.6456000208854675,1.0169224739074707,0.4794999957084656,1.5506516695022583
720,0.6445000171661377,1.0181483030319214,0.503000020980835,1.4570298194885254
721,0.6499999761581421,1.015260100364685,0.531499981880188,1.3565791845321655
722,0.6455000042915344,1.0153220891952515,0.5235000252723694,1.3983564376831055
723,0.6572999954223633,1.0113461017608643,0.5145000219345093,1.4399361610412598
724,0.6496000289916992,1.013000726699829,0.4659999907016754,1.573408603668213
725,0.6486999988555908,1.0162421464920044,0.5299999713897705,1.3792290687561035
726,0.6481000185012817,1.0126346349716187,0.4880000054836273,1.5572113990783691
727,0.6466000080108643,1.0145574808120728,0.5145000219345093,1.4184952974319458
728,0.6517999768257141,1.010035514831543,0.5015000104904175,1.4480328559875488
729,0.650600016117096,1.0090351104736328,0.5304999947547913,1.3783735036849976
730,0.652400016784668,1.0072349309921265,0.5139999985694885,1.450566053390503
731,0.6486999988555908,1.0054957866668701,0.4650000035762787,1.5755223035812378
732,0.6478999853134155,1.0107121467590332,0.49399998784065247,1.4839445352554321
733,0.6545000076293945,1.0055421590805054,0.5109999775886536,1.4201631546020508
734,0.6541000008583069,1.0041115283966064,0.5230000019073486,1.4113705158233643
735,0.6528000235557556,1.0071789026260376,0.5264999866485596,1.401728868484497
736,0.6557999849319458,1.0048936605453491,0.5274999737739563,1.3901240825653076
737,0.6523000001907349,1.0043104887008667,0.5410000085830688,1.345908284187317
738,0.6549999713897705,1.003939151763916,0.5235000252723694,1.391158103942871
739,0.6516000032424927,1.0032168626785278,0.5195000171661377,1.4401302337646484
740,0.6549999713897705,1.000787377357483,0.4950000047683716,1.5011820793151855
741,0.6514999866485596,1.0036137104034424,0.49050000309944153,1.553643822669983
742,0.652999997138977,1.002288818359375,0.5329999923706055,1.4055668115615845
743,0.6554999947547913,1.005031943321228,0.5364999771118164,1.3559246063232422
744,0.6531999707221985,0.9942493438720703,0.4514999985694885,1.743282675743103
745,0.6556000113487244,1.003864049911499,0.5364999771118164,1.3735229969024658
746,0.6564000248908997,0.9971033334732056,0.5239999890327454,1.4385024309158325
747,0.6538000106811523,0.9978922605514526,0.4830000102519989,1.590704083442688
748,0.6503999829292297,1.001763105392456,0.5239999890327454,1.4051058292388916
749,0.6577000021934509,0.9950908422470093,0.4754999876022339,1.5419682264328003
750,0.6513000130653381,0.9972429871559143,0.5245000123977661,1.4210290908813477
751,0.6535999774932861,0.9924677610397339,0.5214999914169312,1.3803709745407104
752,0.6553000211715698,0.9931981563568115,0.4634999930858612,1.6433953046798706
753,0.6539999842643738,0.996148943901062,0.5325000286102295,1.3620822429656982
754,0.6604999899864197,0.98811936378479,0.5040000081062317,1.4961150884628296
755,0.6564000248908997,0.9952054619789124,0.5394999980926514,1.3677209615707397
756,0.6503999829292297,0.9965519309043884,0.5180000066757202,1.4306719303131104
757,0.6610999703407288,0.989919900894165,0.5295000076293945,1.3894753456115723
758,0.6600000262260437,0.9873747825622559,0.4964999854564667,1.4707510471343994
759,0.6588000059127808,0.9883464574813843,0.5184999704360962,1.3761353492736816
760,0.6565999984741211,0.9921070337295532,0.5180000066757202,1.428909182548523
761,0.6603999733924866,0.9861556887626648,0.5304999947547913,1.355172038078308
762,0.6575000286102295,0.986126184463501,0.5164999961853027,1.4003809690475464
763,0.6608999967575073,0.9844823479652405,0.5214999914169312,1.4014124870300293
764,0.6586999893188477,0.9862030148506165,0.5519999861717224,1.325029730796814
765,0.6606000065803528,0.9841029047966003,0.5139999985694885,1.4006716012954712
766,0.6577000021934509,0.9845035076141357,0.5120000243186951,1.417185664176941
767,0.6611999869346619,0.9828382730484009,0.5245000123977661,1.4165438413619995
768,0.6593999862670898,0.9828622937202454,0.5460000038146973,1.3421977758407593
769,0.6610000133514404,0.9800546169281006,0.5145000219345093,1.5144261121749878
770,0.6620000004768372,0.9829880595207214,0.5454999804496765,1.3515971899032593
771,0.6614000201225281,0.9815513491630554,0.4894999861717224,1.555316686630249
772,0.6588000059127808,0.9783669114112854,0.5304999947547913,1.3917945623397827
773,0.6635000109672546,0.9768907427787781,0.5490000247955322,1.3379719257354736
774,0.6632000207901001,0.977607786655426,0.5289999842643738,1.4136595726013184
775,0.6603999733924866,0.9790676832199097,0.5385000109672546,1.395626425743103
776,0.6650999784469604,0.9801109433174133,0.5115000009536743,1.4730563163757324
777,0.6614999771118164,0.9790715575218201,0.5460000038146973,1.3627519607543945
778,0.659500002861023,0.9810543656349182,0.5450000166893005,1.370977759361267
779,0.6620000004768372,0.9734330773353577,0.47099998593330383,1.6043466329574585
780,0.6582000255584717,0.9762825965881348,0.5059999823570251,1.5080777406692505
781,0.6606000065803528,0.9782767295837402,0.5189999938011169,1.4449131488800049
782,0.6629999876022339,0.9761092662811279,0.49549999833106995,1.4869388341903687
783,0.6608999967575073,0.973781943321228,0.5419999957084656,1.3737143278121948
784,0.6633999943733215,0.9708447456359863,0.5425000190734863,1.393072485923767
785,0.6653000116348267,0.9711428880691528,0.5450000166893005,1.346590280532837
786,0.666100025177002,0.967887282371521,0.5189999938011169,1.4010062217712402
787,0.6614000201225281,0.9735473394393921,0.5180000066757202,1.422120451927185
788,0.6661999821662903,0.972485363483429,0.5220000147819519,1.4556292295455933
789,0.6639000177383423,0.9705460667610168,0.5019999742507935,1.4909274578094482
790,0.6668000221252441,0.9700918197631836,0.5375000238418579,1.3839137554168701
791,0.6639000177383423,0.9691655039787292,0.5485000014305115,1.351881504058838
792,0.6628999710083008,0.9688979387283325,0.4819999933242798,1.528509259223938
793,0.663100004196167,0.9748412370681763,0.5210000276565552,1.4129794836044312
794,0.6654000282287598,0.9660683870315552,0.4690000116825104,1.6534332036972046
795,0.6639999747276306,0.9715560674667358,0.4925000071525574,1.5162134170532227
796,0.6664000153541565,0.9690513610839844,0.5350000262260437,1.3752409219741821
797,0.6671000123023987,0.9630287289619446,0.5325000286102295,1.3574562072753906
798,0.6660000085830688,0.9617437720298767,0.5184999704360962,1.4205029010772705
799,0.6696000099182129,0.9616824388504028,0.5254999995231628,1.4419615268707275
800,0.6661999821662903,0.9618124961853027,0.48350000381469727,1.5655853748321533
801,0.6699000000953674,0.9605039358139038,0.5074999928474426,1.4415154457092285
802,0.6682999730110168,0.960499107837677,0.5410000085830688,1.3847055435180664
803,0.6696000099182129,0.9598290324211121,0.5145000219345093,1.4577137231826782
804,0.6664999723434448,0.960375189781189,0.515500009059906,1.4416662454605103
805,0.6658999919891357,0.9574437737464905,0.5184999704360962,1.407619833946228
806,0.6690000295639038,0.9581670165061951,0.5180000066757202,1.4462721347808838
807,0.6722999811172485,0.9584318399429321,0.5115000009536743,1.4262081384658813
808,0.6736999750137329,0.9514924883842468,0.49399998784065247,1.4649786949157715
809,0.6729000210762024,0.9558948278427124,0.5379999876022339,1.3720978498458862
810,0.6714000105857849,0.953865110874176,0.492000013589859,1.62569260597229
811,0.667900025844574,0.9630933403968811,0.5299999713897705,1.4084564447402954
812,0.6646999716758728,0.9579585790634155,0.4945000112056732,1.5170254707336426
813,0.6715999841690063,0.9574843645095825,0.5325000286102295,1.3885496854782104
814,0.6765000224113464,0.9518943428993225,0.5170000195503235,1.4402787685394287
815,0.6747000217437744,0.9514122009277344,0.5145000219345093,1.420045256614685
816,0.6704999804496765,0.9529131650924683,0.5080000162124634,1.4368928670883179
817,0.6743999719619751,0.9484972953796387,0.5034999847412109,1.4954928159713745
818,0.6678000092506409,0.9537093043327332,0.5199999809265137,1.445246934890747
819,0.6699000000953674,0.9545333981513977,0.5214999914169312,1.4183014631271362
820,0.6686000227928162,0.950424313545227,0.41499999165534973,1.9214972257614136
821,0.6725999712944031,0.9562498331069946,0.5304999947547913,1.4013406038284302
822,0.675599992275238,0.9471279978752136,0.5404999852180481,1.3748271465301514
823,0.6736000180244446,0.9474669694900513,0.5304999947547913,1.3890101909637451
824,0.670799970626831,0.9470186233520508,0.531000018119812,1.4087822437286377
825,0.6758999824523926,0.9476864337921143,0.5295000076293945,1.4033457040786743
826,0.6765000224113464,0.9424404501914978,0.5080000162124634,1.4902427196502686
827,0.6748999953269958,0.9459026455879211,0.527999997138977,1.4111262559890747
828,0.6736999750137329,0.9440341591835022,0.546999990940094,1.3488253355026245
829,0.6765999794006348,0.9437277317047119,0.5354999899864197,1.404928207397461
830,0.6751999855041504,0.9412945508956909,0.5419999957084656,1.367885947227478
831,0.6765000224113464,0.9406405091285706,0.5264999866485596,1.443513035774231
832,0.6725000143051147,0.9389817118644714,0.5174999833106995,1.4188830852508545
833,0.6735000014305115,0.9440587162971497,0.5454999804496765,1.3546907901763916
834,0.6776000261306763,0.9393430948257446,0.5425000190734863,1.3766969442367554
835,0.6758999824523926,0.9393951296806335,0.5274999737739563,1.4113718271255493
836,0.6804999709129333,0.9387602806091309,0.5130000114440918,1.4040411710739136
837,0.6747000217437744,0.9379913806915283,0.5325000286102295,1.4192817211151123
838,0.6765000224113464,0.9375489950180054,0.4819999933242798,1.6109596490859985
839,0.6779999732971191,0.936740517616272,0.4975000023841858,1.4690409898757935
840,0.6757000088691711,0.9379675984382629,0.48649999499320984,1.5736687183380127
841,0.680400013923645,0.9344511032104492,0.5260000228881836,1.4360471963882446
842,0.6818000078201294,0.9319865107536316,0.5214999914169312,1.4339771270751953
843,0.6777999997138977,0.9369433522224426,0.4659999907016754,1.634138584136963
844,0.6775000095367432,0.9377933740615845,0.5270000100135803,1.4056416749954224
845,0.6809999942779541,0.930810272693634,0.49050000309944153,1.5418859720230103
846,0.6758999824523926,0.93378084897995,0.5005000233650208,1.5895581245422363
847,0.678600013256073,0.9342031478881836,0.4860000014305115,1.554566502571106
848,0.6800000071525574,0.9307367205619812,0.5199999809265137,1.4154795408248901
849,0.6801000237464905,0.932289183139801,0.5245000123977661,1.4090303182601929
850,0.6808000206947327,0.9275406002998352,0.5049999952316284,1.4922329187393188
851,0.6794000267982483,0.9299582242965698,0.546500027179718,1.3563930988311768
852,0.6789000034332275,0.9288504719734192,0.5254999995231628,1.4329450130462646
853,0.6837999820709229,0.9257788062095642,0.5454999804496765,1.394745945930481
854,0.6819000244140625,0.9250197410583496,0.5074999928474426,1.4783223867416382
855,0.6801999807357788,0.9289419054985046,0.5544999837875366,1.346837043762207
856,0.6851000189781189,0.9219920635223389,0.5189999938011169,1.422318696975708
857,0.6848999857902527,0.9207704067230225,0.5289999842643738,1.416534423828125
858,0.6815999746322632,0.9223529100418091,0.5195000171661377,1.450645089149475
859,0.6825000047683716,0.921842098236084,0.4869999885559082,1.608574628829956
860,0.6769999861717224,0.930305004119873,0.5264999866485596,1.3939297199249268
861,0.6825000047683716,0.919960618019104,0.5214999914169312,1.4130879640579224
862,0.6819999814033508,0.9189388751983643,0.5220000147819519,1.3933554887771606
863,0.6869999766349792,0.9190369844436646,0.5414999723434448,1.3846769332885742
864,0.6837000250816345,0.9234035015106201,0.5139999985694885,1.5034980773925781
865,0.6851000189781189,0.9177752733230591,0.531000018119812,1.3947396278381348
866,0.6819000244140625,0.9239426851272583,0.5425000190734863,1.399444580078125
867,0.6797000169754028,0.9213836789131165,0.5370000004768372,1.3875569105148315
868,0.6869999766349792,0.9164264798164368,0.534500002861023,1.3958696126937866
869,0.682699978351593,0.9151559472084045,0.4909999966621399,1.567569375038147
870,0.6844000220298767,0.9201750159263611,0.5145000219345093,1.4428297281265259
871,0.6877999901771545,0.9153156280517578,0.5205000042915344,1.4441382884979248
872,0.6837000250816345,0.9172000288963318,0.5235000252723694,1.4506609439849854
873,0.6814000010490417,0.9151579141616821,0.5130000114440918,1.5801610946655273
874,0.6869999766349792,0.9141226410865784,0.5149999856948853,1.5250357389450073
875,0.6898000240325928,0.90934157371521,0.5419999957084656,1.3860822916030884
876,0.6887999773025513,0.9101583957672119,0.47200000286102295,1.6112643480300903
877,0.6859999895095825,0.9146724343299866,0.5419999957084656,1.390764594078064
878,0.6901000142097473,0.9092620015144348,0.5109999775886536,1.4920191764831543
879,0.6868000030517578,0.9085322022438049,0.49900001287460327,1.5715032815933228
880,0.6847000122070312,0.912350594997406,0.5254999995231628,1.4095698595046997
881,0.6895999908447266,0.9104551076889038,0.4884999990463257,1.5371205806732178
882,0.6876999735832214,0.9109950065612793,0.48399999737739563,1.7209467887878418
883,0.6879000067710876,0.9107519388198853,0.4964999854564667,1.4732089042663574
884,0.6873999834060669,0.908305287361145,0.550000011920929,1.369954228401184
885,0.6880000233650208,0.9074172973632812,0.5350000262260437,1.4182627201080322
886,0.6934000253677368,0.9065008759498596,0.512499988079071,1.4616894721984863
887,0.6887000203132629,0.9032362103462219,0.5274999737739563,1.4520599842071533
888,0.6916999816894531,0.9043740034103394,0.4429999887943268,1.811173677444458
889,0.6881999969482422,0.9092943072319031,0.5040000081062317,1.4711874723434448
890,0.6908000111579895,0.9034543037414551,0.5299999713897705,1.4589325189590454
891,0.6895999908447266,0.9001702070236206,0.5410000085830688,1.3969664573669434
892,0.6897000074386597,0.9029228687286377,0.515500009059906,1.4621379375457764
893,0.6898000240325928,0.9020684361457825,0.5005000233650208,1.5273990631103516
894,0.6883999705314636,0.9053006768226624,0.47999998927116394,1.6851959228515625
895,0.6967999935150146,0.8995392322540283,0.531000018119812,1.3878268003463745
896,0.6916999816894531,0.8963316679000854,0.5230000019073486,1.4481980800628662
897,0.6923999786376953,0.8979097604751587,0.5040000081062317,1.538307547569275
898,0.6866000294685364,0.9020184278488159,0.5044999718666077,1.516686201095581
899,0.692799985408783,0.8972200155258179,0.5235000252723694,1.4954025745391846
900,0.6963000297546387,0.8935257792472839,0.5274999737739563,1.476486325263977
901,0.6948000192642212,0.8988176584243774,0.5040000081062317,1.4987682104110718
902,0.6926000118255615,0.8993217945098877,0.49950000643730164,1.5431625843048096
903,0.6938999891281128,0.8926002979278564,0.5235000252723694,1.4085986614227295
904,0.6949999928474426,0.8911722898483276,0.5139999985694885,1.5327184200286865
905,0.6901000142097473,0.8971612453460693,0.5410000085830688,1.3778592348098755
906,0.6974999904632568,0.886940062046051,0.5199999809265137,1.5216951370239258
907,0.6959999799728394,0.8928691148757935,0.49900001287460327,1.57978355884552
908,0.6952000260353088,0.8916638493537903,0.5024999976158142,1.4739720821380615
909,0.6959999799728394,0.890805184841156,0.5090000033378601,1.4601340293884277
910,0.6938999891281128,0.8918117880821228,0.5189999938011169,1.4353556632995605
911,0.6966000199317932,0.8891081809997559,0.531000018119812,1.3997453451156616
912,0.691100001335144,0.8915339708328247,0.47850000858306885,1.5991275310516357
913,0.698199987411499,0.8903220891952515,0.5270000100135803,1.4794789552688599
914,0.7014999985694885,0.8842949271202087,0.4729999899864197,1.6002073287963867
915,0.6952000260353088,0.8913539052009583,0.5090000033378601,1.4697953462600708
916,0.6951000094413757,0.8901798129081726,0.5099999904632568,1.471960425376892
917,0.6937999725341797,0.8863059282302856,0.4625000059604645,1.7474579811096191
918,0.6974999904632568,0.8861508965492249,0.4950000047683716,1.56502103805542
919,0.6958000063896179,0.8885704278945923,0.5575000047683716,1.368068814277649
920,0.6976000070571899,0.8836110234260559,0.5249999761581421,1.4637746810913086
921,0.7009999752044678,0.8808028101921082,0.5084999799728394,1.5119577646255493
922,0.6988000273704529,0.8819399476051331,0.5199999809265137,1.4521987438201904
923,0.6945000290870667,0.8840807676315308,0.5335000157356262,1.4097434282302856
924,0.6983000040054321,0.8826596736907959,0.5174999833106995,1.4932843446731567
925,0.7023000121116638,0.8761429786682129,0.5379999876022339,1.3755550384521484
926,0.699999988079071,0.8789137601852417,0.5205000042915344,1.466346263885498
927,0.7013999819755554,0.8784126043319702,0.49799999594688416,1.4799411296844482
928,0.7014999985694885,0.8778024315834045,0.5360000133514404,1.4693979024887085
929,0.7021999955177307,0.8743457794189453,0.5210000276565552,1.4695379734039307
930,0.7013999819755554,0.8761865496635437,0.5295000076293945,1.409016728401184
931,0.699400007724762,0.8745901584625244,0.5249999761581421,1.4162873029708862
932,0.7006999850273132,0.8766675591468811,0.5494999885559082,1.3720965385437012
933,0.7067000269889832,0.8726195096969604,0.4970000088214874,1.5051329135894775
934,0.6969000101089478,0.8763173818588257,0.512499988079071,1.5238964557647705
935,0.6970999836921692,0.8744632005691528,0.5055000185966492,1.5487539768218994
936,0.7002999782562256,0.8736101388931274,0.5130000114440918,1.4763379096984863
937,0.7009000182151794,0.8756707310676575,0.5044999718666077,1.555651068687439
938,0.7027999758720398,0.8738973736763,0.503000020980835,1.5135414600372314
939,0.7038999795913696,0.8717113137245178,0.5354999899864197,1.4123544692993164
940,0.7031999826431274,0.8664160966873169,0.5400000214576721,1.3596709966659546
941,0.7056999802589417,0.8672100305557251,0.43549999594688416,1.8497674465179443
942,0.7010999917984009,0.8753213882446289,0.4334999918937683,1.8973827362060547
943,0.703000009059906,0.8719720840454102,0.546500027179718,1.40264093875885
944,0.7045999765396118,0.8645344972610474,0.460999995470047,1.800381064414978
945,0.7031000256538391,0.8684606552124023,0.49149999022483826,1.600063443183899
946,0.7026000022888184,0.8665384650230408,0.46799999475479126,1.7539206743240356
947,0.70169997215271,0.8661924600601196,0.5130000114440918,1.4760080575942993
948,0.7026000022888184,0.869473934173584,0.5065000057220459,1.5570725202560425
949,0.7049999833106995,0.8657611608505249,0.492000013589859,1.5402241945266724
950,0.7049000263214111,0.8680473566055298,0.5164999961853027,1.4812569618225098
951,0.7016000151634216,0.8633737564086914,0.5370000004768372,1.4186688661575317
952,0.7071999907493591,0.8617949485778809,0.5040000081062317,1.4977689981460571
953,0.7096999883651733,0.8640153408050537,0.5134999752044678,1.4739470481872559
954,0.710099995136261,0.8543978333473206,0.5210000276565552,1.4338812828063965
955,0.707099974155426,0.8627472519874573,0.5260000228881836,1.4173451662063599
956,0.7102000117301941,0.8603185415267944,0.5120000243186951,1.525080680847168
957,0.7106000185012817,0.8566063642501831,0.5264999866485596,1.4643985033035278
958,0.708299994468689,0.8570122122764587,0.4855000078678131,1.5535953044891357
959,0.7087000012397766,0.8612678647041321,0.5304999947547913,1.4182361364364624
960,0.707099974155426,0.8554180860519409,0.5274999737739563,1.411266803741455
961,0.704800009727478,0.8550006747245789,0.5080000162124634,1.4959784746170044
962,0.7067000269889832,0.8576613068580627,0.534500002861023,1.4109083414077759
963,0.7103000283241272,0.8538763523101807,0.5370000004768372,1.4556916952133179
964,0.7116000056266785,0.8512568473815918,0.48399999737739563,1.6048434972763062
965,0.7103999853134155,0.8540655374526978,0.49799999594688416,1.5940430164337158
966,0.7050999999046326,0.8577239513397217,0.5350000262260437,1.4102635383605957
967,0.7120000123977661,0.8497055768966675,0.5285000205039978,1.4226630926132202
968,0.713699996471405,0.8490447402000427,0.5189999938011169,1.4953241348266602
969,0.7099000215530396,0.8519314527511597,0.4415000081062317,1.7688071727752686
970,0.708899974822998,0.8597286939620972,0.5254999995231628,1.4412798881530762
971,0.7099999785423279,0.8470327258110046,0.512499988079071,1.4789320230484009
972,0.7114999890327454,0.8503710031509399,0.550000011920929,1.377766489982605
973,0.7143999934196472,0.8460972905158997,0.5289999842643738,1.4686981439590454
974,0.713100016117096,0.8485892415046692,0.5120000243186951,1.4648141860961914
975,0.713699996471405,0.8439762592315674,0.5099999904632568,1.5029469728469849
976,0.710099995136261,0.847102165222168,0.49050000309944153,1.572264313697815
977,0.7093999981880188,0.8517050743103027,0.534500002861023,1.4354649782180786
978,0.7139999866485596,0.8465992212295532,0.5370000004768372,1.3880904912948608
979,0.7096999883651733,0.846485435962677,0.5214999914169312,1.478492021560669
980,0.7143999934196472,0.8456601500511169,0.5134999752044678,1.4881120920181274
981,0.7157999873161316,0.8414303660392761,0.5224999785423279,1.423970103263855
982,0.7121999859809875,0.8442578315734863,0.5354999899864197,1.446677565574646
983,0.7168999910354614,0.834617018699646,0.5049999952316284,1.546957015991211
984,0.7156999707221985,0.8415895700454712,0.5105000138282776,1.5205111503601074
985,0.7150999903678894,0.8401183485984802,0.5394999980926514,1.3934346437454224
986,0.7178000211715698,0.8375224471092224,0.48899999260902405,1.6626628637313843
987,0.713100016117096,0.8415831327438354,0.515500009059906,1.4451531171798706
988,0.7153000235557556,0.8375421762466431,0.5325000286102295,1.469641089439392
989,0.7142000198364258,0.8413878083229065,0.5210000276565552,1.490658164024353
990,0.715399980545044,0.8376527428627014,0.5400000214576721,1.4153963327407837
991,0.7186999917030334,0.8373165130615234,0.4519999921321869,1.8091847896575928
992,0.7113999724388123,0.8407395482063293,0.5304999947547913,1.439244270324707
993,0.7178999781608582,0.8370766639709473,0.49000000953674316,1.5950257778167725
994,0.7150999903678894,0.8347354531288147,0.47749999165534973,1.7831041812896729
995,0.7185999751091003,0.8353251814842224,0.5364999771118164,1.444690227508545
996,0.7184000015258789,0.8324127197265625,0.5404999852180481,1.4271544218063354
997,0.7135000228881836,0.8351963758468628,0.5450000166893005,1.4077088832855225
998,0.7170000076293945,0.831500768661499,0.49900001287460327,1.5794728994369507
999,0.7164999842643738,0.8378451466560364,0.5425000190734863,1.3827159404754639
