epoch,accuracy,loss,val_accuracy,val_loss
0,0.11680000275373459,2.3095669746398926,0.11949999630451202,2.305133819580078
1,0.11420000344514847,2.299199342727661,0.11749999970197678,2.2976861000061035
2,0.11810000240802765,2.2936623096466064,0.12200000137090683,2.2925832271575928
3,0.12610000371932983,2.2890865802764893,0.1264999955892563,2.2880308628082275
4,0.1340000033378601,2.284351348876953,0.13449999690055847,2.2827184200286865
5,0.14079999923706055,2.278890371322632,0.1469999998807907,2.2769017219543457
6,0.15330000221729279,2.272961139678955,0.15700000524520874,2.2704765796661377
7,0.16349999606609344,2.2661502361297607,0.1550000011920929,2.2633473873138428
8,0.16779999434947968,2.2582345008850098,0.17599999904632568,2.254920244216919
9,0.19009999930858612,2.249312400817871,0.1889999955892563,2.2447378635406494
10,0.20020000636577606,2.2390098571777344,0.2045000046491623,2.2347497940063477
11,0.20759999752044678,2.2273645401000977,0.22450000047683716,2.2221059799194336
12,0.22380000352859497,2.214057445526123,0.21449999511241913,2.2065184116363525
13,0.22769999504089355,2.1988766193389893,0.23100000619888306,2.1901960372924805
14,0.23170000314712524,2.1825101375579834,0.2224999964237213,2.173264265060425
15,0.23819999396800995,2.164870023727417,0.24050000309944153,2.155651807785034
16,0.2484000027179718,2.1465747356414795,0.23499999940395355,2.137774705886841
17,0.25,2.1273720264434814,0.24050000309944153,2.1200575828552246
18,0.25699999928474426,2.109168767929077,0.23600000143051147,2.10117244720459
19,0.2614000141620636,2.0902037620544434,0.2574999928474426,2.081036329269409
20,0.26260000467300415,2.0727972984313965,0.2694999873638153,2.066117286682129
21,0.26660001277923584,2.0572590827941895,0.25999999046325684,2.05143666267395
22,0.2702000141143799,2.042343854904175,0.25049999356269836,2.047818899154663
23,0.273499995470047,2.0296835899353027,0.27250000834465027,2.0291855335235596
24,0.27399998903274536,2.0178802013397217,0.2644999921321869,2.0323657989501953
25,0.27559998631477356,2.007751703262329,0.27900001406669617,2.002941608428955
26,0.2825999855995178,1.9973986148834229,0.2685000002384186,2.002147674560547
27,0.28349998593330383,1.98916757106781,0.2800000011920929,1.9925192594528198
28,0.2870999872684479,1.9812614917755127,0.2705000042915344,1.986621379852295
29,0.2904999852180481,1.9743480682373047,0.2809999883174896,1.9759448766708374
30,0.29019999504089355,1.9681748151779175,0.28299999237060547,1.9689918756484985
31,0.2985999882221222,1.9611268043518066,0.2879999876022339,1.9680664539337158
32,0.2994000017642975,1.9555652141571045,0.28049999475479126,1.9572992324829102
33,0.2980000078678131,1.9495166540145874,0.29649999737739563,1.951926589012146
34,0.3019999861717224,1.9443258047103882,0.2915000021457672,1.952699899673462
35,0.3043999969959259,1.937498688697815,0.2930000126361847,1.9515215158462524
36,0.30799999833106995,1.9333899021148682,0.3019999861717224,1.9446570873260498
37,0.3098999857902527,1.9276505708694458,0.29499998688697815,1.9300693273544312
38,0.31619998812675476,1.9221359491348267,0.30550000071525574,1.9257062673568726
39,0.3165000081062317,1.916786551475525,0.3075000047683716,1.9237004518508911
40,0.3190000057220459,1.909568190574646,0.3019999861717224,1.9327598810195923
41,0.3197000026702881,1.9064929485321045,0.2939999997615814,1.9380779266357422
42,0.32499998807907104,1.9008392095565796,0.31150001287460327,1.9114164113998413
43,0.32350000739097595,1.8949522972106934,0.30550000071525574,1.9082797765731812
44,0.32589998841285706,1.8901580572128296,0.3089999854564667,1.8972994089126587
45,0.3287000060081482,1.884568691253662,0.3190000057220459,1.888453722000122
46,0.3292999863624573,1.8787291049957275,0.28299999237060547,1.9453868865966797
47,0.33379998803138733,1.8742620944976807,0.3095000088214874,1.8889740705490112
48,0.33250001072883606,1.8688273429870605,0.32249999046325684,1.8734198808670044
49,0.33809998631477356,1.862128496170044,0.32899999618530273,1.8738456964492798
50,0.3398999869823456,1.8570480346679688,0.3310000002384186,1.8674505949020386
51,0.3402000069618225,1.851062536239624,0.33149999380111694,1.8630640506744385
52,0.34689998626708984,1.844789981842041,0.33250001072883606,1.8563157320022583
53,0.3431999981403351,1.8406177759170532,0.3255000114440918,1.8562222719192505
54,0.3456999957561493,1.8351573944091797,0.3334999978542328,1.8527947664260864
55,0.34610000252723694,1.8285318613052368,0.33250001072883606,1.8560370206832886
56,0.3522999882698059,1.8233095407485962,0.3434999883174896,1.8388499021530151
57,0.3508000075817108,1.8175333738327026,0.3400000035762787,1.8367209434509277
58,0.3555000126361847,1.812780499458313,0.3179999887943268,1.8571271896362305
59,0.35670000314712524,1.8082441091537476,0.328000009059906,1.8453787565231323
60,0.3571999967098236,1.8011741638183594,0.3540000021457672,1.8369139432907104
61,0.3596000075340271,1.7965779304504395,0.34150001406669617,1.8272411823272705
62,0.3637000024318695,1.7898025512695312,0.3230000138282776,1.8627384901046753
63,0.36579999327659607,1.7856987714767456,0.32100000977516174,1.8484160900115967
64,0.36500000953674316,1.7811646461486816,0.3310000002384186,1.8189709186553955
65,0.36890000104904175,1.7737241983413696,0.3434999883174896,1.795997977256775
66,0.3700999915599823,1.7701488733291626,0.3465000092983246,1.7957494258880615
67,0.37290000915527344,1.7650883197784424,0.36149999499320984,1.781030297279358
68,0.3747999966144562,1.7594553232192993,0.35249999165534973,1.7926063537597656
69,0.375,1.7545279264450073,0.35350000858306885,1.7932652235031128
70,0.37880000472068787,1.7502810955047607,0.35350000858306885,1.7918704748153687
71,0.3756999969482422,1.7461720705032349,0.3634999990463257,1.773935317993164
72,0.3797000050544739,1.7407459020614624,0.35249999165534973,1.7722917795181274
73,0.3846000134944916,1.735033631324768,0.36000001430511475,1.7727763652801514
74,0.38179999589920044,1.7305066585540771,0.36000001430511475,1.7732807397842407
75,0.38339999318122864,1.726576328277588,0.3720000088214874,1.7580338716506958
76,0.3862999975681305,1.7218014001846313,0.3540000021457672,1.7941678762435913
77,0.38510000705718994,1.7178525924682617,0.3765000104904175,1.7432518005371094
78,0.39010000228881836,1.7121857404708862,0.36399999260902405,1.7870182991027832
79,0.39010000228881836,1.706863284111023,0.359499990940094,1.7684030532836914
80,0.39169999957084656,1.7049707174301147,0.35850000381469727,1.7705094814300537
81,0.39309999346733093,1.7001148462295532,0.3720000088214874,1.7184842824935913
82,0.39070001244544983,1.695921540260315,0.35199999809265137,1.7848055362701416
83,0.3953000009059906,1.6913220882415771,0.36149999499320984,1.7983555793762207
84,0.3968000113964081,1.6898539066314697,0.3725000023841858,1.7400178909301758
85,0.4016999900341034,1.681809902191162,0.34549999237060547,1.7727468013763428
86,0.4020000100135803,1.6779999732971191,0.3824999928474426,1.7025578022003174
87,0.40149998664855957,1.6748552322387695,0.36250001192092896,1.726501226425171
88,0.400299996137619,1.6726784706115723,0.3804999887943268,1.7105416059494019
89,0.40639999508857727,1.6662511825561523,0.40149998664855957,1.7075775861740112
90,0.40470001101493835,1.6644997596740723,0.3449999988079071,1.7574788331985474
91,0.40529999136924744,1.6597541570663452,0.4025000035762787,1.6987924575805664
92,0.4047999978065491,1.6564326286315918,0.3804999887943268,1.7762250900268555
93,0.41440001130104065,1.6512888669967651,0.382999986410141,1.7133667469024658
94,0.4106999933719635,1.646610140800476,0.3955000042915344,1.6727278232574463
95,0.41110000014305115,1.6440445184707642,0.36649999022483826,1.7056798934936523
96,0.41850000619888306,1.639978289604187,0.34950000047683716,1.7737764120101929
97,0.4131999909877777,1.6354830265045166,0.40049999952316284,1.6911470890045166
98,0.41510000824928284,1.6305819749832153,0.37400001287460327,1.7448548078536987
99,0.41920000314712524,1.6293917894363403,0.37599998712539673,1.7189466953277588
100,0.4169999957084656,1.626607060432434,0.3824999928474426,1.6779457330703735
101,0.4221999943256378,1.6223533153533936,0.3634999990463257,1.7431292533874512
102,0.4189000129699707,1.6191737651824951,0.3425000011920929,1.7490108013153076
103,0.4203000068664551,1.6176416873931885,0.40700000524520874,1.6782094240188599
104,0.4212000072002411,1.6121032238006592,0.36550000309944153,1.6922338008880615
105,0.423799991607666,1.608854055404663,0.39649999141693115,1.6813884973526
106,0.42500001192092896,1.6083576679229736,0.37299999594688416,1.6860872507095337
107,0.4259999990463257,1.6023529767990112,0.41449999809265137,1.6525295972824097
108,0.4302000105381012,1.5980063676834106,0.41449999809265137,1.6303303241729736
109,0.42640000581741333,1.5962364673614502,0.41350001096725464,1.6248067617416382
110,0.42980000376701355,1.5934131145477295,0.3684999942779541,1.7563831806182861
111,0.42980000376701355,1.5934947729110718,0.38100001215934753,1.6678482294082642
112,0.43220001459121704,1.5888193845748901,0.39649999141693115,1.6657283306121826
113,0.4320000112056732,1.5848755836486816,0.3880000114440918,1.6486834287643433
114,0.4311000108718872,1.5816545486450195,0.3395000100135803,1.8987351655960083
115,0.4318999946117401,1.5845853090286255,0.390500009059906,1.6609652042388916
116,0.4345000088214874,1.5790284872055054,0.3919999897480011,1.6688106060028076
117,0.438400000333786,1.5752177238464355,0.41350001096725464,1.641286849975586
118,0.43709999322891235,1.574689507484436,0.3894999921321869,1.6593570709228516
119,0.4357999861240387,1.57309091091156,0.4115000069141388,1.5998015403747559
120,0.4366999864578247,1.566744089126587,0.4020000100135803,1.6291171312332153
121,0.4397999942302704,1.5678373575210571,0.40400001406669617,1.6275033950805664
122,0.4406999945640564,1.5620923042297363,0.4205000102519989,1.6005820035934448
123,0.4399000108242035,1.5616965293884277,0.42250001430511475,1.619755506515503
124,0.4424000084400177,1.5574429035186768,0.4244999885559082,1.5953404903411865
125,0.43970000743865967,1.55482816696167,0.42100000381469727,1.6658686399459839
126,0.4465000033378601,1.5543153285980225,0.42500001192092896,1.6013588905334473
127,0.4456000030040741,1.549666166305542,0.4165000021457672,1.6052653789520264
128,0.4449999928474426,1.5487878322601318,0.38449999690055847,1.8017125129699707
129,0.44839999079704285,1.5522221326828003,0.42250001430511475,1.5741114616394043
130,0.44670000672340393,1.5447407960891724,0.4325000047683716,1.5771607160568237
131,0.4453999996185303,1.5444917678833008,0.4074999988079071,1.6261725425720215
132,0.44679999351501465,1.5426512956619263,0.4284999966621399,1.57390296459198
133,0.4499000012874603,1.5380629301071167,0.4300000071525574,1.5838019847869873
134,0.45320001244544983,1.5356231927871704,0.43799999356269836,1.5691697597503662
135,0.4503999948501587,1.5348963737487793,0.3995000123977661,1.637488603591919
136,0.45159998536109924,1.5362352132797241,0.40799999237060547,1.6151684522628784
137,0.45179998874664307,1.5323190689086914,0.43549999594688416,1.592347502708435
138,0.45089998841285706,1.5328094959259033,0.43299999833106995,1.5632660388946533
139,0.45329999923706055,1.5285464525222778,0.42399999499320984,1.588070034980774
140,0.45410001277923584,1.5237092971801758,0.42800000309944153,1.644858479499817
141,0.453000009059906,1.5229932069778442,0.421999990940094,1.6168842315673828
142,0.45559999346733093,1.5223288536071777,0.43700000643730164,1.610525369644165
143,0.4553999900817871,1.5218878984451294,0.42750000953674316,1.5590978860855103
144,0.45719999074935913,1.519478678703308,0.4129999876022339,1.5936803817749023
145,0.45739999413490295,1.5178117752075195,0.41499999165534973,1.5943384170532227
146,0.45829999446868896,1.5143965482711792,0.4230000078678131,1.5767117738723755
147,0.46160000562667847,1.5112638473510742,0.4104999899864197,1.5914831161499023
148,0.46239998936653137,1.510038137435913,0.3774999976158142,1.7784980535507202
149,0.45750001072883606,1.5127307176589966,0.32249999046325684,2.0893313884735107
150,0.4593000113964081,1.5124419927597046,0.42649999260902405,1.5790274143218994
151,0.462799996137619,1.5054075717926025,0.42250001430511475,1.5704563856124878
152,0.462799996137619,1.5037602186203003,0.36550000309944153,1.7742183208465576
153,0.4634000062942505,1.5048854351043701,0.4300000071525574,1.6075479984283447
154,0.46389999985694885,1.5017457008361816,0.44850000739097595,1.5362707376480103
155,0.46630001068115234,1.498420000076294,0.39500001072883606,1.657730221748352
156,0.4666000008583069,1.5029624700546265,0.4154999852180481,1.602649450302124
157,0.4657000005245209,1.4981497526168823,0.4339999854564667,1.5468006134033203
158,0.4700999855995178,1.4932053089141846,0.43799999356269836,1.5432929992675781
159,0.4668999910354614,1.493566632270813,0.4410000145435333,1.6050056219100952
160,0.4691999852657318,1.4917564392089844,0.39250001311302185,1.645273208618164
161,0.4722000062465668,1.4895226955413818,0.3815000057220459,1.71332585811615
162,0.4677000045776367,1.4906302690505981,0.38999998569488525,1.6982920169830322
163,0.47119998931884766,1.486619234085083,0.4180000126361847,1.6050423383712769
164,0.47350001335144043,1.4865901470184326,0.40849998593330383,1.596149206161499
165,0.4699000120162964,1.4853423833847046,0.4560000002384186,1.5261129140853882
166,0.4731000065803528,1.4820810556411743,0.453000009059906,1.527998685836792
167,0.4729999899864197,1.4797743558883667,0.44350001215934753,1.546160101890564
168,0.47620001435279846,1.4755640029907227,0.43149998784065247,1.6492390632629395
169,0.4731999933719635,1.4812560081481934,0.4514999985694885,1.5296496152877808
170,0.4724000096321106,1.4769781827926636,0.4090000092983246,1.5916697978973389
171,0.4726000130176544,1.4798743724822998,0.2705000042915344,2.5997536182403564
172,0.4731999933719635,1.4887006282806396,0.4099999964237213,1.6531914472579956
173,0.46950000524520874,1.47722327709198,0.4320000112056732,1.56558096408844
174,0.4756999909877777,1.4738364219665527,0.4404999911785126,1.6273982524871826
175,0.4794999957084656,1.4697574377059937,0.43799999356269836,1.59311044216156
176,0.4749999940395355,1.4684863090515137,0.43050000071525574,1.5655733346939087
177,0.4763999879360199,1.4662370681762695,0.42750000953674316,1.5827138423919678
178,0.48089998960494995,1.4647879600524902,0.4390000104904175,1.5463931560516357
179,0.47769999504089355,1.4648305177688599,0.4065000116825104,1.6175495386123657
180,0.4819999933242798,1.461530089378357,0.4350000023841858,1.6079469919204712
181,0.4779999852180481,1.4609687328338623,0.4415000081062317,1.5414830446243286
182,0.4790000021457672,1.4610894918441772,0.453000009059906,1.5294700860977173
183,0.48159998655319214,1.4546231031417847,0.4325000047683716,1.5626691579818726
184,0.48570001125335693,1.4531464576721191,0.4404999911785126,1.5532770156860352
185,0.48399999737739563,1.4549980163574219,0.4359999895095825,1.5878973007202148
186,0.4803999960422516,1.4547741413116455,0.3774999976158142,1.6829038858413696
187,0.4832000136375427,1.455397605895996,0.4320000112056732,1.6026748418807983
188,0.4853000044822693,1.450358271598816,0.4659999907016754,1.4912055730819702
189,0.4884999990463257,1.4546232223510742,0.42649999260902405,1.5810325145721436
190,0.483599990606308,1.4460065364837646,0.4514999985694885,1.5294159650802612
191,0.4887999892234802,1.4462131261825562,0.4090000092983246,1.6184451580047607
192,0.48429998755455017,1.4498226642608643,0.4560000002384186,1.5159778594970703
193,0.4893999993801117,1.4430044889450073,0.4625000059604645,1.5126293897628784
194,0.4848000109195709,1.440933346748352,0.46799999475479126,1.4983762502670288
195,0.4812999963760376,1.4430047273635864,0.4440000057220459,1.5259515047073364
196,0.489300012588501,1.4399480819702148,0.43549999594688416,1.5572423934936523
197,0.489300012588501,1.4405664205551147,0.45500001311302185,1.521728754043579
198,0.48890000581741333,1.4357540607452393,0.460999995470047,1.5173519849777222
199,0.48890000581741333,1.4358558654785156,0.47350001335144043,1.4907180070877075
200,0.48899999260902405,1.433693528175354,0.429500013589859,1.5975735187530518
201,0.4932999908924103,1.4364465475082397,0.46950000524520874,1.524527668952942
202,0.49000000953674316,1.4333158731460571,0.4595000147819519,1.5167348384857178
203,0.49140000343322754,1.4312812089920044,0.4555000066757202,1.5023949146270752
204,0.4878999888896942,1.4319487810134888,0.46050000190734863,1.493221402168274
205,0.49320000410079956,1.4279158115386963,0.4404999911785126,1.535290002822876
206,0.49219998717308044,1.4280824661254883,0.4634999930858612,1.5009686946868896
207,0.4952000081539154,1.4258127212524414,0.4320000112056732,1.5746312141418457
208,0.49239999055862427,1.4274935722351074,0.44699999690055847,1.5055906772613525
209,0.4984000027179718,1.4207003116607666,0.47099998593330383,1.4764174222946167
210,0.49399998784065247,1.4233193397521973,0.4235000014305115,1.627570629119873
211,0.49399998784065247,1.421926736831665,0.46299999952316284,1.545408010482788
212,0.5,1.4186954498291016,0.4000000059604645,1.689057469367981
213,0.4959000051021576,1.4192982912063599,0.46299999952316284,1.4800221920013428
214,0.4975000023841858,1.4192901849746704,0.4345000088214874,1.5529247522354126
215,0.4977000057697296,1.4155805110931396,0.44699999690055847,1.5500494241714478
216,0.4921000003814697,1.418248176574707,0.4560000002384186,1.5064855813980103
217,0.5012000203132629,1.4097687005996704,0.4555000066757202,1.5701433420181274
218,0.4957999885082245,1.4174286127090454,0.45100000500679016,1.5709280967712402
219,0.5027999877929688,1.4109268188476562,0.47099998593330383,1.5190823078155518
220,0.5006999969482422,1.407884120941162,0.46650001406669617,1.479929804801941
221,0.4977000057697296,1.4093763828277588,0.4494999945163727,1.5134702920913696
222,0.49889999628067017,1.4066106081008911,0.46950000524520874,1.4676817655563354
223,0.5015000104904175,1.407550573348999,0.4555000066757202,1.493496060371399
224,0.5038999915122986,1.4060899019241333,0.4415000081062317,1.5334455966949463
225,0.5034000277519226,1.4032299518585205,0.4404999911785126,1.5757555961608887
226,0.5049999952316284,1.4003747701644897,0.4555000066757202,1.5249336957931519
227,0.49889999628067017,1.4008561372756958,0.4754999876022339,1.4661169052124023
228,0.5063999891281128,1.4000321626663208,0.41200000047683716,1.7276660203933716
229,0.5034999847412109,1.3985823392868042,0.4244999885559082,1.6738172769546509
230,0.5008999705314636,1.4038305282592773,0.4334999918937683,1.5582202672958374
231,0.5067999958992004,1.3954893350601196,0.4620000123977661,1.4870847463607788
232,0.5041000247001648,1.394040822982788,0.4494999945163727,1.5455909967422485
233,0.5020999908447266,1.39371657371521,0.44600000977516174,1.5236592292785645
234,0.5042999982833862,1.3939814567565918,0.4194999933242798,1.6903295516967773
235,0.5062999725341797,1.3943359851837158,0.4894999861717224,1.4730525016784668
236,0.506600022315979,1.3884447813034058,0.45350000262260437,1.5232181549072266
237,0.5076000094413757,1.3902417421340942,0.4684999883174896,1.4883694648742676
238,0.5055000185966492,1.387499451637268,0.46650001406669617,1.5188180208206177
239,0.5091999769210815,1.3856618404388428,0.42800000309944153,1.5563665628433228
240,0.5077000260353088,1.384027123451233,0.31349998712539673,2.1869003772735596
241,0.5078999996185303,1.3882347345352173,0.46149998903274536,1.4798505306243896
242,0.5135999917984009,1.3822826147079468,0.4855000078678131,1.4976834058761597
243,0.5072000026702881,1.383113980293274,0.4729999899864197,1.4752657413482666
244,0.5099999904632568,1.378231167793274,0.4749999940395355,1.4831740856170654
245,0.5112000107765198,1.382158637046814,0.4805000126361847,1.438856840133667
246,0.5123999714851379,1.3777729272842407,0.46299999952316284,1.484620451927185
247,0.5090000033378601,1.3750927448272705,0.4404999911785126,1.5639983415603638
248,0.5112000107765198,1.3790332078933716,0.4375,1.5646498203277588
249,0.5117999911308289,1.371606707572937,0.4490000009536743,1.5226080417633057
250,0.5131999850273132,1.3750656843185425,0.4189999997615814,1.6391617059707642
251,0.5120999813079834,1.3768421411514282,0.47600001096725464,1.4515258073806763
252,0.5144000053405762,1.3690524101257324,0.4634999930858612,1.4813340902328491
253,0.5145000219345093,1.369708776473999,0.44350001215934753,1.5492881536483765
254,0.5116999745368958,1.3689459562301636,0.45899999141693115,1.5195881128311157
255,0.5181000232696533,1.3663913011550903,0.4180000126361847,1.6123158931732178
256,0.5134000182151794,1.3683385848999023,0.41499999165534973,1.6004188060760498
257,0.5144000053405762,1.3712598085403442,0.4514999985694885,1.5141191482543945
258,0.512499988079071,1.365616798400879,0.484499990940094,1.455896019935608
259,0.5187000036239624,1.3651779890060425,0.4794999957084656,1.47286856174469
260,0.5178999900817871,1.3608720302581787,0.4884999990463257,1.442809820175171
261,0.5174000263214111,1.3582119941711426,0.4659999907016754,1.4956411123275757
262,0.5170999765396118,1.3596359491348267,0.5024999976158142,1.4273816347122192
263,0.5217000246047974,1.359028697013855,0.4754999876022339,1.499083161354065
264,0.5128999948501587,1.360053539276123,0.4659999907016754,1.4578728675842285
265,0.5184999704360962,1.3588902950286865,0.47749999165534973,1.4557950496673584
266,0.5200999975204468,1.3553107976913452,0.484499990940094,1.4500240087509155
267,0.5170999765396118,1.3562365770339966,0.48750001192092896,1.4761654138565063
268,0.5217000246047974,1.355089545249939,0.47749999165534973,1.4525196552276611
269,0.5216000080108643,1.353874683380127,0.4724999964237213,1.4575042724609375
270,0.5224000215530396,1.3528133630752563,0.48750001192092896,1.4474408626556396
271,0.517799973487854,1.3494676351547241,0.4580000042915344,1.490815281867981
272,0.5220999717712402,1.351145625114441,0.46700000762939453,1.4618101119995117
273,0.5227000117301941,1.3454917669296265,0.49149999022483826,1.442952036857605
274,0.522599995136261,1.3479033708572388,0.45649999380111694,1.5465584993362427
275,0.521399974822998,1.3483612537384033,0.43849998712539673,1.5954606533050537
276,0.5231000185012817,1.3467435836791992,0.4894999861717224,1.454050898551941
277,0.5267000198364258,1.34308660030365,0.48350000381469727,1.441757082939148
278,0.5246999859809875,1.343108057975769,0.4790000021457672,1.4750093221664429
279,0.5288000106811523,1.340619683265686,0.47099998593330383,1.4698071479797363
280,0.5284000039100647,1.3399956226348877,0.4860000014305115,1.4581950902938843
281,0.5306000113487244,1.3360042572021484,0.48750001192092896,1.452836275100708
282,0.5268999934196472,1.3435757160186768,0.4634999930858612,1.4840352535247803
283,0.5282999873161316,1.3367215394973755,0.4819999933242798,1.4484643936157227
284,0.5286999940872192,1.3336458206176758,0.4894999861717224,1.421208143234253
285,0.5281000137329102,1.3342396020889282,0.4334999918937683,1.5321736335754395
286,0.5286999940872192,1.3326516151428223,0.45399999618530273,1.5279902219772339
287,0.5292999744415283,1.3380513191223145,0.4104999899864197,1.7154414653778076
288,0.5293999910354614,1.334930419921875,0.4884999990463257,1.4568583965301514
289,0.5331000089645386,1.32865571975708,0.4880000054836273,1.4233578443527222
290,0.5315999984741211,1.3298941850662231,0.4779999852180481,1.4437204599380493
291,0.5303999781608582,1.3261750936508179,0.48350000381469727,1.42988920211792
292,0.5306000113487244,1.3292524814605713,0.48100000619888306,1.4308750629425049
293,0.5338000059127808,1.3259910345077515,0.47699999809265137,1.449213981628418
294,0.5303000211715698,1.3247493505477905,0.41499999165534973,1.7095788717269897
295,0.5284000039100647,1.329569935798645,0.47749999165534973,1.4427814483642578
296,0.52920001745224,1.3212097883224487,0.48100000619888306,1.4479656219482422
297,0.5338000059127808,1.3214455842971802,0.4819999933242798,1.4675079584121704
298,0.5351999998092651,1.3230366706848145,0.4945000112056732,1.442313313484192
299,0.5303000211715698,1.323225975036621,0.47200000286102295,1.4455881118774414
300,0.535099983215332,1.3177980184555054,0.48500001430511475,1.4157354831695557
301,0.5343000292778015,1.3226563930511475,0.43549999594688416,1.5806469917297363
302,0.5374000072479248,1.316258192062378,0.4880000054836273,1.4689446687698364
303,0.5340999960899353,1.3170301914215088,0.3790000081062317,1.9591401815414429
304,0.5349000096321106,1.3216928243637085,0.4970000088214874,1.4185699224472046
305,0.5389000177383423,1.3152533769607544,0.4320000112056732,1.5864566564559937
306,0.5367000102996826,1.3134682178497314,0.4814999997615814,1.4468913078308105
307,0.5372999906539917,1.313866376876831,0.4880000054836273,1.4672191143035889
308,0.5386999845504761,1.3104666471481323,0.4794999957084656,1.4322850704193115
309,0.5428000092506409,1.3056838512420654,0.49399998784065247,1.429848074913025
310,0.5353000164031982,1.3080711364746094,0.4860000014305115,1.4455448389053345
311,0.5414000153541565,1.3074067831039429,0.47450000047683716,1.4671155214309692
312,0.5404000282287598,1.3131102323532104,0.49799999594688416,1.4193542003631592
313,0.5439000129699707,1.3017126321792603,0.4964999854564667,1.4171767234802246
314,0.5404000282287598,1.3034021854400635,0.4970000088214874,1.4020025730133057
315,0.5457000136375427,1.302791953086853,0.47450000047683716,1.477524757385254
316,0.5396999716758728,1.3067100048065186,0.46700000762939453,1.4635261297225952
317,0.5378000140190125,1.3041914701461792,0.5015000104904175,1.3898173570632935
318,0.5472999811172485,1.298009991645813,0.4975000023841858,1.4017250537872314
319,0.5457000136375427,1.3003318309783936,0.49149999022483826,1.4662760496139526
320,0.5447999835014343,1.295470952987671,0.48649999499320984,1.458061933517456
321,0.5440999865531921,1.2984535694122314,0.48350000381469727,1.410287618637085
322,0.5457000136375427,1.2972265481948853,0.4424999952316284,1.5386300086975098
323,0.5482000112533569,1.2974512577056885,0.4650000035762787,1.4776034355163574
324,0.542900025844574,1.296830415725708,0.45249998569488525,1.5083560943603516
325,0.5449000000953674,1.2946844100952148,0.43650001287460327,1.5575796365737915
326,0.546999990940094,1.28992760181427,0.48750001192092896,1.454837441444397
327,0.5446000099182129,1.2919886112213135,0.47850000858306885,1.5594695806503296
328,0.544700026512146,1.293021321296692,0.5015000104904175,1.4069257974624634
329,0.5498999953269958,1.289050579071045,0.5109999775886536,1.3982396125793457
330,0.5464000105857849,1.2875961065292358,0.44850000739097595,1.5511099100112915
331,0.550000011920929,1.2872974872589111,0.4830000102519989,1.4844403266906738
332,0.5454999804496765,1.2912787199020386,0.4749999940395355,1.4599709510803223
333,0.5468000173568726,1.2859619855880737,0.5049999952316284,1.39663565158844
334,0.5532000064849854,1.2834316492080688,0.4465000033378601,1.5905659198760986
335,0.5489000082015991,1.2847378253936768,0.49900001287460327,1.3890554904937744
336,0.5547999739646912,1.2801178693771362,0.47450000047683716,1.461856722831726
337,0.5479000210762024,1.2813048362731934,0.49000000953674316,1.4409152269363403
338,0.5498999953269958,1.280761480331421,0.492000013589859,1.414138913154602
339,0.553600013256073,1.2772276401519775,0.4869999885559082,1.4240522384643555
340,0.5489000082015991,1.2773513793945312,0.46549999713897705,1.5363792181015015
341,0.5548999905586243,1.2785316705703735,0.4975000023841858,1.424498200416565
342,0.5529999732971191,1.2785866260528564,0.4884999990463257,1.4568514823913574
343,0.5512999892234802,1.2738319635391235,0.47200000286102295,1.45091712474823
344,0.5485000014305115,1.2785086631774902,0.5090000033378601,1.404760479927063
345,0.5521000027656555,1.2769582271575928,0.4959999918937683,1.4275615215301514
346,0.5529999732971191,1.271632194519043,0.4819999933242798,1.4238883256912231
347,0.5532000064849854,1.2701321840286255,0.5044999718666077,1.4363077878952026
348,0.5533999800682068,1.272416114807129,0.4959999918937683,1.4137500524520874
349,0.5551999807357788,1.271773338317871,0.45350000262260437,1.5564310550689697
350,0.5554999709129333,1.2699741125106812,0.4410000145435333,1.631510853767395
351,0.554099977016449,1.2696443796157837,0.453000009059906,1.5329304933547974
352,0.5555999875068665,1.2679109573364258,0.5059999823570251,1.3937052488327026
353,0.5586000084877014,1.2639859914779663,0.5120000243186951,1.386554479598999
354,0.5540000200271606,1.2641569375991821,0.503000020980835,1.4066691398620605
355,0.558899998664856,1.2616500854492188,0.4675000011920929,1.49036705493927
356,0.5555999875068665,1.2615383863449097,0.43950000405311584,1.700926661491394
357,0.5579000115394592,1.266492247581482,0.45899999141693115,1.5300240516662598
358,0.552299976348877,1.2661954164505005,0.4894999861717224,1.4166665077209473
359,0.5559999942779541,1.2641322612762451,0.476500004529953,1.5012142658233643
360,0.5573999881744385,1.2626526355743408,0.5184999704360962,1.3848000764846802
361,0.5622000098228455,1.2553809881210327,0.4945000112056732,1.454913854598999
362,0.5590000152587891,1.2545298337936401,0.4970000088214874,1.4015799760818481
363,0.5565999746322632,1.255388855934143,0.5034999847412109,1.4481630325317383
364,0.5565000176429749,1.2571954727172852,0.49300000071525574,1.406472086906433
365,0.5616000294685364,1.254896640777588,0.46050000190734863,1.4972087144851685
366,0.5587000250816345,1.254077672958374,0.5009999871253967,1.3834439516067505
367,0.5651999711990356,1.2516604661941528,0.4625000059604645,1.5556483268737793
368,0.5583999752998352,1.2544382810592651,0.49549999833106995,1.4028797149658203
369,0.558899998664856,1.2507883310317993,0.5180000066757202,1.3709744215011597
370,0.5631999969482422,1.2493184804916382,0.4894999861717224,1.4218934774398804
371,0.5616000294685364,1.2543535232543945,0.47600001096725464,1.4803588390350342
372,0.5613999962806702,1.248673677444458,0.46299999952316284,1.5172827243804932
373,0.5654000043869019,1.2459399700164795,0.4984999895095825,1.3782320022583008
374,0.5641999840736389,1.2449994087219238,0.44850000739097595,1.5220621824264526
375,0.5623999834060669,1.2473125457763672,0.49000000953674316,1.41793954372406
376,0.5637999773025513,1.2472399473190308,0.42399999499320984,1.7746028900146484
377,0.5655999779701233,1.2499991655349731,0.4984999895095825,1.4135278463363647
378,0.567799985408783,1.2398761510849,0.4154999852180481,1.7002778053283691
379,0.5633999705314636,1.245174765586853,0.5005000233650208,1.3977055549621582
380,0.5641999840736389,1.2417539358139038,0.48350000381469727,1.4429086446762085
381,0.5705000162124634,1.2351778745651245,0.5109999775886536,1.3792710304260254
382,0.5672000050544739,1.2392762899398804,0.49549999833106995,1.4243146181106567
383,0.5670999884605408,1.236324667930603,0.4959999918937683,1.393067479133606
384,0.5685999989509583,1.2344708442687988,0.5145000219345093,1.3749929666519165
385,0.5684000253677368,1.2380434274673462,0.5115000009536743,1.4016122817993164
386,0.5698999762535095,1.2311866283416748,0.49900001287460327,1.4054368734359741
387,0.5684000253677368,1.2338099479675293,0.5049999952316284,1.4017521142959595
388,0.5699999928474426,1.2341254949569702,0.45500001311302185,1.5218217372894287
389,0.5697000026702881,1.2334176301956177,0.47850000858306885,1.5087087154388428
390,0.5676000118255615,1.232924222946167,0.5149999856948853,1.37092924118042
391,0.5669000148773193,1.2321038246154785,0.4964999854564667,1.434300422668457
392,0.5710999965667725,1.2282816171646118,0.5040000081062317,1.37690269947052
393,0.5756000280380249,1.2265650033950806,0.4984999895095825,1.4129338264465332
394,0.5698000192642212,1.2293771505355835,0.43849998712539673,1.5595775842666626
395,0.5659999847412109,1.2293691635131836,0.4984999895095825,1.3818719387054443
396,0.5687999725341797,1.2290993928909302,0.49050000309944153,1.45051109790802
397,0.5691999793052673,1.2314825057983398,0.4595000147819519,1.4746850728988647
398,0.5719000101089478,1.2246700525283813,0.46299999952316284,1.5426851511001587
399,0.5715000033378601,1.2273579835891724,0.49149999022483826,1.4092661142349243
400,0.5737000107765198,1.220896601676941,0.4650000035762787,1.5621519088745117
401,0.5712000131607056,1.22694730758667,0.515500009059906,1.382968544960022
402,0.5730999708175659,1.2186654806137085,0.4909999966621399,1.428233027458191
403,0.5752000212669373,1.2188340425491333,0.4970000088214874,1.4087316989898682
404,0.572700023651123,1.2210724353790283,0.49149999022483826,1.4271963834762573
405,0.5745000243186951,1.217621922492981,0.3555000126361847,2.033634901046753
406,0.570900022983551,1.2315163612365723,0.44699999690055847,1.5224989652633667
407,0.5752999782562256,1.217024803161621,0.4855000078678131,1.4169604778289795
408,0.5767999887466431,1.2139700651168823,0.5034999847412109,1.3703973293304443
409,0.5760999917984009,1.2118489742279053,0.5239999890327454,1.3686268329620361
410,0.5748000144958496,1.2072325944900513,0.4934999942779541,1.466159462928772
411,0.5785999894142151,1.2113773822784424,0.5080000162124634,1.3693139553070068
412,0.5774000287055969,1.2134877443313599,0.4269999861717224,1.6413381099700928
413,0.5745000243186951,1.2173136472702026,0.4959999918937683,1.4302282333374023
414,0.5748999714851379,1.2084128856658936,0.5070000290870667,1.382625937461853
415,0.5794000029563904,1.2093262672424316,0.45899999141693115,1.5499743223190308
416,0.5795999765396118,1.2064341306686401,0.4975000023841858,1.4112653732299805
417,0.5774000287055969,1.2030701637268066,0.5055000185966492,1.385735273361206
418,0.5740000009536743,1.206555962562561,0.3804999887943268,1.8094366788864136
419,0.5745999813079834,1.2139952182769775,0.5049999952316284,1.4085280895233154
420,0.5770999789237976,1.2022544145584106,0.47049999237060547,1.5067843198776245
421,0.5823000073432922,1.202752709388733,0.3955000042915344,1.8670607805252075
422,0.5760999917984009,1.2070491313934326,0.46050000190734863,1.5350520610809326
423,0.5817000269889832,1.2002782821655273,0.503000020980835,1.467900037765503
424,0.5845000147819519,1.1959500312805176,0.4909999966621399,1.470301866531372
425,0.5788000226020813,1.199220895767212,0.49549999833106995,1.412993311882019
426,0.5857999920845032,1.1970469951629639,0.5049999952316284,1.385913610458374
427,0.5866000056266785,1.1958189010620117,0.5230000019073486,1.3666270971298218
428,0.5817000269889832,1.195176601409912,0.5040000081062317,1.3621070384979248
429,0.5835000276565552,1.1966809034347534,0.3425000011920929,2.1790969371795654
430,0.5794000029563904,1.2079073190689087,0.5145000219345093,1.4176164865493774
431,0.5823000073432922,1.1925272941589355,0.5080000162124634,1.410539984703064
432,0.5853000283241272,1.192259430885315,0.46650001406669617,1.4875284433364868
433,0.5849999785423279,1.1905092000961304,0.49900001287460327,1.3679651021957397
434,0.5820000171661377,1.1872851848602295,0.5115000009536743,1.3856089115142822
435,0.5888000130653381,1.1855548620224,0.5109999775886536,1.3984495401382446
436,0.5860000252723694,1.1863518953323364,0.5149999856948853,1.3883394002914429
437,0.583299994468689,1.1849130392074585,0.5109999775886536,1.3706732988357544
438,0.5870000123977661,1.184362769126892,0.5059999823570251,1.4187983274459839
439,0.5874000191688538,1.1835914850234985,0.5055000185966492,1.357349157333374
440,0.5870000123977661,1.1831194162368774,0.5205000042915344,1.372290849685669
441,0.5889000296592712,1.184309482574463,0.5120000243186951,1.3559037446975708
442,0.5896999835968018,1.1849552392959595,0.527999997138977,1.3507449626922607
443,0.5896000266075134,1.1800872087478638,0.5220000147819519,1.3791415691375732
444,0.5914000272750854,1.1799719333648682,0.4399999976158142,1.5625864267349243
445,0.5860999822616577,1.1818450689315796,0.49300000071525574,1.4222790002822876
446,0.588699996471405,1.180130958557129,0.44600000977516174,1.53080153465271
447,0.5888000130653381,1.1767220497131348,0.4404999911785126,1.6863447427749634
448,0.5835999846458435,1.1803829669952393,0.4555000066757202,1.5232889652252197
449,0.586899995803833,1.1809110641479492,0.5199999809265137,1.3405029773712158
450,0.5925999879837036,1.1765199899673462,0.5184999704360962,1.372209072113037
451,0.5920000076293945,1.1759768724441528,0.48399999737739563,1.4468152523040771
452,0.5889000296592712,1.1779693365097046,0.5295000076293945,1.3626089096069336
453,0.5925999879837036,1.1675019264221191,0.5059999823570251,1.3984310626983643
454,0.5953999757766724,1.1676161289215088,0.515500009059906,1.3619141578674316
455,0.5906999707221985,1.1680269241333008,0.4814999997615814,1.4339079856872559
456,0.5909000039100647,1.1732444763183594,0.5070000290870667,1.3703700304031372
457,0.590499997138977,1.1676939725875854,0.48350000381469727,1.4731967449188232
458,0.5914999842643738,1.172663688659668,0.49149999022483826,1.4567791223526
459,0.5954999923706055,1.1649389266967773,0.5170000195503235,1.3717315196990967
460,0.5949000120162964,1.1672927141189575,0.4959999918937683,1.4894839525222778
461,0.5942000150680542,1.1672589778900146,0.4805000126361847,1.45804762840271
462,0.5921000242233276,1.1659311056137085,0.4814999997615814,1.484444499015808
463,0.5947999954223633,1.1646867990493774,0.5049999952316284,1.3810404539108276
464,0.5960999727249146,1.1635394096374512,0.4975000023841858,1.3935664892196655
465,0.5964000225067139,1.165958046913147,0.48350000381469727,1.4752424955368042
466,0.5921000242233276,1.1631673574447632,0.5130000114440918,1.373117208480835
467,0.5954999923706055,1.1606404781341553,0.4584999978542328,1.4926429986953735
468,0.5971999764442444,1.1584827899932861,0.5174999833106995,1.3806554079055786
469,0.5989000201225281,1.1607263088226318,0.46149998903274536,1.5458762645721436
470,0.5965999960899353,1.1614691019058228,0.5005000233650208,1.4158151149749756
471,0.59170001745224,1.1637412309646606,0.5285000205039978,1.3439459800720215
472,0.5949000120162964,1.1546355485916138,0.5289999842643738,1.3358153104782104
473,0.5945000052452087,1.159753680229187,0.5254999995231628,1.3685493469238281
474,0.5958999991416931,1.1557902097702026,0.5065000057220459,1.377654790878296
475,0.5981000065803528,1.1559284925460815,0.5095000267028809,1.3875128030776978
476,0.602400004863739,1.1506810188293457,0.4494999945163727,1.5568441152572632
477,0.597599983215332,1.1543290615081787,0.4925000071525574,1.4394488334655762
478,0.597100019454956,1.1513030529022217,0.4805000126361847,1.523012399673462
479,0.5975000262260437,1.1542819738388062,0.49549999833106995,1.4227242469787598
480,0.5982999801635742,1.1485172510147095,0.5285000205039978,1.3404356241226196
481,0.6021000146865845,1.1451802253723145,0.5090000033378601,1.4065353870391846
482,0.6022999882698059,1.1498535871505737,0.46000000834465027,1.5382163524627686
483,0.5996999740600586,1.1494557857513428,0.4909999966621399,1.3943926095962524
484,0.6015999913215637,1.144744634628296,0.5329999923706055,1.3415944576263428
485,0.599399983882904,1.1480482816696167,0.5214999914169312,1.3475242853164673
486,0.6004999876022339,1.145591378211975,0.5274999737739563,1.3408827781677246
487,0.6025000214576721,1.1404359340667725,0.5099999904632568,1.396156668663025
488,0.5993000268936157,1.145998239517212,0.5055000185966492,1.4166498184204102
489,0.593999981880188,1.1454854011535645,0.515500009059906,1.3600119352340698
490,0.6039999723434448,1.1407427787780762,0.5074999928474426,1.4325650930404663
491,0.5975000262260437,1.143668532371521,0.5074999928474426,1.3923203945159912
492,0.6050999760627747,1.1384680271148682,0.47600001096725464,1.482142448425293
493,0.6029999852180481,1.1377850770950317,0.4925000071525574,1.4365571737289429
494,0.6055999994277954,1.1436748504638672,0.5115000009536743,1.4412505626678467
495,0.603600025177002,1.1391944885253906,0.5059999823570251,1.3778504133224487
496,0.6033999919891357,1.1351503133773804,0.46149998903274536,1.530452847480774
497,0.6003000140190125,1.1367475986480713,0.5325000286102295,1.345947504043579
498,0.6100999712944031,1.1354838609695435,0.5040000081062317,1.3910664319992065
499,0.6075999736785889,1.1310547590255737,0.5099999904632568,1.3774012327194214
500,0.6061999797821045,1.1330606937408447,0.5,1.4101132154464722
501,0.6046000123023987,1.1341654062271118,0.5220000147819519,1.3870784044265747
502,0.6086999773979187,1.130523443222046,0.48899999260902405,1.5065642595291138
503,0.6061999797821045,1.1326637268066406,0.49149999022483826,1.4099675416946411
504,0.6096000075340271,1.130554437637329,0.5099999904632568,1.420921802520752
505,0.6097000241279602,1.1326826810836792,0.5285000205039978,1.325949788093567
506,0.609499990940094,1.1289583444595337,0.5214999914169312,1.3384528160095215
507,0.6086999773979187,1.123946189880371,0.5070000290870667,1.4003028869628906
508,0.609499990940094,1.1304982900619507,0.512499988079071,1.399293303489685
509,0.6051999926567078,1.130534052848816,0.5254999995231628,1.3672035932540894
510,0.6057000160217285,1.1251637935638428,0.5139999985694885,1.3549025058746338
511,0.6116999983787537,1.119849681854248,0.49549999833106995,1.4183592796325684
512,0.6122000217437744,1.1202185153961182,0.5044999718666077,1.3941826820373535
513,0.6071000099182129,1.122281551361084,0.5090000033378601,1.376416802406311
514,0.6050000190734863,1.1238837242126465,0.4440000057220459,1.812842607498169
515,0.6043999791145325,1.1307215690612793,0.4975000023841858,1.4110711812973022
516,0.612500011920929,1.1202223300933838,0.38100001215934753,1.812059760093689
517,0.6097000241279602,1.1217011213302612,0.46399998664855957,1.6385135650634766
518,0.608299970626831,1.1242485046386719,0.5005000233650208,1.4071189165115356
519,0.6074000000953674,1.1167234182357788,0.4945000112056732,1.4169037342071533
520,0.6104000210762024,1.1148681640625,0.47999998927116394,1.4476243257522583
521,0.6110000014305115,1.1150654554367065,0.5260000228881836,1.3480170965194702
522,0.611299991607666,1.1147794723510742,0.5115000009536743,1.3880932331085205
523,0.6150000095367432,1.1094670295715332,0.48750001192092896,1.5296939611434937
524,0.6171000003814697,1.1135199069976807,0.45649999380111694,1.5450527667999268
525,0.6122999787330627,1.1146807670593262,0.421999990940094,1.732279658317566
526,0.6111999750137329,1.112872838973999,0.5139999985694885,1.400596261024475
527,0.6122999787330627,1.1092636585235596,0.5,1.4300228357315063
528,0.6175000071525574,1.1104317903518677,0.48899999260902405,1.4594658613204956
529,0.6133000254631042,1.1086806058883667,0.484499990940094,1.5781339406967163
530,0.6140000224113464,1.1105295419692993,0.49950000643730164,1.4254000186920166
531,0.6139000058174133,1.1053204536437988,0.5285000205039978,1.3556700944900513
532,0.6165000200271606,1.1039793491363525,0.5184999704360962,1.3644707202911377
533,0.6154000163078308,1.105204701423645,0.49149999022483826,1.4414230585098267
534,0.6161999702453613,1.1067668199539185,0.5059999823570251,1.3546147346496582
535,0.6186000108718872,1.1005377769470215,0.4715000092983246,1.502957820892334
536,0.6161999702453613,1.1039782762527466,0.47850000858306885,1.633009910583496
537,0.6133000254631042,1.1088639497756958,0.4410000145435333,1.5833909511566162
538,0.6202999949455261,1.0987030267715454,0.5404999852180481,1.3153146505355835
539,0.621399998664856,1.0939414501190186,0.4480000138282776,1.572591781616211
540,0.6190999746322632,1.1006931066513062,0.5105000138282776,1.3906230926513672
541,0.6227999925613403,1.0980231761932373,0.5205000042915344,1.4077445268630981
542,0.6187999844551086,1.0953993797302246,0.4514999985694885,1.5739959478378296
543,0.6197999715805054,1.1001945734024048,0.5184999704360962,1.3679355382919312
544,0.6225000023841858,1.093051791191101,0.5099999904632568,1.378515601158142
545,0.6201000213623047,1.09913170337677,0.40049999952316284,1.885643720626831
546,0.6209999918937683,1.1026757955551147,0.5090000033378601,1.4587492942810059
547,0.623199999332428,1.093162178993225,0.5375000238418579,1.332470417022705
548,0.6243000030517578,1.090787649154663,0.5195000171661377,1.3607900142669678
549,0.6190999746322632,1.0906668901443481,0.4805000126361847,1.61007559299469
550,0.6227999925613403,1.0920864343643188,0.5260000228881836,1.382046103477478
551,0.6244000196456909,1.0892112255096436,0.5274999737739563,1.3591946363449097
552,0.6241000294685364,1.0924079418182373,0.5105000138282776,1.3869216442108154
553,0.6233999729156494,1.0853136777877808,0.48649999499320984,1.4776768684387207
554,0.6208999752998352,1.0902295112609863,0.492000013589859,1.4530699253082275
555,0.6187999844551086,1.0884531736373901,0.5115000009536743,1.406544804573059
556,0.6212999820709229,1.090394377708435,0.5015000104904175,1.5226168632507324
557,0.6233999729156494,1.0832710266113281,0.5090000033378601,1.3981614112854004
558,0.6248000264167786,1.0840517282485962,0.4855000078678131,1.4923300743103027
559,0.6266000270843506,1.08169686794281,0.47350001335144043,1.5176609754562378
560,0.6227999925613403,1.0854225158691406,0.5199999809265137,1.3834278583526611
561,0.6266999840736389,1.0811408758163452,0.49549999833106995,1.4129935503005981
562,0.6245999932289124,1.0840190649032593,0.5264999866485596,1.3818084001541138
563,0.6287000179290771,1.077723503112793,0.5354999899864197,1.32936429977417
564,0.6291999816894531,1.0795646905899048,0.5235000252723694,1.3425723314285278
565,0.6283000111579895,1.076745867729187,0.4424999952316284,1.714010238647461
566,0.6218000054359436,1.0844926834106445,0.4975000023841858,1.4507209062576294
567,0.6240000128746033,1.0797975063323975,0.512499988079071,1.3983020782470703
568,0.6294000148773193,1.074647068977356,0.5055000185966492,1.4216355085372925
569,0.626800000667572,1.0764189958572388,0.5184999704360962,1.378637671470642
570,0.6284999847412109,1.0698493719100952,0.476500004529953,1.510486364364624
571,0.629800021648407,1.072027325630188,0.5385000109672546,1.31585693359375
572,0.6248999834060669,1.0715495347976685,0.5170000195503235,1.3710464239120483
573,0.6284999847412109,1.0737900733947754,0.512499988079071,1.3895518779754639
574,0.6269000172615051,1.0707868337631226,0.5044999718666077,1.4901350736618042
575,0.630299985408783,1.068698763847351,0.5120000243186951,1.3933569192886353
576,0.6258999705314636,1.0713224411010742,0.476500004529953,1.5624120235443115
577,0.6241000294685364,1.0772656202316284,0.5210000276565552,1.367236852645874
578,0.6297000050544739,1.0685335397720337,0.5174999833106995,1.4001582860946655
579,0.631600022315979,1.066463828086853,0.4154999852180481,1.7469561100006104
580,0.6276999711990356,1.0756185054779053,0.4790000021457672,1.4974445104599
581,0.6283000111579895,1.0677759647369385,0.5184999704360962,1.3815535306930542
582,0.6305999755859375,1.0660083293914795,0.534500002861023,1.358060598373413
583,0.6317999958992004,1.0630648136138916,0.5329999923706055,1.320381760597229
584,0.635200023651123,1.058975338935852,0.531000018119812,1.350182056427002
585,0.6283000111579895,1.0644057989120483,0.49399998784065247,1.4306174516677856
586,0.6331999897956848,1.061371922492981,0.5145000219345093,1.3927674293518066
587,0.6348000168800354,1.0615864992141724,0.5404999852180481,1.3123751878738403
588,0.6283000111579895,1.0625725984573364,0.4884999990463257,1.5361299514770508
589,0.6345000267028809,1.0580390691757202,0.5389999747276306,1.3159353733062744
590,0.6327999830245972,1.0548690557479858,0.5370000004768372,1.3316596746444702
591,0.6383000016212463,1.0511363744735718,0.4964999854564667,1.4916670322418213
592,0.6348999738693237,1.0555282831192017,0.5164999961853027,1.408366084098816
593,0.6358000040054321,1.053650140762329,0.4410000145435333,1.6706935167312622
594,0.6326000094413757,1.0672130584716797,0.48899999260902405,1.493657112121582
595,0.6385999917984009,1.0541020631790161,0.5245000123977661,1.374724268913269
596,0.6399000287055969,1.056807518005371,0.5264999866485596,1.3439137935638428
597,0.6366000175476074,1.0520267486572266,0.4984999895095825,1.3986570835113525
598,0.6345000267028809,1.0501608848571777,0.5444999933242798,1.3136820793151855
599,0.6330000162124634,1.0562406778335571,0.534500002861023,1.3419841527938843
600,0.6399000287055969,1.0486825704574585,0.49799999594688416,1.399723768234253
601,0.6344000101089478,1.0460444688796997,0.49799999594688416,1.4903922080993652
602,0.6362000107765198,1.0522539615631104,0.5360000133514404,1.3130062818527222
603,0.6348999738693237,1.045938491821289,0.5199999809265137,1.3524057865142822
604,0.6388999819755554,1.0486564636230469,0.4645000100135803,1.5888874530792236
605,0.6373999714851379,1.049812912940979,0.453000009059906,1.5628312826156616
606,0.6380000114440918,1.0504847764968872,0.5379999876022339,1.3382911682128906
607,0.6412000060081482,1.0459047555923462,0.5074999928474426,1.4014359712600708
608,0.6396999955177307,1.0422192811965942,0.4440000057220459,1.8097518682479858
609,0.6309000253677368,1.050478458404541,0.4984999895095825,1.4658098220825195
610,0.6401000022888184,1.039046287536621,0.5325000286102295,1.3405574560165405
611,0.6391000151634216,1.04118013381958,0.5065000057220459,1.402132272720337
612,0.6420999765396118,1.0409961938858032,0.5070000290870667,1.3829001188278198
613,0.6417999863624573,1.0393773317337036,0.4950000047683716,1.4376088380813599
614,0.6420999765396118,1.0404314994812012,0.3815000057220459,1.9485447406768799
615,0.638700008392334,1.0450725555419922,0.5295000076293945,1.3439252376556396
616,0.6474000215530396,1.036397933959961,0.5385000109672546,1.3283659219741821
617,0.6460000276565552,1.0357558727264404,0.5320000052452087,1.3450032472610474
618,0.6434999704360962,1.0349372625350952,0.46799999475479126,1.5672856569290161
619,0.6410999894142151,1.0388386249542236,0.390500009059906,1.9960159063339233
620,0.6439999938011169,1.0405880212783813,0.4909999966621399,1.436916470527649
621,0.6460999846458435,1.0307151079177856,0.5245000123977661,1.3388497829437256
622,0.642300009727478,1.0304476022720337,0.5149999856948853,1.382672905921936
623,0.6421999931335449,1.0331358909606934,0.4909999966621399,1.4754235744476318
624,0.6448000073432922,1.0301361083984375,0.4959999918937683,1.4455602169036865
625,0.6468999981880188,1.0268245935440063,0.5080000162124634,1.395626425743103
626,0.6452999711036682,1.0277690887451172,0.534500002861023,1.3299875259399414
627,0.6467999815940857,1.026393175125122,0.5210000276565552,1.3519552946090698
628,0.647599995136261,1.0255838632583618,0.5239999890327454,1.366635799407959
629,0.6456999778747559,1.0244078636169434,0.43299999833106995,1.6559604406356812
630,0.6481000185012817,1.0301727056503296,0.5295000076293945,1.359456181526184
631,0.6491000056266785,1.0235220193862915,0.5295000076293945,1.334142804145813
632,0.650600016117096,1.021918773651123,0.4959999918937683,1.4517024755477905
633,0.6477000117301941,1.0238926410675049,0.5134999752044678,1.3893511295318604
634,0.6471999883651733,1.023073673248291,0.5320000052452087,1.3891186714172363
635,0.6489999890327454,1.021498203277588,0.531499981880188,1.3306156396865845
636,0.6478000283241272,1.0236949920654297,0.5335000157356262,1.3072758913040161
637,0.6498000025749207,1.0144234895706177,0.5015000104904175,1.5192694664001465
638,0.6498000025749207,1.021628737449646,0.5249999761581421,1.3305033445358276
639,0.6521999835968018,1.0173999071121216,0.5074999928474426,1.4337213039398193
640,0.6486999988555908,1.0177751779556274,0.44999998807907104,1.6082137823104858
641,0.6474000215530396,1.0182241201400757,0.5164999961853027,1.3817843198776245
642,0.6514999866485596,1.0161988735198975,0.4595000147819519,1.5564442873001099
643,0.6496999859809875,1.0193921327590942,0.4869999885559082,1.5214911699295044
644,0.6456000208854675,1.0176533460617065,0.5174999833106995,1.3684855699539185
645,0.6542999744415283,1.0150165557861328,0.5320000052452087,1.324033498764038
646,0.656499981880188,1.0058960914611816,0.5099999904632568,1.3797775506973267
647,0.6513000130653381,1.0113757848739624,0.47850000858306885,1.5260593891143799
648,0.6520000100135803,1.0147998332977295,0.45899999141693115,1.5941773653030396
649,0.6484000086784363,1.0119884014129639,0.5335000157356262,1.341886281967163
650,0.6534000039100647,1.012255072593689,0.5164999961853027,1.451338291168213
651,0.6541000008583069,1.0078496932983398,0.5220000147819519,1.3609706163406372
652,0.6567000150680542,1.006845235824585,0.5170000195503235,1.4100912809371948
653,0.6535000205039978,1.0061242580413818,0.5184999704360962,1.4006755352020264
654,0.6520000100135803,1.0005728006362915,0.5019999742507935,1.4082869291305542
655,0.6547999978065491,1.0050678253173828,0.5164999961853027,1.3790792226791382
656,0.652400016784668,1.0065138339996338,0.44850000739097595,1.6456718444824219
657,0.6550999879837036,1.0071494579315186,0.5304999947547913,1.3411873579025269
658,0.6547999978065491,1.0036303997039795,0.5184999704360962,1.3521928787231445
659,0.6554999947547913,1.0043901205062866,0.5350000262260437,1.3430088758468628
660,0.656000018119812,1.0011234283447266,0.5019999742507935,1.4495131969451904
661,0.6589000225067139,1.0049633979797363,0.5375000238418579,1.3667473793029785
662,0.6514999866485596,1.0056133270263672,0.5245000123977661,1.33634614944458
663,0.6549000144004822,1.0018181800842285,0.5090000033378601,1.4117379188537598
664,0.6528000235557556,1.0045629739761353,0.4909999966621399,1.452330231666565
665,0.6607999801635742,0.9966012835502625,0.5410000085830688,1.3512955904006958
666,0.657800018787384,0.9967438578605652,0.5120000243186951,1.3811122179031372
667,0.65829998254776,0.9943128824234009,0.5044999718666077,1.45542311668396
668,0.6564000248908997,0.9958109259605408,0.5304999947547913,1.357823371887207
669,0.6559000015258789,0.9961598515510559,0.41449999809265137,1.8869365453720093
670,0.6574000120162964,1.0018442869186401,0.5354999899864197,1.3553025722503662
671,0.6603000164031982,0.9960091710090637,0.503000020980835,1.416382074356079
672,0.659600019454956,0.9917811751365662,0.5350000262260437,1.3263349533081055
673,0.6621999740600586,0.9970195293426514,0.5239999890327454,1.3852108716964722
674,0.6585000157356262,0.9881991147994995,0.49000000953674316,1.4642961025238037
675,0.6638000011444092,0.9862690567970276,0.5034999847412109,1.5074875354766846
676,0.6610000133514404,0.987476646900177,0.5134999752044678,1.4469082355499268
677,0.6592000126838684,0.9831823110580444,0.48350000381469727,1.5268501043319702
678,0.6618000268936157,0.9886831045150757,0.512499988079071,1.400329828262329
679,0.6585999727249146,0.985847532749176,0.5230000019073486,1.397269606590271
680,0.6629999876022339,0.9837877750396729,0.46549999713897705,1.5579713582992554
681,0.6589999794960022,0.98382568359375,0.5199999809265137,1.396339774131775
682,0.6635000109672546,0.9828154444694519,0.5134999752044678,1.3844993114471436
683,0.6624000072479248,0.9834264516830444,0.531499981880188,1.3440992832183838
684,0.6632999777793884,0.9797242283821106,0.476500004529953,1.549806833267212
685,0.660099983215332,0.9822430610656738,0.4124999940395355,1.8695957660675049
686,0.6643999814987183,0.9913431406021118,0.5055000185966492,1.4671945571899414
687,0.6635000109672546,0.9786428809165955,0.5214999914169312,1.3856416940689087
688,0.6632999777793884,0.9786267280578613,0.4950000047683716,1.544636607170105
689,0.6624000072479248,0.9791139364242554,0.5389999747276306,1.3290715217590332
690,0.6646999716758728,0.9757932424545288,0.4975000023841858,1.53459894657135
691,0.6650000214576721,0.9777039289474487,0.4284999966621399,1.9295674562454224
692,0.6642000079154968,0.9809002876281738,0.534500002861023,1.3627978563308716
693,0.663100004196167,0.973455548286438,0.5329999923706055,1.424031376838684
694,0.6642000079154968,0.9740647673606873,0.5090000033378601,1.4282677173614502
695,0.6636000275611877,0.9734911322593689,0.5264999866485596,1.3816148042678833
696,0.664900004863739,0.9751114249229431,0.5350000262260437,1.3976505994796753
697,0.6639000177383423,0.9766237139701843,0.5034999847412109,1.4638254642486572
698,0.6740000247955322,0.9697123169898987,0.4970000088214874,1.4853674173355103
699,0.6647999882698059,0.9744789004325867,0.515500009059906,1.391086220741272
700,0.6651999950408936,0.9707798957824707,0.49149999022483826,1.4699153900146484
701,0.6725000143051147,0.9663257598876953,0.5274999737739563,1.3501394987106323
702,0.6682999730110168,0.9683984518051147,0.5044999718666077,1.4659693241119385
703,0.6704999804496765,0.9696029424667358,0.5065000057220459,1.426069974899292
704,0.6660000085830688,0.9684132933616638,0.5174999833106995,1.3813480138778687
705,0.6717000007629395,0.9627044796943665,0.5329999923706055,1.3451918363571167
706,0.670799970626831,0.9656232595443726,0.5139999985694885,1.414752721786499
707,0.6664000153541565,0.966728150844574,0.5364999771118164,1.3466910123825073
708,0.6740999817848206,0.9618334174156189,0.5339999794960022,1.3465763330459595
709,0.6722999811172485,0.9609552621841431,0.5375000238418579,1.3434392213821411
710,0.6715999841690063,0.9634760618209839,0.5325000286102295,1.3464950323104858
711,0.6732000112533569,0.9565001726150513,0.5260000228881836,1.3958749771118164
712,0.6712999939918518,0.9604963660240173,0.4884999990463257,1.5957324504852295
713,0.6710000038146973,0.9635860323905945,0.5385000109672546,1.3192898035049438
714,0.6741999983787537,0.9544625282287598,0.5270000100135803,1.3868119716644287
715,0.6682000160217285,0.9605209827423096,0.5199999809265137,1.378401517868042
716,0.6712999939918518,0.9581668972969055,0.5099999904632568,1.4163779020309448
717,0.6747000217437744,0.957739531993866,0.5214999914169312,1.457211971282959
718,0.6686000227928162,0.9603369235992432,0.5274999737739563,1.3640512228012085
719,0.6762999892234802,0.9560086131095886,0.43549999594688416,1.743738055229187
720,0.6740999817848206,0.9592823386192322,0.5270000100135803,1.3750972747802734
721,0.6762999892234802,0.9511243104934692,0.5364999771118164,1.3256181478500366
722,0.6775000095367432,0.9527681469917297,0.5264999866485596,1.3752247095108032
723,0.6753000020980835,0.9499984383583069,0.5105000138282776,1.5401605367660522
724,0.6718999743461609,0.9540919065475464,0.4805000126361847,1.5548406839370728
725,0.6718999743461609,0.9525237083435059,0.5304999947547913,1.377634048461914
726,0.6769999861717224,0.9505515694618225,0.4684999883174896,1.6044201850891113
727,0.6717000007629395,0.9551523327827454,0.5335000157356262,1.347896933555603
728,0.6765999794006348,0.9464960098266602,0.4934999942779541,1.4732295274734497
729,0.6740000247955322,0.9472230672836304,0.5320000052452087,1.3686443567276
730,0.6769999861717224,0.9478232264518738,0.5444999933242798,1.343276023864746
731,0.6841999888420105,0.9418304562568665,0.47099998593330383,1.5666993856430054
732,0.6754000186920166,0.9473372101783752,0.4984999895095825,1.4582316875457764
733,0.6833000183105469,0.9419798851013184,0.49549999833106995,1.4515783786773682
734,0.6779000163078308,0.9434716105461121,0.531499981880188,1.3522613048553467
735,0.678600013256073,0.9433056712150574,0.5220000147819519,1.3879661560058594
736,0.6779000163078308,0.9419044852256775,0.484499990940094,1.4846100807189941
737,0.6794000267982483,0.9399016499519348,0.5440000295639038,1.3316282033920288
738,0.6805999875068665,0.9395817518234253,0.5040000081062317,1.4292477369308472
739,0.6779999732971191,0.9395280480384827,0.531499981880188,1.4417387247085571
740,0.6805999875068665,0.9383547902107239,0.5040000081062317,1.5081027746200562
741,0.6783000230789185,0.9412317276000977,0.4595000147819519,1.6208077669143677
742,0.6801999807357788,0.9413804411888123,0.527999997138977,1.4107747077941895
743,0.6758000254631042,0.939746081829071,0.546999990940094,1.3231016397476196
744,0.6819999814033508,0.9293432831764221,0.39250001311302185,2.133613348007202
745,0.678600013256073,0.9477251172065735,0.5264999866485596,1.3916634321212769
746,0.6787999868392944,0.9351257085800171,0.49399998784065247,1.552114486694336
747,0.6753000020980835,0.9358991980552673,0.4925000071525574,1.5182912349700928
748,0.6790000200271606,0.9366487264633179,0.5034999847412109,1.4776082038879395
749,0.6804999709129333,0.9305987358093262,0.4964999854564667,1.4664944410324097
750,0.6848999857902527,0.9305266737937927,0.492000013589859,1.52698814868927
751,0.6855000257492065,0.9288682341575623,0.5080000162124634,1.427176594734192
752,0.6837999820709229,0.9253919720649719,0.5109999775886536,1.4211782217025757
753,0.6843000054359436,0.9289477467536926,0.5299999713897705,1.3531640768051147
754,0.6865000128746033,0.9221670627593994,0.4860000014305115,1.5432707071304321
755,0.6804999709129333,0.9318597912788391,0.4975000023841858,1.4183366298675537
756,0.6830000281333923,0.9296815395355225,0.5264999866485596,1.3973983526229858
757,0.6879000067710876,0.9233888387680054,0.5404999852180481,1.36064612865448
758,0.6877999901771545,0.921453595161438,0.5034999847412109,1.4763383865356445
759,0.6870999932289124,0.9230025410652161,0.5205000042915344,1.3706917762756348
760,0.6834999918937683,0.9266485571861267,0.5325000286102295,1.3919814825057983
761,0.685699999332428,0.9198848605155945,0.5235000252723694,1.4036303758621216
762,0.6901999711990356,0.9201534986495972,0.5120000243186951,1.3938729763031006
763,0.6863999962806702,0.9208487272262573,0.534500002861023,1.368668556213379
764,0.6814000010490417,0.9226498007774353,0.5289999842643738,1.3818647861480713
765,0.6815000176429749,0.9200329780578613,0.460999995470047,1.569924235343933
766,0.6870999932289124,0.9209880828857422,0.5084999799728394,1.4259637594223022
767,0.6822999715805054,0.9191008806228638,0.5394999980926514,1.3282499313354492
768,0.6894000172615051,0.9151778221130371,0.5435000061988831,1.3540409803390503
769,0.6894999742507935,0.911446213722229,0.5435000061988831,1.3670364618301392
770,0.689300000667572,0.9146586656570435,0.5299999713897705,1.3644564151763916
771,0.6873999834060669,0.9137559533119202,0.4494999945163727,1.7039860486984253
772,0.6873999834060669,0.9133436679840088,0.5299999713897705,1.346747875213623
773,0.6881999969482422,0.9082624316215515,0.5224999785423279,1.350920557975769
774,0.6898000240325928,0.9128260612487793,0.5350000262260437,1.3560107946395874
775,0.6897000074386597,0.9086623191833496,0.5475000143051147,1.3439900875091553
776,0.6895999908447266,0.9101758003234863,0.531499981880188,1.389331340789795
777,0.6924999952316284,0.9108371138572693,0.5440000295639038,1.3414441347122192
778,0.6862000226974487,0.9077815413475037,0.5379999876022339,1.3927472829818726
779,0.6901999711990356,0.9047679901123047,0.4860000014305115,1.5339851379394531
780,0.6912000179290771,0.9092889428138733,0.48399999737739563,1.5135433673858643
781,0.6869999766349792,0.9100642800331116,0.5090000033378601,1.4761602878570557
782,0.6934999823570251,0.9104281067848206,0.5164999961853027,1.4152345657348633
783,0.6898999810218811,0.9031113982200623,0.5490000247955322,1.3694642782211304
784,0.692799985408783,0.9032911062240601,0.5220000147819519,1.3854103088378906
785,0.6931999921798706,0.9025395512580872,0.5394999980926514,1.3503016233444214
786,0.694100022315979,0.9016144275665283,0.4465000033378601,1.7539169788360596
787,0.6912999749183655,0.905403196811676,0.5205000042915344,1.4450881481170654
788,0.6926000118255615,0.9038986563682556,0.5289999842643738,1.456152319908142
789,0.6930999755859375,0.8972490429878235,0.5220000147819519,1.444528341293335
790,0.6930000185966492,0.9003350734710693,0.5149999856948853,1.4494554996490479
791,0.692799985408783,0.9014143347740173,0.5440000295639038,1.3613379001617432
792,0.6919000148773193,0.8988422155380249,0.5080000162124634,1.4976005554199219
793,0.6888999938964844,0.9049786925315857,0.5189999938011169,1.4336998462677002
794,0.6915000081062317,0.89847332239151,0.5254999995231628,1.3931127786636353
795,0.6952999830245972,0.8965747952461243,0.492000013589859,1.589795708656311
796,0.696399986743927,0.9012649655342102,0.5214999914169312,1.408614993095398
797,0.695900022983551,0.8928766846656799,0.5389999747276306,1.3617414236068726
798,0.6983000040054321,0.893054187297821,0.5230000019073486,1.4211037158966064
799,0.699400007724762,0.8918458223342896,0.5435000061988831,1.3631603717803955
800,0.6956999897956848,0.8900660276412964,0.45750001072883606,1.636802077293396
801,0.6980000138282776,0.888640820980072,0.5245000123977661,1.3932558298110962
802,0.6978999972343445,0.8892245888710022,0.5490000247955322,1.3464415073394775
803,0.6976000070571899,0.8871893286705017,0.5400000214576721,1.3822815418243408
804,0.6992999911308289,0.8880959153175354,0.5180000066757202,1.4637844562530518
805,0.6980999708175659,0.8897226452827454,0.5404999852180481,1.3434656858444214
806,0.6988999843597412,0.8859650492668152,0.5285000205039978,1.415695309638977
807,0.6990000009536743,0.8866391777992249,0.5245000123977661,1.3597749471664429
808,0.7005000114440918,0.8826143741607666,0.5164999961853027,1.410884976387024
809,0.6966999769210815,0.8836931586265564,0.5230000019073486,1.3887362480163574
810,0.6972000002861023,0.8869521617889404,0.5400000214576721,1.4483306407928467
811,0.6973000168800354,0.8902192115783691,0.5145000219345093,1.397955060005188
812,0.6976000070571899,0.8856233358383179,0.5214999914169312,1.3903708457946777
813,0.7006000280380249,0.8827451467514038,0.5379999876022339,1.3566752672195435
814,0.70169997215271,0.8781184554100037,0.4790000021457672,1.5506069660186768
815,0.7024000287055969,0.879575788974762,0.5274999737739563,1.42707097530365
816,0.7009999752044678,0.8773729205131531,0.5134999752044678,1.4340324401855469
817,0.7013000249862671,0.8762933611869812,0.5220000147819519,1.3898974657058716
818,0.6988999843597412,0.8807845711708069,0.5335000157356262,1.416035771369934
819,0.699999988079071,0.8788681626319885,0.5084999799728394,1.4158639907836914
820,0.7016000151634216,0.8765442371368408,0.43700000643730164,1.7748883962631226
821,0.7002000212669373,0.8811614513397217,0.5080000162124634,1.4703431129455566
822,0.7034000158309937,0.8757966756820679,0.546500027179718,1.3571040630340576
823,0.7021999955177307,0.8766433596611023,0.5379999876022339,1.4108359813690186
824,0.6992999911308289,0.8770023584365845,0.5460000038146973,1.3629419803619385
825,0.7038999795913696,0.8751146197319031,0.5170000195503235,1.4177286624908447
826,0.7046999931335449,0.8693070411682129,0.5419999957084656,1.3695719242095947
827,0.7031000256538391,0.8695122003555298,0.5095000267028809,1.4590891599655151
828,0.7039999961853027,0.8712354302406311,0.5580000281333923,1.333378553390503
829,0.7055000066757202,0.8671514391899109,0.5220000147819519,1.431000828742981
830,0.7034000158309937,0.8685604333877563,0.515500009059906,1.4928878545761108
831,0.7050999999046326,0.8722838759422302,0.5274999737739563,1.3672903776168823
832,0.7062000036239624,0.8627129197120667,0.5024999976158142,1.4510104656219482
833,0.7045999765396118,0.8713443279266357,0.5339999794960022,1.414494276046753
834,0.7106999754905701,0.8622627854347229,0.5210000276565552,1.4303779602050781
835,0.7071999907493591,0.8639590740203857,0.5189999938011169,1.4806065559387207
836,0.7055000066757202,0.8705809712409973,0.5009999871253967,1.4726577997207642
837,0.7063000202178955,0.8631638884544373,0.5509999990463257,1.3380427360534668
838,0.7070000171661377,0.8614962697029114,0.4970000088214874,1.5219296216964722
839,0.7057999968528748,0.8621951341629028,0.4945000112056732,1.488540530204773
840,0.7081999778747559,0.8637958765029907,0.48500001430511475,1.5804296731948853
841,0.7088000178337097,0.8593006730079651,0.5220000147819519,1.4646726846694946
842,0.7095999717712402,0.8627831339836121,0.5360000133514404,1.3975170850753784
843,0.7099000215530396,0.8650683760643005,0.48350000381469727,1.5604844093322754
844,0.708899974822998,0.8607560396194458,0.5264999866485596,1.4459410905838013
845,0.7106999754905701,0.8566228747367859,0.5065000057220459,1.5666264295578003
846,0.7077000141143799,0.8565637469291687,0.4645000100135803,1.8043533563613892
847,0.7074000239372253,0.8631517291069031,0.45899999141693115,1.6867058277130127
848,0.7080000042915344,0.8581922054290771,0.5249999761581421,1.391908884048462
849,0.7081999778747559,0.8550094962120056,0.527999997138977,1.4082744121551514
850,0.7075999975204468,0.856625497341156,0.5145000219345093,1.4269570112228394
851,0.7103000283241272,0.8508241176605225,0.515500009059906,1.427659273147583
852,0.710099995136261,0.8538045883178711,0.5285000205039978,1.3974850177764893
853,0.7114999890327454,0.8493856191635132,0.5410000085830688,1.3560374975204468
854,0.7124999761581421,0.8491562604904175,0.5260000228881836,1.42210054397583
855,0.7075999975204468,0.8518221974372864,0.5509999990463257,1.395556926727295
856,0.7088000178337097,0.8455559611320496,0.5224999785423279,1.4361878633499146
857,0.7146999835968018,0.8445366024971008,0.4975000023841858,1.5437626838684082
858,0.7149999737739563,0.8477457761764526,0.5239999890327454,1.3836477994918823
859,0.7127000093460083,0.8483767509460449,0.4894999861717224,1.6035890579223633
860,0.7143999934196472,0.8462579250335693,0.5435000061988831,1.3959168195724487
861,0.7139000296592712,0.8443164229393005,0.5214999914169312,1.4262984991073608
862,0.7121000289916992,0.8455848693847656,0.5224999785423279,1.400461196899414
863,0.7142000198364258,0.8431147336959839,0.5329999923706055,1.381374716758728
864,0.7141000032424927,0.8452901244163513,0.503000020980835,1.540210247039795
865,0.7150999903678894,0.8426784873008728,0.5189999938011169,1.3972268104553223
866,0.7167999744415283,0.8450448513031006,0.5460000038146973,1.400526762008667
867,0.7177000045776367,0.8429363369941711,0.5254999995231628,1.4256477355957031
868,0.7160999774932861,0.8377743363380432,0.5370000004768372,1.361799955368042
869,0.7148000001907349,0.8375720977783203,0.5080000162124634,1.48393976688385
870,0.7131999731063843,0.8425830006599426,0.5509999990463257,1.360345482826233
871,0.7171000242233276,0.8359591960906982,0.5385000109672546,1.3802521228790283
872,0.7124999761581421,0.8381503820419312,0.5139999985694885,1.5006747245788574
873,0.7139000296592712,0.83939528465271,0.5099999904632568,1.522850513458252
874,0.7185999751091003,0.8348384499549866,0.5034999847412109,1.5713962316513062
875,0.71670001745224,0.8315693140029907,0.5325000286102295,1.4048212766647339
876,0.7193999886512756,0.8312195539474487,0.49950000643730164,1.5848331451416016
877,0.7182000279426575,0.8353634476661682,0.5460000038146973,1.3995345830917358
878,0.722599983215332,0.8301337957382202,0.5084999799728394,1.5252350568771362
879,0.7171000242233276,0.8329914212226868,0.5070000290870667,1.4915063381195068
880,0.7164999842643738,0.8360661268234253,0.5115000009536743,1.466818928718567
881,0.7196000218391418,0.8314483165740967,0.46299999952316284,1.7373394966125488
882,0.714900016784668,0.8360644578933716,0.49300000071525574,1.6834241151809692
883,0.714900016784668,0.8333265781402588,0.512499988079071,1.4303195476531982
884,0.7156999707221985,0.8306823372840881,0.5274999737739563,1.423499345779419
885,0.7182000279426575,0.8264650106430054,0.5354999899864197,1.40523099899292
886,0.7214000225067139,0.8296635746955872,0.4880000054836273,1.5817681550979614
887,0.7210000157356262,0.8236261606216431,0.5214999914169312,1.4786797761917114
888,0.7239000201225281,0.8250842094421387,0.44200000166893005,1.8416318893432617
889,0.7152000069618225,0.8336682319641113,0.515999972820282,1.424594521522522
890,0.7235000133514404,0.8221803903579712,0.5,1.5639054775238037
891,0.727400004863739,0.8225805759429932,0.5525000095367432,1.4142556190490723
892,0.7249000072479248,0.8212556838989258,0.5189999938011169,1.4673510789871216
893,0.7232999801635742,0.8197489976882935,0.515999972820282,1.449302077293396
894,0.720300018787384,0.8258304595947266,0.47850000858306885,1.6996721029281616
895,0.722599983215332,0.8244507908821106,0.5450000166893005,1.3717923164367676
896,0.7253999710083008,0.8135375380516052,0.5184999704360962,1.4873319864273071
897,0.7225000262260437,0.8168982267379761,0.48500001430511475,1.5614374876022339
898,0.7218999862670898,0.8230074048042297,0.48750001192092896,1.5683600902557373
899,0.7210000157356262,0.8175349235534668,0.4860000014305115,1.5814839601516724
900,0.7229999899864197,0.8162724375724792,0.5109999775886536,1.5306634902954102
901,0.7232000231742859,0.8162466287612915,0.4729999899864197,1.6364941596984863
902,0.727400004863739,0.8218501210212708,0.5115000009536743,1.4833132028579712
903,0.722100019454956,0.8111911416053772,0.5235000252723694,1.4411996603012085
904,0.7250999808311462,0.8123237490653992,0.5049999952316284,1.5821442604064941
905,0.7208999991416931,0.8199958801269531,0.5425000190734863,1.4454079866409302
906,0.7261000275611877,0.8101070523262024,0.5109999775886536,1.5583137273788452
907,0.7261000275611877,0.8147465586662292,0.5055000185966492,1.5846750736236572
908,0.7258999943733215,0.8082873225212097,0.5055000185966492,1.4879499673843384
909,0.7258999943733215,0.8084084987640381,0.5429999828338623,1.3813118934631348
910,0.7279999852180481,0.8081576824188232,0.5184999704360962,1.5085591077804565
911,0.722599983215332,0.8095051646232605,0.5009999871253967,1.476496696472168
912,0.7257999777793884,0.8157113790512085,0.5024999976158142,1.5154132843017578
913,0.725600004196167,0.8074212670326233,0.5429999828338623,1.3893556594848633
914,0.7271000146865845,0.8038437962532043,0.47850000858306885,1.6402791738510132
915,0.7257999777793884,0.8083470463752747,0.5264999866485596,1.4307057857513428
916,0.7293999791145325,0.8042894005775452,0.5099999904632568,1.4986186027526855
917,0.7257999777793884,0.8045434951782227,0.460999995470047,1.8494430780410767
918,0.73089998960495,0.8049275279045105,0.5180000066757202,1.5002033710479736
919,0.7267000079154968,0.8036965727806091,0.5364999771118164,1.4126977920532227
920,0.7293999791145325,0.8034179210662842,0.5164999961853027,1.4991533756256104
921,0.7304999828338623,0.8002239465713501,0.5090000033378601,1.4892739057540894
922,0.7289999723434448,0.7967224717140198,0.5295000076293945,1.4339808225631714
923,0.732200026512146,0.797003984451294,0.5214999914169312,1.4286125898361206
924,0.7287999987602234,0.8005591034889221,0.512499988079071,1.5820658206939697
925,0.7318000197410583,0.7979598045349121,0.5170000195503235,1.480375051498413
926,0.7337999939918518,0.7954913377761841,0.5015000104904175,1.6429569721221924
927,0.7353000044822693,0.7949622273445129,0.5285000205039978,1.457755446434021
928,0.7312999963760376,0.7941291332244873,0.5490000247955322,1.4136114120483398
929,0.7355999946594238,0.7917802929878235,0.5115000009536743,1.4860819578170776
930,0.7346000075340271,0.7902716994285583,0.5404999852180481,1.4048187732696533
931,0.7322999835014343,0.7921614050865173,0.5220000147819519,1.4598537683486938
932,0.7333999872207642,0.7914249300956726,0.5230000019073486,1.423587441444397
933,0.732200026512146,0.7911626696586609,0.5065000057220459,1.477542519569397
934,0.7314000129699707,0.7939251065254211,0.5210000276565552,1.5211654901504517
935,0.7335000038146973,0.7902513146400452,0.503000020980835,1.5827299356460571
936,0.7319999933242798,0.793003499507904,0.5295000076293945,1.4473621845245361
937,0.7337999939918518,0.7932502627372742,0.5080000162124634,1.5481171607971191
938,0.7322999835014343,0.7908521294593811,0.4855000078678131,1.6280083656311035
939,0.7358999848365784,0.7899976372718811,0.5419999957084656,1.398903250694275
940,0.7365999817848206,0.7848339080810547,0.5569999814033508,1.372407078742981
941,0.7339000105857849,0.7851505875587463,0.3995000123977661,2.1782426834106445
942,0.7336999773979187,0.800309419631958,0.4880000054836273,1.6463876962661743
943,0.7361000180244446,0.7857478260993958,0.5440000295639038,1.4865952730178833
944,0.7354999780654907,0.7818191647529602,0.47049999237060547,1.8884389400482178
945,0.7364000082015991,0.7854531407356262,0.46700000762939453,1.7859342098236084
946,0.7351999878883362,0.7846056818962097,0.4699999988079071,1.8847904205322266
947,0.7342000007629395,0.7832115888595581,0.5260000228881836,1.4004783630371094
948,0.7319999933242798,0.7845929265022278,0.5199999809265137,1.4513908624649048
949,0.7398999929428101,0.779474675655365,0.4860000014305115,1.649267554283142
950,0.7324000000953674,0.7880266308784485,0.49399998784065247,1.5603687763214111
951,0.7386000156402588,0.7781695127487183,0.5180000066757202,1.5414594411849976
952,0.7343000173568726,0.778386116027832,0.5174999833106995,1.5079561471939087
953,0.7426999807357788,0.775589108467102,0.49900001287460327,1.5782502889633179
954,0.7423999905586243,0.7728773951530457,0.5335000157356262,1.4638432264328003
955,0.7407000064849854,0.7739971876144409,0.5235000252723694,1.4684362411499023
956,0.7376000285148621,0.7786794304847717,0.492000013589859,1.5352177619934082
957,0.7409999966621399,0.7707991600036621,0.5214999914169312,1.4997466802597046
958,0.7404999732971191,0.7702644467353821,0.46549999713897705,1.6629726886749268
959,0.7404000163078308,0.7746437191963196,0.5454999804496765,1.399601936340332
960,0.7429999709129333,0.7712327837944031,0.534500002861023,1.4530991315841675
961,0.7412999868392944,0.768531858921051,0.4950000047683716,1.557280421257019
962,0.7408000230789185,0.7703529596328735,0.5299999713897705,1.425514578819275
963,0.7426000237464905,0.7678658962249756,0.527999997138977,1.4982661008834839
964,0.7397000193595886,0.769202709197998,0.5084999799728394,1.5110245943069458
965,0.7423999905586243,0.7665001749992371,0.5130000114440918,1.5568211078643799
966,0.7387999892234802,0.7742908596992493,0.5264999866485596,1.4576863050460815
967,0.7440000176429749,0.7647944688796997,0.512499988079071,1.4861729145050049
968,0.7473000288009644,0.763627290725708,0.4970000088214874,1.612738013267517
969,0.7372000217437744,0.7687839865684509,0.4934999942779541,1.5185680389404297
970,0.7425000071525574,0.7643969058990479,0.5329999923706055,1.447145700454712
971,0.7389000058174133,0.7627386450767517,0.48750001192092896,1.6006131172180176
972,0.742900013923645,0.7657703161239624,0.5329999923706055,1.4104684591293335
973,0.7501999735832214,0.7601029872894287,0.5220000147819519,1.508787989616394
974,0.7422999739646912,0.764503538608551,0.4950000047683716,1.6368260383605957
975,0.7452999949455261,0.7626535296440125,0.5264999866485596,1.4632400274276733
976,0.746999979019165,0.759205162525177,0.5120000243186951,1.4868282079696655
977,0.7425000071525574,0.7650048732757568,0.5414999723434448,1.3967941999435425
978,0.7480999827384949,0.7539379000663757,0.5429999828338623,1.385636806488037
979,0.7450000047683716,0.7613691687583923,0.5139999985694885,1.484319806098938
980,0.7509999871253967,0.7533601522445679,0.5274999737739563,1.508907675743103
981,0.7483000159263611,0.7542978525161743,0.5095000267028809,1.5331565141677856
982,0.7473000288009644,0.7549481391906738,0.5254999995231628,1.480837106704712
983,0.7512999773025513,0.7482289671897888,0.5105000138282776,1.5311658382415771
984,0.7450000047683716,0.7548627853393555,0.46650001406669617,1.8026490211486816
985,0.7459999918937683,0.7561995387077332,0.5329999923706055,1.4123408794403076
986,0.7457000017166138,0.7507309913635254,0.5325000286102295,1.572540283203125
987,0.7491999864578247,0.7498670816421509,0.5149999856948853,1.480538249015808
988,0.7513999938964844,0.7483092546463013,0.5239999890327454,1.5818488597869873
989,0.7506999969482422,0.7533209323883057,0.49050000309944153,1.6056535243988037
990,0.748199999332428,0.748393177986145,0.5475000143051147,1.4035285711288452
991,0.7508999705314636,0.7492928504943848,0.4595000147819519,1.9142340421676636
992,0.7483000159263611,0.7524442672729492,0.5364999771118164,1.4976993799209595
993,0.7477999925613403,0.7499039173126221,0.5115000009536743,1.5680714845657349
994,0.7511000037193298,0.7460547089576721,0.48350000381469727,1.8127832412719727
995,0.7501999735832214,0.7474964261054993,0.5485000014305115,1.4297367334365845
996,0.7531999945640564,0.7435973286628723,0.5370000004768372,1.4447396993637085
997,0.7519000172615051,0.7437189817428589,0.5210000276565552,1.4498462677001953
998,0.7516000270843506,0.7395744919776917,0.4970000088214874,1.6523092985153198
999,0.75,0.7503404021263123,0.5164999961853027,1.4973934888839722
