epoch,accuracy,loss,val_accuracy,val_loss
0,0.10339999943971634,2.3012914657592773,0.10949999839067459,2.2948555946350098
1,0.11659999936819077,2.2928061485290527,0.125,2.288193702697754
2,0.13019999861717224,2.2863149642944336,0.14000000059604645,2.2820627689361572
3,0.1453000009059906,2.279900550842285,0.15199999511241913,2.2756054401397705
4,0.16529999673366547,2.2728610038757324,0.1589999943971634,2.2682971954345703
5,0.1859000027179718,2.2648749351501465,0.17249999940395355,2.2598888874053955
6,0.18960000574588776,2.2558796405792236,0.19449999928474426,2.250032663345337
7,0.20409999787807465,2.2453062534332275,0.19599999487400055,2.239077091217041
8,0.21729999780654907,2.233064651489258,0.2150000035762787,2.2253780364990234
9,0.22370000183582306,2.21905779838562,0.2175000011920929,2.2103593349456787
10,0.23899999260902405,2.20308518409729,0.23800000548362732,2.1935274600982666
11,0.23919999599456787,2.185029983520508,0.24650000035762787,2.1750383377075195
12,0.2498999983072281,2.1652767658233643,0.21799999475479126,2.1544394493103027
13,0.24950000643730164,2.144090414047241,0.25600001215934753,2.131194591522217
14,0.25859999656677246,2.1225199699401855,0.2615000009536743,2.1104612350463867
15,0.26429998874664307,2.1015586853027344,0.25200000405311584,2.08964204788208
16,0.2687000036239624,2.081944465637207,0.2574999928474426,2.072273015975952
17,0.27160000801086426,2.0641634464263916,0.26649999618530273,2.055340528488159
18,0.2793999910354614,2.0489442348480225,0.2800000011920929,2.040107011795044
19,0.2793999910354614,2.0347886085510254,0.28049999475479126,2.0271995067596436
20,0.2847000062465668,2.0234737396240234,0.2809999883174896,2.01633882522583
21,0.28380000591278076,2.013981819152832,0.2865000069141388,2.009143590927124
22,0.2890999913215637,2.004572629928589,0.2535000145435333,2.0186405181884766
23,0.29089999198913574,1.997314214706421,0.28700000047683716,1.994925618171692
24,0.2913999855518341,1.9892367124557495,0.28349998593330383,1.9986680746078491
25,0.2890999913215637,1.9829449653625488,0.28949999809265137,1.97913658618927
26,0.29589998722076416,1.9755868911743164,0.28850001096725464,1.9738490581512451
27,0.298799991607666,1.9695793390274048,0.2930000126361847,1.9693329334259033
28,0.30410000681877136,1.963631272315979,0.2849999964237213,1.9690407514572144
29,0.3009999990463257,1.9580146074295044,0.30300000309944153,1.9593327045440674
30,0.30329999327659607,1.9527490139007568,0.2904999852180481,1.950371265411377
31,0.3075000047683716,1.946982979774475,0.3019999861717224,1.9478691816329956
32,0.31049999594688416,1.9419796466827393,0.3070000112056732,1.940482497215271
33,0.3075000047683716,1.9364261627197266,0.296999990940094,1.9347224235534668
34,0.3124000132083893,1.9317458868026733,0.30250000953674316,1.9328553676605225
35,0.31520000100135803,1.9256585836410522,0.3075000047683716,1.931784987449646
36,0.3165999948978424,1.921510934829712,0.304500013589859,1.9293919801712036
37,0.3206999897956848,1.9164533615112305,0.3089999854564667,1.9167051315307617
38,0.3253999948501587,1.9110462665557861,0.30550000071525574,1.9118609428405762
39,0.3240000009536743,1.9057433605194092,0.3034999966621399,1.9177052974700928
40,0.32580000162124634,1.8991769552230835,0.3070000112056732,1.9121631383895874
41,0.3257000148296356,1.8962146043777466,0.2985000014305115,1.9265574216842651
42,0.3294999897480011,1.890547513961792,0.3174999952316284,1.89894437789917
43,0.3303999900817871,1.8851162195205688,0.32100000977516174,1.8924311399459839
44,0.3314000070095062,1.8803579807281494,0.31299999356269836,1.8843761682510376
45,0.3361999988555908,1.8750113248825073,0.32199999690055847,1.8765790462493896
46,0.33649998903274536,1.8696577548980713,0.3075000047683716,1.9053428173065186
47,0.3393999934196472,1.8648111820220947,0.31349998712539673,1.8721872568130493
48,0.336899995803833,1.8597960472106934,0.33000001311302185,1.8607971668243408
49,0.3427000045776367,1.8539470434188843,0.3264999985694885,1.8597114086151123
50,0.3434999883174896,1.8486790657043457,0.3370000123977661,1.8539226055145264
51,0.3447999954223633,1.843613862991333,0.3400000035762787,1.8501054048538208
52,0.3492000102996826,1.837846040725708,0.3330000042915344,1.8445625305175781
53,0.3463999927043915,1.834004282951355,0.328000009059906,1.8525192737579346
54,0.3488999903202057,1.8297767639160156,0.34049999713897705,1.8429207801818848
55,0.35339999198913574,1.8238857984542847,0.320499986410141,1.8546682596206665
56,0.3537999987602234,1.8193562030792236,0.335999995470047,1.8364442586898804
57,0.3578999936580658,1.8144237995147705,0.3330000042915344,1.8284507989883423
58,0.3589000105857849,1.8108576536178589,0.3310000002384186,1.8361170291900635
59,0.36250001192092896,1.807189702987671,0.33550000190734863,1.833608865737915
60,0.35600000619888306,1.8002002239227295,0.3440000116825104,1.8243298530578613
61,0.365200012922287,1.7971686124801636,0.35100001096725464,1.8211532831192017
62,0.3646000027656555,1.7914800643920898,0.30649998784065247,1.8897390365600586
63,0.36629998683929443,1.7889957427978516,0.32350000739097595,1.8543845415115356
64,0.36649999022483826,1.7853271961212158,0.335999995470047,1.8249800205230713
65,0.367900013923645,1.7789441347122192,0.35600000619888306,1.7953718900680542
66,0.3684999942779541,1.776190996170044,0.3529999852180481,1.7994511127471924
67,0.3716000020503998,1.77261483669281,0.35100001096725464,1.7959357500076294
68,0.3700999915599823,1.7678656578063965,0.3529999852180481,1.8007354736328125
69,0.37389999628067017,1.7640457153320312,0.3400000035762787,1.8218498229980469
70,0.37689998745918274,1.761650562286377,0.34049999713897705,1.8170149326324463
71,0.3743000030517578,1.7586082220077515,0.36149999499320984,1.77413809299469
72,0.37929999828338623,1.7536687850952148,0.3440000116825104,1.7942936420440674
73,0.3831000030040741,1.749055027961731,0.36250001192092896,1.7764363288879395
74,0.3779999911785126,1.745911717414856,0.3684999942779541,1.782321810722351
75,0.38190001249313354,1.7420878410339355,0.3709999918937683,1.7653714418411255
76,0.38179999589920044,1.7388465404510498,0.36899998784065247,1.7780452966690063
77,0.38179999589920044,1.7357527017593384,0.3605000078678131,1.771081805229187
78,0.3901999890804291,1.7315276861190796,0.3465000092983246,1.8200088739395142
79,0.38659998774528503,1.7272239923477173,0.3720000088214874,1.7630282640457153
80,0.38920000195503235,1.7253607511520386,0.35749998688697815,1.792911410331726
81,0.3912000060081482,1.7225944995880127,0.37549999356269836,1.7373892068862915
82,0.3862000107765198,1.7196069955825806,0.3619999885559082,1.7779966592788696
83,0.3926999866962433,1.715230107307434,0.3700000047683716,1.775254726409912
84,0.39410001039505005,1.7134202718734741,0.3695000112056732,1.7430672645568848
85,0.3995000123977661,1.7077767848968506,0.3345000147819519,1.8152259588241577
86,0.39489999413490295,1.7052258253097534,0.3779999911785126,1.72799813747406
87,0.3968000113964081,1.701377511024475,0.36250001192092896,1.7441692352294922
88,0.39079999923706055,1.7005401849746704,0.37049999833106995,1.733556866645813
89,0.39820000529289246,1.6953057050704956,0.38199999928474426,1.7217720746994019
90,0.398499995470047,1.6932804584503174,0.29350000619888306,1.8924667835235596
91,0.40070000290870667,1.6901861429214478,0.38499999046325684,1.7418246269226074
92,0.3968999981880188,1.6875654458999634,0.3544999957084656,1.8652693033218384
93,0.4047999978065491,1.6845978498458862,0.3785000145435333,1.7404056787490845
94,0.4009000062942505,1.6789462566375732,0.3889999985694885,1.7041348218917847
95,0.4009000062942505,1.6763558387756348,0.37049999833106995,1.724549651145935
96,0.40540000796318054,1.6725590229034424,0.3479999899864197,1.8698192834854126
97,0.4059000015258789,1.6714285612106323,0.39100000262260437,1.6999858617782593
98,0.4097999930381775,1.665658950805664,0.375,1.763519048690796
99,0.41019999980926514,1.6632946729660034,0.38600000739097595,1.7089072465896606
100,0.40860000252723694,1.659851312637329,0.375,1.7079410552978516
101,0.4077000021934509,1.657334327697754,0.31450000405311584,1.8550506830215454
102,0.41040000319480896,1.6549674272537231,0.31349998712539673,1.8335648775100708
103,0.40849998593330383,1.653594970703125,0.3995000123977661,1.7049821615219116
104,0.4106000065803528,1.6485435962677002,0.3799999952316284,1.7145520448684692
105,0.4115999937057495,1.6456760168075562,0.390500009059906,1.6927028894424438
106,0.4156000018119812,1.643625020980835,0.37549999356269836,1.6980499029159546
107,0.4174000024795532,1.6387121677398682,0.3955000042915344,1.6882051229476929
108,0.4169999957084656,1.63631272315979,0.40299999713897705,1.669482946395874
109,0.41990000009536743,1.6326065063476562,0.4090000092983246,1.658862590789795
110,0.41690000891685486,1.629978060722351,0.375,1.7132189273834229
111,0.4214000105857849,1.627286434173584,0.3840000033378601,1.6995446681976318
112,0.42010000348091125,1.624840497970581,0.39750000834465027,1.6790965795516968
113,0.42320001125335693,1.6215026378631592,0.38499999046325684,1.6895862817764282
114,0.4194999933242798,1.6176655292510986,0.3774999976158142,1.792006015777588
115,0.4221999943256378,1.6179218292236328,0.3779999911785126,1.7394922971725464
116,0.4246000051498413,1.6143836975097656,0.3765000104904175,1.7014570236206055
117,0.4271000027656555,1.6093660593032837,0.40700000524520874,1.6894513368606567
118,0.4255000054836273,1.6084413528442383,0.40450000762939453,1.654323697090149
119,0.4284999966621399,1.6051641702651978,0.40149998664855957,1.6316404342651367
120,0.42899999022483826,1.6010814905166626,0.3865000009536743,1.6595078706741333
121,0.43209999799728394,1.5992153882980347,0.4115000069141388,1.6361116170883179
122,0.4332999885082245,1.5942844152450562,0.4059999883174896,1.631018042564392
123,0.4296000003814697,1.5938469171524048,0.40400001406669617,1.682326316833496
124,0.43149998784065247,1.590416431427002,0.4124999940395355,1.6257025003433228
125,0.43459999561309814,1.5874083042144775,0.390500009059906,1.6946921348571777
126,0.43799999356269836,1.5840649604797363,0.4180000126361847,1.6467092037200928
127,0.4325999915599823,1.5820211172103882,0.4065000116825104,1.6471130847930908
128,0.4341000020503998,1.5782029628753662,0.3779999911785126,1.7966501712799072
129,0.43650001287460327,1.5804448127746582,0.4230000078678131,1.6075522899627686
130,0.44190001487731934,1.5735007524490356,0.4205000102519989,1.606728196144104
131,0.43849998712539673,1.5727416276931763,0.4020000100135803,1.641569972038269
132,0.43869999051094055,1.5699098110198975,0.4165000021457672,1.6018787622451782
133,0.4406000077724457,1.5650482177734375,0.4115000069141388,1.6334446668624878
134,0.4456000030040741,1.5630791187286377,0.4259999990463257,1.5923680067062378
135,0.4438000023365021,1.5614449977874756,0.4180000126361847,1.6174235343933105
136,0.444599986076355,1.5600464344024658,0.3889999985694885,1.636559247970581
137,0.4424000084400177,1.5560089349746704,0.42800000309944153,1.5911314487457275
138,0.44279998540878296,1.5559943914413452,0.4300000071525574,1.5794644355773926
139,0.447299987077713,1.5521392822265625,0.4345000088214874,1.580098271369934
140,0.4480000138282776,1.547404408454895,0.4059999883174896,1.6649571657180786
141,0.44839999079704285,1.5467277765274048,0.41749998927116394,1.6224162578582764
142,0.4498000144958496,1.5440841913223267,0.40950000286102295,1.6497248411178589
143,0.453000009059906,1.5435795783996582,0.4320000112056732,1.5774911642074585
144,0.44769999384880066,1.540902018547058,0.42250001430511475,1.5930718183517456
145,0.45100000500679016,1.5404361486434937,0.414000004529953,1.6085103750228882
146,0.45739999413490295,1.5344158411026,0.42250001430511475,1.5897594690322876
147,0.4546999931335449,1.5325819253921509,0.40400001406669617,1.6030526161193848
148,0.4546000063419342,1.5307457447052002,0.35850000381469727,1.8600542545318604
149,0.45509999990463257,1.5343787670135498,0.3580000102519989,1.8688691854476929
150,0.45350000262260437,1.5297000408172607,0.4059999883174896,1.5958693027496338
151,0.4596000015735626,1.5245846509933472,0.39100000262260437,1.63469398021698
152,0.4593000113964081,1.522322654724121,0.4059999883174896,1.6980267763137817
153,0.4596000015735626,1.5216838121414185,0.40400001406669617,1.6771199703216553
154,0.45680001378059387,1.520798683166504,0.4465000033378601,1.5489277839660645
155,0.4611000120639801,1.5151609182357788,0.3995000123977661,1.6313087940216064
156,0.4593999981880188,1.5177762508392334,0.4124999940395355,1.629054307937622
157,0.4587000012397766,1.5129939317703247,0.4339999854564667,1.5579334497451782
158,0.4636000096797943,1.5082225799560547,0.42750000953674316,1.5796688795089722
159,0.4674000144004822,1.509177565574646,0.42899999022483826,1.597689151763916
160,0.4648999869823456,1.5063159465789795,0.375,1.661198616027832
161,0.46619999408721924,1.5030298233032227,0.4244999885559082,1.5877033472061157
162,0.46219998598098755,1.5023545026779175,0.40849998593330383,1.6556764841079712
163,0.46459999680519104,1.5001243352890015,0.4194999933242798,1.6054739952087402
164,0.4652999937534332,1.4993592500686646,0.4255000054836273,1.5869683027267456
165,0.4683000147342682,1.4982539415359497,0.44850000739097595,1.5466798543930054
166,0.4690000116825104,1.494704246520996,0.42899999022483826,1.5812954902648926
167,0.4681999981403351,1.4921640157699585,0.44699999690055847,1.54208242893219
168,0.4677000045776367,1.4879038333892822,0.41600000858306885,1.6826136112213135
169,0.4722000062465668,1.491270899772644,0.44600000977516174,1.5377486944198608
170,0.4699999988079071,1.4884122610092163,0.421999990940094,1.5807143449783325
171,0.46939998865127563,1.489343523979187,0.28949999809265137,2.275984287261963
172,0.4699000120162964,1.4962743520736694,0.4255000054836273,1.6284452676773071
173,0.4706000089645386,1.4845080375671387,0.4415000081062317,1.5606496334075928
174,0.4745999872684479,1.4810562133789062,0.4244999885559082,1.6266447305679321
175,0.47589999437332153,1.4795862436294556,0.4440000057220459,1.5751408338546753
176,0.47540000081062317,1.4778577089309692,0.4334999918937683,1.5474919080734253
177,0.474700003862381,1.4733421802520752,0.42500001192092896,1.5761853456497192
178,0.4765999913215637,1.4714529514312744,0.4404999911785126,1.5379574298858643
179,0.4731999933719635,1.4728947877883911,0.4154999852180481,1.5794646739959717
180,0.477400004863739,1.469200611114502,0.4244999885559082,1.6503571271896362
181,0.47679999470710754,1.4689441919326782,0.4415000081062317,1.5401259660720825
182,0.4747999906539917,1.4678423404693604,0.43149998784065247,1.56416916847229
183,0.48019999265670776,1.4623793363571167,0.4124999940395355,1.5909509658813477
184,0.4828000068664551,1.4611364603042603,0.44699999690055847,1.538943886756897
185,0.4814999997615814,1.4618480205535889,0.44350001215934753,1.5547012090682983
186,0.4781000018119812,1.459998607635498,0.4020000100135803,1.5958439111709595
187,0.4814000129699707,1.4599636793136597,0.43149998784065247,1.6068229675292969
188,0.48069998621940613,1.4549143314361572,0.4645000100135803,1.5006755590438843
189,0.4830000102519989,1.4583864212036133,0.4269999861717224,1.582406997680664
190,0.4799000024795532,1.4508086442947388,0.43050000071525574,1.5573294162750244
191,0.48570001125335693,1.4501467943191528,0.41600000858306885,1.5887430906295776
192,0.4828999936580658,1.4523588418960571,0.4625000059604645,1.5304304361343384
193,0.49000000953674316,1.446781039237976,0.453000009059906,1.5196129083633423
194,0.4839000105857849,1.4458998441696167,0.4645000100135803,1.4972083568572998
195,0.4832000136375427,1.4460138082504272,0.4375,1.5469889640808105
196,0.4851999878883362,1.4442423582077026,0.42899999022483826,1.569036602973938
197,0.4837999939918518,1.4435060024261475,0.4424999952316284,1.5340074300765991
198,0.48739999532699585,1.4394793510437012,0.44999998807907104,1.5458793640136719
199,0.48919999599456787,1.4388811588287354,0.4620000123977661,1.4924272298812866
200,0.49050000309944153,1.4352316856384277,0.4415000081062317,1.5966978073120117
201,0.489300012588501,1.43959379196167,0.45899999141693115,1.5309092998504639
202,0.49320000410079956,1.4331841468811035,0.44200000166893005,1.53687584400177
203,0.49129998683929443,1.4337064027786255,0.4595000147819519,1.5008838176727295
204,0.48989999294281006,1.431563138961792,0.43950000405311584,1.5134615898132324
205,0.49230000376701355,1.4294586181640625,0.41850000619888306,1.558612585067749
206,0.48890000581741333,1.4299277067184448,0.4569999873638153,1.5134081840515137
207,0.49300000071525574,1.4257819652557373,0.43849998712539673,1.539034366607666
208,0.4927999973297119,1.4270501136779785,0.4390000104904175,1.5155788660049438
209,0.4948999881744385,1.4216485023498535,0.4690000116825104,1.4797132015228271
210,0.491100013256073,1.424371600151062,0.4580000042915344,1.5340927839279175
211,0.4943999946117401,1.4207242727279663,0.4659999907016754,1.5049253702163696
212,0.4948999881744385,1.4176832437515259,0.3944999873638153,1.6707509756088257
213,0.4925999939441681,1.4187064170837402,0.4480000138282776,1.5038007497787476
214,0.4966000020503998,1.417708158493042,0.44449999928474426,1.5350146293640137
215,0.4966999888420105,1.4134844541549683,0.46000000834465027,1.5206938982009888
216,0.4918999969959259,1.4145464897155762,0.44999998807907104,1.499772310256958
217,0.49880000948905945,1.4094561338424683,0.4490000009536743,1.6089930534362793
218,0.49720001220703125,1.414645791053772,0.453000009059906,1.5606859922409058
219,0.49619999527931213,1.408751130104065,0.47999998927116394,1.4863797426223755
220,0.5037000179290771,1.405632734298706,0.4645000100135803,1.480109691619873
221,0.49970000982284546,1.4062637090682983,0.4034999907016754,1.5921986103057861
222,0.5016999840736389,1.4046696424484253,0.47999998927116394,1.4610146284103394
223,0.5001000165939331,1.4046306610107422,0.46299999952316284,1.4844855070114136
224,0.5056999921798706,1.4014531373977661,0.43700000643730164,1.5329058170318604
225,0.5034000277519226,1.3991297483444214,0.4410000145435333,1.5713348388671875
226,0.5044999718666077,1.396411657333374,0.4650000035762787,1.4843779802322388
227,0.5042999982833862,1.3969173431396484,0.47999998927116394,1.4644638299942017
228,0.505299985408783,1.39644193649292,0.37950000166893005,1.8076657056808472
229,0.5066999793052673,1.3948475122451782,0.43549999594688416,1.5987157821655273
230,0.504800021648407,1.3963854312896729,0.45649999380111694,1.4941189289093018
231,0.5097000002861023,1.3895503282546997,0.46050000190734863,1.5047175884246826
232,0.5073999762535095,1.3897727727890015,0.4339999854564667,1.53994619846344
233,0.5055000185966492,1.3879541158676147,0.43700000643730164,1.5147435665130615
234,0.5062000155448914,1.3894720077514648,0.4359999895095825,1.6119177341461182
235,0.5055999755859375,1.3893485069274902,0.49050000309944153,1.4527782201766968
236,0.5099999904632568,1.3839751482009888,0.4620000123977661,1.486758828163147
237,0.5123000144958496,1.3845415115356445,0.47049999237060547,1.467367172241211
238,0.5098999738693237,1.3832820653915405,0.4659999907016754,1.5665292739868164
239,0.5121999979019165,1.3800612688064575,0.43050000071525574,1.530553936958313
240,0.513700008392334,1.378615140914917,0.3230000138282776,2.048520803451538
241,0.5080000162124634,1.381375789642334,0.4699999988079071,1.4692155122756958
242,0.5169000029563904,1.375623345375061,0.48500001430511475,1.471792221069336
243,0.5146999955177307,1.3762198686599731,0.47350001335144043,1.4697915315628052
244,0.5153999924659729,1.3716113567352295,0.45249998569488525,1.53140127658844
245,0.5135999917984009,1.3750165700912476,0.4909999966621399,1.4281543493270874
246,0.5170999765396118,1.3687587976455688,0.46149998903274536,1.478560209274292
247,0.5170999765396118,1.3682949542999268,0.44200000166893005,1.5291980504989624
248,0.5170000195503235,1.3726218938827515,0.4440000057220459,1.5089502334594727
249,0.5145999789237976,1.3644793033599854,0.43050000071525574,1.5591291189193726
250,0.5195000171661377,1.3662806749343872,0.43849998712539673,1.563100814819336
251,0.5156999826431274,1.3691706657409668,0.47200000286102295,1.4504883289337158
252,0.5220000147819519,1.361215353012085,0.46000000834465027,1.4717774391174316
253,0.5221999883651733,1.36103355884552,0.4560000002384186,1.5054067373275757
254,0.5241000056266785,1.3611630201339722,0.4675000011920929,1.4887752532958984
255,0.5241000056266785,1.3581334352493286,0.4440000057220459,1.5158400535583496
256,0.5232999920845032,1.3564077615737915,0.4020000100135803,1.6102149486541748
257,0.5192000269889832,1.3619149923324585,0.4650000035762787,1.4947314262390137
258,0.5184999704360962,1.3559757471084595,0.4805000126361847,1.4386216402053833
259,0.5224000215530396,1.3551676273345947,0.476500004529953,1.4455546140670776
260,0.5217999815940857,1.3504055738449097,0.46799999475479126,1.4531877040863037
261,0.5236999988555908,1.349055528640747,0.4794999957084656,1.4969829320907593
262,0.5267999768257141,1.3496644496917725,0.49900001287460327,1.4175559282302856
263,0.5231999754905701,1.3497594594955444,0.47450000047683716,1.488836646080017
264,0.5289999842643738,1.348970890045166,0.47350001335144043,1.4313404560089111
265,0.5248000025749207,1.3479344844818115,0.4650000035762787,1.5003058910369873
266,0.527899980545044,1.3446427583694458,0.48399999737739563,1.433843731880188
267,0.5278000235557556,1.344970464706421,0.492000013589859,1.457857370376587
268,0.5284000039100647,1.3434456586837769,0.47850000858306885,1.4439785480499268
269,0.5289000272750854,1.3421481847763062,0.4560000002384186,1.4830201864242554
270,0.5306000113487244,1.3397518396377563,0.4945000112056732,1.4354366064071655
271,0.5310999751091003,1.3362219333648682,0.43549999594688416,1.523985505104065
272,0.5270000100135803,1.3404303789138794,0.4814999997615814,1.4452950954437256
273,0.5332000255584717,1.3337842226028442,0.49799999594688416,1.4196593761444092
274,0.5304999947547913,1.3353432416915894,0.46950000524520874,1.487619161605835
275,0.5291000008583069,1.33573579788208,0.43849998712539673,1.5658124685287476
276,0.5288000106811523,1.3337699174880981,0.48500001430511475,1.4690073728561401
277,0.5320000052452087,1.3296867609024048,0.49399998784065247,1.4316799640655518
278,0.5296000242233276,1.3304705619812012,0.4805000126361847,1.4366123676300049
279,0.5375999808311462,1.3280550241470337,0.46700000762939453,1.455716609954834
280,0.5325000286102295,1.326037883758545,0.47200000286102295,1.4765821695327759
281,0.5392000079154968,1.3225317001342773,0.49300000071525574,1.4304691553115845
282,0.5361999869346619,1.3276838064193726,0.48249998688697815,1.4421800374984741
283,0.532800018787384,1.3221971988677979,0.4690000116825104,1.4641937017440796
284,0.5386000275611877,1.3185310363769531,0.492000013589859,1.416486382484436
285,0.5392000079154968,1.3195539712905884,0.4404999911785126,1.519119143486023
286,0.535099983215332,1.3176584243774414,0.44749999046325684,1.5291491746902466
287,0.5360999703407288,1.3220434188842773,0.42250001430511475,1.6509888172149658
288,0.5343000292778015,1.319219708442688,0.4950000047683716,1.4300538301467896
289,0.5382000207901001,1.3126654624938965,0.4959999918937683,1.4138798713684082
290,0.5403000116348267,1.3145992755889893,0.4959999918937683,1.4109727144241333
291,0.5393000245094299,1.3092950582504272,0.48750001192092896,1.4133450984954834
292,0.5372999906539917,1.314895510673523,0.4779999852180481,1.4362952709197998
293,0.5392000079154968,1.3082178831100464,0.4959999918937683,1.4219104051589966
294,0.5432000160217285,1.3092286586761475,0.4325000047683716,1.6821352243423462
295,0.5404000282287598,1.3136074542999268,0.47749999165534973,1.4548183679580688
296,0.5415999889373779,1.3044112920761108,0.49149999022483826,1.4163191318511963
297,0.5418999791145325,1.3040554523468018,0.48500001430511475,1.4330601692199707
298,0.5443000197410583,1.3049583435058594,0.5015000104904175,1.4029157161712646
299,0.5412999987602234,1.304101586341858,0.47850000858306885,1.425668478012085
300,0.5439000129699707,1.3001370429992676,0.48350000381469727,1.4171650409698486
301,0.5486000180244446,1.3030641078948975,0.45750001072883606,1.500794768333435
302,0.5464000105857849,1.298531174659729,0.5040000081062317,1.4074021577835083
303,0.5486999750137329,1.2986252307891846,0.4009999930858612,1.8677358627319336
304,0.5414000153541565,1.3020395040512085,0.4964999854564667,1.3974261283874512
305,0.54830002784729,1.29579496383667,0.4169999957084656,1.576928734779358
306,0.5457000136375427,1.2964394092559814,0.4970000088214874,1.4084200859069824
307,0.5418000221252441,1.2935776710510254,0.47600001096725464,1.5224233865737915
308,0.545799970626831,1.2901772260665894,0.48750001192092896,1.426003098487854
309,0.5467000007629395,1.2876640558242798,0.5019999742507935,1.393502950668335
310,0.5514000058174133,1.2875770330429077,0.5055000185966492,1.383019208908081
311,0.5507000088691711,1.2865641117095947,0.4749999940395355,1.4567558765411377
312,0.5475999712944031,1.2946193218231201,0.5049999952316284,1.386361002922058
313,0.5515000224113464,1.2809592485427856,0.5019999742507935,1.4007861614227295
314,0.54830002784729,1.2848619222640991,0.5084999799728394,1.3938045501708984
315,0.5511999726295471,1.2827754020690918,0.4884999990463257,1.4331538677215576
316,0.5509999990463257,1.2870643138885498,0.4790000021457672,1.4405666589736938
317,0.5494999885559082,1.284072995185852,0.5105000138282776,1.3687028884887695
318,0.5543000102043152,1.278276801109314,0.512499988079071,1.371841311454773
319,0.552299976348877,1.2802202701568604,0.4909999966621399,1.4383444786071777
320,0.551800012588501,1.2738497257232666,0.47999998927116394,1.443927526473999
321,0.5525000095367432,1.2776483297348022,0.49399998784065247,1.4095485210418701
322,0.5533999800682068,1.2771793603897095,0.46950000524520874,1.4747328758239746
323,0.5534999966621399,1.2765644788742065,0.4830000102519989,1.435279369354248
324,0.5527999997138977,1.2762136459350586,0.46299999952316284,1.471701741218567
325,0.553600013256073,1.2738511562347412,0.4345000088214874,1.5736033916473389
326,0.5537999868392944,1.2702585458755493,0.4894999861717224,1.4590568542480469
327,0.5543000102043152,1.2700425386428833,0.4984999895095825,1.4444279670715332
328,0.5562999844551086,1.2701144218444824,0.5015000104904175,1.3919684886932373
329,0.5597000122070312,1.264451026916504,0.5130000114440918,1.3739510774612427
330,0.5587000250816345,1.2632092237472534,0.4645000100135803,1.4981849193572998
331,0.5582000017166138,1.2656501531600952,0.4884999990463257,1.450757622718811
332,0.558899998664856,1.2667001485824585,0.484499990940094,1.410785436630249
333,0.5575000047683716,1.2602908611297607,0.49799999594688416,1.3854306936264038
334,0.5580999851226807,1.2603278160095215,0.4519999921321869,1.5527218580245972
335,0.5602999925613403,1.2613775730133057,0.5049999952316284,1.3599740266799927
336,0.5631999969482422,1.2559130191802979,0.49799999594688416,1.3976165056228638
337,0.5613999962806702,1.2572585344314575,0.492000013589859,1.3978091478347778
338,0.5626999735832214,1.2560482025146484,0.49399998784065247,1.384603500366211
339,0.5637000203132629,1.251520037651062,0.4934999942779541,1.3965919017791748
340,0.5584999918937683,1.2515112161636353,0.49050000309944153,1.4272620677947998
341,0.5626000165939331,1.252333641052246,0.5059999823570251,1.384364366531372
342,0.5629000067710876,1.2516530752182007,0.4909999966621399,1.45060396194458
343,0.5623999834060669,1.2502341270446777,0.49050000309944153,1.4110184907913208
344,0.5583000183105469,1.2514402866363525,0.5134999752044678,1.380255937576294
345,0.5655999779701233,1.2489558458328247,0.5049999952316284,1.3832305669784546
346,0.5623999834060669,1.2453006505966187,0.4855000078678131,1.390397548675537
347,0.5674999952316284,1.2430150508880615,0.5095000267028809,1.3801612854003906
348,0.5631999969482422,1.2427080869674683,0.5065000057220459,1.396623969078064
349,0.5636000037193298,1.2460001707077026,0.4300000071525574,1.5792144536972046
350,0.5676000118255615,1.2415037155151367,0.4345000088214874,1.6522623300552368
351,0.5641000270843506,1.2414753437042236,0.44850000739097595,1.5515176057815552
352,0.5702999830245972,1.2414332628250122,0.512499988079071,1.3909187316894531
353,0.5672000050544739,1.2374310493469238,0.5115000009536743,1.3706713914871216
354,0.5648999810218811,1.237094521522522,0.5009999871253967,1.3850384950637817
355,0.569599986076355,1.234519362449646,0.4779999852180481,1.4503172636032104
356,0.574400007724762,1.2324562072753906,0.4480000138282776,1.650747537612915
357,0.5688999891281128,1.2370988130569458,0.46149998903274536,1.478779911994934
358,0.567799985408783,1.2342207431793213,0.49000000953674316,1.3850561380386353
359,0.5699999928474426,1.2339788675308228,0.484499990940094,1.4421300888061523
360,0.5706999897956848,1.233331322669983,0.5099999904632568,1.3993475437164307
361,0.572700023651123,1.226001501083374,0.5040000081062317,1.4283665418624878
362,0.5734999775886536,1.2243008613586426,0.5115000009536743,1.3529642820358276
363,0.5717999935150146,1.2265448570251465,0.5164999961853027,1.4057164192199707
364,0.5720000267028809,1.2248538732528687,0.47749999165534973,1.4322819709777832
365,0.5742999911308289,1.2246949672698975,0.4675000011920929,1.439050555229187
366,0.5723000168800354,1.2227427959442139,0.5189999938011169,1.348941683769226
367,0.5770000219345093,1.2199143171310425,0.48249998688697815,1.4777659177780151
368,0.5727999806404114,1.2224750518798828,0.49000000953674316,1.4159246683120728
369,0.5740000009536743,1.2194387912750244,0.5180000066757202,1.3497117757797241
370,0.5769000053405762,1.2169522047042847,0.5005000233650208,1.3769289255142212
371,0.5713000297546387,1.2247226238250732,0.49399998784065247,1.4288508892059326
372,0.5730999708175659,1.2168350219726562,0.4794999957084656,1.426702618598938
373,0.5773000121116638,1.2124062776565552,0.49900001287460327,1.3659857511520386
374,0.5752999782562256,1.2128108739852905,0.46149998903274536,1.4640398025512695
375,0.5756999850273132,1.2125697135925293,0.4830000102519989,1.4352905750274658
376,0.5777000188827515,1.2136985063552856,0.4410000145435333,1.7203419208526611
377,0.5764999985694885,1.2153111696243286,0.49149999022483826,1.4256365299224854
378,0.5794000029563904,1.2072168588638306,0.43149998784065247,1.589465618133545
379,0.576200008392334,1.2116756439208984,0.5285000205039978,1.3442281484603882
380,0.5814999938011169,1.2061947584152222,0.503000020980835,1.387913703918457
381,0.5812000036239624,1.200666069984436,0.5220000147819519,1.356168270111084
382,0.5806000232696533,1.2050130367279053,0.5080000162124634,1.3670010566711426
383,0.5802000164985657,1.2014480829238892,0.5044999718666077,1.3679753541946411
384,0.5849999785423279,1.2005469799041748,0.5174999833106995,1.3363316059112549
385,0.579800009727478,1.2032831907272339,0.5205000042915344,1.3690329790115356
386,0.5853999853134155,1.1969563961029053,0.5145000219345093,1.3574377298355103
387,0.5827000141143799,1.1990962028503418,0.503000020980835,1.3668783903121948
388,0.5814999938011169,1.1989260911941528,0.4855000078678131,1.4461030960083008
389,0.5853999853134155,1.1965389251708984,0.48899999260902405,1.444148302078247
390,0.5830000042915344,1.1975971460342407,0.5164999961853027,1.3415793180465698
391,0.5871999859809875,1.1971956491470337,0.5199999809265137,1.3587830066680908
392,0.5821999907493591,1.190850019454956,0.5024999976158142,1.3562510013580322
393,0.5861999988555908,1.1894025802612305,0.49950000643730164,1.3827929496765137
394,0.5831000208854675,1.195546269416809,0.46549999713897705,1.4790990352630615
395,0.5849000215530396,1.1926758289337158,0.49900001287460327,1.3822407722473145
396,0.5849999785423279,1.1926249265670776,0.4855000078678131,1.4524147510528564
397,0.5891000032424927,1.1939470767974854,0.46050000190734863,1.4527344703674316
398,0.5867999792098999,1.1867527961730957,0.46000000834465027,1.536004662513733
399,0.5853000283241272,1.1910184621810913,0.4934999942779541,1.397475004196167
400,0.5906000137329102,1.1817857027053833,0.4819999933242798,1.464180588722229
401,0.5891000032424927,1.185598373413086,0.5254999995231628,1.3360525369644165
402,0.5882999897003174,1.1787973642349243,0.4964999854564667,1.4006282091140747
403,0.5909000039100647,1.1806572675704956,0.5164999961853027,1.3800556659698486
404,0.5888000130653381,1.1822404861450195,0.5040000081062317,1.3906279802322388
405,0.5898000001907349,1.1778665781021118,0.46149998903274536,1.584601640701294
406,0.5903000235557556,1.1815688610076904,0.47049999237060547,1.453756332397461
407,0.5892000198364258,1.1797082424163818,0.4945000112056732,1.382075309753418
408,0.590499997138977,1.1764030456542969,0.5214999914169312,1.3443763256072998
409,0.5939000248908997,1.1736760139465332,0.5230000019073486,1.3358774185180664
410,0.5938000082969666,1.1671814918518066,0.47999998927116394,1.4770252704620361
411,0.5935999751091003,1.173081398010254,0.5220000147819519,1.329313039779663
412,0.5924999713897705,1.1739696264266968,0.42800000309944153,1.6600260734558105
413,0.5910999774932861,1.1772195100784302,0.49799999594688416,1.392490029335022
414,0.5971999764442444,1.1662137508392334,0.5105000138282776,1.3476946353912354
415,0.5939000248908997,1.1718196868896484,0.47049999237060547,1.451397180557251
416,0.5968000292778015,1.1667543649673462,0.5180000066757202,1.3423807621002197
417,0.597100019454956,1.1627840995788574,0.527999997138977,1.3439875841140747
418,0.593999981880188,1.163013219833374,0.3855000138282776,1.7228914499282837
419,0.5907999873161316,1.1722642183303833,0.512499988079071,1.3834478855133057
420,0.5971999764442444,1.1603951454162598,0.4650000035762787,1.569136142730713
421,0.599399983882904,1.1606556177139282,0.4059999883174896,1.7816346883773804
422,0.5939000248908997,1.1645684242248535,0.4779999852180481,1.473499059677124
423,0.6013000011444092,1.1563820838928223,0.4970000088214874,1.4888900518417358
424,0.6021000146865845,1.153361439704895,0.48899999260902405,1.4518191814422607
425,0.5964999794960022,1.1564382314682007,0.49000000953674316,1.384015679359436
426,0.6032000184059143,1.1542669534683228,0.5184999704360962,1.3577749729156494
427,0.6029999852180481,1.1528229713439941,0.527999997138977,1.3440107107162476
428,0.6007999777793884,1.1493147611618042,0.5220000147819519,1.315477728843689
429,0.6053000092506409,1.1515371799468994,0.3400000035762787,2.1943373680114746
430,0.5968999862670898,1.165602207183838,0.5115000009536743,1.407912015914917
431,0.6013000011444092,1.148538589477539,0.5134999752044678,1.3628928661346436
432,0.5982000231742859,1.1482117176055908,0.4255000054836273,1.5496481657028198
433,0.6032000184059143,1.1457558870315552,0.5235000252723694,1.3187166452407837
434,0.6046000123023987,1.1428500413894653,0.5120000243186951,1.3518465757369995
435,0.605400025844574,1.1405346393585205,0.5180000066757202,1.347697377204895
436,0.6008999943733215,1.141719102859497,0.5005000233650208,1.4189059734344482
437,0.6061000227928162,1.1398882865905762,0.5139999985694885,1.3547662496566772
438,0.6079000234603882,1.1390960216522217,0.5285000205039978,1.3821156024932861
439,0.605400025844574,1.136578917503357,0.5375000238418579,1.2994333505630493
440,0.6075999736785889,1.135915994644165,0.5199999809265137,1.368196725845337
441,0.6071000099182129,1.138183832168579,0.5109999775886536,1.3280147314071655
442,0.6062999963760376,1.1368741989135742,0.5224999785423279,1.3300390243530273
443,0.6083999872207642,1.132907748222351,0.5285000205039978,1.3619312047958374
444,0.6089000105857849,1.1332921981811523,0.4544999897480011,1.5194122791290283
445,0.6068000197410583,1.1326781511306763,0.4964999854564667,1.4160250425338745
446,0.6065999865531921,1.1329586505889893,0.4415000081062317,1.522985816001892
447,0.6069999933242798,1.1287492513656616,0.49000000953674316,1.4947489500045776
448,0.6097999811172485,1.1302907466888428,0.46399998664855957,1.4713497161865234
449,0.6061000227928162,1.1334015130996704,0.5210000276565552,1.3310614824295044
450,0.6110000014305115,1.1279411315917969,0.5024999976158142,1.3995492458343506
451,0.6090999841690063,1.1277275085449219,0.4869999885559082,1.4548152685165405
452,0.6101999878883362,1.127388596534729,0.5235000252723694,1.327028512954712
453,0.6148999929428101,1.1186187267303467,0.5070000290870667,1.3791781663894653
454,0.6150000095367432,1.1178025007247925,0.5295000076293945,1.3103982210159302
455,0.6118999719619751,1.1179567575454712,0.5149999856948853,1.3696433305740356
456,0.6122000217437744,1.1209633350372314,0.5375000238418579,1.32368004322052
457,0.6155999898910522,1.1172062158584595,0.4964999854564667,1.4379686117172241
458,0.6123999953269958,1.1224499940872192,0.4925000071525574,1.4217169284820557
459,0.6176000237464905,1.1158782243728638,0.5295000076293945,1.3360697031021118
460,0.6184999942779541,1.116254448890686,0.49799999594688416,1.4238674640655518
461,0.6173999905586243,1.1154242753982544,0.4779999852180481,1.4760617017745972
462,0.6151999831199646,1.116760015487671,0.5044999718666077,1.4111155271530151
463,0.6182000041007996,1.1131762266159058,0.5264999866485596,1.3235379457473755
464,0.6116999983787537,1.1100250482559204,0.5164999961853027,1.346798300743103
465,0.6187000274658203,1.1132233142852783,0.5239999890327454,1.3419125080108643
466,0.616599977016449,1.1082561016082764,0.49799999594688416,1.3887895345687866
467,0.6187999844551086,1.1100472211837769,0.414000004529953,1.6241724491119385
468,0.6201000213623047,1.1087632179260254,0.5205000042915344,1.3498040437698364
469,0.619700014591217,1.1072078943252563,0.46050000190734863,1.5270795822143555
470,0.6176999807357788,1.1095330715179443,0.4909999966621399,1.4032237529754639
471,0.6209999918937683,1.1087124347686768,0.5375000238418579,1.2976816892623901
472,0.6208000183105469,1.1007617712020874,0.5385000109672546,1.3141473531723022
473,0.6176000237464905,1.1045987606048584,0.5264999866485596,1.3478599786758423
474,0.6215999722480774,1.1014132499694824,0.5245000123977661,1.3348795175552368
475,0.6182000041007996,1.101602554321289,0.5164999961853027,1.3422839641571045
476,0.620199978351593,1.098364233970642,0.4950000047683716,1.4025191068649292
477,0.6237000226974487,1.0983065366744995,0.48750001192092896,1.4057445526123047
478,0.6212000250816345,1.0960919857025146,0.5009999871253967,1.439605712890625
479,0.6245999932289124,1.0962095260620117,0.5034999847412109,1.4010545015335083
480,0.6230000257492065,1.0946632623672485,0.5329999923706055,1.3090271949768066
481,0.6265000104904175,1.0906740427017212,0.4964999854564667,1.4323995113372803
482,0.6237000226974487,1.0935722589492798,0.4480000138282776,1.5325703620910645
483,0.6237999796867371,1.0962364673614502,0.5044999718666077,1.3936517238616943
484,0.6238999962806702,1.0901896953582764,0.5494999885559082,1.3026520013809204
485,0.628600001335144,1.0892795324325562,0.5440000295639038,1.3065265417099
486,0.6255999803543091,1.0901641845703125,0.531000018119812,1.2990829944610596
487,0.6280999779701233,1.0857141017913818,0.546999990940094,1.3256300687789917
488,0.6259999871253967,1.0870182514190674,0.5090000033378601,1.4060600996017456
489,0.6266000270843506,1.0867425203323364,0.5444999933242798,1.2971972227096558
490,0.6248999834060669,1.0838782787322998,0.5099999904632568,1.4694530963897705
491,0.6240000128746033,1.0876492261886597,0.5354999899864197,1.2892398834228516
492,0.6320000290870667,1.079635500907898,0.49050000309944153,1.4908967018127441
493,0.6297000050544739,1.0791537761688232,0.5145000219345093,1.361545443534851
494,0.6301000118255615,1.084839105606079,0.5189999938011169,1.380010724067688
495,0.6297000050544739,1.081296682357788,0.5149999856948853,1.361244797706604
496,0.6292999982833862,1.0775986909866333,0.4860000014305115,1.4478079080581665
497,0.6291999816894531,1.077532172203064,0.534500002861023,1.3342950344085693
498,0.6323999762535095,1.078887939453125,0.5049999952316284,1.3769735097885132
499,0.6327000260353088,1.0718767642974854,0.5189999938011169,1.3529902696609497
500,0.6297000050544739,1.0737926959991455,0.5270000100135803,1.331407070159912
501,0.6323000192642212,1.0729323625564575,0.5120000243186951,1.4179418087005615
502,0.6315000057220459,1.07381010055542,0.531000018119812,1.364957571029663
503,0.6334999799728394,1.070425271987915,0.5105000138282776,1.377691388130188
504,0.6317999958992004,1.0697258710861206,0.5120000243186951,1.4034523963928223
505,0.6327000260353088,1.0732030868530273,0.5479999780654907,1.292427659034729
506,0.6334999799728394,1.0691434144973755,0.5320000052452087,1.3294323682785034
507,0.6341999769210815,1.0634390115737915,0.5325000286102295,1.3268901109695435
508,0.6366000175476074,1.0675849914550781,0.5239999890327454,1.4014520645141602
509,0.6345000267028809,1.067926049232483,0.5210000276565552,1.4025330543518066
510,0.6348999738693237,1.0649627447128296,0.5170000195503235,1.338566541671753
511,0.6370999813079834,1.0580860376358032,0.5329999923706055,1.3164852857589722
512,0.6358000040054321,1.057228684425354,0.5205000042915344,1.3359105587005615
513,0.6414999961853027,1.0561214685440063,0.5379999876022339,1.3060455322265625
514,0.6358000040054321,1.0614922046661377,0.4740000069141388,1.5974488258361816
515,0.6355000138282776,1.0629788637161255,0.5235000252723694,1.3555418252944946
516,0.637499988079071,1.0567131042480469,0.35100001096725464,1.9472620487213135
517,0.6327999830245972,1.0626404285430908,0.5019999742507935,1.4973174333572388
518,0.6365000009536743,1.0585628747940063,0.515500009059906,1.3506968021392822
519,0.6431000232696533,1.0538771152496338,0.46549999713897705,1.5274468660354614
520,0.6402000188827515,1.0515435934066772,0.4555000066757202,1.5261274576187134
521,0.6402000188827515,1.0520743131637573,0.5325000286102295,1.3119715452194214
522,0.6416000127792358,1.0480074882507324,0.5220000147819519,1.3511545658111572
523,0.6434000134468079,1.0470795631408691,0.5095000267028809,1.4166125059127808
524,0.641700029373169,1.0474721193313599,0.48249998688697815,1.4849660396575928
525,0.6438000202178955,1.0500664710998535,0.4090000092983246,1.79189133644104
526,0.6442000269889832,1.0493566989898682,0.5174999833106995,1.3511101007461548
527,0.6456999778747559,1.0440001487731934,0.5024999976158142,1.3896236419677734
528,0.6428999900817871,1.045329213142395,0.5235000252723694,1.3736944198608398
529,0.6462000012397766,1.041751742362976,0.49900001287460327,1.4869145154953003
530,0.6432999968528748,1.0456311702728271,0.5299999713897705,1.30954110622406
531,0.6456999778747559,1.0386009216308594,0.5525000095367432,1.2790573835372925
532,0.649399995803833,1.0359315872192383,0.5210000276565552,1.336735486984253
533,0.6424000263214111,1.0379571914672852,0.5080000162124634,1.3857837915420532
534,0.6467999815940857,1.0388882160186768,0.5364999771118164,1.3246219158172607
535,0.6485000252723694,1.0340913534164429,0.5419999957084656,1.3374924659729004
536,0.6474000215530396,1.0361536741256714,0.5099999904632568,1.4366047382354736
537,0.6495000123977661,1.036946415901184,0.4925000071525574,1.4135520458221436
538,0.6492000222206116,1.0318644046783447,0.559499979019165,1.2868212461471558
539,0.6516000032424927,1.0269204378128052,0.4375,1.5981688499450684
540,0.651199996471405,1.0352061986923218,0.5230000019073486,1.354644536972046
541,0.6504999995231628,1.0286868810653687,0.5289999842643738,1.3811417818069458
542,0.6474000215530396,1.027565836906433,0.4869999885559082,1.4259084463119507
543,0.6496000289916992,1.0296050310134888,0.5504999756813049,1.2965816259384155
544,0.6507999897003174,1.0256561040878296,0.5435000061988831,1.3197619915008545
545,0.6496999859809875,1.0295974016189575,0.3869999945163727,1.8636870384216309
546,0.6486999988555908,1.0322227478027344,0.5149999856948853,1.402359962463379
547,0.6513000130653381,1.022969126701355,0.5515000224113464,1.2788654565811157
548,0.6541000008583069,1.0179742574691772,0.5325000286102295,1.3344051837921143
549,0.6527000069618225,1.0196071863174438,0.512499988079071,1.462498426437378
550,0.6527000069618225,1.022547960281372,0.5189999938011169,1.3838196992874146
551,0.6542999744415283,1.0217888355255127,0.5435000061988831,1.292969822883606
552,0.6563000082969666,1.020366907119751,0.5149999856948853,1.4278584718704224
553,0.6565999984741211,1.0163887739181519,0.5105000138282776,1.387247085571289
554,0.6538000106811523,1.0205453634262085,0.5189999938011169,1.389168620109558
555,0.656000018119812,1.0142375230789185,0.5490000247955322,1.3020908832550049
556,0.6531000137329102,1.0207186937332153,0.5375000238418579,1.3638747930526733
557,0.6559000015258789,1.010792851448059,0.5105000138282776,1.376386284828186
558,0.6572999954223633,1.0132384300231934,0.515500009059906,1.4114394187927246
559,0.6557999849319458,1.0082640647888184,0.5245000123977661,1.363675594329834
560,0.6528000235557556,1.0145622491836548,0.5339999794960022,1.3331595659255981
561,0.6592000126838684,1.0097545385360718,0.5304999947547913,1.3269169330596924
562,0.6561999917030334,1.0102483034133911,0.5440000295639038,1.31200110912323
563,0.6607000231742859,1.0049951076507568,0.5550000071525574,1.2931091785430908
564,0.659500002861023,1.004469394683838,0.5554999709129333,1.2632375955581665
565,0.659600019454956,1.0042997598648071,0.4645000100135803,1.6678593158721924
566,0.6585999727249146,1.0086572170257568,0.5230000019073486,1.3578563928604126
567,0.6599000096321106,1.007418155670166,0.5174999833106995,1.4027043581008911
568,0.661300003528595,1.0009772777557373,0.5205000042915344,1.3373051881790161
569,0.6596999764442444,1.0021560192108154,0.5479999780654907,1.2922965288162231
570,0.6624000072479248,0.9962988495826721,0.5130000114440918,1.4035547971725464
571,0.6625999808311462,0.997565507888794,0.5605000257492065,1.2691253423690796
572,0.6597999930381775,0.998863935470581,0.5565000176429749,1.2647995948791504
573,0.6633999943733215,0.9957454204559326,0.5519999861717224,1.2925388813018799
574,0.6639000177383423,0.9937708973884583,0.5109999775886536,1.4351849555969238
575,0.6639000177383423,0.9910552501678467,0.5295000076293945,1.3303297758102417
576,0.6603000164031982,0.9995126724243164,0.4984999895095825,1.4745677709579468
577,0.6629999876022339,0.9966540336608887,0.5285000205039978,1.3507546186447144
578,0.6621999740600586,0.9913773536682129,0.5485000014305115,1.3449013233184814
579,0.6651999950408936,0.9903600811958313,0.4819999933242798,1.5261143445968628
580,0.6610999703407288,0.997056245803833,0.5274999737739563,1.365631103515625
581,0.6607999801635742,0.9932363033294678,0.5534999966621399,1.2840375900268555
582,0.6650999784469604,0.9866143465042114,0.546500027179718,1.3204474449157715
583,0.6664999723434448,0.9892273545265198,0.5609999895095825,1.2818975448608398
584,0.6654000282287598,0.9821202158927917,0.5485000014305115,1.3084015846252441
585,0.667900025844574,0.9855412840843201,0.5139999985694885,1.3884308338165283
586,0.6632999777793884,0.9869603514671326,0.5615000128746033,1.2946478128433228
587,0.6704000234603882,0.9813492894172668,0.5575000047683716,1.2745857238769531
588,0.6692000031471252,0.9823247790336609,0.5145000219345093,1.4361475706100464
589,0.667900025844574,0.9781965017318726,0.5370000004768372,1.3380059003829956
590,0.6689000129699707,0.9795079231262207,0.5550000071525574,1.2862359285354614
591,0.6722999811172485,0.9737098813056946,0.5550000071525574,1.314997911453247
592,0.6725000143051147,0.9757070541381836,0.5370000004768372,1.3645025491714478
593,0.6722999811172485,0.9747199416160583,0.4154999852180481,1.71282160282135
594,0.6662999987602234,0.9878451228141785,0.5015000104904175,1.4702836275100708
595,0.6660000085830688,0.9761542677879333,0.5139999985694885,1.407779574394226
596,0.6686999797821045,0.9800416827201843,0.5529999732971191,1.302243947982788
597,0.6718999743461609,0.9755544662475586,0.527999997138977,1.3310409784317017
598,0.6699000000953674,0.9708439707756042,0.5674999952316284,1.267608404159546
599,0.6680999994277954,0.9756824970245361,0.5490000247955322,1.290188193321228
600,0.6754999756813049,0.9686082005500793,0.5299999713897705,1.3383632898330688
601,0.6758000254631042,0.9655700325965881,0.5195000171661377,1.4109617471694946
602,0.6723999977111816,0.9687367081642151,0.5400000214576721,1.2913075685501099
603,0.6747999787330627,0.966564953327179,0.5274999737739563,1.342429518699646
604,0.6736000180244446,0.967673122882843,0.5375000238418579,1.3297535181045532
605,0.6730999946594238,0.9640649557113647,0.5289999842643738,1.3519240617752075
606,0.6729999780654907,0.9677426815032959,0.5440000295639038,1.332749366760254
607,0.6733999848365784,0.9654031991958618,0.5444999933242798,1.2938883304595947
608,0.6736999750137329,0.9611399173736572,0.5099999904632568,1.4856820106506348
609,0.6729999780654907,0.9635438323020935,0.5170000195503235,1.3935670852661133
610,0.6758000254631042,0.9585715532302856,0.546500027179718,1.3132821321487427
611,0.6754000186920166,0.9576916098594666,0.5435000061988831,1.3170114755630493
612,0.6775000095367432,0.9579281210899353,0.5339999794960022,1.3311452865600586
613,0.6782000064849854,0.9563736319541931,0.5450000166893005,1.2998417615890503
614,0.6786999702453613,0.9545949101448059,0.46700000762939453,1.5328752994537354
615,0.6776000261306763,0.9546788334846497,0.546500027179718,1.3224319219589233
616,0.6786999702453613,0.9529163837432861,0.5695000290870667,1.2665349245071411
617,0.6794999837875366,0.9508705139160156,0.5435000061988831,1.31832754611969
618,0.6787999868392944,0.9528271555900574,0.5130000114440918,1.412854790687561
619,0.6800000071525574,0.9533015489578247,0.38449999690055847,2.0477304458618164
620,0.6769000291824341,0.9546995162963867,0.5264999866485596,1.3776359558105469
621,0.6815000176429749,0.9494482278823853,0.5479999780654907,1.3195157051086426
622,0.6784999966621399,0.9502891898155212,0.5509999990463257,1.281996250152588
623,0.6819999814033508,0.9477205872535706,0.5139999985694885,1.3899435997009277
624,0.6820999979972839,0.9456456303596497,0.5394999980926514,1.3346985578536987
625,0.6833999752998352,0.9426687359809875,0.5339999794960022,1.3445161581039429
626,0.6812000274658203,0.9425989985466003,0.5529999732971191,1.3007222414016724
627,0.6808000206947327,0.941393256187439,0.5335000157356262,1.3492900133132935
628,0.6814000010490417,0.9396689534187317,0.5360000133514404,1.3145643472671509
629,0.682200014591217,0.9386240243911743,0.5235000252723694,1.3536312580108643
630,0.6837999820709229,0.9394662380218506,0.5669999718666077,1.2727148532867432
631,0.6829000115394592,0.9417147636413574,0.5485000014305115,1.2967805862426758
632,0.6823999881744385,0.9344303607940674,0.5425000190734863,1.314918041229248
633,0.6866999864578247,0.9327948093414307,0.5370000004768372,1.3376173973083496
634,0.6858999729156494,0.9358068108558655,0.5425000190734863,1.3920093774795532
635,0.6851000189781189,0.9330742955207825,0.5709999799728394,1.2959883213043213
636,0.6830000281333923,0.9352149367332458,0.5705000162124634,1.2713751792907715
637,0.6877999901771545,0.9289195537567139,0.5139999985694885,1.4453842639923096
638,0.6888999938964844,0.9320012927055359,0.5569999814033508,1.2584809064865112
639,0.6929000020027161,0.9292607307434082,0.515500009059906,1.387161135673523
640,0.6866000294685364,0.9303228259086609,0.4975000023841858,1.4675782918930054
641,0.6883000135421753,0.9283347725868225,0.5339999794960022,1.3454238176345825
642,0.6866999864578247,0.9292832016944885,0.4569999873638153,1.6946663856506348
643,0.6855999827384949,0.9358037114143372,0.5120000243186951,1.4591858386993408
644,0.6873999834060669,0.928847074508667,0.5044999718666077,1.3862158060073853
645,0.6866000294685364,0.9287362098693848,0.5605000257492065,1.2779932022094727
646,0.6965000033378601,0.9189416170120239,0.5174999833106995,1.3684685230255127
647,0.6883999705314636,0.9240580201148987,0.5,1.4408988952636719
648,0.6880999803543091,0.9234662055969238,0.4519999921321869,1.61228609085083
649,0.6876000165939331,0.921896755695343,0.5320000052452087,1.3788871765136719
650,0.691100001335144,0.921760618686676,0.5400000214576721,1.4079474210739136
651,0.6906999945640564,0.9186389446258545,0.534500002861023,1.3481782674789429
652,0.6908000111579895,0.9186877012252808,0.546999990940094,1.324694037437439
653,0.6912999749183655,0.9160593748092651,0.49900001287460327,1.463346004486084
654,0.6935999989509583,0.911655843257904,0.534500002861023,1.3693780899047852
655,0.6890000104904175,0.917653501033783,0.5609999895095825,1.2932606935501099
656,0.6930999755859375,0.916176974773407,0.49950000643730164,1.4564296007156372
657,0.6948999762535095,0.9156901240348816,0.5665000081062317,1.3012257814407349
658,0.6962000131607056,0.9100017547607422,0.5274999737739563,1.368668556213379
659,0.6913999915122986,0.9136436581611633,0.5705000162124634,1.275182843208313
660,0.6930999755859375,0.9080532193183899,0.550000011920929,1.2893518209457397
661,0.6948000192642212,0.9088150262832642,0.5475000143051147,1.3454527854919434
662,0.694100022315979,0.9136020541191101,0.5630000233650208,1.2799155712127686
663,0.694599986076355,0.9074133634567261,0.5394999980926514,1.3616068363189697
664,0.6926000118255615,0.9119319319725037,0.5235000252723694,1.36117684841156
665,0.6951000094413757,0.9062072038650513,0.5580000281333923,1.3014678955078125
666,0.6923999786376953,0.9077870845794678,0.5379999876022339,1.331702470779419
667,0.6977999806404114,0.9019714593887329,0.5245000123977661,1.4364372491836548
668,0.6944000124931335,0.9041528105735779,0.5634999871253967,1.2760581970214844
669,0.6974999904632568,0.8984249830245972,0.4869999885559082,1.5011309385299683
670,0.694599986076355,0.9078779220581055,0.48899999260902405,1.5392552614212036
671,0.694599986076355,0.9039069414138794,0.5329999923706055,1.333985686302185
672,0.6998999714851379,0.8997828960418701,0.5625,1.2882057428359985
673,0.699400007724762,0.8990738987922668,0.5264999866485596,1.4255338907241821
674,0.6970000267028809,0.896555483341217,0.5249999761581421,1.387757658958435
675,0.7014999985694885,0.8928157091140747,0.5364999771118164,1.416142463684082
676,0.70169997215271,0.891493558883667,0.5690000057220459,1.2946794033050537
677,0.7035999894142151,0.8882910013198853,0.5174999833106995,1.455049991607666
678,0.699400007724762,0.8951887488365173,0.4950000047683716,1.462221384048462
679,0.698199987411499,0.8960283398628235,0.5435000061988831,1.336879849433899
680,0.7064999938011169,0.8893725872039795,0.48399999737739563,1.496212363243103
681,0.7027999758720398,0.8895688652992249,0.5494999885559082,1.3151530027389526
682,0.7031000256538391,0.88600754737854,0.5425000190734863,1.3353694677352905
683,0.6991000175476074,0.8894616365432739,0.5669999718666077,1.2599579095840454
684,0.7026000022888184,0.8859094977378845,0.5034999847412109,1.4800536632537842
685,0.7009000182151794,0.8865252137184143,0.49799999594688416,1.5183738470077515
686,0.7028999924659729,0.888236403465271,0.5285000205039978,1.413986325263977
687,0.7034000158309937,0.8826439380645752,0.5525000095367432,1.3073816299438477
688,0.7037000060081482,0.8839936256408691,0.4984999895095825,1.6146535873413086
689,0.7031999826431274,0.8832562565803528,0.5494999885559082,1.296453833580017
690,0.7063999772071838,0.8789812326431274,0.40849998593330383,1.9306024312973022
691,0.7020999789237976,0.8854715824127197,0.4925000071525574,1.6111867427825928
692,0.7049000263214111,0.8818882703781128,0.5425000190734863,1.361214280128479
693,0.7038000226020813,0.880103588104248,0.5705000162124634,1.2892065048217773
694,0.7063999772071838,0.874904990196228,0.5210000276565552,1.4492615461349487
695,0.7080000042915344,0.8786630034446716,0.5640000104904175,1.3049814701080322
696,0.7052000164985657,0.8768342733383179,0.5490000247955322,1.3631258010864258
697,0.7060999870300293,0.8776439428329468,0.5120000243186951,1.4741284847259521
698,0.7099000215530396,0.8719078898429871,0.534500002861023,1.420337438583374
699,0.7057999968528748,0.8723478317260742,0.5285000205039978,1.3639165163040161
700,0.7085000276565552,0.869782030582428,0.5080000162124634,1.4569544792175293
701,0.7074000239372253,0.8682243227958679,0.5575000047683716,1.2785131931304932
702,0.7099999785423279,0.8701081871986389,0.5509999990463257,1.3396235704421997
703,0.7092999815940857,0.8715215921401978,0.5375000238418579,1.344199776649475
704,0.7056999802589417,0.8698354363441467,0.5400000214576721,1.3307685852050781
705,0.7132999897003174,0.8625023365020752,0.5494999885559082,1.3302561044692993
706,0.7110000252723694,0.8664982318878174,0.5095000267028809,1.4536247253417969
707,0.7105000019073486,0.8661960959434509,0.5444999933242798,1.3106036186218262
708,0.7067000269889832,0.8626202344894409,0.5649999976158142,1.2754584550857544
709,0.7135000228881836,0.8601368069648743,0.5490000247955322,1.3665698766708374
710,0.7131999731063843,0.8613230586051941,0.5479999780654907,1.3303728103637695
711,0.7121999859809875,0.856181263923645,0.5690000057220459,1.2848693132400513
712,0.7139999866485596,0.858039915561676,0.5270000100135803,1.4228620529174805
713,0.7116000056266785,0.8613027334213257,0.5699999928474426,1.306347131729126
714,0.7164000272750854,0.8548206090927124,0.550000011920929,1.321393609046936
715,0.7129999995231628,0.8546242117881775,0.5644999742507935,1.3121579885482788
716,0.7163000106811523,0.8564009070396423,0.5659999847412109,1.2718915939331055
717,0.7120000123977661,0.8545544147491455,0.5320000052452087,1.4100478887557983
718,0.7139999866485596,0.8554815649986267,0.565500020980835,1.2622425556182861
719,0.7167999744415283,0.8540439605712891,0.5235000252723694,1.4321972131729126
720,0.7145000100135803,0.8532888889312744,0.5504999756813049,1.3378630876541138
721,0.7153000235557556,0.8497579097747803,0.5669999718666077,1.2886101007461548
722,0.7159000039100647,0.8501917719841003,0.5609999895095825,1.3045618534088135
723,0.7170000076293945,0.845912516117096,0.5224999785423279,1.5411121845245361
724,0.7171000242233276,0.8497733473777771,0.5195000171661377,1.441016435623169
725,0.7139000296592712,0.8494939208030701,0.5584999918937683,1.2866524457931519
726,0.7178000211715698,0.8456613421440125,0.5274999737739563,1.4133450984954834
727,0.7161999940872192,0.8453176617622375,0.5529999732971191,1.3426905870437622
728,0.7174000144004822,0.8391186594963074,0.5565000176429749,1.3223180770874023
729,0.7215999960899353,0.8434099555015564,0.559499979019165,1.3055473566055298
730,0.7190999984741211,0.840172529220581,0.5630000233650208,1.3289934396743774
731,0.71670001745224,0.8393739461898804,0.5145000219345093,1.4374070167541504
732,0.7184000015258789,0.8401774168014526,0.5295000076293945,1.445682168006897
733,0.7202000021934509,0.8368965983390808,0.5435000061988831,1.3342070579528809
734,0.722599983215332,0.8354669809341431,0.5479999780654907,1.3338623046875
735,0.717199981212616,0.8383219838142395,0.5515000224113464,1.3561975955963135
736,0.724399983882904,0.8361560702323914,0.49399998784065247,1.5218056440353394
737,0.7213000059127808,0.8361926078796387,0.5770000219345093,1.2662336826324463
738,0.7239000201225281,0.8311442136764526,0.5665000081062317,1.2757866382598877
739,0.7253999710083008,0.8335813283920288,0.5325000286102295,1.4298423528671265
740,0.7246000170707703,0.8312121033668518,0.5249999761581421,1.4820263385772705
741,0.7204999923706055,0.832215428352356,0.4625000059604645,1.6993943452835083
742,0.7235000133514404,0.8326966762542725,0.5519999861717224,1.345855951309204
743,0.7268999814987183,0.8302759528160095,0.5724999904632568,1.2802956104278564
744,0.7257999777793884,0.8228583931922913,0.4494999945163727,1.805824875831604
745,0.7204999923706055,0.8380154371261597,0.5475000143051147,1.3317128419876099
746,0.7257999777793884,0.8235733509063721,0.5329999923706055,1.4124664068222046
747,0.7258999943733215,0.8243901133537292,0.531499981880188,1.395150065422058
748,0.7239999771118164,0.8264328241348267,0.5525000095367432,1.3592429161071777
749,0.7293999791145325,0.8203925490379333,0.5005000233650208,1.4813774824142456
750,0.7282999753952026,0.8216944336891174,0.5149999856948853,1.436234474182129
751,0.7253999710083008,0.8204212188720703,0.5410000085830688,1.3623157739639282
752,0.7268000245094299,0.8186913728713989,0.5115000009536743,1.5331965684890747
753,0.7282000184059143,0.8224980235099792,0.5619999766349792,1.2966514825820923
754,0.7261999845504761,0.8142029047012329,0.5360000133514404,1.4072262048721313
755,0.729200005531311,0.8184528946876526,0.5559999942779541,1.3039298057556152
756,0.7272999882698059,0.8162046670913696,0.5695000290870667,1.2768861055374146
757,0.7329000234603882,0.8107614517211914,0.5490000247955322,1.3410871028900146
758,0.73580002784729,0.8093854784965515,0.5350000262260437,1.428851842880249
759,0.730400025844574,0.8114805221557617,0.5730000138282776,1.2767670154571533
760,0.7310000061988831,0.8138896226882935,0.5559999942779541,1.3696508407592773
761,0.73089998960495,0.8099066615104675,0.5519999861717224,1.3314603567123413
762,0.7325999736785889,0.807034969329834,0.5479999780654907,1.3120639324188232
763,0.7329999804496765,0.8054711222648621,0.5554999709129333,1.3494958877563477
764,0.7297999858856201,0.8111577033996582,0.5454999804496765,1.348766803741455
765,0.7330999970436096,0.8032112717628479,0.47099998593330383,1.5783703327178955
766,0.728600025177002,0.8083444833755493,0.5184999704360962,1.4730582237243652
767,0.7314000129699707,0.8072044849395752,0.546500027179718,1.3537677526474
768,0.7317000031471252,0.8034074902534485,0.5559999942779541,1.3027052879333496
769,0.7353000044822693,0.7989466190338135,0.546500027179718,1.3555959463119507
770,0.7348999977111816,0.8024964332580566,0.5669999718666077,1.265462040901184
771,0.7324000000953674,0.8004655241966248,0.5245000123977661,1.473720669746399
772,0.7325999736785889,0.7989333868026733,0.5515000224113464,1.3559945821762085
773,0.732200026512146,0.7981799840927124,0.5690000057220459,1.334911584854126
774,0.7376999855041504,0.7962402105331421,0.5600000023841858,1.3098222017288208
775,0.7333999872207642,0.7980866432189941,0.5615000128746033,1.3142216205596924
776,0.7365999817848206,0.7943264842033386,0.5325000286102295,1.4557653665542603
777,0.7350999712944031,0.7980017066001892,0.5534999966621399,1.3558566570281982
778,0.7340999841690063,0.7973398566246033,0.5600000023841858,1.3385796546936035
779,0.7391999959945679,0.7926908731460571,0.5354999899864197,1.4039150476455688
780,0.7348999977111816,0.7927832007408142,0.5605000257492065,1.3215314149856567
781,0.7386999726295471,0.7920346856117249,0.5490000247955322,1.3946317434310913
782,0.7383000254631042,0.7932597994804382,0.5260000228881836,1.4267141819000244
783,0.7361999750137329,0.7907959222793579,0.5680000185966492,1.3291267156600952
784,0.7386999726295471,0.786354660987854,0.5554999709129333,1.3490922451019287
785,0.7390000224113464,0.7873282432556152,0.5745000243186951,1.2754247188568115
786,0.7409999966621399,0.7830685973167419,0.546999990940094,1.3953863382339478
787,0.7416999936103821,0.7876428365707397,0.546999990940094,1.350998044013977
788,0.739300012588501,0.7875028848648071,0.5519999861717224,1.401125192642212
789,0.7401999831199646,0.7847235798835754,0.5304999947547913,1.45503568649292
790,0.738099992275238,0.7832022309303284,0.550000011920929,1.389746069908142
791,0.7402999997138977,0.7821085453033447,0.5805000066757202,1.2949389219284058
792,0.741100013256073,0.782015323638916,0.5289999842643738,1.4469647407531738
793,0.7386999726295471,0.7852741479873657,0.5590000152587891,1.3673200607299805
794,0.7394000291824341,0.7785274386405945,0.5149999856948853,1.5094842910766602
795,0.7383999824523926,0.78263920545578,0.5189999938011169,1.514182209968567
796,0.7390999794006348,0.7853732109069824,0.5580000281333923,1.362764596939087
797,0.7419000267982483,0.7762486338615417,0.5575000047683716,1.3417125940322876
798,0.7429999709129333,0.7762134671211243,0.5540000200271606,1.3309203386306763
799,0.748199999332428,0.7713686227798462,0.5559999942779541,1.4166643619537354
800,0.7448999881744385,0.7726609706878662,0.49300000071525574,1.5605825185775757
801,0.7459999918937683,0.7711418271064758,0.5590000152587891,1.3242781162261963
802,0.745199978351593,0.7702152132987976,0.5699999928474426,1.2934143543243408
803,0.7486000061035156,0.7652498483657837,0.5440000295639038,1.4144043922424316
804,0.7501000165939331,0.7696038484573364,0.5410000085830688,1.3907928466796875
805,0.7473000288009644,0.7685324549674988,0.5479999780654907,1.3946715593338013
806,0.7493000030517578,0.768693208694458,0.5640000104904175,1.3312686681747437
807,0.7473000288009644,0.7649329900741577,0.5485000014305115,1.3785027265548706
808,0.7502999901771545,0.7618588209152222,0.5210000276565552,1.414376974105835
809,0.7448999881744385,0.7648915648460388,0.5419999957084656,1.3941802978515625
810,0.7426000237464905,0.7659364342689514,0.5404999852180481,1.4404298067092896
811,0.7437999844551086,0.7714170217514038,0.5540000200271606,1.3506840467453003
812,0.7455999851226807,0.7628008127212524,0.5235000252723694,1.4848852157592773
813,0.7487999796867371,0.7621236443519592,0.5299999713897705,1.4517117738723755
814,0.7490000128746033,0.7578596472740173,0.5270000100135803,1.4446552991867065
815,0.7498999834060669,0.7554263472557068,0.5550000071525574,1.3485721349716187
816,0.7488999962806702,0.7545210719108582,0.5659999847412109,1.325348973274231
817,0.7508999705314636,0.7557695508003235,0.515500009059906,1.4816088676452637
818,0.7512000203132629,0.7597242593765259,0.5350000262260437,1.4592974185943604
819,0.7437000274658203,0.7647311687469482,0.5379999876022339,1.4142353534698486
820,0.7545999884605408,0.7548227906227112,0.44850000739097595,1.846389651298523
821,0.748199999332428,0.7590322494506836,0.5580000281333923,1.3760863542556763
822,0.7506999969482422,0.753980815410614,0.578499972820282,1.3033913373947144
823,0.7531999945640564,0.750085711479187,0.5619999766349792,1.3284047842025757
824,0.7487000226974487,0.7534013986587524,0.5895000100135803,1.282822608947754
825,0.753600001335144,0.7497919201850891,0.5534999966621399,1.3379017114639282
826,0.7537999749183655,0.7463387846946716,0.5625,1.3423726558685303
827,0.754800021648407,0.7460606694221497,0.5350000262260437,1.4652433395385742
828,0.7562000155448914,0.7465581297874451,0.5814999938011169,1.2920260429382324
829,0.754800021648407,0.7421838641166687,0.578000009059906,1.3309922218322754
830,0.7497000098228455,0.7446469664573669,0.5425000190734863,1.4410336017608643
831,0.7573000192642212,0.7435951232910156,0.5364999771118164,1.4365774393081665
832,0.7544999718666077,0.7413076162338257,0.5584999918937683,1.3663842678070068
833,0.7537999749183655,0.7445893287658691,0.5740000009536743,1.2973811626434326
834,0.7554000020027161,0.7388433814048767,0.5809999704360962,1.290280818939209
835,0.7573999762535095,0.7413374781608582,0.550000011920929,1.3958913087844849
836,0.7577999830245972,0.740089476108551,0.5049999952316284,1.5052114725112915
837,0.753600001335144,0.7394179701805115,0.5504999756813049,1.3933088779449463
838,0.7576000094413757,0.7389441132545471,0.4855000078678131,1.6611509323120117
839,0.7560999989509583,0.7376382350921631,0.5239999890327454,1.4257041215896606
840,0.7552000284194946,0.7382400631904602,0.5375000238418579,1.4850382804870605
841,0.7581999897956848,0.7326518297195435,0.5320000052452087,1.4926104545593262
842,0.756600022315979,0.736056923866272,0.5630000233650208,1.3539952039718628
843,0.757099986076355,0.731019914150238,0.5205000042915344,1.5139387845993042
844,0.7602999806404114,0.7344452738761902,0.5554999709129333,1.3513238430023193
845,0.7628999948501587,0.7271213531494141,0.5364999771118164,1.4930740594863892
846,0.7598000168800354,0.7310352325439453,0.5379999876022339,1.4162908792495728
847,0.755299985408783,0.7299633026123047,0.5404999852180481,1.4545753002166748
848,0.758400022983551,0.727092444896698,0.5435000061988831,1.4313411712646484
849,0.7602999806404114,0.7285813093185425,0.5450000166893005,1.4011646509170532
850,0.7639999985694885,0.7239202857017517,0.546999990940094,1.3864924907684326
851,0.7623999714851379,0.722998857498169,0.5580000281333923,1.347997784614563
852,0.7577999830245972,0.7274959683418274,0.5609999895095825,1.4040241241455078
853,0.765500009059906,0.7212300896644592,0.5444999933242798,1.4153305292129517
854,0.7639999985694885,0.7195948958396912,0.5515000224113464,1.4102824926376343
855,0.7626000046730042,0.7224465012550354,0.5795000195503235,1.3129692077636719
856,0.7662000060081482,0.7169809937477112,0.5609999895095825,1.351548671722412
857,0.7638000249862671,0.7156228423118591,0.5379999876022339,1.4326629638671875
858,0.7635999917984009,0.7177302837371826,0.5490000247955322,1.3807358741760254
859,0.7667999863624573,0.7142270803451538,0.5115000009536743,1.5990937948226929
860,0.7652000188827515,0.7185254096984863,0.5665000081062317,1.3532317876815796
861,0.765999972820282,0.7124742865562439,0.5404999852180481,1.4034134149551392
862,0.7663000226020813,0.7107914090156555,0.565500020980835,1.3426597118377686
863,0.7666000127792358,0.710318386554718,0.5695000290870667,1.3416436910629272
864,0.76419997215271,0.714378833770752,0.5644999742507935,1.3767282962799072
865,0.7710999846458435,0.7098438739776611,0.5429999828338623,1.4138333797454834
866,0.7688999772071838,0.7144855856895447,0.5534999966621399,1.430171251296997
867,0.7653999924659729,0.7122057676315308,0.5554999709129333,1.3950304985046387
868,0.7662000060081482,0.7094607353210449,0.5764999985694885,1.3117129802703857
869,0.7695000171661377,0.7022061347961426,0.5429999828338623,1.4513354301452637
870,0.7675999999046326,0.710676908493042,0.5745000243186951,1.3051464557647705
871,0.7694000005722046,0.7053173184394836,0.5619999766349792,1.3705992698669434
872,0.766700029373169,0.7040566205978394,0.5425000190734863,1.4843496084213257
873,0.7700999975204468,0.7041679620742798,0.5220000147819519,1.5558632612228394
874,0.7660999894142151,0.7058050036430359,0.5634999871253967,1.3935327529907227
875,0.769599974155426,0.6958250403404236,0.546500027179718,1.4146932363510132
876,0.770799994468689,0.6998067498207092,0.5354999899864197,1.4950757026672363
877,0.7699999809265137,0.6998932957649231,0.5634999871253967,1.385895848274231
878,0.7738000154495239,0.6964261531829834,0.5534999966621399,1.4305782318115234
879,0.7738999724388123,0.6925652623176575,0.5174999833106995,1.5846447944641113
880,0.76910001039505,0.702702522277832,0.5504999756813049,1.4196205139160156
881,0.7738000154495239,0.6925209760665894,0.5115000009536743,1.5446609258651733
882,0.7720000147819519,0.69697505235672,0.5295000076293945,1.5861612558364868
883,0.7689999938011169,0.6943891644477844,0.5220000147819519,1.4749078750610352
884,0.7709000110626221,0.6945985555648804,0.5590000152587891,1.4009768962860107
885,0.7692000269889832,0.6910091042518616,0.5705000162124634,1.3559635877609253
886,0.7724999785423279,0.6900204420089722,0.4860000014305115,1.6043120622634888
887,0.7775999903678894,0.6895864605903625,0.5419999957084656,1.5141291618347168
888,0.7735999822616577,0.6877549290657043,0.5230000019073486,1.5392203330993652
889,0.7748000025749207,0.6916835308074951,0.546999990940094,1.3936887979507446
890,0.7778000235557556,0.6840028166770935,0.5540000200271606,1.4592616558074951
891,0.7767999768257141,0.682839572429657,0.5600000023841858,1.3558306694030762
892,0.7738999724388123,0.68461674451828,0.5605000257492065,1.413446068763733
893,0.7753999829292297,0.6810882091522217,0.5799999833106995,1.3383501768112183
894,0.7753000259399414,0.6875330805778503,0.5584999918937683,1.4472190141677856
895,0.7782999873161316,0.6826930046081543,0.5494999885559082,1.4040592908859253
896,0.7789999842643738,0.6793360710144043,0.5619999766349792,1.394212007522583
897,0.779699981212616,0.6771458387374878,0.5444999933242798,1.4384329319000244
898,0.7775999903678894,0.6800185441970825,0.5210000276565552,1.5201994180679321
899,0.777999997138977,0.678900957107544,0.5544999837875366,1.41762113571167
900,0.7833999991416931,0.6770821809768677,0.5245000123977661,1.5230262279510498
901,0.7797999978065491,0.678682804107666,0.5254999995231628,1.4820806980133057
902,0.7813000082969666,0.6771886944770813,0.5440000295639038,1.4506855010986328
903,0.7814000248908997,0.6722936630249023,0.5544999837875366,1.4218831062316895
904,0.7800999879837036,0.6706967949867249,0.5490000247955322,1.4278228282928467
905,0.7799000144004822,0.6729291677474976,0.5644999742507935,1.3814979791641235
906,0.7850000262260437,0.667129635810852,0.5665000081062317,1.4148452281951904
907,0.7821000218391418,0.6737953424453735,0.4855000078678131,1.8179693222045898
908,0.7807000279426575,0.674780011177063,0.5339999794960022,1.412138819694519
909,0.78329998254776,0.6666904091835022,0.5575000047683716,1.3660376071929932
910,0.7839999794960022,0.6691933870315552,0.5379999876022339,1.459306001663208
911,0.7864999771118164,0.6650651693344116,0.550000011920929,1.4315496683120728
912,0.7760999798774719,0.6696881651878357,0.5149999856948853,1.5152193307876587
913,0.7843000292778015,0.6667138934135437,0.5684999823570251,1.3848671913146973
914,0.7896999716758728,0.6597561240196228,0.5440000295639038,1.4370636940002441
915,0.7850000262260437,0.6661121845245361,0.546999990940094,1.4216212034225464
916,0.7843000292778015,0.6665442585945129,0.5364999771118164,1.4616320133209229
917,0.7857999801635742,0.660456120967865,0.5224999785423279,1.5950878858566284
918,0.7857000231742859,0.6597864627838135,0.5184999704360962,1.6000293493270874
919,0.7871999740600586,0.6632175445556641,0.5504999756813049,1.439035177230835
920,0.7882000207901001,0.6594817638397217,0.5164999961853027,1.6122678518295288
921,0.7831000089645386,0.6623755097389221,0.5559999942779541,1.3750439882278442
922,0.7901999950408936,0.6522529721260071,0.5584999918937683,1.4076486825942993
923,0.7889000177383423,0.6586066484451294,0.5674999952316284,1.3386505842208862
924,0.7872999906539917,0.6539877653121948,0.5515000224113464,1.472899079322815
925,0.7853999733924866,0.6526068449020386,0.5695000290870667,1.3574377298355103
926,0.7893999814987183,0.6524674296379089,0.5130000114440918,1.6294809579849243
927,0.7893000245094299,0.6499978303909302,0.5214999914169312,1.5207010507583618
928,0.7861999869346619,0.6523615121841431,0.5519999861717224,1.4143671989440918
929,0.7947999835014343,0.6419987082481384,0.5254999995231628,1.5773119926452637
930,0.788100004196167,0.6478101015090942,0.5605000257492065,1.375829815864563
931,0.7935000061988831,0.6450158953666687,0.5569999814033508,1.4160624742507935
932,0.7900000214576721,0.644978404045105,0.5709999799728394,1.3750611543655396
933,0.7957000136375427,0.647314190864563,0.5109999775886536,1.5725940465927124
934,0.7886999845504761,0.6511211395263672,0.546999990940094,1.5181927680969238
935,0.786300003528595,0.6468672156333923,0.527999997138977,1.5422091484069824
936,0.7937999963760376,0.642946720123291,0.5674999952316284,1.3962081670761108
937,0.7888000011444092,0.64791339635849,0.550000011920929,1.4563093185424805
938,0.7944999933242798,0.6430104374885559,0.5429999828338623,1.4947044849395752
939,0.7947999835014343,0.6421658396720886,0.5580000281333923,1.431032657623291
940,0.7950999736785889,0.6394109129905701,0.5740000009536743,1.3488688468933105
941,0.7940000295639038,0.6401164531707764,0.5195000171661377,1.58060622215271
942,0.7964000105857849,0.6378496289253235,0.49549999833106995,1.6510547399520874
943,0.7975000143051147,0.6373680830001831,0.5709999799728394,1.3688771724700928
944,0.7989000082015991,0.6310882568359375,0.47699999809265137,2.0130679607391357
945,0.794700026512146,0.6378811001777649,0.4555000066757202,1.8786996603012085
946,0.795199990272522,0.6403551697731018,0.5304999947547913,1.583418369293213
947,0.7935000061988831,0.632706880569458,0.5550000071525574,1.4097990989685059
948,0.7946000099182129,0.6364806890487671,0.515999972820282,1.6794100999832153
949,0.7975000143051147,0.6350942254066467,0.5210000276565552,1.5172710418701172
950,0.7972000241279602,0.6329958438873291,0.5295000076293945,1.54706609249115
951,0.7997999787330627,0.6303232908248901,0.5289999842643738,1.5438189506530762
952,0.7958999872207642,0.6326562166213989,0.5389999747276306,1.4980816841125488
953,0.7982000112533569,0.6282137036323547,0.5400000214576721,1.523619532585144
954,0.8008000254631042,0.623254120349884,0.5584999918937683,1.3948012590408325
955,0.7947999835014343,0.6290192008018494,0.5640000104904175,1.4095627069473267
956,0.7993000149726868,0.6245893836021423,0.5525000095367432,1.44019615650177
957,0.8011999726295471,0.6203809976577759,0.5774999856948853,1.3666539192199707
958,0.8007000088691711,0.6207887530326843,0.5575000047683716,1.4330321550369263
959,0.7978000044822693,0.6255089044570923,0.5540000200271606,1.409199595451355
960,0.804099977016449,0.6178959012031555,0.5745000243186951,1.3867151737213135
961,0.7997000217437744,0.6189764738082886,0.5450000166893005,1.454805612564087
962,0.8025000095367432,0.6155797243118286,0.5605000257492065,1.4090229272842407
963,0.8040000200271606,0.619572639465332,0.5690000057220459,1.393632411956787
964,0.8004999756813049,0.6177495718002319,0.565500020980835,1.4109174013137817
965,0.8025000095367432,0.6129544973373413,0.5335000157356262,1.5391916036605835
966,0.79830002784729,0.6196049451828003,0.5565000176429749,1.4021151065826416
967,0.8025000095367432,0.6104887127876282,0.5590000152587891,1.4011852741241455
968,0.8093000054359436,0.609350860118866,0.546999990940094,1.4477251768112183
969,0.7985000014305115,0.6155460476875305,0.4830000102519989,1.768271803855896
970,0.8021000027656555,0.6163231730461121,0.5745000243186951,1.3703103065490723
971,0.8046000003814697,0.6058032512664795,0.5699999928474426,1.374364972114563
972,0.8016999959945679,0.6097042560577393,0.5715000033378601,1.3851507902145386
973,0.8044999837875366,0.6096854209899902,0.5540000200271606,1.4703381061553955
974,0.8087999820709229,0.6066204309463501,0.5435000061988831,1.4622784852981567
975,0.8091999888420105,0.6037840247154236,0.5814999938011169,1.3572578430175781
976,0.8062000274658203,0.6033008694648743,0.5605000257492065,1.4072527885437012
977,0.807699978351593,0.607663631439209,0.5690000057220459,1.4295943975448608
978,0.8082000017166138,0.6021394729614258,0.5695000290870667,1.3518822193145752
979,0.8079000115394592,0.6025880575180054,0.5515000224113464,1.4520961046218872
980,0.8072999715805054,0.6044781804084778,0.5619999766349792,1.408361792564392
981,0.8084999918937683,0.6000354290008545,0.5394999980926514,1.5095677375793457
982,0.8055999875068665,0.6028128862380981,0.5615000128746033,1.4647716283798218
983,0.8151999711990356,0.5921596884727478,0.5640000104904175,1.4234907627105713
984,0.8122000098228455,0.5960297584533691,0.5454999804496765,1.4777716398239136
985,0.8151000142097473,0.5970435738563538,0.5669999718666077,1.4085036516189575
986,0.8125,0.5957453846931458,0.5350000262260437,1.5816437005996704
987,0.8087000250816345,0.5990489721298218,0.546500027179718,1.4439423084259033
988,0.8112000226974487,0.5926891565322876,0.5525000095367432,1.490787148475647
989,0.8109999895095825,0.5961353778839111,0.5509999990463257,1.461737036705017
990,0.8112000226974487,0.5918348431587219,0.5665000081062317,1.4394636154174805
991,0.8111000061035156,0.5931390523910522,0.45100000500679016,2.0455996990203857
992,0.8076000213623047,0.6045671105384827,0.5665000081062317,1.4335696697235107
993,0.8127999901771545,0.5880916714668274,0.5435000061988831,1.5368949174880981
994,0.8125,0.5872964859008789,0.5350000262260437,1.6794549226760864
995,0.8131999969482422,0.5865586996078491,0.5724999904632568,1.421712875366211
996,0.8116000294685364,0.5889338850975037,0.5634999871253967,1.4374676942825317
997,0.8162999749183655,0.5870423316955566,0.5659999847412109,1.4053997993469238
998,0.8155999779701233,0.5820302963256836,0.5494999885559082,1.5077428817749023
999,0.8119999766349792,0.5891386270523071,0.5740000009536743,1.3924833536148071
