epoch,accuracy,loss,val_accuracy,val_loss
0,0.09629999846220016,2.310871124267578,0.1054999977350235,2.3032948970794678
1,0.1143999993801117,2.2995240688323975,0.12399999797344208,2.2958810329437256
2,0.12970000505447388,2.29260516166687,0.13600000739097595,2.289776086807251
3,0.14059999585151672,2.286742687225342,0.148499995470047,2.284247398376465
4,0.15080000460147858,2.2814393043518066,0.1574999988079071,2.2791292667388916
5,0.156700000166893,2.2765285968780518,0.1574999988079071,2.274043321609497
6,0.15950000286102295,2.2715048789978027,0.16300000250339508,2.268899917602539
7,0.16279999911785126,2.266258478164673,0.1655000001192093,2.2636122703552246
8,0.164900004863739,2.2604990005493164,0.1809999942779541,2.2573800086975098
9,0.1712000072002411,2.254141092300415,0.17949999868869781,2.250779867172241
10,0.18080000579357147,2.247044801712036,0.1784999966621399,2.2442386150360107
11,0.17759999632835388,2.2394959926605225,0.18700000643730164,2.235593795776367
12,0.19020000100135803,2.230710029602051,0.18449999392032623,2.2256019115448
13,0.193900004029274,2.2207324504852295,0.19599999487400055,2.214970111846924
14,0.2029999941587448,2.209756851196289,0.2070000022649765,2.20320987701416
15,0.2093999981880188,2.1972575187683105,0.21699999272823334,2.190605878829956
16,0.21770000457763672,2.1836605072021484,0.22450000047683716,2.1757187843322754
17,0.22769999504089355,2.168668508529663,0.22750000655651093,2.1607446670532227
18,0.23499999940395355,2.152651309967041,0.23600000143051147,2.143378257751465
19,0.2401999980211258,2.1351075172424316,0.24799999594688416,2.1250314712524414
20,0.24609999358654022,2.11741304397583,0.2574999928474426,2.107668399810791
21,0.25290000438690186,2.0997884273529053,0.2639999985694885,2.0893747806549072
22,0.2621000111103058,2.08201003074646,0.24950000643730164,2.076765537261963
23,0.26269999146461487,2.0655784606933594,0.2750000059604645,2.0558791160583496
24,0.26840001344680786,2.050539970397949,0.25999999046325684,2.0535244941711426
25,0.27090001106262207,2.0376105308532715,0.2709999978542328,2.028432607650757
26,0.27489998936653137,2.024975299835205,0.273499995470047,2.0208652019500732
27,0.2793000042438507,2.0145843029022217,0.2815000116825104,2.0065324306488037
28,0.27810001373291016,2.004769802093506,0.2879999876022339,1.9983857870101929
29,0.28459998965263367,1.996018409729004,0.28949999809265137,1.9918456077575684
30,0.28700000047683716,1.988409399986267,0.28850001096725464,1.981476902961731
31,0.290800005197525,1.9807710647583008,0.29249998927116394,1.9774928092956543
32,0.28850001096725464,1.9743865728378296,0.2930000126361847,1.9680712223052979
33,0.29350000619888306,1.9678391218185425,0.30250000953674316,1.9608527421951294
34,0.2953999936580658,1.9618488550186157,0.2904999852180481,1.9639997482299805
35,0.2971000075340271,1.9556260108947754,0.2919999957084656,1.9643902778625488
36,0.2989000082015991,1.9504106044769287,0.30799999833106995,1.950911283493042
37,0.301800012588501,1.9445281028747559,0.30550000071525574,1.9405821561813354
38,0.30239999294281006,1.9388517141342163,0.31150001287460327,1.9352827072143555
39,0.30570000410079956,1.9332948923110962,0.2939999997615814,1.9371094703674316
40,0.30720001459121704,1.9276509284973145,0.3125,1.9289406538009644
41,0.30790001153945923,1.9230726957321167,0.3009999990463257,1.9314987659454346
42,0.3109999895095825,1.9181009531021118,0.31850001215934753,1.9194390773773193
43,0.3122999966144562,1.9124795198440552,0.3190000057220459,1.9133771657943726
44,0.3151000142097473,1.9074984788894653,0.32600000500679016,1.9063066244125366
45,0.31839999556541443,1.9025330543518066,0.32499998807907104,1.901851773262024
46,0.31929999589920044,1.8970669507980347,0.320499986410141,1.9117640256881714
47,0.3221000134944916,1.8923853635787964,0.3095000088214874,1.8989713191986084
48,0.3215000033378601,1.88692045211792,0.32749998569488525,1.8861935138702393
49,0.3239000141620636,1.8811513185501099,0.3294999897480011,1.885320782661438
50,0.32499998807907104,1.8765140771865845,0.3240000009536743,1.8839530944824219
51,0.3292999863624573,1.8715088367462158,0.3310000002384186,1.8784551620483398
52,0.3319999873638153,1.8662720918655396,0.32850000262260437,1.873458981513977
53,0.33160001039505005,1.8620158433914185,0.33000001311302185,1.8694339990615845
54,0.33309999108314514,1.857967734336853,0.3330000042915344,1.8639285564422607
55,0.3357999920845032,1.8520175218582153,0.31850001215934753,1.87404465675354
56,0.33550000190734863,1.8473701477050781,0.3375000059604645,1.8573037385940552
57,0.3384000062942505,1.842773675918579,0.33500000834465027,1.8519424200057983
58,0.33970001339912415,1.8386269807815552,0.3294999897480011,1.8531967401504517
59,0.3443000018596649,1.8345317840576172,0.33149999380111694,1.8514466285705566
60,0.3425999879837036,1.8287441730499268,0.3425000011920929,1.8490287065505981
61,0.34299999475479126,1.8247158527374268,0.3434999883174896,1.8436837196350098
62,0.3479999899864197,1.819333553314209,0.33000001311302185,1.8672934770584106
63,0.3499999940395355,1.8159146308898926,0.3255000114440918,1.8648744821548462
64,0.3521000146865845,1.8126230239868164,0.33649998903274536,1.8427876234054565
65,0.3529999852180481,1.806726336479187,0.35100001096725464,1.8190066814422607
66,0.3547999858856201,1.80325448513031,0.3425000011920929,1.8211010694503784
67,0.3564000129699707,1.7992576360702515,0.34850001335144043,1.8252809047698975
68,0.3569999933242798,1.7948089838027954,0.34950000047683716,1.8207322359085083
69,0.35760000348091125,1.7911131381988525,0.3449999988079071,1.820555329322815
70,0.3619000017642975,1.7873927354812622,0.3479999899864197,1.8198421001434326
71,0.3621000051498413,1.7839300632476807,0.351500004529953,1.800931692123413
72,0.3635999858379364,1.779199242591858,0.3440000116825104,1.815330147743225
73,0.36820000410079956,1.7753660678863525,0.351500004529953,1.800247311592102
74,0.3684000074863434,1.7717413902282715,0.35199999809265137,1.808485507965088
75,0.3659000098705292,1.768112063407898,0.35600000619888306,1.7909899950027466
76,0.3671000003814697,1.7646111249923706,0.35100001096725464,1.801679253578186
77,0.3686000108718872,1.761196494102478,0.34950000047683716,1.7996971607208252
78,0.3698999881744385,1.756624460220337,0.359499990940094,1.7998626232147217
79,0.37299999594688416,1.7529542446136475,0.3499999940395355,1.7872426509857178
80,0.37459999322891235,1.7504843473434448,0.35100001096725464,1.8101444244384766
81,0.3765999972820282,1.7476189136505127,0.35499998927116394,1.7628134489059448
82,0.3790999948978424,1.7436630725860596,0.35749998688697815,1.7962799072265625
83,0.37929999828338623,1.74019455909729,0.3540000021457672,1.7820014953613281
84,0.37929999828338623,1.7374809980392456,0.36000001430511475,1.7646101713180542
85,0.3815000057220459,1.7326382398605347,0.33799999952316284,1.8145928382873535
86,0.38179999589920044,1.730000615119934,0.36149999499320984,1.7601584196090698
87,0.3822000026702881,1.7265698909759521,0.3659999966621399,1.750054955482483
88,0.3828999996185303,1.7244480848312378,0.36500000953674316,1.7546896934509277
89,0.38600000739097595,1.7199207544326782,0.3725000023841858,1.7594493627548218
90,0.3849000036716461,1.718192219734192,0.33899998664855957,1.7964047193527222
91,0.3862999975681305,1.7137160301208496,0.3779999911785126,1.7558673620224
92,0.38909998536109924,1.7110849618911743,0.36800000071525574,1.8190484046936035
93,0.39100000262260437,1.7081830501556396,0.3774999976158142,1.7540656328201294
94,0.39149999618530273,1.7031660079956055,0.37400001287460327,1.7330855131149292
95,0.3921000063419342,1.7006607055664062,0.36649999022483826,1.7476199865341187
96,0.3986000120639801,1.697867751121521,0.34950000047683716,1.8558778762817383
97,0.3939000070095062,1.6952015161514282,0.3840000033378601,1.722867488861084
98,0.3970000147819519,1.6907814741134644,0.3684999942779541,1.7776535749435425
99,0.3968000113964081,1.6885777711868286,0.37450000643730164,1.7183781862258911
100,0.39910000562667847,1.6858834028244019,0.36000001430511475,1.7409720420837402
101,0.40119999647140503,1.682557225227356,0.34200000762939453,1.7990748882293701
102,0.3995000123977661,1.680199384689331,0.3400000035762787,1.7892892360687256
103,0.3991999924182892,1.6792126893997192,0.37950000166893005,1.737152099609375
104,0.4000999927520752,1.675001621246338,0.36000001430511475,1.7642875909805298
105,0.40130001306533813,1.6723908185958862,0.38600000739097595,1.7088128328323364
106,0.4041999876499176,1.6687284708023071,0.3734999895095825,1.7196930646896362
107,0.40529999136924744,1.6657497882843018,0.39149999618530273,1.7015358209609985
108,0.4052000045776367,1.6634820699691772,0.3955000042915344,1.6919716596603394
109,0.4090000092983246,1.6594754457473755,0.39899998903274536,1.6880818605422974
110,0.4072999954223633,1.6578269004821777,0.38850000500679016,1.7206443548202515
111,0.41029998660087585,1.6552737951278687,0.36399999260902405,1.7309370040893555
112,0.41190001368522644,1.6528140306472778,0.39399999380111694,1.6961491107940674
113,0.4108000099658966,1.6497353315353394,0.37599998712539673,1.7054622173309326
114,0.4117000102996826,1.646384358406067,0.39399999380111694,1.7466728687286377
115,0.4124000072479248,1.6461951732635498,0.39649999141693115,1.736500859260559
116,0.4104999899864197,1.6443122625350952,0.39500001072883606,1.7032474279403687
117,0.4187000095844269,1.6399292945861816,0.40549999475479126,1.69970703125
118,0.4163999855518341,1.637953281402588,0.39800000190734863,1.6715046167373657
119,0.41659998893737793,1.6352183818817139,0.3970000147819519,1.664458155632019
120,0.4172999858856201,1.6322811841964722,0.3785000145435333,1.6966142654418945
121,0.41990000009536743,1.630974292755127,0.40149998664855957,1.6744431257247925
122,0.4189000129699707,1.6256804466247559,0.4090000092983246,1.6676678657531738
123,0.41830000281333923,1.6255900859832764,0.40299999713897705,1.6945791244506836
124,0.42239999771118164,1.6224275827407837,0.4009999930858612,1.665968418121338
125,0.4246000051498413,1.620240330696106,0.40049999952316284,1.7104575634002686
126,0.4244999885559082,1.6176871061325073,0.4115000069141388,1.6625337600708008
127,0.4244000017642975,1.6154556274414062,0.38499999046325684,1.699291706085205
128,0.42179998755455017,1.61324143409729,0.3869999945163727,1.7915717363357544
129,0.42320001125335693,1.6145650148391724,0.4065000116825104,1.6415513753890991
130,0.42730000615119934,1.6084486246109009,0.4104999899864197,1.6449177265167236
131,0.4228000044822693,1.608796238899231,0.398499995470047,1.6711368560791016
132,0.4235999882221222,1.60541570186615,0.4000000059604645,1.6444647312164307
133,0.4284999966621399,1.6017652750015259,0.390500009059906,1.67512047290802
134,0.4278999865055084,1.6007261276245117,0.41600000858306885,1.6392501592636108
135,0.43140000104904175,1.5994800329208374,0.3995000123977661,1.6820199489593506
136,0.43070000410079956,1.597677230834961,0.39899998903274536,1.6493501663208008
137,0.4309000074863434,1.5949493646621704,0.4115000069141388,1.6435785293579102
138,0.4300000071525574,1.5946789979934692,0.41449999809265137,1.6271196603775024
139,0.4332999885082245,1.5915002822875977,0.421999990940094,1.6271002292633057
140,0.4309999942779541,1.5877246856689453,0.41350001096725464,1.6800869703292847
141,0.4316999912261963,1.5875567197799683,0.40450000762939453,1.684328556060791
142,0.4336000084877014,1.5858296155929565,0.4020000100135803,1.694393515586853
143,0.43810001015663147,1.5852571725845337,0.41600000858306885,1.6209089756011963
144,0.4359000027179718,1.5823712348937988,0.4235000014305115,1.6273937225341797
145,0.42989999055862427,1.5812883377075195,0.4059999883174896,1.648303508758545
146,0.43779999017715454,1.5775219202041626,0.4104999899864197,1.6300585269927979
147,0.436599999666214,1.576016902923584,0.40549999475479126,1.640799880027771
148,0.43779999017715454,1.5744426250457764,0.35199999809265137,1.838821530342102
149,0.4325999915599823,1.576627492904663,0.382999986410141,1.8384569883346558
150,0.4406999945640564,1.5730136632919312,0.41100001335144043,1.6322969198226929
151,0.438400000333786,1.5681337118148804,0.4059999883174896,1.6177937984466553
152,0.4399999976158142,1.5688565969467163,0.40299999713897705,1.6758720874786377
153,0.439300000667572,1.5670325756072998,0.4104999899864197,1.6659541130065918
154,0.43810001015663147,1.5664950609207153,0.4244999885559082,1.598869800567627
155,0.4388999938964844,1.5625721216201782,0.3959999978542328,1.6539729833602905
156,0.4424999952316284,1.564150094985962,0.4034999907016754,1.647493839263916
157,0.43950000405311584,1.5605688095092773,0.43149998784065247,1.6015324592590332
158,0.4449000060558319,1.5568503141403198,0.41499999165534973,1.6310538053512573
159,0.4440000057220459,1.5565446615219116,0.4189999997615814,1.643059492111206
160,0.44510000944137573,1.55471932888031,0.39250001311302185,1.6624648571014404
161,0.4472000002861023,1.5518559217453003,0.4124999940395355,1.6267907619476318
162,0.4431999921798706,1.5509378910064697,0.3935000002384186,1.6792718172073364
163,0.445499986410141,1.5489888191223145,0.421999990940094,1.609454870223999
164,0.4472000002861023,1.550001621246338,0.4309999942779541,1.616385817527771
165,0.44929999113082886,1.5471911430358887,0.43650001287460327,1.5923501253128052
166,0.4474000036716461,1.5452948808670044,0.41100001335144043,1.6311684846878052
167,0.4472000002861023,1.5435556173324585,0.4309999942779541,1.5947601795196533
168,0.4496999979019165,1.5416697263717651,0.42100000381469727,1.6704612970352173
169,0.44929999113082886,1.5434025526046753,0.4410000145435333,1.5814197063446045
170,0.4499000012874603,1.5396157503128052,0.41499999165534973,1.618603229522705
171,0.4474000036716461,1.5404009819030762,0.3050000071525574,2.11234188079834
172,0.4487000107765198,1.546997308731079,0.4180000126361847,1.6228890419006348
173,0.4481000006198883,1.5375816822052002,0.4345000088214874,1.5985370874404907
174,0.45080000162124634,1.535150408744812,0.41600000858306885,1.6562477350234985
175,0.4514999985694885,1.5338411331176758,0.4205000102519989,1.6590479612350464
176,0.4521999955177307,1.5326249599456787,0.4244999885559082,1.5942964553833008
177,0.45590001344680786,1.5285463333129883,0.42149999737739563,1.6088875532150269
178,0.45329999923706055,1.5281039476394653,0.4300000071525574,1.588504433631897
179,0.45329999923706055,1.528673529624939,0.41449999809265137,1.6290417909622192
180,0.453900009393692,1.5264965295791626,0.41850000619888306,1.6435024738311768
181,0.45329999923706055,1.5249556303024292,0.41850000619888306,1.6186646223068237
182,0.45339998602867126,1.5264415740966797,0.4410000145435333,1.5703884363174438
183,0.45500001311302185,1.5207449197769165,0.3955000042915344,1.6494412422180176
184,0.4553000032901764,1.520266056060791,0.4059999883174896,1.6469991207122803
185,0.45730000734329224,1.5205563306808472,0.4375,1.5913852453231812
186,0.4564000070095062,1.520692229270935,0.4115000069141388,1.6115074157714844
187,0.4586000144481659,1.5199798345565796,0.42250001430511475,1.6863819360733032
188,0.45969998836517334,1.5161539316177368,0.44350001215934753,1.5518083572387695
189,0.459199994802475,1.517950415611267,0.4334999918937683,1.6240949630737305
190,0.4609000086784363,1.5149565935134888,0.4350000023841858,1.5731381177902222
191,0.4609000086784363,1.5108448266983032,0.40950000286102295,1.6330289840698242
192,0.4602999985218048,1.5129345655441284,0.4350000023841858,1.572719693183899
193,0.46369999647140503,1.5088249444961548,0.4399999976158142,1.5679590702056885
194,0.4625999927520752,1.5068786144256592,0.445499986410141,1.5476019382476807
195,0.46209999918937683,1.507782220840454,0.4404999911785126,1.5552165508270264
196,0.4616999924182892,1.5064537525177002,0.43050000071525574,1.5689060688018799
197,0.46160000562667847,1.504685401916504,0.4390000104904175,1.569059133529663
198,0.4648999869823456,1.5013604164123535,0.4415000081062317,1.5953675508499146
199,0.4636000096797943,1.5014598369598389,0.44749999046325684,1.543453335762024
200,0.4645000100135803,1.4999300241470337,0.40849998593330383,1.6560542583465576
201,0.4657999873161316,1.5028291940689087,0.4390000104904175,1.6065435409545898
202,0.4659999907016754,1.4983975887298584,0.43700000643730164,1.5911664962768555
203,0.4672999978065491,1.4985765218734741,0.44699999690055847,1.547165870666504
204,0.46700000762939453,1.4971188306808472,0.44350001215934753,1.5537986755371094
205,0.4657000005245209,1.4947993755340576,0.41850000619888306,1.5872371196746826
206,0.4683000147342682,1.4955130815505981,0.44600000977516174,1.5501097440719604
207,0.46709999442100525,1.4933022260665894,0.4424999952316284,1.558084487915039
208,0.46700000762939453,1.4952713251113892,0.4269999861717224,1.5765409469604492
209,0.47119998931884766,1.4890108108520508,0.4569999873638153,1.5384318828582764
210,0.4675000011920929,1.4918915033340454,0.39750000834465027,1.7105364799499512
211,0.4677000045776367,1.4907987117767334,0.4325000047683716,1.6128771305084229
212,0.46970000863075256,1.4860109090805054,0.4009999930858612,1.6959235668182373
213,0.47110000252723694,1.48725426197052,0.43700000643730164,1.5572959184646606
214,0.46869999170303345,1.4874897003173828,0.4390000104904175,1.554112434387207
215,0.4722000062465668,1.4828386306762695,0.43050000071525574,1.6228020191192627
216,0.46619999408721924,1.4856593608856201,0.4490000009536743,1.528472900390625
217,0.47519999742507935,1.4790679216384888,0.4309999942779541,1.64554762840271
218,0.46799999475479126,1.4845991134643555,0.4375,1.6056840419769287
219,0.4749000072479248,1.4808082580566406,0.45750001072883606,1.5523467063903809
220,0.4738999903202057,1.477225422859192,0.453000009059906,1.5274913311004639
221,0.47749999165534973,1.47734534740448,0.44749999046325684,1.5425552129745483
222,0.4765999913215637,1.4739540815353394,0.45350000262260437,1.520645022392273
223,0.4758000075817108,1.4776197671890259,0.4569999873638153,1.5238746404647827
224,0.4772999882698059,1.473705768585205,0.4244999885559082,1.599465250968933
225,0.4772000014781952,1.4740338325500488,0.41449999809265137,1.633235216140747
226,0.4796999990940094,1.470231533050537,0.44999998807907104,1.5645081996917725
227,0.4745999872684479,1.4704749584197998,0.45399999618530273,1.5362621545791626
228,0.476500004529953,1.4687459468841553,0.36800000071525574,1.8577492237091064
229,0.4790000021457672,1.4711726903915405,0.43700000643730164,1.6214896440505981
230,0.476500004529953,1.4720975160598755,0.43700000643730164,1.5652626752853394
231,0.47920000553131104,1.46614408493042,0.4375,1.5401133298873901
232,0.4781999886035919,1.4666602611541748,0.4390000104904175,1.5479613542556763
233,0.4796000123023987,1.4615681171417236,0.4169999957084656,1.5965238809585571
234,0.47749999165534973,1.4658509492874146,0.38850000500679016,1.77454674243927
235,0.47940000891685486,1.4663277864456177,0.46650001406669617,1.5248466730117798
236,0.4814999997615814,1.4597771167755127,0.4595000147819519,1.5168498754501343
237,0.4821999967098236,1.461320400238037,0.4505000114440918,1.5131242275238037
238,0.48399999737739563,1.4601178169250488,0.44699999690055847,1.5611143112182617
239,0.48260000348091125,1.4565761089324951,0.42800000309944153,1.570815086364746
240,0.4814999997615814,1.456009864807129,0.3684999942779541,1.9204213619232178
241,0.47999998927116394,1.458269476890564,0.453000009059906,1.5360655784606934
242,0.48350000381469727,1.4545506238937378,0.46549999713897705,1.5108050107955933
243,0.48429998755455017,1.4558206796646118,0.4404999911785126,1.5355947017669678
244,0.4821999967098236,1.4515665769577026,0.44749999046325684,1.5457743406295776
245,0.4830000102519989,1.4556217193603516,0.46299999952316284,1.5027456283569336
246,0.4853000044822693,1.450402021408081,0.4415000081062317,1.5475881099700928
247,0.48809999227523804,1.4480209350585938,0.41850000619888306,1.5802966356277466
248,0.4837999939918518,1.4542016983032227,0.42250001430511475,1.573003888130188
249,0.4855000078678131,1.4458781480789185,0.42649999260902405,1.583159327507019
250,0.48429998755455017,1.449016809463501,0.44449999928474426,1.5307469367980957
251,0.48750001192092896,1.4501233100891113,0.46549999713897705,1.5055209398269653
252,0.48570001125335693,1.4426963329315186,0.4514999985694885,1.517252802848816
253,0.48750001192092896,1.4443191289901733,0.45350000262260437,1.5440757274627686
254,0.48809999227523804,1.443599820137024,0.4449999928474426,1.585878610610962
255,0.4921000003814697,1.440908432006836,0.40299999713897705,1.6746115684509277
256,0.49309998750686646,1.4423578977584839,0.43700000643730164,1.5561919212341309
257,0.48969998955726624,1.4431593418121338,0.4325000047683716,1.5640925168991089
258,0.48969998955726624,1.4389146566390991,0.4650000035762787,1.4955451488494873
259,0.4925999939441681,1.4398541450500488,0.4560000002384186,1.502292275428772
260,0.48579999804496765,1.4353677034378052,0.460999995470047,1.4936747550964355
261,0.4918000102043152,1.4343743324279785,0.45750001072883606,1.5153623819351196
262,0.48980000615119934,1.4347424507141113,0.46700000762939453,1.4891633987426758
263,0.4936999976634979,1.433794379234314,0.43950000405311584,1.5838639736175537
264,0.4900999963283539,1.4353941679000854,0.4595000147819519,1.4990812540054321
265,0.48820000886917114,1.4367918968200684,0.4494999945163727,1.52463698387146
266,0.4932999908924103,1.4315721988677979,0.46399998664855957,1.4866083860397339
267,0.4932999908924103,1.430456519126892,0.47049999237060547,1.4953694343566895
268,0.492900013923645,1.4300158023834229,0.4620000123977661,1.4869391918182373
269,0.49239999055862427,1.4289883375167847,0.46700000762939453,1.487673282623291
270,0.49799999594688416,1.4272186756134033,0.46299999952316284,1.4959924221038818
271,0.49570000171661377,1.4259592294692993,0.4410000145435333,1.5271655321121216
272,0.4966999888420105,1.4283790588378906,0.4580000042915344,1.5006557703018188
273,0.49410000443458557,1.4233675003051758,0.4625000059604645,1.4805787801742554
274,0.4970000088214874,1.4256510734558105,0.4505000114440918,1.5775182247161865
275,0.49779999256134033,1.4258482456207275,0.4729999899864197,1.4947059154510498
276,0.4952000081539154,1.4204946756362915,0.47049999237060547,1.5046991109848022
277,0.4975999891757965,1.4188650846481323,0.460999995470047,1.5017406940460205
278,0.4925999939441681,1.420667290687561,0.4584999978542328,1.5014592409133911
279,0.5001999735832214,1.4193447828292847,0.44200000166893005,1.5281537771224976
280,0.4968000054359436,1.4175586700439453,0.460999995470047,1.4984824657440186
281,0.4932999908924103,1.414560079574585,0.4659999907016754,1.5071756839752197
282,0.4991999864578247,1.4188238382339478,0.4584999978542328,1.4968105554580688
283,0.49970000982284546,1.4156595468521118,0.46149998903274536,1.4875338077545166
284,0.5013999938964844,1.41146981716156,0.46700000762939453,1.4741311073303223
285,0.49779999256134033,1.4135326147079468,0.4480000138282776,1.5141397714614868
286,0.5012000203132629,1.4110949039459229,0.4269999861717224,1.6014803647994995
287,0.49889999628067017,1.4151225090026855,0.42399999499320984,1.679286003112793
288,0.5030999779701233,1.4127531051635742,0.47099998593330383,1.485902190208435
289,0.5040000081062317,1.4092496633529663,0.46650001406669617,1.4705556631088257
290,0.5012000203132629,1.4080003499984741,0.4555000066757202,1.4931329488754272
291,0.503000020980835,1.4061037302017212,0.4715000092983246,1.4619196653366089
292,0.49720001220703125,1.4095808267593384,0.4659999907016754,1.4713435173034668
293,0.5047000050544739,1.4057337045669556,0.4729999899864197,1.4728870391845703
294,0.5027999877929688,1.4050489664077759,0.42250001430511475,1.6703523397445679
295,0.5001000165939331,1.409989833831787,0.46149998903274536,1.471531867980957
296,0.5038999915122986,1.4022552967071533,0.4645000100135803,1.4698913097381592
297,0.5015000104904175,1.40323805809021,0.4625000059604645,1.4907300472259521
298,0.5030999779701233,1.4036715030670166,0.47450000047683716,1.4773470163345337
299,0.5044999718666077,1.402668833732605,0.46799999475479126,1.4646799564361572
300,0.5055000185966492,1.3993841409683228,0.46149998903274536,1.4773389101028442
301,0.5058000087738037,1.4016740322113037,0.4180000126361847,1.597232699394226
302,0.5088000297546387,1.3986848592758179,0.46399998664855957,1.4705569744110107
303,0.5034000277519226,1.3974207639694214,0.3425000011920929,2.04691743850708
304,0.5020999908447266,1.404784917831421,0.4715000092983246,1.4659937620162964
305,0.5048999786376953,1.395994782447815,0.42649999260902405,1.5790473222732544
306,0.5048999786376953,1.3971112966537476,0.45899999141693115,1.484805703163147
307,0.5062000155448914,1.3959555625915527,0.4675000011920929,1.5583211183547974
308,0.5077999830245972,1.3912327289581299,0.4449999928474426,1.5085148811340332
309,0.5074999928474426,1.3898389339447021,0.4699999988079071,1.459102988243103
310,0.511900007724762,1.3905620574951172,0.46650001406669617,1.4615174531936646
311,0.5072000026702881,1.3912967443466187,0.45100000500679016,1.5033526420593262
312,0.5088000297546387,1.3945389986038208,0.47600001096725464,1.4591740369796753
313,0.5101000070571899,1.386173129081726,0.4699999988079071,1.4694041013717651
314,0.5063999891281128,1.3890379667282104,0.453000009059906,1.4981727600097656
315,0.5080999732017517,1.3877363204956055,0.45750001072883606,1.4971767663955688
316,0.5065000057220459,1.3912994861602783,0.4650000035762787,1.47697114944458
317,0.5048999786376953,1.3886802196502686,0.4805000126361847,1.4491735696792603
318,0.5134000182151794,1.385512113571167,0.48899999260902405,1.4471338987350464
319,0.5072000026702881,1.3873491287231445,0.4625000059604645,1.486809492111206
320,0.5145999789237976,1.38016939163208,0.4715000092983246,1.4584187269210815
321,0.5078999996185303,1.3850868940353394,0.48500001430511475,1.4527803659439087
322,0.510200023651123,1.3828017711639404,0.4449999928474426,1.541725516319275
323,0.5133000016212463,1.383203148841858,0.46399998664855957,1.4804222583770752
324,0.5123999714851379,1.383622646331787,0.45500001311302185,1.4863810539245605
325,0.5091000199317932,1.3810826539993286,0.4235000014305115,1.5767152309417725
326,0.5134000182151794,1.3786975145339966,0.47600001096725464,1.4650475978851318
327,0.5157999992370605,1.3770126104354858,0.4645000100135803,1.5648672580718994
328,0.5081999897956848,1.3797577619552612,0.48750001192092896,1.4639419317245483
329,0.5184000134468079,1.3746225833892822,0.4805000126361847,1.4404091835021973
330,0.5135999917984009,1.3749946355819702,0.45350000262260437,1.5071568489074707
331,0.5117999911308289,1.3750790357589722,0.46399998664855957,1.5690741539001465
332,0.515999972820282,1.3770488500595093,0.4684999883174896,1.4589446783065796
333,0.5126000046730042,1.371812105178833,0.4740000069141388,1.4426078796386719
334,0.5127999782562256,1.3721727132797241,0.43549999594688416,1.574089765548706
335,0.5131999850273132,1.373666763305664,0.48350000381469727,1.4467971324920654
336,0.5146999955177307,1.3708899021148682,0.4690000116825104,1.4633979797363281
337,0.5160999894142151,1.3698203563690186,0.4794999957084656,1.4680323600769043
338,0.5194000005722046,1.3697348833084106,0.48500001430511475,1.4367215633392334
339,0.5123000144958496,1.3669919967651367,0.4645000100135803,1.4763398170471191
340,0.5151000022888184,1.3679758310317993,0.4584999978542328,1.4777936935424805
341,0.5133000016212463,1.3683996200561523,0.47850000858306885,1.4772900342941284
342,0.5160999894142151,1.3664648532867432,0.4659999907016754,1.521683692932129
343,0.512499988079071,1.3688180446624756,0.4805000126361847,1.4342844486236572
344,0.5156999826431274,1.3676291704177856,0.47200000286102295,1.509615421295166
345,0.5171999931335449,1.367866039276123,0.484499990940094,1.4353910684585571
346,0.516700029373169,1.363244891166687,0.47200000286102295,1.4607192277908325
347,0.5170000195503235,1.362504243850708,0.48249998688697815,1.4835748672485352
348,0.5195000171661377,1.3632404804229736,0.4790000021457672,1.444265365600586
349,0.5130000114440918,1.3640294075012207,0.45500001311302185,1.497097373008728
350,0.5187000036239624,1.3596057891845703,0.42500001192092896,1.631671667098999
351,0.5184999704360962,1.360243320465088,0.4819999933242798,1.4500024318695068
352,0.5194000005722046,1.358516812324524,0.4790000021457672,1.441043496131897
353,0.5202999711036682,1.3583711385726929,0.4869999885559082,1.4508111476898193
354,0.5171999931335449,1.3597592115402222,0.4790000021457672,1.4373098611831665
355,0.5217999815940857,1.356823205947876,0.4754999876022339,1.465327262878418
356,0.521399974822998,1.3536219596862793,0.44699999690055847,1.620270848274231
357,0.5187000036239624,1.3573728799819946,0.4699999988079071,1.4510109424591064
358,0.5246999859809875,1.3552623987197876,0.4880000054836273,1.4378695487976074
359,0.5217999815940857,1.3591997623443604,0.4595000147819519,1.4918767213821411
360,0.5192999839782715,1.3576103448867798,0.4880000054836273,1.4534708261489868
361,0.5239999890327454,1.3519929647445679,0.48649999499320984,1.4550851583480835
362,0.5217000246047974,1.347901701927185,0.49050000309944153,1.435860276222229
363,0.5223000049591064,1.3511005640029907,0.4819999933242798,1.4803597927093506
364,0.5210000276565552,1.3515026569366455,0.46799999475479126,1.4435957670211792
365,0.5235999822616577,1.3488491773605347,0.45899999141693115,1.4800913333892822
366,0.524399995803833,1.3482856750488281,0.492000013589859,1.4264017343521118
367,0.522599995136261,1.3469349145889282,0.45899999141693115,1.5597838163375854
368,0.5231000185012817,1.3500257730484009,0.4830000102519989,1.4291272163391113
369,0.5228000283241272,1.3454771041870117,0.4855000078678131,1.4189308881759644
370,0.5246999859809875,1.3444026708602905,0.4790000021457672,1.4464728832244873
371,0.5185999870300293,1.3540873527526855,0.47049999237060547,1.4547747373580933
372,0.524399995803833,1.3442208766937256,0.4320000112056732,1.5499731302261353
373,0.5249999761581421,1.343332290649414,0.46950000524520874,1.4564157724380493
374,0.5235000252723694,1.3421920537948608,0.4519999921321869,1.515256643295288
375,0.5217999815940857,1.3434312343597412,0.4569999873638153,1.4741077423095703
376,0.5232999920845032,1.3439160585403442,0.4404999911785126,1.6270513534545898
377,0.5268999934196472,1.3447414636611938,0.4675000011920929,1.4899506568908691
378,0.5235000252723694,1.3393455743789673,0.46650001406669617,1.4821597337722778
379,0.5254999995231628,1.340559482574463,0.48399999737739563,1.4302178621292114
380,0.5292999744415283,1.338590145111084,0.49000000953674316,1.4420393705368042
381,0.5282999873161316,1.335800051689148,0.4860000014305115,1.4203166961669922
382,0.5302000045776367,1.3364441394805908,0.4690000116825104,1.4601020812988281
383,0.5274999737739563,1.335174560546875,0.484499990940094,1.4473496675491333
384,0.5277000069618225,1.3349989652633667,0.4860000014305115,1.4230910539627075
385,0.5268999934196472,1.3379416465759277,0.48249998688697815,1.473280668258667
386,0.527400016784668,1.3336879014968872,0.4909999966621399,1.4179420471191406
387,0.5313000082969666,1.332632064819336,0.492000013589859,1.4130257368087769
388,0.5284000039100647,1.3349096775054932,0.48500001430511475,1.4302517175674438
389,0.5307000279426575,1.332509994506836,0.48100000619888306,1.4626647233963013
390,0.5289000272750854,1.3338171243667603,0.49050000309944153,1.4205960035324097
391,0.5264000296592712,1.3326770067214966,0.48100000619888306,1.5010762214660645
392,0.5307000279426575,1.3292722702026367,0.4869999885559082,1.4136015176773071
393,0.531499981880188,1.328418493270874,0.47049999237060547,1.476212739944458
394,0.5295000076293945,1.3322110176086426,0.4449999928474426,1.548608660697937
395,0.5282999873161316,1.3314584493637085,0.49300000071525574,1.4231902360916138
396,0.5317999720573425,1.3282856941223145,0.46299999952316284,1.480800986289978
397,0.5303000211715698,1.3296899795532227,0.4230000078678131,1.575252652168274
398,0.5311999917030334,1.328332543373108,0.4675000011920929,1.4858808517456055
399,0.5318999886512756,1.3278573751449585,0.47200000286102295,1.4360930919647217
400,0.534500002861023,1.3234704732894897,0.48899999260902405,1.4263410568237305
401,0.5338000059127808,1.3246692419052124,0.5019999742507935,1.4068856239318848
402,0.5322999954223633,1.321462869644165,0.4580000042915344,1.4971669912338257
403,0.5315999984741211,1.3224364519119263,0.4959999918937683,1.422979474067688
404,0.5342000126838684,1.3225032091140747,0.48750001192092896,1.4237706661224365
405,0.5325999855995178,1.321450114250183,0.42800000309944153,1.6970062255859375
406,0.5303000211715698,1.324567437171936,0.4480000138282776,1.498384952545166
407,0.5339000225067139,1.3215388059616089,0.47350001335144043,1.4456689357757568
408,0.5360000133514404,1.320393681526184,0.49799999594688416,1.3969464302062988
409,0.5339999794960022,1.3190404176712036,0.49799999594688416,1.4341275691986084
410,0.5357000231742859,1.3140639066696167,0.460999995470047,1.5599174499511719
411,0.5339000225067139,1.3171359300613403,0.48899999260902405,1.4151190519332886
412,0.535099983215332,1.3207371234893799,0.4309999942779541,1.5632370710372925
413,0.5358999967575073,1.3196325302124023,0.4805000126361847,1.4363088607788086
414,0.5354999899864197,1.3151965141296387,0.48249998688697815,1.426235556602478
415,0.5356000065803528,1.319184422492981,0.47350001335144043,1.4581897258758545
416,0.5329999923706055,1.3140770196914673,0.4724999964237213,1.4600675106048584
417,0.5389999747276306,1.3119772672653198,0.49300000071525574,1.401235818862915
418,0.5343000292778015,1.314083456993103,0.4339999854564667,1.5828865766525269
419,0.5342000126838684,1.3164235353469849,0.4779999852180481,1.4608097076416016
420,0.5393000245094299,1.3091052770614624,0.4749999940395355,1.4695098400115967
421,0.5396000146865845,1.30972158908844,0.3684999942779541,1.859544277191162
422,0.5354999899864197,1.3150221109390259,0.4715000092983246,1.4808276891708374
423,0.5374000072479248,1.307882308959961,0.4359999895095825,1.705438494682312
424,0.5392000079154968,1.3084009885787964,0.49950000643730164,1.4212361574172974
425,0.5364000201225281,1.3066133260726929,0.48500001430511475,1.427233099937439
426,0.5406000018119812,1.3064570426940918,0.5034999847412109,1.3954691886901855
427,0.5375999808311462,1.3074313402175903,0.5074999928474426,1.3948338031768799
428,0.539900004863739,1.3050382137298584,0.5034999847412109,1.3868132829666138
429,0.5386999845504761,1.3053877353668213,0.3720000088214874,1.9467976093292236
430,0.5374000072479248,1.3142887353897095,0.4779999852180481,1.4976320266723633
431,0.541700005531311,1.3019579648971558,0.5009999871253967,1.38913893699646
432,0.5410000085830688,1.3031761646270752,0.4754999876022339,1.4414836168289185
433,0.5358999967575073,1.3035393953323364,0.5074999928474426,1.3833788633346558
434,0.5425999760627747,1.299007534980774,0.476500004529953,1.455725073814392
435,0.5410000085830688,1.29876708984375,0.48350000381469727,1.429782509803772
436,0.5407999753952026,1.2988710403442383,0.49799999594688416,1.425973892211914
437,0.5400000214576721,1.2969164848327637,0.5005000233650208,1.3909436464309692
438,0.5414000153541565,1.2974377870559692,0.4945000112056732,1.445876121520996
439,0.5418999791145325,1.2970002889633179,0.5009999871253967,1.3970168828964233
440,0.5432999730110168,1.296280026435852,0.49799999594688416,1.3980361223220825
441,0.5424000024795532,1.2979235649108887,0.503000020980835,1.4051851034164429
442,0.5435000061988831,1.2986137866973877,0.5019999742507935,1.385598063468933
443,0.545799970626831,1.2957007884979248,0.4855000078678131,1.4800093173980713
444,0.5378999710083008,1.2946504354476929,0.445499986410141,1.519153118133545
445,0.5408999919891357,1.2942701578140259,0.47850000858306885,1.444126009941101
446,0.5454000234603882,1.2935750484466553,0.4794999957084656,1.4222018718719482
447,0.5442000031471252,1.2897924184799194,0.4269999861717224,1.6285477876663208
448,0.5436999797821045,1.295491099357605,0.4569999873638153,1.4758477210998535
449,0.5436000227928162,1.2943695783615112,0.5084999799728394,1.3724232912063599
450,0.5467000007629395,1.2910544872283936,0.48649999499320984,1.4273078441619873
451,0.5454000234603882,1.2930723428726196,0.484499990940094,1.4296292066574097
452,0.5447999835014343,1.2912405729293823,0.5044999718666077,1.3795132637023926
453,0.5478000044822693,1.2833280563354492,0.48249998688697815,1.4333250522613525
454,0.5486999750137329,1.2846065759658813,0.4970000088214874,1.397308349609375
455,0.5449000000953674,1.2870900630950928,0.4729999899864197,1.4703818559646606
456,0.5440999865531921,1.293015480041504,0.5034999847412109,1.3772696256637573
457,0.5479000210762024,1.2852760553359985,0.48249998688697815,1.4285722970962524
458,0.5450000166893005,1.2887345552444458,0.4975000023841858,1.3971844911575317
459,0.5509999990463257,1.2807788848876953,0.5134999752044678,1.3771262168884277
460,0.5425999760627747,1.2843610048294067,0.4699999988079071,1.525258183479309
461,0.5475999712944031,1.2876046895980835,0.44749999046325684,1.5419131517410278
462,0.5458999872207642,1.2847756147384644,0.453000009059906,1.5120562314987183
463,0.545799970626831,1.2854106426239014,0.4950000047683716,1.4050395488739014
464,0.5511999726295471,1.2806031703948975,0.4894999861717224,1.4104106426239014
465,0.5440999865531921,1.2837623357772827,0.5049999952316284,1.397672414779663
466,0.54830002784729,1.281139612197876,0.48899999260902405,1.4438685178756714
467,0.5503000020980835,1.2788218259811401,0.47450000047683716,1.4500726461410522
468,0.5501000285148621,1.2766647338867188,0.4975000023841858,1.4123806953430176
469,0.5501999855041504,1.2800641059875488,0.47099998593330383,1.4439313411712646
470,0.5453000068664551,1.280500888824463,0.5040000081062317,1.3954640626907349
471,0.5458999872207642,1.2828071117401123,0.492000013589859,1.4021791219711304
472,0.5501000285148621,1.2770582437515259,0.5139999985694885,1.3707391023635864
473,0.5497999787330627,1.2811883687973022,0.5084999799728394,1.3983842134475708
474,0.5497000217437744,1.2777968645095825,0.49149999022483826,1.4137613773345947
475,0.5472999811172485,1.2800357341766357,0.5059999823570251,1.3651618957519531
476,0.5547000169754028,1.2735514640808105,0.484499990940094,1.4170376062393188
477,0.5532000064849854,1.2722769975662231,0.5,1.3917068243026733
478,0.5519000291824341,1.2711875438690186,0.4794999957084656,1.4508050680160522
479,0.5511999726295471,1.273306965827942,0.49399998784065247,1.4220935106277466
480,0.5485000014305115,1.2720167636871338,0.5019999742507935,1.3873721361160278
481,0.5565000176429749,1.2683953046798706,0.484499990940094,1.4759511947631836
482,0.5533000230789185,1.270914077758789,0.4894999861717224,1.4279862642288208
483,0.5516999959945679,1.2704459428787231,0.49950000643730164,1.3888506889343262
484,0.552299976348877,1.2685061693191528,0.5210000276565552,1.3672250509262085
485,0.5519000291824341,1.270687460899353,0.515500009059906,1.376076579093933
486,0.5532000064849854,1.26954984664917,0.5090000033378601,1.3690185546875
487,0.5559999942779541,1.2666466236114502,0.5180000066757202,1.366053581237793
488,0.5546000003814697,1.2684249877929688,0.45649999380111694,1.5179015398025513
489,0.5557000041007996,1.2708176374435425,0.49000000953674316,1.4095444679260254
490,0.5539000034332275,1.2687574625015259,0.5019999742507935,1.4143139123916626
491,0.5533999800682068,1.2671442031860352,0.5024999976158142,1.3706388473510742
492,0.5543000102043152,1.2639687061309814,0.476500004529953,1.440965175628662
493,0.5559999942779541,1.263060450553894,0.4925000071525574,1.4066439867019653
494,0.5523999929428101,1.2693623304367065,0.4779999852180481,1.5226526260375977
495,0.5580000281333923,1.267031192779541,0.48249998688697815,1.416327714920044
496,0.5580000281333923,1.262303113937378,0.4729999899864197,1.509271502494812
497,0.5522000193595886,1.263675332069397,0.5055000185966492,1.405969262123108
498,0.5580000281333923,1.260634422302246,0.47850000858306885,1.4303996562957764
499,0.5547000169754028,1.2589876651763916,0.503000020980835,1.4029589891433716
500,0.5587999820709229,1.2616938352584839,0.47699999809265137,1.4323047399520874
501,0.5564000010490417,1.261311650276184,0.5174999833106995,1.3814284801483154
502,0.5547000169754028,1.2575098276138306,0.47850000858306885,1.5313444137573242
503,0.5580999851226807,1.2624152898788452,0.4620000123977661,1.4975699186325073
504,0.5576000213623047,1.260969877243042,0.48249998688697815,1.4694905281066895
505,0.5587000250816345,1.2589068412780762,0.5095000267028809,1.3590004444122314
506,0.555899977684021,1.2594372034072876,0.49799999594688416,1.3910255432128906
507,0.5587999820709229,1.2568753957748413,0.4860000014305115,1.4120711088180542
508,0.5547000169754028,1.2606743574142456,0.49149999022483826,1.4251224994659424
509,0.5540000200271606,1.2600865364074707,0.5109999775886536,1.387778878211975
510,0.5609999895095825,1.2549902200698853,0.5130000114440918,1.3655833005905151
511,0.5597000122070312,1.252469778060913,0.48100000619888306,1.4359245300292969
512,0.5613999962806702,1.2501364946365356,0.5170000195503235,1.3680570125579834
513,0.5576000213623047,1.2507691383361816,0.5099999904632568,1.3581513166427612
514,0.5609999895095825,1.2526966333389282,0.4569999873638153,1.6579557657241821
515,0.5597000122070312,1.2570308446884155,0.48350000381469727,1.4308415651321411
516,0.5611000061035156,1.2515621185302734,0.4544999897480011,1.5093516111373901
517,0.5641999840736389,1.2508609294891357,0.4494999945163727,1.6638884544372559
518,0.5594000220298767,1.2542318105697632,0.4984999895095825,1.3800934553146362
519,0.5630999803543091,1.245833158493042,0.45399999618530273,1.5151814222335815
520,0.5648000240325928,1.246274709701538,0.45100000500679016,1.5173717737197876
521,0.564300000667572,1.2487614154815674,0.5080000162124634,1.38515305519104
522,0.560699999332428,1.2469425201416016,0.5015000104904175,1.4016151428222656
523,0.5648000240325928,1.2425273656845093,0.4860000014305115,1.4636180400848389
524,0.5627999901771545,1.2453173398971558,0.40700000524520874,1.7370997667312622
525,0.5616000294685364,1.252082109451294,0.3970000147819519,1.7623717784881592
526,0.5575000047683716,1.2460817098617554,0.4880000054836273,1.4675755500793457
527,0.5636000037193298,1.2439231872558594,0.4925000071525574,1.401261806488037
528,0.5630999803543091,1.244718313217163,0.4934999942779541,1.4126436710357666
529,0.5651999711990356,1.2445259094238281,0.4724999964237213,1.544424057006836
530,0.5626999735832214,1.245276689529419,0.49950000643730164,1.3978899717330933
531,0.565500020980835,1.239704966545105,0.4894999861717224,1.404091715812683
532,0.5640000104904175,1.2402032613754272,0.5139999985694885,1.3563398122787476
533,0.5615000128746033,1.2395198345184326,0.476500004529953,1.4412555694580078
534,0.5623999834060669,1.2421404123306274,0.49799999594688416,1.3749406337738037
535,0.5656999945640564,1.2384233474731445,0.5040000081062317,1.3864905834197998
536,0.5654000043869019,1.2386420965194702,0.5139999985694885,1.3907650709152222
537,0.5649999976158142,1.237372875213623,0.44999998807907104,1.5403525829315186
538,0.5645999908447266,1.2368478775024414,0.5224999785423279,1.349327802658081
539,0.5687999725341797,1.2301057577133179,0.48399999737739563,1.430138349533081
540,0.5662000179290771,1.2352945804595947,0.5090000033378601,1.377791404724121
541,0.5659000277519226,1.235640287399292,0.48350000381469727,1.4885411262512207
542,0.5665000081062317,1.2341846227645874,0.49549999833106995,1.3774298429489136
543,0.5631999969482422,1.2359062433242798,0.515999972820282,1.3477425575256348
544,0.5667999982833862,1.232492208480835,0.503000020980835,1.3963321447372437
545,0.5659000277519226,1.236116647720337,0.43650001287460327,1.5967686176300049
546,0.5640000104904175,1.2364708185195923,0.48649999499320984,1.4259909391403198
547,0.5633000135421753,1.233171820640564,0.5174999833106995,1.3706809282302856
548,0.567300021648407,1.2277863025665283,0.5044999718666077,1.3707700967788696
549,0.5706999897956848,1.2299392223358154,0.4560000002384186,1.6724282503128052
550,0.5649999976158142,1.2314331531524658,0.4884999990463257,1.463780403137207
551,0.5698999762535095,1.2306537628173828,0.5205000042915344,1.3581477403640747
552,0.5680999755859375,1.2325503826141357,0.48350000381469727,1.4553539752960205
553,0.5679000020027161,1.228068232536316,0.4790000021457672,1.4449677467346191
554,0.5674999952316284,1.2299245595932007,0.5055000185966492,1.380092740058899
555,0.5706999897956848,1.2285988330841064,0.4950000047683716,1.4052491188049316
556,0.569599986076355,1.2293812036514282,0.48399999737739563,1.486509084701538
557,0.5724999904632568,1.2255610227584839,0.5009999871253967,1.3796474933624268
558,0.5684999823570251,1.2271708250045776,0.4724999964237213,1.4919565916061401
559,0.5730000138282776,1.2229036092758179,0.512499988079071,1.3787109851837158
560,0.569599986076355,1.228100061416626,0.5005000233650208,1.3930381536483765
561,0.5752999782562256,1.2229573726654053,0.5199999809265137,1.3403855562210083
562,0.570900022983551,1.2255524396896362,0.515500009059906,1.3570773601531982
563,0.5702999830245972,1.2200740575790405,0.5210000276565552,1.3458163738250732
564,0.5730000138282776,1.22141695022583,0.5149999856948853,1.341901421546936
565,0.5698999762535095,1.2226530313491821,0.4345000088214874,1.7303804159164429
566,0.571399986743927,1.2270832061767578,0.5040000081062317,1.3772802352905273
567,0.5752999782562256,1.2204363346099854,0.5249999761581421,1.3503127098083496
568,0.5728999972343445,1.217861294746399,0.5055000185966492,1.3865044116973877
569,0.5726000070571899,1.2207063436508179,0.5084999799728394,1.363171100616455
570,0.5734999775886536,1.2155147790908813,0.4749999940395355,1.530982494354248
571,0.5746999979019165,1.2176851034164429,0.5180000066757202,1.3375864028930664
572,0.573199987411499,1.2152172327041626,0.5164999961853027,1.3405098915100098
573,0.5759999752044678,1.2160074710845947,0.5065000057220459,1.3696885108947754
574,0.5727999806404114,1.2155851125717163,0.5049999952316284,1.385109543800354
575,0.5728999972343445,1.2133909463882446,0.5145000219345093,1.3481041193008423
576,0.5734999775886536,1.215415596961975,0.484499990940094,1.4410568475723267
577,0.5728999972343445,1.2200926542282104,0.5084999799728394,1.3668861389160156
578,0.5740000009536743,1.213884711265564,0.5149999856948853,1.3764128684997559
579,0.578000009059906,1.2119375467300415,0.44600000977516174,1.6220109462738037
580,0.5727999806404114,1.2203072309494019,0.4869999885559082,1.4448577165603638
581,0.5759999752044678,1.2107855081558228,0.5220000147819519,1.3608689308166504
582,0.5727999806404114,1.213067889213562,0.5074999928474426,1.3654590845108032
583,0.5781999826431274,1.2095952033996582,0.5285000205039978,1.3347020149230957
584,0.5770000219345093,1.2080471515655518,0.5070000290870667,1.3749127388000488
585,0.579800009727478,1.2091484069824219,0.4945000112056732,1.3949593305587769
586,0.5759999752044678,1.2087428569793701,0.5174999833106995,1.342604160308838
587,0.5769000053405762,1.2080515623092651,0.5329999923706055,1.3318814039230347
588,0.5773000121116638,1.2074273824691772,0.4309999942779541,1.6556861400604248
589,0.5764999985694885,1.2087944746017456,0.5254999995231628,1.3388539552688599
590,0.5781000256538391,1.2028626203536987,0.5249999761581421,1.3353978395462036
591,0.5795999765396118,1.2013201713562012,0.5220000147819519,1.3762415647506714
592,0.5759999752044678,1.2077484130859375,0.5134999752044678,1.3750584125518799
593,0.579200029373169,1.2009612321853638,0.45500001311302185,1.5313987731933594
594,0.573199987411499,1.2122323513031006,0.48249998688697815,1.482017159461975
595,0.5781999826431274,1.2049719095230103,0.515500009059906,1.411807894706726
596,0.5789999961853027,1.2071924209594727,0.5170000195503235,1.367092251777649
597,0.5794000029563904,1.2049075365066528,0.5249999761581421,1.3392280340194702
598,0.5795999765396118,1.1996657848358154,0.5180000066757202,1.3233290910720825
599,0.576200008392334,1.2029908895492554,0.5235000252723694,1.335015058517456
600,0.5771999955177307,1.2042064666748047,0.5224999785423279,1.328591227531433
601,0.582099974155426,1.198272705078125,0.4894999861717224,1.4827638864517212
602,0.5795000195503235,1.2034316062927246,0.5214999914169312,1.3353917598724365
603,0.5799000263214111,1.1983331441879272,0.5235000252723694,1.3467426300048828
604,0.5763000249862671,1.201440453529358,0.48500001430511475,1.4802320003509521
605,0.5803999900817871,1.2004797458648682,0.5134999752044678,1.3612138032913208
606,0.5817999839782715,1.1981277465820312,0.49950000643730164,1.4131100177764893
607,0.579200029373169,1.2023663520812988,0.492000013589859,1.4074357748031616
608,0.5809000134468079,1.1959458589553833,0.4350000023841858,1.7506307363510132
609,0.5791000127792358,1.2007919549942017,0.4945000112056732,1.4495872259140015
610,0.5828999876976013,1.1972378492355347,0.515999972820282,1.3422263860702515
611,0.5806000232696533,1.1944395303726196,0.5149999856948853,1.3464666604995728
612,0.5819000005722046,1.1964648962020874,0.5040000081062317,1.376123070716858
613,0.5831000208854675,1.1915777921676636,0.4984999895095825,1.403262734413147
614,0.5853000283241272,1.1922937631607056,0.4519999921321869,1.562330722808838
615,0.5827000141143799,1.1946046352386475,0.515500009059906,1.3392860889434814
616,0.5846999883651733,1.1898856163024902,0.531499981880188,1.3144865036010742
617,0.5824000239372253,1.190582513809204,0.49300000071525574,1.4580856561660767
618,0.5787000060081482,1.1924517154693604,0.49799999594688416,1.3969720602035522
619,0.5842000246047974,1.1908881664276123,0.40799999237060547,1.7512458562850952
620,0.5831000208854675,1.1938815116882324,0.49300000071525574,1.4268124103546143
621,0.5838000178337097,1.1913632154464722,0.5065000057220459,1.3724181652069092
622,0.5881999731063843,1.1873595714569092,0.5024999976158142,1.3875170946121216
623,0.5842000246047974,1.1911084651947021,0.512499988079071,1.373207688331604
624,0.5857999920845032,1.1856874227523804,0.5009999871253967,1.3701812028884888
625,0.5885000228881836,1.1870875358581543,0.5230000019073486,1.3426767587661743
626,0.5856000185012817,1.187387466430664,0.5285000205039978,1.3139337301254272
627,0.588100016117096,1.182254433631897,0.5184999704360962,1.35140860080719
628,0.5853999853134155,1.185603380203247,0.5130000114440918,1.3509870767593384
629,0.5866000056266785,1.1840858459472656,0.4860000014305115,1.4339909553527832
630,0.586899995803833,1.18362557888031,0.5235000252723694,1.3221044540405273
631,0.5881999731063843,1.1835734844207764,0.5285000205039978,1.3306561708450317
632,0.5873000025749207,1.1823540925979614,0.5080000162124634,1.3602045774459839
633,0.5892999768257141,1.181207537651062,0.4860000014305115,1.422391653060913
634,0.585099995136261,1.1868937015533447,0.49799999594688416,1.4430431127548218
635,0.5845000147819519,1.1808350086212158,0.5285000205039978,1.3087987899780273
636,0.5884000062942505,1.181845784187317,0.5304999947547913,1.3066905736923218
637,0.5859000086784363,1.1779565811157227,0.4724999964237213,1.5138410329818726
638,0.59170001745224,1.1810747385025024,0.5189999938011169,1.310876488685608
639,0.5889999866485596,1.1770405769348145,0.4675000011920929,1.4942821264266968
640,0.5889999866485596,1.180861234664917,0.5115000009536743,1.3718793392181396
641,0.5867999792098999,1.1813359260559082,0.5264999866485596,1.31257963180542
642,0.5906999707221985,1.176712155342102,0.5065000057220459,1.3850380182266235
643,0.5892999768257141,1.1798865795135498,0.4830000102519989,1.4473954439163208
644,0.5888000130653381,1.176421880722046,0.4945000112056732,1.4158799648284912
645,0.5848000049591064,1.177415132522583,0.5270000100135803,1.3234845399856567
646,0.5929999947547913,1.1716870069503784,0.5254999995231628,1.3276301622390747
647,0.5895000100135803,1.1734119653701782,0.4580000042915344,1.5568333864212036
648,0.5888000130653381,1.1792649030685425,0.46799999475479126,1.482624888420105
649,0.5911999940872192,1.1733665466308594,0.5239999890327454,1.347251296043396
650,0.5891000032424927,1.175369381904602,0.5070000290870667,1.40171480178833
651,0.593999981880188,1.1705368757247925,0.5249999761581421,1.3319991827011108
652,0.59579998254776,1.170547366142273,0.5270000100135803,1.3268548250198364
653,0.5909000039100647,1.169491171836853,0.5174999833106995,1.339052438735962
654,0.5921000242233276,1.1672171354293823,0.5049999952316284,1.385519027709961
655,0.589900016784668,1.1711280345916748,0.5210000276565552,1.366086721420288
656,0.59170001745224,1.1714344024658203,0.5059999823570251,1.376590609550476
657,0.589900016784668,1.168931007385254,0.531000018119812,1.325750470161438
658,0.5929999947547913,1.1704050302505493,0.5210000276565552,1.322116732597351
659,0.5893999934196472,1.1721725463867188,0.5375000238418579,1.3049184083938599
660,0.593999981880188,1.1652767658233643,0.5274999737739563,1.3284409046173096
661,0.5935999751091003,1.1671528816223145,0.47699999809265137,1.508276104927063
662,0.5911999940872192,1.1737966537475586,0.5375000238418579,1.310128927230835
663,0.5946000218391418,1.1678818464279175,0.5049999952316284,1.386873722076416
664,0.5906000137329102,1.1710807085037231,0.5174999833106995,1.3710758686065674
665,0.5942000150680542,1.1664869785308838,0.5245000123977661,1.3575503826141357
666,0.593500018119812,1.1666861772537231,0.5189999938011169,1.3556203842163086
667,0.5950999855995178,1.16416597366333,0.47749999165534973,1.4829379320144653
668,0.5940999984741211,1.1660085916519165,0.5245000123977661,1.3281928300857544
669,0.5947999954223633,1.1645582914352417,0.453000009059906,1.564354658126831
670,0.5898000001907349,1.1684954166412354,0.5145000219345093,1.3622664213180542
671,0.5965999960899353,1.1646071672439575,0.531000018119812,1.3105112314224243
672,0.5956000089645386,1.1620612144470215,0.527999997138977,1.328689455986023
673,0.59170001745224,1.1643834114074707,0.531499981880188,1.3135381937026978
674,0.595300018787384,1.159184455871582,0.5120000243186951,1.354404330253601
675,0.5963000059127808,1.1596930027008057,0.5074999928474426,1.4291913509368896
676,0.5929999947547913,1.160162329673767,0.5264999866485596,1.3434340953826904
677,0.5986999869346619,1.1525096893310547,0.4945000112056732,1.4014047384262085
678,0.5964999794960022,1.1591575145721436,0.48750001192092896,1.3895349502563477
679,0.5960999727249146,1.1602988243103027,0.5199999809265137,1.3362354040145874
680,0.5939000248908997,1.156475305557251,0.48249998688697815,1.45918869972229
681,0.5968000292778015,1.1560207605361938,0.492000013589859,1.4952210187911987
682,0.5956000089645386,1.1579954624176025,0.49050000309944153,1.4231818914413452
683,0.5965999960899353,1.1590018272399902,0.5339999794960022,1.3070828914642334
684,0.5971999764442444,1.1549180746078491,0.5,1.3895049095153809
685,0.5995000004768372,1.1527245044708252,0.5120000243186951,1.351757526397705
686,0.5986999869346619,1.1564483642578125,0.4584999978542328,1.5749226808547974
687,0.5971999764442444,1.1556810140609741,0.5254999995231628,1.315941333770752
688,0.599399983882904,1.1517671346664429,0.5145000219345093,1.386358380317688
689,0.5971999764442444,1.1491057872772217,0.5249999761581421,1.3064019680023193
690,0.6007999777793884,1.1489641666412354,0.45399999618530273,1.6263376474380493
691,0.5968000292778015,1.1549098491668701,0.45350000262260437,1.6227717399597168
692,0.5995000004768372,1.150481939315796,0.5109999775886536,1.408215045928955
693,0.5978000164031982,1.1486870050430298,0.5364999771118164,1.3100446462631226
694,0.5999000072479248,1.145812749862671,0.5354999899864197,1.3194745779037476
695,0.5960999727249146,1.1520479917526245,0.5109999775886536,1.3649916648864746
696,0.6000999808311462,1.1507303714752197,0.5375000238418579,1.3422709703445435
697,0.5978999733924866,1.1477614641189575,0.4984999895095825,1.4604493379592896
698,0.6000000238418579,1.1467514038085938,0.5304999947547913,1.3390510082244873
699,0.6010000109672546,1.1465829610824585,0.5049999952316284,1.378261685371399
700,0.6010000109672546,1.1442737579345703,0.5145000219345093,1.3525224924087524
701,0.6017000079154968,1.1434680223464966,0.5304999947547913,1.3195127248764038
702,0.6028000116348267,1.143829584121704,0.5070000290870667,1.384661078453064
703,0.6015999913215637,1.144813895225525,0.5180000066757202,1.356844425201416
704,0.5989999771118164,1.1453913450241089,0.5364999771118164,1.305067777633667
705,0.6033999919891357,1.1397250890731812,0.5120000243186951,1.3309024572372437
706,0.6015999913215637,1.1438103914260864,0.515500009059906,1.3551287651062012
707,0.6032999753952026,1.1405473947525024,0.5245000123977661,1.3137274980545044
708,0.6040999889373779,1.1380882263183594,0.5389999747276306,1.290844202041626
709,0.6004999876022339,1.1392368078231812,0.5354999899864197,1.3052409887313843
710,0.6011000275611877,1.1459730863571167,0.5375000238418579,1.298980712890625
711,0.6022999882698059,1.1396009922027588,0.5379999876022339,1.2952368259429932
712,0.6050000190734863,1.1373677253723145,0.5394999980926514,1.3003690242767334
713,0.6051999926567078,1.1403676271438599,0.5295000076293945,1.325067162513733
714,0.6026999950408936,1.1379441022872925,0.5120000243186951,1.3651801347732544
715,0.6043000221252441,1.1378133296966553,0.5385000109672546,1.2917931079864502
716,0.6044999957084656,1.1372932195663452,0.5,1.3852450847625732
717,0.6040999889373779,1.1391264200210571,0.4984999895095825,1.4391762018203735
718,0.6029000282287598,1.1371413469314575,0.5479999780654907,1.2979658842086792
719,0.6035000085830688,1.1376659870147705,0.44999998807907104,1.602538824081421
720,0.6019999980926514,1.1403697729110718,0.4894999861717224,1.4224187135696411
721,0.605400025844574,1.1353427171707153,0.5329999923706055,1.305873155593872
722,0.603600025177002,1.1365822553634644,0.5120000243186951,1.375259518623352
723,0.6049000024795532,1.132754921913147,0.4779999852180481,1.531374216079712
724,0.6047000288963318,1.1344504356384277,0.4945000112056732,1.4062471389770508
725,0.6051999926567078,1.1302682161331177,0.5254999995231628,1.3337819576263428
726,0.6071000099182129,1.1329727172851562,0.5139999985694885,1.3536447286605835
727,0.6040999889373779,1.132135033607483,0.546999990940094,1.288574457168579
728,0.6072999835014343,1.1307257413864136,0.5295000076293945,1.329949975013733
729,0.607200026512146,1.1317377090454102,0.5360000133514404,1.3018388748168945
730,0.6075999736785889,1.1312806606292725,0.5239999890327454,1.3295687437057495
731,0.6093000173568726,1.125962734222412,0.46700000762939453,1.4960559606552124
732,0.6062999963760376,1.1314122676849365,0.48899999260902405,1.4694242477416992
733,0.6090999841690063,1.12844717502594,0.45750001072883606,1.5219101905822754
734,0.6118999719619751,1.1302225589752197,0.5199999809265137,1.3410749435424805
735,0.6098999977111816,1.1282832622528076,0.5320000052452087,1.3448083400726318
736,0.6086000204086304,1.1278525590896606,0.5254999995231628,1.3373817205429077
737,0.6075000166893005,1.1260145902633667,0.5414999723434448,1.3022207021713257
738,0.611299991607666,1.1248692274093628,0.5049999952316284,1.3900880813598633
739,0.6098999977111816,1.1272493600845337,0.5065000057220459,1.415174126625061
740,0.6126999855041504,1.1252763271331787,0.5394999980926514,1.3015116453170776
741,0.6090999841690063,1.124759316444397,0.4359999895095825,1.6829547882080078
742,0.604200005531311,1.1317594051361084,0.47999998927116394,1.5008889436721802
743,0.6100999712944031,1.1282014846801758,0.5220000147819519,1.3360809087753296
744,0.61080002784729,1.1176663637161255,0.46399998664855957,1.6531277894973755
745,0.6050000190734863,1.1300737857818604,0.5235000252723694,1.3684693574905396
746,0.6086000204086304,1.121733546257019,0.46050000190734863,1.5674951076507568
747,0.6067000031471252,1.1256357431411743,0.46299999952316284,1.5236564874649048
748,0.6075000166893005,1.123559832572937,0.5414999723434448,1.3123836517333984
749,0.6114000082015991,1.1196696758270264,0.5254999995231628,1.3317692279815674
750,0.6122000217437744,1.1170347929000854,0.5049999952316284,1.3938997983932495
751,0.6089000105857849,1.1207505464553833,0.546999990940094,1.2938883304595947
752,0.6090999841690063,1.1191694736480713,0.5370000004768372,1.3204983472824097
753,0.6111999750137329,1.1192952394485474,0.5404999852180481,1.294317603111267
754,0.6133000254631042,1.1152758598327637,0.5049999952316284,1.382757544517517
755,0.6100999712944031,1.1218109130859375,0.5180000066757202,1.3545618057250977
756,0.6122000217437744,1.1194252967834473,0.5299999713897705,1.3085782527923584
757,0.6122999787330627,1.114466905593872,0.5354999899864197,1.3000314235687256
758,0.6100999712944031,1.1131104230880737,0.5295000076293945,1.3560905456542969
759,0.6144000291824341,1.1136072874069214,0.5354999899864197,1.2977415323257446
760,0.6141999959945679,1.1187876462936401,0.5239999890327454,1.337138056755066
761,0.6126000285148621,1.1105462312698364,0.527999997138977,1.339597225189209
762,0.6122999787330627,1.1119073629379272,0.5339999794960022,1.3018447160720825
763,0.6141999959945679,1.1090688705444336,0.5354999899864197,1.3040516376495361
764,0.6104000210762024,1.114090919494629,0.5370000004768372,1.3049429655075073
765,0.6146000027656555,1.1125504970550537,0.5164999961853027,1.3379852771759033
766,0.6140999794006348,1.1114310026168823,0.527999997138977,1.3431410789489746
767,0.6139000058174133,1.111448049545288,0.5414999723434448,1.2954055070877075
768,0.6129999756813049,1.1109851598739624,0.5429999828338623,1.3019933700561523
769,0.6119999885559082,1.1090456247329712,0.5109999775886536,1.456986427307129
770,0.614799976348877,1.1096497774124146,0.550000011920929,1.2791270017623901
771,0.6159999966621399,1.1069592237472534,0.5044999718666077,1.4294906854629517
772,0.616100013256073,1.1073060035705566,0.5184999704360962,1.3504350185394287
773,0.6133999824523926,1.105838418006897,0.5414999723434448,1.2972298860549927
774,0.6139000058174133,1.1069270372390747,0.5170000195503235,1.3592671155929565
775,0.6155999898910522,1.1048307418823242,0.5404999852180481,1.312127947807312
776,0.616599977016449,1.1098135709762573,0.49799999594688416,1.4151649475097656
777,0.6159999966621399,1.1077455282211304,0.5299999713897705,1.3071786165237427
778,0.6151999831199646,1.1074626445770264,0.5364999771118164,1.2912272214889526
779,0.6166999936103821,1.104479193687439,0.48750001192092896,1.4733332395553589
780,0.6151000261306763,1.1050149202346802,0.5400000214576721,1.325725793838501
781,0.6129999756813049,1.1055387258529663,0.5285000205039978,1.346301794052124
782,0.6140999794006348,1.1034153699874878,0.5040000081062317,1.4043970108032227
783,0.617900013923645,1.104821801185608,0.5299999713897705,1.3477946519851685
784,0.6151999831199646,1.1024820804595947,0.5235000252723694,1.3631516695022583
785,0.6193000078201294,1.0987048149108887,0.5339999794960022,1.3072690963745117
786,0.6172000169754028,1.0990840196609497,0.5350000262260437,1.3351041078567505
787,0.6151999831199646,1.1035659313201904,0.5429999828338623,1.3015375137329102
788,0.6194000244140625,1.099565863609314,0.5425000190734863,1.3204426765441895
789,0.6168000102043152,1.100583553314209,0.5019999742507935,1.4183602333068848
790,0.6189000010490417,1.1011484861373901,0.5494999885559082,1.2801480293273926
791,0.6175000071525574,1.0983446836471558,0.5435000061988831,1.3030449151992798
792,0.6180999875068665,1.0998300313949585,0.5389999747276306,1.300884485244751
793,0.6190999746322632,1.1029301881790161,0.5320000052452087,1.3271092176437378
794,0.6177999973297119,1.0962413549423218,0.4690000116825104,1.544999361038208
795,0.6164000034332275,1.1014008522033691,0.527999997138977,1.362931728363037
796,0.6189000010490417,1.0986945629119873,0.515500009059906,1.3887526988983154
797,0.6190000176429749,1.0947315692901611,0.5364999771118164,1.3114910125732422
798,0.6233000159263611,1.0952653884887695,0.5329999923706055,1.3313277959823608
799,0.6219000220298767,1.093357801437378,0.5515000224113464,1.286506175994873
800,0.6211000084877014,1.0910457372665405,0.4934999942779541,1.4354256391525269
801,0.6209999918937683,1.0904011726379395,0.5494999885559082,1.2825983762741089
802,0.623199999332428,1.094033122062683,0.5485000014305115,1.2890123128890991
803,0.619700014591217,1.0903093814849854,0.5479999780654907,1.294626235961914
804,0.618399977684021,1.0945888757705688,0.5230000019073486,1.3841614723205566
805,0.6226000189781189,1.0903551578521729,0.5425000190734863,1.2957470417022705
806,0.6209999918937683,1.09059476852417,0.5210000276565552,1.384315013885498
807,0.6215000152587891,1.091242790222168,0.531499981880188,1.331987738609314
808,0.6220999956130981,1.0886017084121704,0.5195000171661377,1.341713786125183
809,0.6205000281333923,1.0888144969940186,0.5070000290870667,1.3997734785079956
810,0.6205999851226807,1.0909976959228516,0.5164999961853027,1.432124376296997
811,0.6197999715805054,1.0954824686050415,0.531499981880188,1.328761339187622
812,0.6193000078201294,1.0895462036132812,0.5040000081062317,1.4031903743743896
813,0.6212999820709229,1.0917690992355347,0.5475000143051147,1.276032567024231
814,0.6238999962806702,1.0882937908172607,0.5105000138282776,1.369477391242981
815,0.6241999864578247,1.0840849876403809,0.5230000019073486,1.3524482250213623
816,0.6222000122070312,1.086212158203125,0.5230000019073486,1.3359946012496948
817,0.6230999827384949,1.0851941108703613,0.49900001287460327,1.4409524202346802
818,0.6236000061035156,1.0854347944259644,0.5205000042915344,1.3774049282073975
819,0.6190999746322632,1.0890998840332031,0.531499981880188,1.3384357690811157
820,0.6220999956130981,1.0891140699386597,0.4205000102519989,1.8620480298995972
821,0.6215999722480774,1.0922147035598755,0.5475000143051147,1.2796077728271484
822,0.6240000128746033,1.0819324254989624,0.5554999709129333,1.2706072330474854
823,0.6258999705314636,1.080187439918518,0.5404999852180481,1.340980052947998
824,0.6222000122070312,1.0849744081497192,0.534500002861023,1.3562408685684204
825,0.6223000288009644,1.0825202465057373,0.5479999780654907,1.2921507358551025
826,0.6252999901771545,1.079414963722229,0.4984999895095825,1.4213389158248901
827,0.6255000233650208,1.0822073221206665,0.5210000276565552,1.3579438924789429
828,0.6227999925613403,1.0832473039627075,0.5509999990463257,1.2797809839248657
829,0.6269999742507935,1.0803289413452148,0.5394999980926514,1.2930670976638794
830,0.6262999773025513,1.076432466506958,0.5429999828338623,1.302057147026062
831,0.6243000030517578,1.0815266370773315,0.5335000157356262,1.3245036602020264
832,0.6238999962806702,1.073086142539978,0.5429999828338623,1.2968412637710571
833,0.6236000061035156,1.0816282033920288,0.49149999022483826,1.4936755895614624
834,0.6218000054359436,1.0825875997543335,0.5295000076293945,1.3203215599060059
835,0.6252999901771545,1.0745326280593872,0.5394999980926514,1.3045532703399658
836,0.6274999976158142,1.0752583742141724,0.5264999866485596,1.3251737356185913
837,0.626800000667572,1.0760371685028076,0.5389999747276306,1.319239616394043
838,0.6245999932289124,1.0758429765701294,0.4860000014305115,1.524221658706665
839,0.626800000667572,1.0726345777511597,0.5174999833106995,1.3580060005187988
840,0.6243000030517578,1.076982021331787,0.4925000071525574,1.4784965515136719
841,0.6298999786376953,1.0724332332611084,0.5475000143051147,1.2782288789749146
842,0.6248000264167786,1.0733002424240112,0.5400000214576721,1.3219997882843018
843,0.6241000294685364,1.0794389247894287,0.4950000047683716,1.4503015279769897
844,0.6251999735832214,1.077129602432251,0.5164999961853027,1.356195092201233
845,0.626800000667572,1.0721330642700195,0.515999972820282,1.412330985069275
846,0.6277999877929688,1.0700114965438843,0.5174999833106995,1.3669041395187378
847,0.6248000264167786,1.0726194381713867,0.531499981880188,1.3373256921768188
848,0.6256999969482422,1.0719834566116333,0.5485000014305115,1.2852667570114136
849,0.6283000111579895,1.070797324180603,0.5565000176429749,1.2829755544662476
850,0.6294999718666077,1.067359447479248,0.515999972820282,1.3687982559204102
851,0.6298999786376953,1.0678105354309082,0.5389999747276306,1.301700472831726
852,0.6230000257492065,1.072269082069397,0.5299999713897705,1.3200664520263672
853,0.6291999816894531,1.0680025815963745,0.5554999709129333,1.271650791168213
854,0.6317999958992004,1.0640382766723633,0.5235000252723694,1.3379120826721191
855,0.6262999773025513,1.0725041627883911,0.5479999780654907,1.274452567100525
856,0.6299999952316284,1.063414454460144,0.5490000247955322,1.2762048244476318
857,0.6309999823570251,1.0616967678070068,0.531499981880188,1.3243634700775146
858,0.6301000118255615,1.0645443201065063,0.5429999828338623,1.3129587173461914
859,0.6306999921798706,1.06429123878479,0.531000018119812,1.3650695085525513
860,0.6290000081062317,1.069688320159912,0.5264999866485596,1.3390437364578247
861,0.6322000026702881,1.0672292709350586,0.531000018119812,1.3183248043060303
862,0.6298999786376953,1.0635130405426025,0.5559999942779541,1.2718979120254517
863,0.6274999976158142,1.062056303024292,0.5375000238418579,1.3498824834823608
864,0.6288999915122986,1.0689531564712524,0.5220000147819519,1.3412292003631592
865,0.6330000162124634,1.0617568492889404,0.5515000224113464,1.2888166904449463
866,0.6269000172615051,1.0676803588867188,0.5580000281333923,1.2663676738739014
867,0.6312999725341797,1.0597554445266724,0.5164999961853027,1.3943294286727905
868,0.6288999915122986,1.0656728744506836,0.5490000247955322,1.2860472202301025
869,0.628600001335144,1.0609955787658691,0.5354999899864197,1.318233609199524
870,0.6327999830245972,1.0606144666671753,0.5584999918937683,1.2643522024154663
871,0.6328999996185303,1.0566400289535522,0.534500002861023,1.3413883447647095
872,0.6323000192642212,1.0634067058563232,0.5379999876022339,1.2932426929473877
873,0.6340000033378601,1.0562427043914795,0.42649999260902405,1.7742754220962524
874,0.6309000253677368,1.070695161819458,0.5410000085830688,1.3415327072143555
875,0.6385999917984009,1.0542540550231934,0.5364999771118164,1.3202426433563232
876,0.6319000124931335,1.0564831495285034,0.5095000267028809,1.3875468969345093
877,0.6345999836921692,1.0592700242996216,0.5584999918937683,1.284051775932312
878,0.6345999836921692,1.0519676208496094,0.5389999747276306,1.3244976997375488
879,0.6347000002861023,1.0528944730758667,0.5214999914169312,1.4324266910552979
880,0.6388000249862671,1.0543323755264282,0.5410000085830688,1.3160523176193237
881,0.6349999904632568,1.0528757572174072,0.5015000104904175,1.4243210554122925
882,0.631600022315979,1.0591217279434204,0.46799999475479126,1.6924077272415161
883,0.631600022315979,1.0590254068374634,0.5339999794960022,1.3434185981750488
884,0.6324999928474426,1.0544023513793945,0.5184999704360962,1.3845264911651611
885,0.6319000124931335,1.0560097694396973,0.5609999895095825,1.2507387399673462
886,0.6365000009536743,1.0518465042114258,0.5325000286102295,1.3121060132980347
887,0.6381999850273132,1.0455012321472168,0.5425000190734863,1.299649953842163
888,0.6370999813079834,1.0528205633163452,0.5049999952316284,1.4100961685180664
889,0.6345999836921692,1.0559570789337158,0.5429999828338623,1.3143718242645264
890,0.6381000280380249,1.0464140176773071,0.5254999995231628,1.4115149974822998
891,0.6349999904632568,1.0508617162704468,0.5640000104904175,1.2579412460327148
892,0.6362000107765198,1.0492702722549438,0.5394999980926514,1.3347452878952026
893,0.6359000205993652,1.0486985445022583,0.5044999718666077,1.4103049039840698
894,0.6323999762535095,1.051033854484558,0.503000020980835,1.506098985671997
895,0.6366000175476074,1.0461888313293457,0.559499979019165,1.2564729452133179
896,0.6381999850273132,1.0441375970840454,0.5590000152587891,1.2698676586151123
897,0.6391000151634216,1.0474101305007935,0.5090000033378601,1.4119800329208374
898,0.6322000026702881,1.0506260395050049,0.5289999842643738,1.329784631729126
899,0.6363999843597412,1.045899748802185,0.48249998688697815,1.5351201295852661
900,0.6381999850273132,1.047871708869934,0.546999990940094,1.3025764226913452
901,0.6341000199317932,1.0445767641067505,0.5214999914169312,1.372536540031433
902,0.63919997215271,1.0467402935028076,0.5149999856948853,1.4040865898132324
903,0.6424000263214111,1.0445184707641602,0.5450000166893005,1.3014801740646362
904,0.6401000022888184,1.039797306060791,0.5139999985694885,1.4526326656341553
905,0.6347000002861023,1.0482429265975952,0.5509999990463257,1.2753815650939941
906,0.640999972820282,1.0392906665802002,0.5289999842643738,1.368554949760437
907,0.6377000212669373,1.0463935136795044,0.4715000092983246,1.6235496997833252
908,0.63919997215271,1.0429291725158691,0.527999997138977,1.3655940294265747
909,0.6389999985694885,1.0431814193725586,0.5519999861717224,1.2978047132492065
910,0.641700029373169,1.0425583124160767,0.5210000276565552,1.3899457454681396
911,0.6389999985694885,1.0425026416778564,0.5680000185966492,1.2551488876342773
912,0.635200023651123,1.044710636138916,0.527999997138977,1.372076392173767
913,0.6384999752044678,1.040296196937561,0.5099999904632568,1.422303318977356
914,0.6438000202178955,1.037140965461731,0.44200000166893005,1.6753960847854614
915,0.6367999911308289,1.0436809062957764,0.531499981880188,1.3157200813293457
916,0.6367999911308289,1.0373601913452148,0.5199999809265137,1.373505711555481
917,0.6414999961853027,1.0401177406311035,0.527999997138977,1.3312480449676514
918,0.6438999772071838,1.0371015071868896,0.5414999723434448,1.310388445854187
919,0.638700008392334,1.0416102409362793,0.5554999709129333,1.267147421836853
920,0.641700029373169,1.0380338430404663,0.5565000176429749,1.2854483127593994
921,0.6444000005722046,1.0339714288711548,0.5504999756813049,1.3066776990890503
922,0.6395999789237976,1.0320855379104614,0.5285000205039978,1.3929098844528198
923,0.6395000219345093,1.0399662256240845,0.5674999952316284,1.2656594514846802
924,0.6412000060081482,1.036368727684021,0.5235000252723694,1.3686189651489258
925,0.6431000232696533,1.0323359966278076,0.5515000224113464,1.2799941301345825
926,0.6401000022888184,1.0367645025253296,0.5264999866485596,1.3639518022537231
927,0.6388999819755554,1.034832239151001,0.5329999923706055,1.3278098106384277
928,0.6452000141143799,1.0297064781188965,0.5509999990463257,1.3074225187301636
929,0.6416000127792358,1.0290292501449585,0.5460000038146973,1.2952110767364502
930,0.6430000066757202,1.0291907787322998,0.5504999756813049,1.2899086475372314
931,0.6424000263214111,1.0309292078018188,0.5394999980926514,1.3173493146896362
932,0.6420000195503235,1.030164122581482,0.5554999709129333,1.2865098714828491
933,0.6444000005722046,1.0326447486877441,0.5289999842643738,1.346481204032898
934,0.6432999968528748,1.0332545042037964,0.5145000219345093,1.4819914102554321
935,0.6407999992370605,1.0294967889785767,0.5299999713897705,1.3369578123092651
936,0.6412000060081482,1.0291858911514282,0.5184999704360962,1.3938223123550415
937,0.6431000232696533,1.0302538871765137,0.5580000281333923,1.2861144542694092
938,0.642799973487854,1.0292775630950928,0.5289999842643738,1.3187205791473389
939,0.6444000005722046,1.0303508043289185,0.5419999957084656,1.3343394994735718
940,0.6460000276565552,1.0246407985687256,0.5580000281333923,1.2871252298355103
941,0.6446999907493591,1.0244375467300415,0.5044999718666077,1.403235673904419
942,0.6424999833106995,1.0275294780731201,0.48249998688697815,1.5130764245986938
943,0.6448000073432922,1.0271167755126953,0.559499979019165,1.2789088487625122
944,0.6452999711036682,1.0215457677841187,0.4555000066757202,1.7150752544403076
945,0.6442999839782715,1.0267645120620728,0.38499999046325684,1.9579123258590698
946,0.6402000188827515,1.0371311902999878,0.5174999833106995,1.456892728805542
947,0.6453999876976013,1.0229302644729614,0.5584999918937683,1.2640715837478638
948,0.6452000141143799,1.0264787673950195,0.5529999732971191,1.3065606355667114
949,0.6460999846458435,1.0188560485839844,0.5485000014305115,1.299476981163025
950,0.6403999924659729,1.0296177864074707,0.5320000052452087,1.3225488662719727
951,0.6427000164985657,1.0255056619644165,0.5615000128746033,1.2814826965332031
952,0.6449999809265137,1.0212318897247314,0.5304999947547913,1.3621846437454224
953,0.6474000215530396,1.0227938890457153,0.4514999985694885,1.6508803367614746
954,0.6455000042915344,1.0221306085586548,0.5525000095367432,1.2836508750915527
955,0.6463000178337097,1.0177264213562012,0.5669999718666077,1.2571536302566528
956,0.6481000185012817,1.0162421464920044,0.47850000858306885,1.586021900177002
957,0.6488999724388123,1.020473599433899,0.5515000224113464,1.2920880317687988
958,0.6510000228881836,1.0192809104919434,0.5230000019073486,1.3784105777740479
959,0.6474000215530396,1.023636817932129,0.5494999885559082,1.2900952100753784
960,0.6485999822616577,1.0145983695983887,0.5554999709129333,1.289994716644287
961,0.6514999866485596,1.0168691873550415,0.5410000085830688,1.3286309242248535
962,0.6467000246047974,1.0172314643859863,0.5659999847412109,1.2559741735458374
963,0.6464999914169312,1.0175789594650269,0.5059999823570251,1.5578927993774414
964,0.6499000191688538,1.017892837524414,0.5379999876022339,1.3233811855316162
965,0.6498000025749207,1.0135611295700073,0.5519999861717224,1.2821177244186401
966,0.6489999890327454,1.0138508081436157,0.5394999980926514,1.2973289489746094
967,0.6498000025749207,1.011534333229065,0.5329999923706055,1.3670767545700073
968,0.6500999927520752,1.014529824256897,0.5339999794960022,1.3527522087097168
969,0.6489999890327454,1.0134345293045044,0.5049999952316284,1.456435203552246
970,0.6503999829292297,1.0105602741241455,0.5665000081062317,1.2636867761611938
971,0.6484000086784363,1.0108555555343628,0.5285000205039978,1.3588924407958984
972,0.6496000289916992,1.013176441192627,0.5515000224113464,1.289615273475647
973,0.6527000069618225,1.010456919670105,0.5270000100135803,1.3907854557037354
974,0.6502000093460083,1.0124728679656982,0.559499979019165,1.2809795141220093
975,0.6468999981880188,1.0109097957611084,0.5625,1.2831575870513916
976,0.652999997138977,1.0094237327575684,0.5170000195503235,1.4240131378173828
977,0.6463000178337097,1.0148329734802246,0.5759999752044678,1.2559860944747925
978,0.6504999995231628,1.010862946510315,0.565500020980835,1.2513983249664307
979,0.6492999792098999,1.010475516319275,0.5174999833106995,1.3964890241622925
980,0.650600016117096,1.0080373287200928,0.5115000009536743,1.4173214435577393
981,0.6488999724388123,1.0087119340896606,0.5609999895095825,1.2783626317977905
982,0.6523000001907349,1.0096853971481323,0.5139999985694885,1.427965521812439
983,0.6498000025749207,1.0060878992080688,0.5055000185966492,1.436105728149414
984,0.6496999859809875,1.006445288658142,0.550000011920929,1.3047882318496704
985,0.652999997138977,1.0102510452270508,0.5699999928474426,1.267581582069397
986,0.6535000205039978,1.001068115234375,0.5370000004768372,1.4389742612838745
987,0.6541000008583069,1.0077348947525024,0.5590000152587891,1.279544711112976
988,0.6498000025749207,1.0054912567138672,0.5665000081062317,1.2713121175765991
989,0.6500999927520752,1.005708932876587,0.5730000138282776,1.2587182521820068
990,0.6520000100135803,1.001613736152649,0.565500020980835,1.2675201892852783
991,0.6535999774932861,1.0046980381011963,0.4975000023841858,1.485030174255371
992,0.651199996471405,1.0074223279953003,0.5615000128746033,1.2811933755874634
993,0.6517999768257141,1.0018459558486938,0.5630000233650208,1.288872241973877
994,0.650600016117096,1.0004003047943115,0.5015000104904175,1.5293653011322021
995,0.6563000082969666,1.0016169548034668,0.5640000104904175,1.2542850971221924
996,0.6525999903678894,0.999115526676178,0.5435000061988831,1.3080041408538818
997,0.6518999934196472,1.0042728185653687,0.5709999799728394,1.2599316835403442
998,0.6531999707221985,1.0000439882278442,0.5440000295639038,1.3209962844848633
999,0.6491000056266785,1.006588101387024,0.5444999933242798,1.2969719171524048
