epoch,accuracy,loss,val_accuracy,val_loss
0,0.10329999774694443,2.296821355819702,0.11649999767541885,2.2920236587524414
1,0.14059999585151672,2.2874505519866943,0.14800000190734863,2.2848575115203857
2,0.15790000557899475,2.280820608139038,0.1655000001192093,2.278369665145874
3,0.1736000031232834,2.27432918548584,0.1665000021457672,2.271610736846924
4,0.1754000037908554,2.2673611640930176,0.16200000047683716,2.26369571685791
5,0.17630000412464142,2.2588348388671875,0.1574999988079071,2.254162549972534
6,0.1761000007390976,2.249298572540283,0.18549999594688416,2.243696689605713
7,0.19200000166893005,2.2384111881256104,0.17949999868869781,2.232452392578125
8,0.1931000053882599,2.226491689682007,0.2084999978542328,2.219526529312134
9,0.20509999990463257,2.2131597995758057,0.21449999511241913,2.2050631046295166
10,0.21570000052452087,2.1982579231262207,0.226500004529953,2.1893117427825928
11,0.22669999301433563,2.1817290782928467,0.2345000058412552,2.172238826751709
12,0.2363000065088272,2.163943290710449,0.23149999976158142,2.153552532196045
13,0.2387000024318695,2.144890308380127,0.24449999630451202,2.133161783218384
14,0.2500999867916107,2.1255738735198975,0.2460000067949295,2.1135644912719727
15,0.25839999318122864,2.106475830078125,0.26499998569488525,2.095874786376953
16,0.26579999923706055,2.088300943374634,0.26750001311302185,2.077230453491211
17,0.27129998803138733,2.070706367492676,0.2709999978542328,2.061309337615967
18,0.27379998564720154,2.0553481578826904,0.27300000190734863,2.0457651615142822
19,0.2827000021934509,2.040693998336792,0.27149999141693115,2.0328152179718018
20,0.28139999508857727,2.0288031101226807,0.2770000100135803,2.0219955444335938
21,0.2842000126838684,2.0184946060180664,0.2800000011920929,2.013352870941162
22,0.2849999964237213,2.0085980892181396,0.2770000100135803,2.0115292072296143
23,0.28690001368522644,2.0003576278686523,0.2815000116825104,1.9976869821548462
24,0.2888999879360199,1.9924582242965698,0.28049999475479126,1.999328374862671
25,0.29319998621940613,1.9856467247009277,0.2919999957084656,1.9824647903442383
26,0.29339998960494995,1.9782402515411377,0.2865000069141388,1.9759806394577026
27,0.29600000381469727,1.971972107887268,0.28349998593330383,1.970747947692871
28,0.29649999737739563,1.9658013582229614,0.29249998927116394,1.9660447835922241
29,0.29840001463890076,1.9600330591201782,0.29100000858306885,1.9612482786178589
30,0.30140000581741333,1.9551512002944946,0.2980000078678131,1.9532749652862549
31,0.305400013923645,1.949216365814209,0.29899999499320984,1.9508339166641235
32,0.3070000112056732,1.9441288709640503,0.2930000126361847,1.9444702863693237
33,0.3077999949455261,1.938752293586731,0.3084999918937683,1.937193751335144
34,0.30799999833106995,1.9337595701217651,0.30250000953674316,1.9359557628631592
35,0.3140000104904175,1.9279863834381104,0.30649998784065247,1.9325532913208008
36,0.31349998712539673,1.9236172437667847,0.30550000071525574,1.934922218322754
37,0.3165999948978424,1.918479084968567,0.3109999895095825,1.9178324937820435
38,0.3179999887943268,1.913037896156311,0.31200000643730164,1.914618968963623
39,0.31869998574256897,1.9075086116790771,0.3070000112056732,1.9176509380340576
40,0.32249999046325684,1.9016342163085938,0.3125,1.9107913970947266
41,0.3237999975681305,1.898293137550354,0.31450000405311584,1.9135959148406982
42,0.32429999113082886,1.892521858215332,0.32249999046325684,1.89712655544281
43,0.32679998874664307,1.8872250318527222,0.3190000057220459,1.8972995281219482
44,0.32670000195503235,1.8827393054962158,0.3255000114440918,1.8864662647247314
45,0.3303000032901764,1.8773964643478394,0.3294999897480011,1.880456566810608
46,0.3343999981880188,1.8720592260360718,0.3160000145435333,1.8937124013900757
47,0.33379998803138733,1.867060899734497,0.32499998807907104,1.8773318529129028
48,0.3370000123977661,1.8621342182159424,0.33149999380111694,1.8653364181518555
49,0.3400999903678894,1.856265664100647,0.3319999873638153,1.8649845123291016
50,0.34139999747276306,1.85145902633667,0.3345000147819519,1.8600373268127441
51,0.34380000829696655,1.8461263179779053,0.34150001406669617,1.8537280559539795
52,0.34549999237060547,1.8403663635253906,0.3400000035762787,1.8480390310287476
53,0.3449000120162964,1.8364704847335815,0.33550000190734863,1.84547758102417
54,0.34450000524520874,1.831685185432434,0.3425000011920929,1.842079520225525
55,0.3513999879360199,1.8255376815795898,0.3409999907016754,1.8455448150634766
56,0.3540000021457672,1.8206156492233276,0.3294999897480011,1.8386021852493286
57,0.35510000586509705,1.8156945705413818,0.34299999475479126,1.8290092945098877
58,0.3578999936580658,1.8113805055618286,0.3370000123977661,1.8298183679580688
59,0.3601999878883362,1.8075644969940186,0.34850001335144043,1.8287032842636108
60,0.35920000076293945,1.8014132976531982,0.35249999165534973,1.8275703191757202
61,0.36320000886917114,1.796949863433838,0.34850001335144043,1.8202521800994873
62,0.36480000615119934,1.7912015914916992,0.3384999930858612,1.8341565132141113
63,0.3643999993801117,1.7872953414916992,0.3400000035762787,1.8232059478759766
64,0.3709999918937683,1.7832527160644531,0.35499998927116394,1.8018157482147217
65,0.3691999912261963,1.7772969007492065,0.3644999861717224,1.786588191986084
66,0.3700999915599823,1.7731995582580566,0.3555000126361847,1.7960702180862427
67,0.3698999881744385,1.7694706916809082,0.36500000953674316,1.7815513610839844
68,0.37610000371932983,1.763991355895996,0.35600000619888306,1.7807085514068604
69,0.37560001015663147,1.7593421936035156,0.351500004529953,1.785266399383545
70,0.38029998540878296,1.7559007406234741,0.3499999940395355,1.7903951406478882
71,0.37929999828338623,1.752315640449524,0.3605000078678131,1.7713723182678223
72,0.38119998574256897,1.7467848062515259,0.34850001335144043,1.7753878831863403
73,0.3822000026702881,1.742057204246521,0.35499998927116394,1.7712825536727905
74,0.38429999351501465,1.7379316091537476,0.3605000078678131,1.768614649772644
75,0.3871999979019165,1.7339383363723755,0.3684999942779541,1.7502176761627197
76,0.3864000141620636,1.7300902605056763,0.36500000953674316,1.7586159706115723
77,0.3871000111103058,1.7257894277572632,0.3634999990463257,1.754416584968567
78,0.3905999958515167,1.721603512763977,0.37049999833106995,1.7647258043289185
79,0.3926999866962433,1.716552495956421,0.3709999918937683,1.7554993629455566
80,0.39320001006126404,1.713979721069336,0.3684999942779541,1.7666269540786743
81,0.39320001006126404,1.7101329565048218,0.38499999046325684,1.722495436668396
82,0.3944000005722046,1.7063394784927368,0.37549999356269836,1.745773196220398
83,0.3953999876976013,1.7018461227416992,0.3714999854564667,1.7511965036392212
84,0.3968999981880188,1.6996219158172607,0.375,1.723979115486145
85,0.40529999136924744,1.693540096282959,0.3630000054836273,1.7552958726882935
86,0.39809998869895935,1.6905649900436401,0.3804999887943268,1.7087029218673706
87,0.4032000005245209,1.6860991716384888,0.37049999833106995,1.7156835794448853
88,0.4025000035762787,1.6841386556625366,0.37700000405311584,1.7112370729446411
89,0.40450000762939453,1.6788599491119385,0.38600000739097595,1.7102137804031372
90,0.4065999984741211,1.6761401891708374,0.36800000071525574,1.7301921844482422
91,0.4059000015258789,1.6717660427093506,0.3889999985694885,1.7024098634719849
92,0.40860000252723694,1.6682285070419312,0.3714999854564667,1.7608778476715088
93,0.41019999980926514,1.6649744510650635,0.390500009059906,1.700944423675537
94,0.4117000102996826,1.6599093675613403,0.38749998807907104,1.687161922454834
95,0.4077000021934509,1.6571742296218872,0.39100000262260437,1.6915669441223145
96,0.4124000072479248,1.6537033319473267,0.35850000381469727,1.795301079750061
97,0.4108000099658966,1.6509400606155396,0.4065000116825104,1.6720973253250122
98,0.4142000079154968,1.6455628871917725,0.37700000405311584,1.716033935546875
99,0.4140999913215637,1.643228530883789,0.3930000066757202,1.6844909191131592
100,0.41690000891685486,1.6405225992202759,0.38499999046325684,1.6813194751739502
101,0.41609999537467957,1.6365474462509155,0.37599998712539673,1.7027939558029175
102,0.4180999994277954,1.633009910583496,0.37049999833106995,1.7014065980911255
103,0.42089998722076416,1.6314769983291626,0.4025000035762787,1.6698545217514038
104,0.4212999939918518,1.626784086227417,0.38850000500679016,1.7000268697738647
105,0.42289999127388,1.6231772899627686,0.40299999713897705,1.6542056798934937
106,0.42010000348091125,1.620833396911621,0.38749998807907104,1.6738718748092651
107,0.41990000009536743,1.6167048215866089,0.40950000286102295,1.6498936414718628
108,0.4246000051498413,1.6142299175262451,0.41749998927116394,1.6429656744003296
109,0.4251999855041504,1.6111977100372314,0.40849998593330383,1.6317466497421265
110,0.4275999963283539,1.6073576211929321,0.4074999988079071,1.6627789735794067
111,0.4277999997138977,1.6054080724716187,0.382999986410141,1.6779927015304565
112,0.4250999987125397,1.6027733087539673,0.41499999165534973,1.6382750272750854
113,0.4284000098705292,1.5985171794891357,0.40549999475479126,1.6413222551345825
114,0.4311000108718872,1.5957262516021729,0.39649999141693115,1.7207077741622925
115,0.43309998512268066,1.5952253341674805,0.4104999899864197,1.6552115678787231
116,0.430400013923645,1.5923210382461548,0.4020000100135803,1.6549999713897705
117,0.435699999332428,1.5882724523544312,0.42100000381469727,1.6283231973648071
118,0.4327000081539154,1.5858279466629028,0.4154999852180481,1.6228461265563965
119,0.4336000084877014,1.5834068059921265,0.42899999022483826,1.60231614112854
120,0.4357999861240387,1.579240083694458,0.40700000524520874,1.6337612867355347
121,0.43700000643730164,1.5789451599121094,0.40400001406669617,1.6364374160766602
122,0.43970000743865967,1.5740065574645996,0.4205000102519989,1.6019614934921265
123,0.43779999017715454,1.5721962451934814,0.4309999942779541,1.608304500579834
124,0.4404999911785126,1.5690194368362427,0.42800000309944153,1.6137685775756836
125,0.44350001215934753,1.567023515701294,0.4169999957084656,1.6684197187423706
126,0.4440999925136566,1.5639852285385132,0.42899999022483826,1.5964206457138062
127,0.44449999928474426,1.5613925457000732,0.42149999737739563,1.6183480024337769
128,0.44179999828338623,1.5594698190689087,0.4165000021457672,1.6865315437316895
129,0.4426000118255615,1.5598429441452026,0.43849998712539673,1.579582691192627
130,0.44769999384880066,1.5542724132537842,0.4375,1.581949234008789
131,0.446399986743927,1.553950548171997,0.42250001430511475,1.6037496328353882
132,0.44530001282691956,1.5512804985046387,0.4339999854564667,1.5851860046386719
133,0.4505000114440918,1.5475215911865234,0.4325000047683716,1.5877968072891235
134,0.4514000117778778,1.545119047164917,0.43700000643730164,1.5787148475646973
135,0.45010000467300415,1.5439807176589966,0.4194999933242798,1.617425799369812
136,0.45159998536109924,1.543250560760498,0.41350001096725464,1.5952980518341064
137,0.45249998569488525,1.5399112701416016,0.4320000112056732,1.5877246856689453
138,0.453000009059906,1.5393400192260742,0.4399999976158142,1.5687711238861084
139,0.4542999863624573,1.5354740619659424,0.43549999594688416,1.5712330341339111
140,0.45339998602867126,1.5311428308486938,0.43149998784065247,1.601042628288269
141,0.45329999923706055,1.5316792726516724,0.43149998784065247,1.5861538648605347
142,0.4560000002384186,1.5285488367080688,0.43299999833106995,1.5994987487792969
143,0.4560000002384186,1.5280110836029053,0.445499986410141,1.5552589893341064
144,0.4560000002384186,1.5256931781768799,0.42100000381469727,1.5945357084274292
145,0.45730000734329224,1.5245448350906372,0.4325000047683716,1.5907529592514038
146,0.46149998903274536,1.5211220979690552,0.43549999594688416,1.5624091625213623
147,0.45989999175071716,1.5179604291915894,0.43050000071525574,1.5618983507156372
148,0.45969998836517334,1.5162898302078247,0.3799999952316284,1.7378534078598022
149,0.4602000117301941,1.5180250406265259,0.3935000002384186,1.8613755702972412
150,0.46160000562667847,1.5162609815597534,0.43799999356269836,1.560646414756775
151,0.46389999985694885,1.51043701171875,0.42250001430511475,1.5764989852905273
152,0.461899995803833,1.509584903717041,0.4050000011920929,1.6641216278076172
153,0.4643999934196472,1.5087645053863525,0.4410000145435333,1.5671368837356567
154,0.4636000096797943,1.5055575370788574,0.44999998807907104,1.5300642251968384
155,0.46869999170303345,1.5031940937042236,0.4099999964237213,1.604541540145874
156,0.46480000019073486,1.5054757595062256,0.43849998712539673,1.5523645877838135
157,0.46619999408721924,1.5011719465255737,0.44350001215934753,1.5353225469589233
158,0.46650001406669617,1.4975855350494385,0.4399999976158142,1.5478992462158203
159,0.47049999237060547,1.4977620840072632,0.44600000977516174,1.6121718883514404
160,0.46799999475479126,1.4962966442108154,0.41600000858306885,1.6037607192993164
161,0.4684999883174896,1.4933052062988281,0.4154999852180481,1.5948004722595215
162,0.4683000147342682,1.4926345348358154,0.421999990940094,1.6204304695129395
163,0.46950000524520874,1.4900823831558228,0.4424999952316284,1.5679954290390015
164,0.4715000092983246,1.4893466234207153,0.43849998712539673,1.549367070198059
165,0.46950000524520874,1.4881445169448853,0.4555000066757202,1.5244020223617554
166,0.4690999984741211,1.4839752912521362,0.45750001072883606,1.522167444229126
167,0.4722999930381775,1.4824329614639282,0.445499986410141,1.5320597887039185
168,0.4740999937057495,1.4793931245803833,0.44200000166893005,1.6095415353775024
169,0.474700003862381,1.482350468635559,0.46149998903274536,1.5135079622268677
170,0.47130000591278076,1.4794353246688843,0.43650001287460327,1.5473800897598267
171,0.47360000014305115,1.4813560247421265,0.2919999957084656,2.2852671146392822
172,0.4740000069141388,1.4870076179504395,0.42100000381469727,1.6087677478790283
173,0.47769999504089355,1.4768071174621582,0.4480000138282776,1.5283821821212769
174,0.4731000065803528,1.4741125106811523,0.44200000166893005,1.6086763143539429
175,0.4738999903202057,1.4721611738204956,0.4494999945163727,1.530362844467163
176,0.47429999709129333,1.469253420829773,0.44749999046325684,1.5279674530029297
177,0.4772000014781952,1.4669867753982544,0.4519999921321869,1.5422594547271729
178,0.4796000123023987,1.46648371219635,0.4449999928474426,1.518979787826538
179,0.47699999809265137,1.4670652151107788,0.4350000023841858,1.550294041633606
180,0.48010000586509705,1.4638075828552246,0.4415000081062317,1.5748186111450195
181,0.4781999886035919,1.462666630744934,0.45100000500679016,1.5077588558197021
182,0.48179998993873596,1.4618834257125854,0.46950000524520874,1.5012706518173218
183,0.476500004529953,1.4570391178131104,0.4514999985694885,1.5215011835098267
184,0.4830000102519989,1.4565610885620117,0.4345000088214874,1.5593980550765991
185,0.48240000009536743,1.4569885730743408,0.46799999475479126,1.512884259223938
186,0.48330000042915344,1.4553933143615723,0.4235000014305115,1.5895756483078003
187,0.4839000105857849,1.4556585550308228,0.4519999921321869,1.612795352935791
188,0.4819999933242798,1.4523991346359253,0.47200000286102295,1.478416919708252
189,0.48350000381469727,1.4540157318115234,0.45249998569488525,1.5667319297790527
190,0.48730000853538513,1.448576807975769,0.47999998927116394,1.4956276416778564
191,0.48420000076293945,1.4473339319229126,0.4230000078678131,1.580191731452942
192,0.483599990606308,1.4496617317199707,0.47049999237060547,1.488448143005371
193,0.4875999987125397,1.444843053817749,0.47049999237060547,1.4908462762832642
194,0.4869000017642975,1.4423117637634277,0.4830000102519989,1.4903336763381958
195,0.48570001125335693,1.4434136152267456,0.46399998664855957,1.5038082599639893
196,0.48590001463890076,1.4410268068313599,0.46299999952316284,1.5084621906280518
197,0.4860999882221222,1.440228819847107,0.47049999237060547,1.4876959323883057
198,0.4909000098705292,1.436342716217041,0.4715000092983246,1.4961369037628174
199,0.4876999855041504,1.436501383781433,0.46700000762939453,1.4817228317260742
200,0.4925000071525574,1.434069037437439,0.4440000057220459,1.5624573230743408
201,0.48890000581741333,1.4365864992141724,0.46950000524520874,1.5011708736419678
202,0.4894999861717224,1.4328181743621826,0.476500004529953,1.49361252784729
203,0.4918999969959259,1.4314544200897217,0.46299999952316284,1.478831171989441
204,0.49000000953674316,1.430790662765503,0.4659999907016754,1.483932614326477
205,0.4909000098705292,1.4288183450698853,0.4584999978542328,1.500604271888733
206,0.492900013923645,1.4287787675857544,0.48249998688697815,1.4814722537994385
207,0.492900013923645,1.4259412288665771,0.45100000500679016,1.5320208072662354
208,0.49480000138282776,1.4276832342147827,0.46149998903274536,1.4853018522262573
209,0.4934999942779541,1.422177791595459,0.47600001096725464,1.4636296033859253
210,0.49239999055862427,1.4240797758102417,0.44749999046325684,1.5481722354888916
211,0.49459999799728394,1.4219906330108643,0.4869999885559082,1.4778058528900146
212,0.4964999854564667,1.4182785749435425,0.4350000023841858,1.5603902339935303
213,0.49570000171661377,1.418505072593689,0.4684999883174896,1.4762314558029175
214,0.4932999908924103,1.4183913469314575,0.46399998664855957,1.4913259744644165
215,0.5004000067710876,1.4146456718444824,0.45350000262260437,1.5120539665222168
216,0.4961000084877014,1.4171934127807617,0.47099998593330383,1.4755809307098389
217,0.49729999899864197,1.4115886688232422,0.4724999964237213,1.5553679466247559
218,0.4959000051021576,1.4152805805206299,0.46650001406669617,1.5285519361495972
219,0.49959999322891235,1.4117447137832642,0.4790000021457672,1.496842861175537
220,0.49939998984336853,1.4084120988845825,0.4749999940395355,1.4614838361740112
221,0.49639999866485596,1.4090583324432373,0.4684999883174896,1.4940704107284546
222,0.5022000074386597,1.4064700603485107,0.47200000286102295,1.4663037061691284
223,0.49880000948905945,1.408016324043274,0.4805000126361847,1.4627442359924316
224,0.49970000982284546,1.4049533605575562,0.4560000002384186,1.4919313192367554
225,0.5002999901771545,1.403005599975586,0.453000009059906,1.5380284786224365
226,0.5042999982833862,1.4008972644805908,0.47850000858306885,1.4901151657104492
227,0.5005999803543091,1.4018162488937378,0.48500001430511475,1.4478448629379272
228,0.5012000203132629,1.399503231048584,0.41749998927116394,1.7453126907348633
229,0.5058000087738037,1.3991665840148926,0.4625000059604645,1.5896475315093994
230,0.49889999628067017,1.4004801511764526,0.4449999928474426,1.5007320642471313
231,0.5059000253677368,1.3953111171722412,0.4675000011920929,1.4855530261993408
232,0.501800000667572,1.395318627357483,0.4645000100135803,1.4863747358322144
233,0.5044999718666077,1.3937506675720215,0.4584999978542328,1.4990404844284058
234,0.5072000026702881,1.3946921825408936,0.44850000739097595,1.6313426494598389
235,0.5060999989509583,1.3943814039230347,0.48500001430511475,1.4529674053192139
236,0.5083000063896179,1.3890894651412964,0.4819999933242798,1.4813940525054932
237,0.5076000094413757,1.3904715776443481,0.4645000100135803,1.4737536907196045
238,0.5091000199317932,1.3881174325942993,0.4779999852180481,1.4946128129959106
239,0.5076000094413757,1.385975956916809,0.4415000081062317,1.5281343460083008
240,0.5060999989509583,1.3851968050003052,0.37400001287460327,1.9148086309432983
241,0.5077999830245972,1.3872498273849487,0.46650001406669617,1.4674510955810547
242,0.5133000016212463,1.3831596374511719,0.49050000309944153,1.4453508853912354
243,0.5094000101089478,1.3824187517166138,0.4794999957084656,1.4570260047912598
244,0.5135999917984009,1.3793292045593262,0.48399999737739563,1.4488985538482666
245,0.5085999965667725,1.3812448978424072,0.49000000953674316,1.4273298978805542
246,0.5105999708175659,1.3775383234024048,0.47350001335144043,1.4789514541625977
247,0.5091999769210815,1.3764315843582153,0.44850000739097595,1.5064363479614258
248,0.5146999955177307,1.3787161111831665,0.4560000002384186,1.488405704498291
249,0.5112000107765198,1.3741430044174194,0.47200000286102295,1.4527709484100342
250,0.5123000144958496,1.3740407228469849,0.445499986410141,1.555025339126587
251,0.5131999850273132,1.376181721687317,0.49000000953674316,1.4371765851974487
252,0.5145999789237976,1.3705922365188599,0.4805000126361847,1.4407556056976318
253,0.5133000016212463,1.3714938163757324,0.45500001311302185,1.5064725875854492
254,0.5123999714851379,1.3698846101760864,0.49300000071525574,1.4738123416900635
255,0.5156000256538391,1.3673111200332642,0.4375,1.5540926456451416
256,0.517799973487854,1.3683290481567383,0.43149998784065247,1.5580967664718628
257,0.5148000121116638,1.3707374334335327,0.46050000190734863,1.5056411027908325
258,0.5123000144958496,1.3671375513076782,0.4880000054836273,1.4281561374664307
259,0.5159000158309937,1.3649041652679443,0.47350001335144043,1.4385236501693726
260,0.5185999870300293,1.361307144165039,0.4880000054836273,1.4378674030303955
261,0.515999972820282,1.3597790002822876,0.492000013589859,1.4469351768493652
262,0.5166000127792358,1.3598610162734985,0.5049999952316284,1.412614107131958
263,0.5213000178337097,1.3597652912139893,0.4909999966621399,1.4581998586654663
264,0.5206999778747559,1.3598891496658325,0.4749999940395355,1.43671715259552
265,0.516700029373169,1.3602608442306519,0.4950000047683716,1.4320534467697144
266,0.5199000239372253,1.357206106185913,0.5034999847412109,1.4221580028533936
267,0.5175999999046326,1.3563603162765503,0.4959999918937683,1.4505622386932373
268,0.5192000269889832,1.3553475141525269,0.49050000309944153,1.416407823562622
269,0.5202999711036682,1.3537732362747192,0.47350001335144043,1.442605972290039
270,0.5220999717712402,1.351918339729309,0.5024999976158142,1.4260836839675903
271,0.5220999717712402,1.3499418497085571,0.45100000500679016,1.4946986436843872
272,0.5169000029563904,1.3517875671386719,0.4894999861717224,1.4232591390609741
273,0.5209000110626221,1.3473258018493652,0.5,1.4110966920852661
274,0.5231999754905701,1.3478339910507202,0.4894999861717224,1.447017788887024
275,0.5227000117301941,1.3481451272964478,0.4555000066757202,1.4965081214904785
276,0.5230000019073486,1.3465098142623901,0.5044999718666077,1.440073013305664
277,0.5220999717712402,1.3437055349349976,0.4964999854564667,1.4384814500808716
278,0.5249000191688538,1.3443925380706787,0.47850000858306885,1.4400701522827148
279,0.5224999785423279,1.3423413038253784,0.4805000126361847,1.4344274997711182
280,0.5239999890327454,1.3410085439682007,0.4880000054836273,1.4332244396209717
281,0.525600016117096,1.3378350734710693,0.49799999594688416,1.4241288900375366
282,0.5289999842643738,1.343127727508545,0.484499990940094,1.4402798414230347
283,0.5267000198364258,1.338057041168213,0.4819999933242798,1.4502414464950562
284,0.5253000259399414,1.3344875574111938,0.4855000078678131,1.4140995740890503
285,0.5264999866485596,1.3352397680282593,0.4440000057220459,1.5076448917388916
286,0.5266000032424927,1.3351596593856812,0.4894999861717224,1.457592248916626
287,0.5268999934196472,1.3371374607086182,0.4580000042915344,1.5788146257400513
288,0.527899980545044,1.3343454599380493,0.503000020980835,1.415529489517212
289,0.531000018119812,1.32958984375,0.5065000057220459,1.400424599647522
290,0.5303999781608582,1.3309755325317383,0.48350000381469727,1.4251424074172974
291,0.5256999731063843,1.328704595565796,0.5044999718666077,1.3989125490188599
292,0.5281000137329102,1.3310365676879883,0.48100000619888306,1.4120451211929321
293,0.5313000082969666,1.3268927335739136,0.49399998784065247,1.415248990058899
294,0.527400016784668,1.3263192176818848,0.45750001072883606,1.58458411693573
295,0.5303000211715698,1.3290174007415771,0.4975000023841858,1.4192454814910889
296,0.5320000052452087,1.322827696800232,0.5019999742507935,1.4158852100372314
297,0.5307999849319458,1.3236384391784668,0.49050000309944153,1.4291503429412842
298,0.5299000144004822,1.3243659734725952,0.5044999718666077,1.4130347967147827
299,0.5310999751091003,1.3234472274780273,0.4975000023841858,1.407038927078247
300,0.5333999991416931,1.3197429180145264,0.4945000112056732,1.4022184610366821
301,0.5293999910354614,1.3227444887161255,0.445499986410141,1.527100920677185
302,0.5343999862670898,1.3186731338500977,0.4945000112056732,1.4356273412704468
303,0.5349000096321106,1.3181082010269165,0.42750000953674316,1.7535325288772583
304,0.5325000286102295,1.3204386234283447,0.49549999833106995,1.4097567796707153
305,0.5335999727249146,1.3168494701385498,0.43650001287460327,1.5508966445922852
306,0.5335999727249146,1.3168216943740845,0.4975000023841858,1.4158260822296143
307,0.529699981212616,1.3149912357330322,0.5065000057220459,1.4094041585922241
308,0.5351999998092651,1.3125461339950562,0.5005000233650208,1.4017307758331299
309,0.534600019454956,1.3096799850463867,0.5049999952316284,1.404266119003296
310,0.5351999998092651,1.3098323345184326,0.49000000953674316,1.4171520471572876
311,0.5335999727249146,1.3098169565200806,0.48249998688697815,1.442422866821289
312,0.5378999710083008,1.3120946884155273,0.5024999976158142,1.3874164819717407
313,0.5400000214576721,1.304268479347229,0.5115000009536743,1.3878735303878784
314,0.5379999876022339,1.3068126440048218,0.5059999823570251,1.393586277961731
315,0.5375000238418579,1.3059093952178955,0.484499990940094,1.429909348487854
316,0.5354999899864197,1.3078962564468384,0.5015000104904175,1.4083282947540283
317,0.5397999882698059,1.3054490089416504,0.5139999985694885,1.3720839023590088
318,0.539900004863739,1.3025822639465332,0.5044999718666077,1.3813296556472778
319,0.5385000109672546,1.304126262664795,0.4909999966621399,1.4633979797363281
320,0.539900004863739,1.2991925477981567,0.49900001287460327,1.4190375804901123
321,0.5372999906539917,1.3007616996765137,0.5009999871253967,1.3867015838623047
322,0.5393999814987183,1.2995922565460205,0.47600001096725464,1.4550788402557373
323,0.5444999933242798,1.2994565963745117,0.47600001096725464,1.4312740564346313
324,0.5396999716758728,1.2998499870300293,0.47749999165534973,1.4388624429702759
325,0.541100025177002,1.2980592250823975,0.4415000081062317,1.532027006149292
326,0.5453000068664551,1.295462727546692,0.4880000054836273,1.4514026641845703
327,0.5419999957084656,1.2943605184555054,0.5019999742507935,1.4715447425842285
328,0.5383999943733215,1.2946748733520508,0.5065000057220459,1.376373291015625
329,0.5440999865531921,1.2916284799575806,0.5145000219345093,1.3939436674118042
330,0.5454000234603882,1.290709137916565,0.45249998569488525,1.4922127723693848
331,0.546999990940094,1.2907209396362305,0.5019999742507935,1.4458264112472534
332,0.5432000160217285,1.2929422855377197,0.4945000112056732,1.3990058898925781
333,0.5455999970436096,1.287965178489685,0.5170000195503235,1.3803068399429321
334,0.5464000105857849,1.2877004146575928,0.47200000286102295,1.5113006830215454
335,0.5440000295639038,1.288150429725647,0.4970000088214874,1.3906611204147339
336,0.5437999963760376,1.2847900390625,0.492000013589859,1.40652334690094
337,0.5453000068664551,1.2857247591018677,0.5120000243186951,1.3831984996795654
338,0.5414000153541565,1.2853553295135498,0.49050000309944153,1.3958324193954468
339,0.5493999719619751,1.2811570167541504,0.4925000071525574,1.4001185894012451
340,0.5475000143051147,1.2804769277572632,0.5070000290870667,1.4092166423797607
341,0.5478000044822693,1.282196044921875,0.5164999961853027,1.386282205581665
342,0.5483999848365784,1.2820115089416504,0.4984999895095825,1.4303830862045288
343,0.5504000186920166,1.278410792350769,0.5019999742507935,1.3834248781204224
344,0.5471000075340271,1.2817374467849731,0.5174999833106995,1.3802012205123901
345,0.5471000075340271,1.278658151626587,0.4975000023841858,1.385860800743103
346,0.5509999990463257,1.2771275043487549,0.48899999260902405,1.4190162420272827
347,0.5509999990463257,1.2751483917236328,0.5099999904632568,1.4356462955474854
348,0.5497999787330627,1.2754583358764648,0.5115000009536743,1.3753445148468018
349,0.5493000149726868,1.2742791175842285,0.49050000309944153,1.4407976865768433
350,0.550599992275238,1.2733458280563354,0.4490000009536743,1.5654393434524536
351,0.5519999861717224,1.27277410030365,0.4595000147819519,1.4869070053100586
352,0.5521000027656555,1.2717976570129395,0.4959999918937683,1.3802870512008667
353,0.551800012588501,1.268293023109436,0.5095000267028809,1.3996065855026245
354,0.550000011920929,1.2708661556243896,0.5080000162124634,1.3802611827850342
355,0.5546000003814697,1.2671054601669312,0.484499990940094,1.4297174215316772
356,0.5525000095367432,1.2658228874206543,0.4690000116825104,1.5273560285568237
357,0.5511999726295471,1.2685660123825073,0.48399999737739563,1.4262906312942505
358,0.5523999929428101,1.2673646211624146,0.5115000009536743,1.3811867237091064
359,0.5543000102043152,1.2687245607376099,0.48249998688697815,1.4631695747375488
360,0.5533999800682068,1.2664936780929565,0.5260000228881836,1.3602545261383057
361,0.5601000189781189,1.2608270645141602,0.5040000081062317,1.4064850807189941
362,0.5554999709129333,1.2586164474487305,0.5059999823570251,1.3844575881958008
363,0.5544999837875366,1.2613459825515747,0.5099999904632568,1.428887128829956
364,0.554099977016449,1.2610197067260742,0.4964999854564667,1.3933831453323364
365,0.5583999752998352,1.2603291273117065,0.453000009059906,1.4827243089675903
366,0.5541999936103821,1.25920832157135,0.5095000267028809,1.3652009963989258
367,0.5605999827384949,1.2552671432495117,0.4855000078678131,1.4859437942504883
368,0.5548999905586243,1.2577425241470337,0.5044999718666077,1.3777717351913452
369,0.5575000047683716,1.2563493251800537,0.5245000123977661,1.350666880607605
370,0.5569000244140625,1.255342960357666,0.48399999737739563,1.4270415306091309
371,0.5541999936103821,1.25822114944458,0.5024999976158142,1.4084545373916626
372,0.5586000084877014,1.2528401613235474,0.4645000100135803,1.5185831785202026
373,0.5562999844551086,1.2527062892913818,0.5074999928474426,1.3652456998825073
374,0.5569999814033508,1.2512495517730713,0.45750001072883606,1.5039892196655273
375,0.5561000108718872,1.2510604858398438,0.512499988079071,1.3704185485839844
376,0.5586000084877014,1.2522860765457153,0.43650001287460327,1.7290246486663818
377,0.5591999888420105,1.2533880472183228,0.49300000071525574,1.408842921257019
378,0.5575000047683716,1.247189998626709,0.4334999918937683,1.605915904045105
379,0.5587999820709229,1.249727725982666,0.5180000066757202,1.3624053001403809
380,0.5601000189781189,1.2465461492538452,0.4830000102519989,1.4333620071411133
381,0.5619000196456909,1.2421870231628418,0.5195000171661377,1.359279751777649
382,0.5609999895095825,1.2442399263381958,0.512499988079071,1.35963773727417
383,0.5612999796867371,1.242548942565918,0.5230000019073486,1.3572659492492676
384,0.5658000111579895,1.2409570217132568,0.5145000219345093,1.346813678741455
385,0.5633999705314636,1.2433243989944458,0.5210000276565552,1.390230417251587
386,0.5637000203132629,1.238768219947815,0.515500009059906,1.3542267084121704
387,0.5604000091552734,1.239789605140686,0.515999972820282,1.361870288848877
388,0.5618000030517578,1.239516258239746,0.4925000071525574,1.4311317205429077
389,0.5619000196456909,1.238672137260437,0.5070000290870667,1.409346342086792
390,0.5630000233650208,1.238519310951233,0.5274999737739563,1.3360892534255981
391,0.5630000233650208,1.237729549407959,0.5080000162124634,1.4209051132202148
392,0.5630000233650208,1.2354416847229004,0.5205000042915344,1.3384764194488525
393,0.5715000033378601,1.231459140777588,0.5095000267028809,1.3815854787826538
394,0.5677000284194946,1.236823320388794,0.4650000035762787,1.4872602224349976
395,0.5637000203132629,1.2364599704742432,0.5090000033378601,1.3632172346115112
396,0.5669999718666077,1.235073447227478,0.49950000643730164,1.4064321517944336
397,0.5662999749183655,1.236092209815979,0.47099998593330383,1.4522302150726318
398,0.5651000142097473,1.2311186790466309,0.45649999380111694,1.537063479423523
399,0.5630000233650208,1.2336862087249756,0.48249998688697815,1.420839786529541
400,0.5669999718666077,1.2279282808303833,0.4964999854564667,1.4163137674331665
401,0.569599986076355,1.2311787605285645,0.5299999713897705,1.3538490533828735
402,0.5648000240325928,1.2259409427642822,0.4945000112056732,1.4094254970550537
403,0.5677000284194946,1.2251137495040894,0.512499988079071,1.3935508728027344
404,0.569599986076355,1.2280399799346924,0.4984999895095825,1.3760380744934082
405,0.5699999928474426,1.2263392210006714,0.4595000147819519,1.5899637937545776
406,0.5684999823570251,1.2274068593978882,0.47450000047683716,1.4441615343093872
407,0.5687999725341797,1.2254830598831177,0.49000000953674316,1.3769519329071045
408,0.5720999836921692,1.2226115465164185,0.5254999995231628,1.3306087255477905
409,0.5706999897956848,1.221318006515503,0.5239999890327454,1.3564924001693726
410,0.5705000162124634,1.215701937675476,0.512499988079071,1.3940922021865845
411,0.5710999965667725,1.220212459564209,0.515500009059906,1.3430638313293457
412,0.573199987411499,1.2207460403442383,0.41999998688697815,1.6620352268218994
413,0.5691999793052673,1.225178599357605,0.5134999752044678,1.3843473196029663
414,0.5697000026702881,1.2166517972946167,0.5120000243186951,1.3425605297088623
415,0.5728999972343445,1.2185949087142944,0.4945000112056732,1.4299089908599854
416,0.5717999935150146,1.2151108980178833,0.5040000081062317,1.3777778148651123
417,0.5782999992370605,1.2122834920883179,0.5235000252723694,1.3640635013580322
418,0.574400007724762,1.2128759622573853,0.39899998903274536,1.7827892303466797
419,0.5695000290870667,1.221400499343872,0.4855000078678131,1.477262020111084
420,0.5734999775886536,1.2123292684555054,0.4659999907016754,1.5187698602676392
421,0.5756000280380249,1.211647868156433,0.4410000145435333,1.6395888328552246
422,0.5756000280380249,1.2133480310440063,0.4560000002384186,1.5412935018539429
423,0.5748999714851379,1.209430456161499,0.503000020980835,1.4593695402145386
424,0.5766000151634216,1.206172227859497,0.48100000619888306,1.4537913799285889
425,0.5740000009536743,1.208301305770874,0.5,1.3941795825958252
426,0.5755000114440918,1.207269310951233,0.5145000219345093,1.3620902299880981
427,0.5803999900817871,1.2062277793884277,0.5304999947547913,1.330197811126709
428,0.5794000029563904,1.2043333053588867,0.5270000100135803,1.3243927955627441
429,0.5781999826431274,1.2046033143997192,0.3865000009536743,1.925439715385437
430,0.5763000249862671,1.2147506475448608,0.5164999961853027,1.423572301864624
431,0.5781999826431274,1.2025408744812012,0.5199999809265137,1.3428184986114502
432,0.5789999961853027,1.20050847530365,0.43700000643730164,1.5430727005004883
433,0.5799000263214111,1.2012163400650024,0.5145000219345093,1.342569351196289
434,0.5817999839782715,1.1980466842651367,0.5189999938011169,1.3554463386535645
435,0.5812000036239624,1.195842981338501,0.5220000147819519,1.3339775800704956
436,0.579800009727478,1.1968059539794922,0.5,1.3948466777801514
437,0.5823000073432922,1.1953116655349731,0.5049999952316284,1.3644927740097046
438,0.5812000036239624,1.1952632665634155,0.5289999842643738,1.3694425821304321
439,0.5809000134468079,1.194528341293335,0.5230000019073486,1.3472826480865479
440,0.5785999894142151,1.1943665742874146,0.5180000066757202,1.3624337911605835
441,0.5794000029563904,1.1937264204025269,0.5145000219345093,1.3507486581802368
442,0.5817000269889832,1.1943024396896362,0.534500002861023,1.3137080669403076
443,0.5848000049591064,1.1889081001281738,0.5195000171661377,1.4073694944381714
444,0.5821999907493591,1.19248366355896,0.43650001287460327,1.592944622039795
445,0.5834000110626221,1.1912249326705933,0.5130000114440918,1.357112169265747
446,0.5814999938011169,1.190436601638794,0.4350000023841858,1.5406444072723389
447,0.5853000283241272,1.1865078210830688,0.47200000286102295,1.5226458311080933
448,0.583899974822998,1.1910568475723267,0.47450000047683716,1.4557629823684692
449,0.5827999711036682,1.1919587850570679,0.5195000171661377,1.352048635482788
450,0.5853000283241272,1.1886231899261475,0.5134999752044678,1.3773555755615234
451,0.5827000141143799,1.1878200769424438,0.5184999704360962,1.3532109260559082
452,0.5842999815940857,1.185818076133728,0.5274999737739563,1.3416725397109985
453,0.5875999927520752,1.18003511428833,0.46549999713897705,1.4855782985687256
454,0.5879999995231628,1.1818034648895264,0.5080000162124634,1.3623024225234985
455,0.5828999876976013,1.1802427768707275,0.5059999823570251,1.3739280700683594
456,0.5874999761581421,1.1822755336761475,0.5270000100135803,1.3465369939804077
457,0.5885000228881836,1.1795902252197266,0.5084999799728394,1.3810855150222778
458,0.5827000141143799,1.1832003593444824,0.47850000858306885,1.465650200843811
459,0.59170001745224,1.177613615989685,0.5339999794960022,1.3447402715682983
460,0.5867000222206116,1.1785856485366821,0.5080000162124634,1.3827311992645264
461,0.5884000062942505,1.1784120798110962,0.49549999833106995,1.4529297351837158
462,0.590499997138977,1.1787668466567993,0.48899999260902405,1.4270392656326294
463,0.5909000039100647,1.1773114204406738,0.5040000081062317,1.3571401834487915
464,0.5874999761581421,1.174714207649231,0.5049999952316284,1.3825881481170654
465,0.5860000252723694,1.178205132484436,0.5245000123977661,1.3574672937393188
466,0.5878999829292297,1.1727676391601562,0.531499981880188,1.3448230028152466
467,0.5911999940872192,1.174514889717102,0.4690000116825104,1.4613289833068848
468,0.590499997138977,1.170864224433899,0.527999997138977,1.3605833053588867
469,0.5935999751091003,1.172713279724121,0.46299999952316284,1.4932520389556885
470,0.5899999737739563,1.173247218132019,0.5055000185966492,1.387574315071106
471,0.5917999744415283,1.17240309715271,0.5425000190734863,1.3050974607467651
472,0.5877000093460083,1.1686711311340332,0.5339999794960022,1.3171379566192627
473,0.5889999866485596,1.170282244682312,0.515500009059906,1.4219841957092285
474,0.5929999947547913,1.1685340404510498,0.5410000085830688,1.317458987236023
475,0.593999981880188,1.167466640472412,0.5249999761581421,1.3248732089996338
476,0.5946999788284302,1.1647146940231323,0.5174999833106995,1.3617600202560425
477,0.5927000045776367,1.164059042930603,0.5019999742507935,1.4134260416030884
478,0.5928999781608582,1.1643527746200562,0.49050000309944153,1.44334876537323
479,0.5906000137329102,1.1646473407745361,0.5080000162124634,1.445509672164917
480,0.5954999923706055,1.1609431505203247,0.5385000109672546,1.3170229196548462
481,0.5961999893188477,1.1598844528198242,0.4779999852180481,1.4748506546020508
482,0.5960000157356262,1.161900520324707,0.4620000123977661,1.513147234916687
483,0.5940999984741211,1.162152886390686,0.5180000066757202,1.3293437957763672
484,0.5913000106811523,1.1594951152801514,0.5569999814033508,1.2997146844863892
485,0.5956000089645386,1.1585452556610107,0.5389999747276306,1.3227968215942383
486,0.5990999937057495,1.1588672399520874,0.5074999928474426,1.3324337005615234
487,0.5963000059127808,1.1550416946411133,0.5364999771118164,1.3343689441680908
488,0.5950000286102295,1.1584442853927612,0.5049999952316284,1.428073763847351
489,0.5946999788284302,1.1567782163619995,0.5195000171661377,1.3305212259292603
490,0.5950999855995178,1.1537082195281982,0.4790000021457672,1.5126816034317017
491,0.5952000021934509,1.1606645584106445,0.5440000295639038,1.3009021282196045
492,0.5989999771118164,1.1504117250442505,0.5,1.4350391626358032
493,0.5983999967575073,1.1516302824020386,0.5065000057220459,1.3571252822875977
494,0.5982000231742859,1.155108094215393,0.5074999928474426,1.43803071975708
495,0.5990999937057495,1.1558856964111328,0.512499988079071,1.340790867805481
496,0.5997999906539917,1.1492021083831787,0.5080000162124634,1.3953055143356323
497,0.5982000231742859,1.1510941982269287,0.5400000214576721,1.3250799179077148
498,0.5996999740600586,1.1504877805709839,0.5249999761581421,1.3170819282531738
499,0.5989000201225281,1.1444677114486694,0.5235000252723694,1.3371013402938843
500,0.6007000207901001,1.1445083618164062,0.5184999704360962,1.3281407356262207
501,0.6000000238418579,1.1466559171676636,0.5245000123977661,1.390199899673462
502,0.6003000140190125,1.147452712059021,0.5350000262260437,1.3384885787963867
503,0.6013000011444092,1.1457724571228027,0.4950000047683716,1.437717318534851
504,0.6014999747276306,1.1433569192886353,0.47200000286102295,1.5210434198379517
505,0.6018000245094299,1.149431586265564,0.5325000286102295,1.2974506616592407
506,0.5999000072479248,1.144286870956421,0.5115000009536743,1.3580021858215332
507,0.6036999821662903,1.1395621299743652,0.5245000123977661,1.3382149934768677
508,0.5985999703407288,1.1441577672958374,0.5289999842643738,1.3462897539138794
509,0.6039000153541565,1.143735408782959,0.5414999723434448,1.3276580572128296
510,0.598800003528595,1.1388518810272217,0.5230000019073486,1.3228449821472168
511,0.6013000011444092,1.1351773738861084,0.5095000267028809,1.361375093460083
512,0.6014999747276306,1.1343886852264404,0.5245000123977661,1.32037353515625
513,0.6032999753952026,1.136103868484497,0.5210000276565552,1.3266035318374634
514,0.598800003528595,1.1405094861984253,0.5024999976158142,1.4751309156417847
515,0.6013000011444092,1.1395035982131958,0.5254999995231628,1.3367263078689575
516,0.607200026512146,1.1346324682235718,0.39899998903274536,1.727341890335083
517,0.6013000011444092,1.1359822750091553,0.49549999833106995,1.4904308319091797
518,0.6044999957084656,1.1332088708877563,0.5400000214576721,1.3114964962005615
519,0.6043999791145325,1.1302334070205688,0.5254999995231628,1.3447680473327637
520,0.6079000234603882,1.1302931308746338,0.48899999260902405,1.4471572637557983
521,0.6078000068664551,1.1299079656600952,0.5350000262260437,1.3459771871566772
522,0.6078000068664551,1.1291320323944092,0.5389999747276306,1.345421552658081
523,0.6064000129699707,1.1258667707443237,0.5109999775886536,1.4257774353027344
524,0.6057999730110168,1.1291440725326538,0.5009999871253967,1.38250732421875
525,0.6085000038146973,1.1270703077316284,0.46149998903274536,1.5469084978103638
526,0.6085000038146973,1.1275168657302856,0.5354999899864197,1.32603919506073
527,0.6072999835014343,1.1236493587493896,0.4690000116825104,1.4963985681533813
528,0.6044999957084656,1.1287212371826172,0.5370000004768372,1.328371286392212
529,0.6075999736785889,1.1242116689682007,0.48899999260902405,1.518083095550537
530,0.6068000197410583,1.128509283065796,0.5394999980926514,1.3221718072891235
531,0.6100999712944031,1.1213624477386475,0.5450000166893005,1.3021429777145386
532,0.6108999848365784,1.1191455125808716,0.5554999709129333,1.291198968887329
533,0.6111000180244446,1.1190569400787354,0.5224999785423279,1.3292933702468872
534,0.609499990940094,1.1230062246322632,0.5189999938011169,1.3378424644470215
535,0.61080002784729,1.119566559791565,0.5174999833106995,1.3838759660720825
536,0.6115999817848206,1.1209412813186646,0.5095000267028809,1.4652936458587646
537,0.6085000038146973,1.1204501390457153,0.44200000166893005,1.5802111625671387
538,0.6098999977111816,1.1168920993804932,0.5600000023841858,1.2815276384353638
539,0.612500011920929,1.1109097003936768,0.4625000059604645,1.5167783498764038
540,0.613099992275238,1.11799156665802,0.5435000061988831,1.3147313594818115
541,0.6133000254631042,1.1142462491989136,0.5095000267028809,1.3998205661773682
542,0.6107000112533569,1.1127411127090454,0.4945000112056732,1.405228853225708
543,0.6136999726295471,1.1159113645553589,0.5429999828338623,1.3051035404205322
544,0.6122000217437744,1.1117632389068604,0.5260000228881836,1.3375905752182007
545,0.6126000285148621,1.1165831089019775,0.41999998688697815,1.7271580696105957
546,0.6114000082015991,1.1168603897094727,0.5239999890327454,1.3900935649871826
547,0.6141999959945679,1.1100598573684692,0.5544999837875366,1.2906672954559326
548,0.6158000230789185,1.1064939498901367,0.5299999713897705,1.3431808948516846
549,0.6105999946594238,1.1098521947860718,0.5109999775886536,1.4642198085784912
550,0.6140999794006348,1.1084486246109009,0.5379999876022339,1.3701740503311157
551,0.616100013256073,1.1085412502288818,0.5529999732971191,1.3093340396881104
552,0.6136999726295471,1.107533574104309,0.5214999914169312,1.3579860925674438
553,0.6184999942779541,1.1050071716308594,0.5239999890327454,1.3801085948944092
554,0.6158000230789185,1.1071515083312988,0.5354999899864197,1.346567153930664
555,0.6154999732971191,1.1049104928970337,0.5370000004768372,1.3272485733032227
556,0.614799976348877,1.1077467203140259,0.5245000123977661,1.4069945812225342
557,0.6175000071525574,1.101304531097412,0.5364999771118164,1.3173713684082031
558,0.617900013923645,1.1025233268737793,0.503000020980835,1.410941243171692
559,0.6155999898910522,1.098615288734436,0.5184999704360962,1.3687355518341064
560,0.6141999959945679,1.104337453842163,0.5095000267028809,1.3964568376541138
561,0.619700014591217,1.1018368005752563,0.5164999961853027,1.3552216291427612
562,0.6116999983787537,1.1003108024597168,0.5485000014305115,1.3099981546401978
563,0.6215000152587891,1.0958800315856934,0.5454999804496765,1.2880985736846924
564,0.6177999973297119,1.0968012809753418,0.5435000061988831,1.2918131351470947
565,0.6166999936103821,1.0967249870300293,0.46650001406669617,1.667173981666565
566,0.6157000064849854,1.1039685010910034,0.531499981880188,1.3454335927963257
567,0.6171000003814697,1.0975593328475952,0.5065000057220459,1.42879056930542
568,0.6205999851226807,1.093888521194458,0.5414999723434448,1.3419058322906494
569,0.6209999918937683,1.0949993133544922,0.5385000109672546,1.302765965461731
570,0.6197999715805054,1.0891687870025635,0.5285000205039978,1.379835844039917
571,0.6208999752998352,1.0890065431594849,0.5519999861717224,1.2716530561447144
572,0.6190000176429749,1.0918556451797485,0.5529999732971191,1.2685869932174683
573,0.6212000250816345,1.0901824235916138,0.5529999732971191,1.2784972190856934
574,0.6223000288009644,1.0875333547592163,0.5210000276565552,1.4178986549377441
575,0.6209999918937683,1.0877418518066406,0.5299999713897705,1.3163609504699707
576,0.617900013923645,1.0905957221984863,0.4659999907016754,1.560404658317566
577,0.6225000023841858,1.092833399772644,0.5444999933242798,1.295858383178711
578,0.6187999844551086,1.086464285850525,0.5335000157356262,1.3463175296783447
579,0.6233000159263611,1.0871951580047607,0.4749999940395355,1.5350509881973267
580,0.6237000226974487,1.091842532157898,0.4984999895095825,1.4439845085144043
581,0.6205999851226807,1.0881938934326172,0.5370000004768372,1.3336834907531738
582,0.6233999729156494,1.0818986892700195,0.5285000205039978,1.3725653886795044
583,0.6263999938964844,1.0824377536773682,0.5429999828338623,1.295796513557434
584,0.6230000257492065,1.0783205032348633,0.5400000214576721,1.3046761751174927
585,0.6215000152587891,1.0831681489944458,0.5460000038146973,1.3390998840332031
586,0.6191999912261963,1.082398772239685,0.5239999890327454,1.316186785697937
587,0.6226999759674072,1.0817699432373047,0.565500020980835,1.2663313150405884
588,0.6237000226974487,1.0795613527297974,0.5270000100135803,1.3896452188491821
589,0.6269000172615051,1.0767743587493896,0.5435000061988831,1.30192232131958
590,0.6255999803543091,1.0764771699905396,0.5544999837875366,1.2896082401275635
591,0.628000020980835,1.072436809539795,0.5389999747276306,1.3196897506713867
592,0.6273999810218811,1.0757858753204346,0.5199999809265137,1.410442590713501
593,0.6305999755859375,1.0726432800292969,0.44449999928474426,1.600480556488037
594,0.6229000091552734,1.0849719047546387,0.49050000309944153,1.4625877141952515
595,0.6244999766349792,1.076615810394287,0.5375000238418579,1.314497470855713
596,0.6262000203132629,1.0769758224487305,0.5364999771118164,1.318778395652771
597,0.6262000203132629,1.0788450241088867,0.5210000276565552,1.353115200996399
598,0.6312000155448914,1.0684735774993896,0.5475000143051147,1.2720880508422852
599,0.623199999332428,1.0730339288711548,0.5475000143051147,1.3108633756637573
600,0.6312000155448914,1.0703147649765015,0.5120000243186951,1.3524137735366821
601,0.6287999749183655,1.0664156675338745,0.5040000081062317,1.5067404508590698
602,0.6284000277519226,1.0714279413223267,0.5460000038146973,1.2934027910232544
603,0.6323000192642212,1.0660932064056396,0.5360000133514404,1.2921032905578613
604,0.6280999779701233,1.0706725120544434,0.5224999785423279,1.3750128746032715
605,0.6280999779701233,1.0680228471755981,0.5295000076293945,1.317543625831604
606,0.6287999749183655,1.067914366722107,0.5350000262260437,1.3502004146575928
607,0.632099986076355,1.0686122179031372,0.5230000019073486,1.352994680404663
608,0.6310999989509583,1.0643713474273682,0.5224999785423279,1.4437086582183838
609,0.6309000253677368,1.0658278465270996,0.5435000061988831,1.3275552988052368
610,0.6317999958992004,1.0626585483551025,0.5559999942779541,1.2718812227249146
611,0.6312999725341797,1.0612770318984985,0.546999990940094,1.302413821220398
612,0.6291999816894531,1.0618629455566406,0.5299999713897705,1.334401249885559
613,0.6317999958992004,1.0585966110229492,0.5385000109672546,1.303547978401184
614,0.6362000107765198,1.0588443279266357,0.42100000381469727,1.705127239227295
615,0.632099986076355,1.0628724098205566,0.5354999899864197,1.2921062707901
616,0.6338000297546387,1.0570578575134277,0.5600000023841858,1.2782241106033325
617,0.6377999782562256,1.0571802854537964,0.5375000238418579,1.3354167938232422
618,0.6342999935150146,1.0564066171646118,0.4880000054836273,1.4575072526931763
619,0.6319000124931335,1.0592758655548096,0.4104999899864197,1.874768853187561
620,0.6337000131607056,1.0595674514770508,0.5245000123977661,1.351954698562622
621,0.6327000260353088,1.0582678318023682,0.5435000061988831,1.2828501462936401
622,0.6353999972343445,1.0543042421340942,0.5544999837875366,1.2793145179748535
623,0.6342999935150146,1.055087685585022,0.5394999980926514,1.343013048171997
624,0.6359999775886536,1.0525349378585815,0.5360000133514404,1.3193737268447876
625,0.6370000243186951,1.0499193668365479,0.5544999837875366,1.3165701627731323
626,0.6366000175476074,1.051084041595459,0.5584999918937683,1.270540714263916
627,0.632099986076355,1.04948890209198,0.5504999756813049,1.284301996231079
628,0.6363999843597412,1.0507398843765259,0.5299999713897705,1.3654489517211914
629,0.6394000053405762,1.0475178956985474,0.5174999833106995,1.3473045825958252
630,0.6352999806404114,1.0498753786087036,0.5575000047683716,1.2887065410614014
631,0.6363000273704529,1.0506638288497925,0.5385000109672546,1.2932666540145874
632,0.6363999843597412,1.0466045141220093,0.5189999938011169,1.3735618591308594
633,0.6383000016212463,1.0462199449539185,0.5479999780654907,1.3048944473266602
634,0.6381000280380249,1.0448795557022095,0.5515000224113464,1.317501425743103
635,0.6409000158309937,1.0418965816497803,0.5575000047683716,1.2974821329116821
636,0.6377000212669373,1.0456595420837402,0.565500020980835,1.254867672920227
637,0.6381000280380249,1.0404876470565796,0.5354999899864197,1.3821918964385986
638,0.6399000287055969,1.0417636632919312,0.5674999952316284,1.248533010482788
639,0.6399000287055969,1.0408045053482056,0.5285000205039978,1.3378158807754517
640,0.6394000053405762,1.0422391891479492,0.476500004529953,1.5253000259399414
641,0.6384000182151794,1.04373300075531,0.546999990940094,1.282241940498352
642,0.6370999813079834,1.040296196937561,0.48899999260902405,1.481931209564209
643,0.6376000046730042,1.0453886985778809,0.5230000019073486,1.3602396249771118
644,0.6358000040054321,1.0409947633743286,0.5615000128746033,1.2775158882141113
645,0.6434999704360962,1.037569284439087,0.5634999871253967,1.262816309928894
646,0.642799973487854,1.0328245162963867,0.5354999899864197,1.3205270767211914
647,0.6381999850273132,1.0377185344696045,0.4934999942779541,1.461545705795288
648,0.6399000287055969,1.0392085313796997,0.4975000023841858,1.425220251083374
649,0.6388000249862671,1.0342050790786743,0.5580000281333923,1.279847502708435
650,0.6431000232696533,1.034589171409607,0.5504999756813049,1.3220489025115967
651,0.6424000263214111,1.030552625656128,0.5605000257492065,1.2854663133621216
652,0.6448000073432922,1.0309888124465942,0.5515000224113464,1.3053008317947388
653,0.6407999992370605,1.0323548316955566,0.515500009059906,1.3556572198867798
654,0.6445000171661377,1.0263508558273315,0.5044999718666077,1.4247058629989624
655,0.6452000141143799,1.0332958698272705,0.5285000205039978,1.384812831878662
656,0.6414999961853027,1.0319907665252686,0.5080000162124634,1.435347318649292
657,0.6431000232696533,1.0312159061431885,0.5659999847412109,1.2731108665466309
658,0.6435999870300293,1.0275242328643799,0.5289999842643738,1.3779300451278687
659,0.6424999833106995,1.0300071239471436,0.565500020980835,1.2555781602859497
660,0.6430000066757202,1.025701880455017,0.5600000023841858,1.286892056465149
661,0.6445000171661377,1.0294075012207031,0.5554999709129333,1.3082880973815918
662,0.6424999833106995,1.0308154821395874,0.5494999885559082,1.2880926132202148
663,0.6424999833106995,1.0290067195892334,0.5360000133514404,1.3594281673431396
664,0.641700029373169,1.030027151107788,0.5235000252723694,1.362479567527771
665,0.6444000005722046,1.0229371786117554,0.5609999895095825,1.2991902828216553
666,0.6463000178337097,1.023628830909729,0.5174999833106995,1.341868281364441
667,0.6481999754905701,1.0214685201644897,0.5164999961853027,1.4337753057479858
668,0.6460000276565552,1.024506688117981,0.5559999942779541,1.3050800561904907
669,0.6481999754905701,1.021410346031189,0.4779999852180481,1.5470131635665894
670,0.6435999870300293,1.0283734798431396,0.5239999890327454,1.380739688873291
671,0.645799994468689,1.0215110778808594,0.5435000061988831,1.282973051071167
672,0.6482999920845032,1.0192686319351196,0.5389999747276306,1.3163762092590332
673,0.6445000171661377,1.0232592821121216,0.5559999942779541,1.297587513923645
674,0.649399995803833,1.0157370567321777,0.546999990940094,1.3200962543487549
675,0.6488999724388123,1.0138243436813354,0.534500002861023,1.395078182220459
676,0.6491000056266785,1.014268398284912,0.5625,1.2744619846343994
677,0.6474000215530396,1.0106711387634277,0.5385000109672546,1.3557541370391846
678,0.6489999890327454,1.0156776905059814,0.5049999952316284,1.3995567560195923
679,0.6478999853134155,1.0157028436660767,0.5600000023841858,1.29037344455719
680,0.6532999873161316,1.0106158256530762,0.49399998784065247,1.47954523563385
681,0.650600016117096,1.0113577842712402,0.546500027179718,1.3518084287643433
682,0.6486999988555908,1.0119915008544922,0.5429999828338623,1.3158937692642212
683,0.6499999761581421,1.0145801305770874,0.5565000176429749,1.2732393741607666
684,0.652400016784668,1.0101418495178223,0.5575000047683716,1.3101346492767334
685,0.6478999853134155,1.0119740962982178,0.5184999704360962,1.4247888326644897
686,0.6503999829292297,1.0120822191238403,0.5444999933242798,1.3462355136871338
687,0.6545000076293945,1.0045944452285767,0.5490000247955322,1.290107011795044
688,0.6521000266075134,1.0086002349853516,0.48249998688697815,1.6336582899093628
689,0.6484000086784363,1.0103330612182617,0.5665000081062317,1.257734775543213
690,0.6539999842643738,1.0054439306259155,0.4790000021457672,1.5912597179412842
691,0.6503000259399414,1.0078651905059814,0.5049999952316284,1.4840751886367798
692,0.6545000076293945,1.0067057609558105,0.5254999995231628,1.3954006433486938
693,0.6539000272750854,1.0055475234985352,0.5569999814033508,1.3037400245666504
694,0.6552000045776367,1.0008773803710938,0.5485000014305115,1.3368700742721558
695,0.6570000052452087,1.004668951034546,0.5199999809265137,1.413953423500061
696,0.6535999774932861,1.005996584892273,0.5515000224113464,1.3487893342971802
697,0.6542999744415283,1.0042085647583008,0.4950000047683716,1.4969204664230347
698,0.6563000082969666,0.9986823201179504,0.5370000004768372,1.3653345108032227
699,0.6500999927520752,1.0013368129730225,0.5684999823570251,1.268117904663086
700,0.6543999910354614,0.9965035319328308,0.5180000066757202,1.349252700805664
701,0.6588000059127808,0.9966750741004944,0.5720000267028809,1.2516851425170898
702,0.6535000205039978,0.997667670249939,0.5195000171661377,1.3879021406173706
703,0.6575000286102295,1.0021799802780151,0.5364999771118164,1.3326845169067383
704,0.6523000001907349,1.0023738145828247,0.5554999709129333,1.3019070625305176
705,0.6567999720573425,0.9923473596572876,0.5504999756813049,1.3311842679977417
706,0.6549999713897705,0.9972013831138611,0.5090000033378601,1.396811604499817
707,0.6579999923706055,0.9957419633865356,0.5690000057220459,1.2525742053985596
708,0.6572999954223633,0.9896194338798523,0.578499972820282,1.2507405281066895
709,0.661300003528595,0.9915491938591003,0.5665000081062317,1.2755093574523926
710,0.6567999720573425,0.9936392307281494,0.5350000262260437,1.3282743692398071
711,0.657800018787384,0.9885400533676147,0.559499979019165,1.28115975856781
712,0.6621000170707703,0.9914520382881165,0.5494999885559082,1.3177330493927002
713,0.65829998254776,0.9910941123962402,0.5715000033378601,1.2621195316314697
714,0.6603000164031982,0.985633373260498,0.5600000023841858,1.319949984550476
715,0.6545000076293945,0.9896752238273621,0.5575000047683716,1.2773598432540894
716,0.6553999781608582,0.9890924096107483,0.5479999780654907,1.2835396528244019
717,0.6600000262260437,0.9867753982543945,0.5354999899864197,1.3981904983520508
718,0.6581000089645386,0.9893757104873657,0.5584999918937683,1.261262059211731
719,0.6549999713897705,0.9903066158294678,0.49000000953674316,1.534019947052002
720,0.6547999978065491,0.9912452101707458,0.546500027179718,1.3069517612457275
721,0.659500002861023,0.9836263656616211,0.5404999852180481,1.287582516670227
722,0.661300003528595,0.9826111197471619,0.5354999899864197,1.3728493452072144
723,0.6618000268936157,0.9823443293571472,0.49900001287460327,1.5656523704528809
724,0.6608999967575073,0.9826655387878418,0.5450000166893005,1.3572537899017334
725,0.6586999893188477,0.9843980669975281,0.559499979019165,1.2950783967971802
726,0.6600000262260437,0.9810788035392761,0.5494999885559082,1.3022761344909668
727,0.656499981880188,0.9843848347663879,0.5615000128746033,1.2713948488235474
728,0.661899983882904,0.9785654544830322,0.5389999747276306,1.3300343751907349
729,0.6589999794960022,0.9791498780250549,0.5519999861717224,1.2906535863876343
730,0.6607999801635742,0.9787191152572632,0.5485000014305115,1.328528881072998
731,0.6614000201225281,0.9764731526374817,0.5180000066757202,1.408262848854065
732,0.6615999937057495,0.9793257117271423,0.5479999780654907,1.3418086767196655
733,0.6669999957084656,0.975459098815918,0.5055000185966492,1.4218155145645142
734,0.6643999814987183,0.9764994978904724,0.5634999871253967,1.2898728847503662
735,0.6643999814987183,0.9764687418937683,0.5375000238418579,1.3656114339828491
736,0.6622999906539917,0.9782315492630005,0.5270000100135803,1.3710613250732422
737,0.6639000177383423,0.9727988243103027,0.5845000147819519,1.23353111743927
738,0.6638000011444092,0.9703629016876221,0.5584999918937683,1.2757046222686768
739,0.6626999974250793,0.9739925861358643,0.5630000233650208,1.2971134185791016
740,0.6664000153541565,0.9716471433639526,0.5354999899864197,1.4048837423324585
741,0.6625000238418579,0.9733600616455078,0.4909999966621399,1.4794971942901611
742,0.6610999703407288,0.9748489260673523,0.5605000257492065,1.305008053779602
743,0.6639999747276306,0.9735912084579468,0.5525000095367432,1.2891007661819458
744,0.6651999950408936,0.9639877676963806,0.4424999952316284,1.8138314485549927
745,0.6628999710083008,0.9782237410545349,0.5669999718666077,1.2700906991958618
746,0.6664000153541565,0.9647250771522522,0.5479999780654907,1.3363174200057983
747,0.6650999784469604,0.9679887890815735,0.5285000205039978,1.3864485025405884
748,0.6624000072479248,0.9712200164794922,0.5454999804496765,1.3125312328338623
749,0.6633999943733215,0.9659885764122009,0.5519999861717224,1.3098353147506714
750,0.6678000092506409,0.9631450176239014,0.5195000171661377,1.4155511856079102
751,0.6708999872207642,0.9651065468788147,0.5605000257492065,1.2995320558547974
752,0.6658999919891357,0.9615879654884338,0.5090000033378601,1.4444657564163208
753,0.6674000024795532,0.9686874151229858,0.5515000224113464,1.3102060556411743
754,0.6668999791145325,0.9588953256607056,0.5289999842643738,1.3698419332504272
755,0.666100025177002,0.9665816426277161,0.5494999885559082,1.290994644165039
756,0.6675999760627747,0.9623821377754211,0.5695000290870667,1.2755194902420044
757,0.66839998960495,0.957691490650177,0.5394999980926514,1.3507317304611206
758,0.6686000227928162,0.9573222398757935,0.5414999723434448,1.3210444450378418
759,0.6711999773979187,0.958778440952301,0.5740000009536743,1.2442899942398071
760,0.6658999919891357,0.9603926539421082,0.5630000233650208,1.2793372869491577
761,0.6692000031471252,0.956309974193573,0.5519999861717224,1.3250956535339355
762,0.6696000099182129,0.9560005068778992,0.5264999866485596,1.346049189567566
763,0.6685000061988831,0.9553924798965454,0.5394999980926514,1.3267037868499756
764,0.6705999970436096,0.9564545154571533,0.5680000185966492,1.2629001140594482
765,0.6722000241279602,0.9531459212303162,0.5009999871253967,1.420045256614685
766,0.6671000123023987,0.957541823387146,0.5115000009536743,1.4600127935409546
767,0.6664999723434448,0.9578781127929688,0.5625,1.2508964538574219
768,0.6697999835014343,0.954563558101654,0.5669999718666077,1.264825463294983
769,0.6708999872207642,0.9508850574493408,0.5354999899864197,1.4731327295303345
770,0.6722000241279602,0.9543158411979675,0.5684999823570251,1.2447261810302734
771,0.6707000136375427,0.9504758715629578,0.5120000243186951,1.4946547746658325
772,0.6730999946594238,0.9490883946418762,0.5504999756813049,1.2821462154388428
773,0.673799991607666,0.9478538036346436,0.5755000114440918,1.2454670667648315
774,0.675000011920929,0.9501070380210876,0.5364999771118164,1.3930081129074097
775,0.6694999933242798,0.9506241083145142,0.5640000104904175,1.2547063827514648
776,0.6703000068664551,0.9485794901847839,0.5214999914169312,1.4236849546432495
777,0.6751000285148621,0.9498918056488037,0.5709999799728394,1.261741042137146
778,0.6718000173568726,0.9500450491905212,0.5740000009536743,1.2784209251403809
779,0.6764000058174133,0.9436179399490356,0.5544999837875366,1.3097784519195557
780,0.6741999983787537,0.9479249715805054,0.5299999713897705,1.3922924995422363
781,0.6735000014305115,0.946456253528595,0.5490000247955322,1.3143755197525024
782,0.673799991607666,0.9459307789802551,0.5270000100135803,1.380980134010315
783,0.6732000112533569,0.9471806883811951,0.5669999718666077,1.2911832332611084
784,0.6722999811172485,0.942216694355011,0.5584999918937683,1.2890045642852783
785,0.6740999817848206,0.941786527633667,0.559499979019165,1.2892674207687378
786,0.6771000027656555,0.9406096935272217,0.5254999995231628,1.4645265340805054
787,0.6769999861717224,0.9438395500183105,0.5534999966621399,1.369607925415039
788,0.671999990940094,0.9450417160987854,0.5375000238418579,1.4044921398162842
789,0.6754000186920166,0.9417811632156372,0.5515000224113464,1.3581907749176025
790,0.6751999855041504,0.9385911226272583,0.5584999918937683,1.327804446220398
791,0.6779999732971191,0.9380443096160889,0.5805000066757202,1.2612156867980957
792,0.6773999929428101,0.9397498965263367,0.5015000104904175,1.4910452365875244
793,0.6748999953269958,0.943430483341217,0.5475000143051147,1.3005216121673584
794,0.6765000224113464,0.9372091889381409,0.5040000081062317,1.4642436504364014
795,0.6753000020980835,0.941149890422821,0.5095000267028809,1.5062065124511719
796,0.6736999750137329,0.9441027641296387,0.5724999904632568,1.2656526565551758
797,0.6754000186920166,0.9327314496040344,0.578499972820282,1.2563655376434326
798,0.6761999726295471,0.9323633909225464,0.5625,1.2981789112091064
799,0.6787999868392944,0.9289306402206421,0.5304999947547913,1.443481683731079
800,0.6784999966621399,0.9323793053627014,0.5120000243186951,1.4430302381515503
801,0.6816999912261963,0.9302250146865845,0.5460000038146973,1.3165959119796753
802,0.6765999794006348,0.9305906295776367,0.5699999928474426,1.2810943126678467
803,0.6802999973297119,0.9296954274177551,0.5494999885559082,1.3288723230361938
804,0.6801999807357788,0.9303057789802551,0.5320000052452087,1.3996385335922241
805,0.6793000102043152,0.9299998879432678,0.5644999742507935,1.2932645082473755
806,0.6830999851226807,0.9258554577827454,0.5479999780654907,1.3494385480880737
807,0.6798999905586243,0.9287126660346985,0.5540000200271606,1.2851336002349854
808,0.6822999715805054,0.9247229695320129,0.5320000052452087,1.3449329137802124
809,0.6791999936103821,0.9259531497955322,0.5285000205039978,1.4011412858963013
810,0.6779999732971191,0.9300858378410339,0.5389999747276306,1.438780665397644
811,0.6766999959945679,0.9326051473617554,0.5394999980926514,1.3723976612091064
812,0.6780999898910522,0.9269894361495972,0.550000011920929,1.3198528289794922
813,0.6811000108718872,0.9264049530029297,0.5699999928474426,1.284035563468933
814,0.6837000250816345,0.9216629862785339,0.5404999852180481,1.343469500541687
815,0.6843000054359436,0.9186460971832275,0.5329999923706055,1.385330080986023
816,0.6809999942779541,0.9240846633911133,0.5419999957084656,1.3332372903823853
817,0.6830000281333923,0.9200785160064697,0.5084999799728394,1.4566757678985596
818,0.6789000034332275,0.9258086681365967,0.5494999885559082,1.3451144695281982
819,0.6807000041007996,0.923446774482727,0.5230000019073486,1.3550175428390503
820,0.6815000176429749,0.9199789762496948,0.4869999885559082,1.641973614692688
821,0.6841999888420105,0.9221495389938354,0.5745000243186951,1.2645447254180908
822,0.6873999834060669,0.9190496802330017,0.5889999866485596,1.2343566417694092
823,0.6801000237464905,0.9187576174736023,0.5609999895095825,1.3203866481781006
824,0.6814000010490417,0.9181360602378845,0.5690000057220459,1.3080896139144897
825,0.6883999705314636,0.9165782332420349,0.5285000205039978,1.370485544204712
826,0.6851000189781189,0.9147483110427856,0.5544999837875366,1.3119500875473022
827,0.6836000084877014,0.9165006875991821,0.5325000286102295,1.3871076107025146
828,0.6866000294685364,0.9142133593559265,0.578499972820282,1.2514736652374268
829,0.6826000213623047,0.9141861200332642,0.5519999861717224,1.2673190832138062
830,0.6829000115394592,0.9137783050537109,0.5709999799728394,1.2868441343307495
831,0.6837000250816345,0.9138550758361816,0.5659999847412109,1.2757474184036255
832,0.6848000288009644,0.909471869468689,0.5659999847412109,1.3113834857940674
833,0.6848000288009644,0.9140779376029968,0.546500027179718,1.3772549629211426
834,0.6848999857902527,0.9097635746002197,0.5705000162124634,1.26289963722229
835,0.6852999925613403,0.9113168716430664,0.5525000095367432,1.3281091451644897
836,0.6877999901771545,0.9109622836112976,0.5059999823570251,1.4381152391433716
837,0.6873000264167786,0.9098641872406006,0.5575000047683716,1.3032310009002686
838,0.6866999864578247,0.9086551070213318,0.5354999899864197,1.4177653789520264
839,0.6888999938964844,0.9055209159851074,0.5525000095367432,1.313382625579834
840,0.6868000030517578,0.910258412361145,0.5274999737739563,1.4100804328918457
841,0.6879000067710876,0.9061148166656494,0.5684999823570251,1.285927653312683
842,0.694100022315979,0.9031828045845032,0.5625,1.3183293342590332
843,0.6873000264167786,0.905886709690094,0.565500020980835,1.2837938070297241
844,0.6909000277519226,0.9030767679214478,0.546999990940094,1.348810076713562
845,0.6898999810218811,0.903893232345581,0.5350000262260437,1.4978158473968506
846,0.6898999810218811,0.9059938192367554,0.5634999871253967,1.2888596057891846
847,0.690500020980835,0.902367353439331,0.5400000214576721,1.3419897556304932
848,0.690500020980835,0.9019824266433716,0.5630000233650208,1.2816191911697388
849,0.6887000203132629,0.9027801752090454,0.5584999918937683,1.302499532699585
850,0.6848000288009644,0.8999948501586914,0.5419999957084656,1.3340562582015991
851,0.6866000294685364,0.8999976515769958,0.5609999895095825,1.2797703742980957
852,0.6855000257492065,0.9016475677490234,0.5410000085830688,1.3616677522659302
853,0.6913999915122986,0.897896409034729,0.5665000081062317,1.286145806312561
854,0.6934000253677368,0.8932799100875854,0.5584999918937683,1.3103505373001099
855,0.6888999938964844,0.9011037349700928,0.5699999928474426,1.2822656631469727
856,0.6912000179290771,0.8935794234275818,0.5615000128746033,1.273596167564392
857,0.6886000037193298,0.8933444619178772,0.5450000166893005,1.3484846353530884
858,0.6947000026702881,0.8949893712997437,0.5669999718666077,1.2590044736862183
859,0.6922000050544739,0.8941910266876221,0.5270000100135803,1.4899300336837769
860,0.6880000233650208,0.8989495038986206,0.5680000185966492,1.2748886346817017
861,0.6919000148773193,0.894154965877533,0.5634999871253967,1.2956712245941162
862,0.692300021648407,0.8908143639564514,0.5544999837875366,1.3045881986618042
863,0.6949999928474426,0.8935757875442505,0.5795000195503235,1.247040033340454
864,0.6908000111579895,0.8950532078742981,0.5715000033378601,1.2981854677200317
865,0.6935999989509583,0.8924053907394409,0.5590000152587891,1.2982031106948853
866,0.6937999725341797,0.8940850496292114,0.5745000243186951,1.263036847114563
867,0.6933000087738037,0.8879992961883545,0.5389999747276306,1.3793232440948486
868,0.6930000185966492,0.8881720900535583,0.5640000104904175,1.2943559885025024
869,0.6937999725341797,0.8880806565284729,0.5394999980926514,1.3553870916366577
870,0.6937999725341797,0.8894338607788086,0.5839999914169312,1.2561763525009155
871,0.6983000040054321,0.8861420750617981,0.5830000042915344,1.2386269569396973
872,0.6935999989509583,0.8868892788887024,0.5580000281333923,1.3582582473754883
873,0.6919999718666077,0.8901675939559937,0.4749999940395355,1.6293481588363647
874,0.692799985408783,0.8890630602836609,0.5770000219345093,1.3022938966751099
875,0.698199987411499,0.8798536062240601,0.5550000071525574,1.3445854187011719
876,0.6952000260353088,0.8865830302238464,0.5565000176429749,1.339794397354126
877,0.6952000260353088,0.884575366973877,0.5734999775886536,1.2546465396881104
878,0.6967999935150146,0.8801012635231018,0.5659999847412109,1.2880585193634033
879,0.6995000243186951,0.8788021206855774,0.5580000281333923,1.35958731174469
880,0.6960999965667725,0.8835484385490417,0.5709999799728394,1.2923508882522583
881,0.699400007724762,0.8798101544380188,0.515500009059906,1.4876198768615723
882,0.696399986743927,0.8858803510665894,0.49549999833106995,1.656412124633789
883,0.6960999965667725,0.8868244290351868,0.5224999785423279,1.3829119205474854
884,0.6960999965667725,0.8799407482147217,0.5590000152587891,1.3018007278442383
885,0.6988000273704529,0.8784713745117188,0.5724999904632568,1.2545628547668457
886,0.701200008392334,0.8783127069473267,0.5084999799728394,1.4053620100021362
887,0.6955999732017517,0.8766018748283386,0.5770000219345093,1.2590936422348022
888,0.6995000243186951,0.8787626028060913,0.5375000238418579,1.4221177101135254
889,0.6965000033378601,0.8802013397216797,0.565500020980835,1.289373517036438
890,0.6985999941825867,0.8712230324745178,0.5674999952316284,1.3374978303909302
891,0.7001000046730042,0.872057318687439,0.5690000057220459,1.2712311744689941
892,0.6980000138282776,0.8754132986068726,0.5619999766349792,1.3811157941818237
893,0.7006000280380249,0.8757036924362183,0.5525000095367432,1.3334324359893799
894,0.7008000016212463,0.876280665397644,0.5134999752044678,1.6093525886535645
895,0.7013000249862671,0.8733106255531311,0.5764999985694885,1.2681667804718018
896,0.7017999887466431,0.8688019514083862,0.5745000243186951,1.2933822870254517
897,0.7017999887466431,0.8711428642272949,0.47049999237060547,1.611192226409912
898,0.7014999985694885,0.8764388561248779,0.5444999933242798,1.3546241521835327
899,0.7008000016212463,0.8701450228691101,0.5485000014305115,1.3840745687484741
900,0.6995999813079834,0.8691295981407166,0.5740000009536743,1.300716519355774
901,0.7027999758720398,0.8695223927497864,0.531000018119812,1.380476474761963
902,0.703000009059906,0.8700039982795715,0.5394999980926514,1.3799700736999512
903,0.7028999924659729,0.8674924969673157,0.5630000233650208,1.3166009187698364
904,0.7017999887466431,0.8640103340148926,0.5559999942779541,1.3089243173599243
905,0.7027999758720398,0.8662434816360474,0.5849999785423279,1.2512882947921753
906,0.7039999961853027,0.8622756004333496,0.5235000252723694,1.5485427379608154
907,0.7031999826431274,0.8709863424301147,0.5090000033378601,1.51737380027771
908,0.7038999795913696,0.865585446357727,0.5245000123977661,1.4200928211212158
909,0.7017999887466431,0.8643575310707092,0.5554999709129333,1.3251006603240967
910,0.7045999765396118,0.8657128214836121,0.5680000185966492,1.270857810974121
911,0.7020000219345093,0.864052414894104,0.5745000243186951,1.2606916427612305
912,0.703499972820282,0.8624028563499451,0.5565000176429749,1.3376450538635254
913,0.7031999826431274,0.8620831966400146,0.531000018119812,1.4106824398040771
914,0.7081999778747559,0.8601634502410889,0.4950000047683716,1.5370525121688843
915,0.7026000022888184,0.8664838075637817,0.5559999942779541,1.316074252128601
916,0.7059999704360962,0.8612554669380188,0.5674999952316284,1.2791765928268433
917,0.7059000134468079,0.8573469519615173,0.5139999985694885,1.5679945945739746
918,0.7102000117301941,0.8592556715011597,0.5494999885559082,1.3897451162338257
919,0.703000009059906,0.861060619354248,0.5705000162124634,1.2953628301620483
920,0.704800009727478,0.8578893542289734,0.5649999976158142,1.3033297061920166
921,0.7077000141143799,0.8576611280441284,0.5475000143051147,1.3102433681488037
922,0.7084000110626221,0.8533552885055542,0.5755000114440918,1.289890170097351
923,0.7041000127792358,0.8579398393630981,0.5625,1.285256028175354
924,0.7044000029563904,0.8561359643936157,0.5410000085830688,1.4510064125061035
925,0.7052000164985657,0.8538201451301575,0.5680000185966492,1.2852638959884644
926,0.7060999870300293,0.8530288934707642,0.5684999823570251,1.3326635360717773
927,0.7060999870300293,0.8507105708122253,0.5619999766349792,1.3187631368637085
928,0.7060999870300293,0.8522533178329468,0.5640000104904175,1.3266944885253906
929,0.7074999809265137,0.8503381013870239,0.5404999852180481,1.4043105840682983
930,0.7064999938011169,0.8487212657928467,0.5849999785423279,1.253426432609558
931,0.7063999772071838,0.8496285080909729,0.5774999856948853,1.2574710845947266
932,0.7092999815940857,0.8524428009986877,0.5674999952316284,1.2811577320098877
933,0.7073000073432922,0.851884663105011,0.534500002861023,1.4003292322158813
934,0.7064999938011169,0.8546330332756042,0.5619999766349792,1.3476070165634155
935,0.7077999711036682,0.8483747839927673,0.5444999933242798,1.4622468948364258
936,0.7129999995231628,0.8482335209846497,0.5755000114440918,1.271459698677063
937,0.7085999846458435,0.849840521812439,0.546999990940094,1.4139301776885986
938,0.7042999863624573,0.8479593992233276,0.5674999952316284,1.2976281642913818
939,0.7120000123977661,0.8480359315872192,0.5740000009536743,1.2824087142944336
940,0.7124000191688538,0.8457640409469604,0.5709999799728394,1.2780792713165283
941,0.7139000296592712,0.8438085913658142,0.4975000023841858,1.6249282360076904
942,0.7096999883651733,0.8489704132080078,0.5274999737739563,1.4004113674163818
943,0.7175999879837036,0.8410486578941345,0.5770000219345093,1.2742664813995361
944,0.711899995803833,0.8400983214378357,0.4945000112056732,1.6964513063430786
945,0.715499997138977,0.841566801071167,0.49050000309944153,1.6029853820800781
946,0.7120000123977661,0.8422900438308716,0.531000018119812,1.5424411296844482
947,0.7128000259399414,0.8391971588134766,0.5709999799728394,1.267328143119812
948,0.7127000093460083,0.8484022617340088,0.5575000047683716,1.317847490310669
949,0.7124999761581421,0.8391419649124146,0.5699999928474426,1.2959001064300537
950,0.715399980545044,0.841994047164917,0.5490000247955322,1.3558357954025269
951,0.7128999829292297,0.8405957221984863,0.5770000219345093,1.2791787385940552
952,0.7142000198364258,0.8375938534736633,0.5619999766349792,1.3506349325180054
953,0.7123000025749207,0.8371967673301697,0.5019999742507935,1.5359091758728027
954,0.7149999737739563,0.8362501859664917,0.5734999775886536,1.3014987707138062
955,0.7135000228881836,0.8351864218711853,0.5734999775886536,1.3028568029403687
956,0.7160999774932861,0.8362358212471008,0.5329999923706055,1.386470079421997
957,0.717199981212616,0.8302404284477234,0.5625,1.3192853927612305
958,0.7160999774932861,0.8365157246589661,0.5230000019073486,1.4140174388885498
959,0.7143999934196472,0.8354207277297974,0.5849999785423279,1.2535827159881592
960,0.7190999984741211,0.8295667767524719,0.5705000162124634,1.3036718368530273
961,0.7129999995231628,0.8333985209465027,0.5644999742507935,1.275889277458191
962,0.7123000025749207,0.829902172088623,0.5680000185966492,1.2925465106964111
963,0.7146000266075134,0.8332034945487976,0.5720000267028809,1.3134746551513672
964,0.7181000113487244,0.8310337066650391,0.5644999742507935,1.3111191987991333
965,0.7202000021934509,0.8274588584899902,0.5410000085830688,1.3940600156784058
966,0.714900016784668,0.8309157490730286,0.5795000195503235,1.2711998224258423
967,0.7171000242233276,0.8274869918823242,0.5485000014305115,1.3468403816223145
968,0.7181000113487244,0.8260588049888611,0.5630000233650208,1.3118484020233154
969,0.7196000218391418,0.8280543684959412,0.4699999988079071,1.66402006149292
970,0.7192000150680542,0.8304420113563538,0.5764999985694885,1.2812551259994507
971,0.717199981212616,0.8213503956794739,0.5270000100135803,1.4431958198547363
972,0.7186999917030334,0.8285750150680542,0.5820000171661377,1.2608487606048584
973,0.7210000157356262,0.8216526508331299,0.5690000057220459,1.3252177238464355
974,0.7195000052452087,0.8237090110778809,0.5690000057220459,1.3126802444458008
975,0.7192000150680542,0.8201175928115845,0.5625,1.3376652002334595
976,0.7200000286102295,0.8222150206565857,0.5454999804496765,1.3904271125793457
977,0.7142999768257141,0.8289488554000854,0.5755000114440918,1.2955379486083984
978,0.7204999923706055,0.8212746381759644,0.5824999809265137,1.2557401657104492
979,0.7197999954223633,0.8240727782249451,0.5630000233650208,1.297012209892273
980,0.7224000096321106,0.8216167092323303,0.5479999780654907,1.43414306640625
981,0.72079998254776,0.8212789297103882,0.5600000023841858,1.3093630075454712
982,0.7204999923706055,0.8251515626907349,0.5715000033378601,1.3109049797058105
983,0.7246999740600586,0.8137608170509338,0.5404999852180481,1.4125653505325317
984,0.7210999727249146,0.8189185261726379,0.5429999828338623,1.3985666036605835
985,0.7211999893188477,0.820151150226593,0.5684999823570251,1.299834966659546
986,0.7232000231742859,0.8162029981613159,0.5454999804496765,1.466944932937622
987,0.7200000286102295,0.819753885269165,0.5809999704360962,1.27151358127594
988,0.7228999733924866,0.8118271827697754,0.574999988079071,1.3098959922790527
989,0.7228000164031982,0.8163207769393921,0.5705000162124634,1.308327555656433
990,0.7218000292778015,0.8167228102684021,0.5490000247955322,1.3542004823684692
991,0.7208999991416931,0.8154895305633545,0.48649999499320984,1.6511449813842773
992,0.7199000120162964,0.8226045966148376,0.5734999775886536,1.2966184616088867
993,0.7200999855995178,0.815055787563324,0.5414999723434448,1.4802829027175903
994,0.7239000201225281,0.8118399977684021,0.5644999742507935,1.373968243598938
995,0.7253999710083008,0.8105770349502563,0.578000009059906,1.2881296873092651
996,0.723800003528595,0.8127243518829346,0.5525000095367432,1.3648399114608765
997,0.723800003528595,0.8142358660697937,0.5649999976158142,1.3044004440307617
998,0.7257999777793884,0.8095859885215759,0.5649999976158142,1.3363280296325684
999,0.7225000262260437,0.8111264705657959,0.5509999990463257,1.3166812658309937
