epoch,accuracy,loss,val_accuracy,val_loss
0,0.10119999945163727,2.309595823287964,0.09000000357627869,2.305824041366577
1,0.10220000147819519,2.3006608486175537,0.11400000005960464,2.2980029582977295
2,0.120899997651577,2.293976068496704,0.12849999964237213,2.291480779647827
3,0.12690000236034393,2.288111686706543,0.13449999690055847,2.2857778072357178
4,0.13529999554157257,2.2825045585632324,0.1445000022649765,2.2798736095428467
5,0.1436000019311905,2.2765612602233887,0.1420000046491623,2.2735180854797363
6,0.14900000393390656,2.270160436630249,0.15600000321865082,2.2666709423065186
7,0.16060000658035278,2.2630343437194824,0.15549999475479126,2.2590742111206055
8,0.16279999911785126,2.2549452781677246,0.17299999296665192,2.250155448913574
9,0.17749999463558197,2.245617151260376,0.17550000548362732,2.239809513092041
10,0.18809999525547028,2.234858751296997,0.1899999976158142,2.228085994720459
11,0.19499999284744263,2.2223565578460693,0.21299999952316284,2.2146449089050293
12,0.20469999313354492,2.208130121231079,0.20149999856948853,2.19887638092041
13,0.21140000224113464,2.191798210144043,0.2290000021457672,2.1803717613220215
14,0.2207999974489212,2.1737630367279053,0.23499999940395355,2.1616923809051514
15,0.23399999737739563,2.1544883251190186,0.23499999940395355,2.140902280807495
16,0.23559999465942383,2.1342625617980957,0.2290000021457672,2.121807813644409
17,0.24310000240802765,2.1139471530914307,0.26100000739097595,2.1014227867126465
18,0.24879999458789825,2.0949106216430664,0.25,2.080862522125244
19,0.25200000405311584,2.076281785964966,0.2605000138282776,2.063828945159912
20,0.25690001249313354,2.0604259967803955,0.27399998903274536,2.047654628753662
21,0.262800008058548,2.0463857650756836,0.26100000739097595,2.0361855030059814
22,0.26579999923706055,2.0335092544555664,0.2590000033378601,2.034884214401245
23,0.26910001039505005,2.0228958129882812,0.2809999883174896,2.016036033630371
24,0.2732999920845032,2.0126278400421143,0.2720000147819519,2.014508008956909
25,0.2777999937534332,2.0043928623199463,0.2824999988079071,1.996985673904419
26,0.28029999136924744,1.9953933954238892,0.28999999165534973,1.98811936378479
27,0.2815000116825104,1.9878679513931274,0.29100000858306885,1.9815579652786255
28,0.28700000047683716,1.9808028936386108,0.2840000092983246,1.9808582067489624
29,0.2904999852180481,1.974291205406189,0.28700000047683716,1.9716929197311401
30,0.2919999957084656,1.9681307077407837,0.2939999997615814,1.9635258913040161
31,0.29499998688697815,1.961836576461792,0.296999990940094,1.9607256650924683
32,0.2987000048160553,1.956057071685791,0.2930000126361847,1.9522939920425415
33,0.29910001158714294,1.9500967264175415,0.2980000078678131,1.9464231729507446
34,0.3012999892234802,1.9447673559188843,0.2980000078678131,1.9449745416641235
35,0.30570000410079956,1.9384667873382568,0.2994999885559082,1.9417626857757568
36,0.3068999946117401,1.9335304498672485,0.2955000102519989,1.9397047758102417
37,0.3093000054359436,1.9281079769134521,0.30250000953674316,1.9264106750488281
38,0.31200000643730164,1.9226319789886475,0.30799999833106995,1.9213566780090332
39,0.3154999911785126,1.9168697595596313,0.30250000953674316,1.9207544326782227
40,0.3172999918460846,1.9103697538375854,0.31349998712539673,1.9189703464508057
41,0.32260000705718994,1.9064183235168457,0.3059999942779541,1.9278151988983154
42,0.320499986410141,1.9006760120391846,0.32249999046325684,1.907509207725525
43,0.32600000500679016,1.8947864770889282,0.31299999356269836,1.9012563228607178
44,0.3269999921321869,1.8895599842071533,0.32600000500679016,1.8904235363006592
45,0.33219999074935913,1.8839179277420044,0.32499998807907104,1.8855807781219482
46,0.33309999108314514,1.8783148527145386,0.3009999990463257,1.91703462600708
47,0.33809998631477356,1.8733329772949219,0.328000009059906,1.878839135169983
48,0.33550000190734863,1.86726975440979,0.3305000066757202,1.8684014081954956
49,0.3424000144004822,1.861172080039978,0.33000001311302185,1.8667222261428833
50,0.3433000147342682,1.8559720516204834,0.3334999978542328,1.8615531921386719
51,0.3440000116825104,1.850433349609375,0.3294999897480011,1.8591008186340332
52,0.35260000824928284,1.8445179462432861,0.34150001406669617,1.8513147830963135
53,0.349700003862381,1.8399958610534668,0.34150001406669617,1.8479292392730713
54,0.3499999940395355,1.835392951965332,0.34299999475479126,1.848398208618164
55,0.3547999858856201,1.8290342092514038,0.32249999046325684,1.859264612197876
56,0.35589998960494995,1.8242429494857788,0.3440000116825104,1.8377163410186768
57,0.35589998960494995,1.8186533451080322,0.3465000092983246,1.8330551385879517
58,0.35989999771118164,1.8146861791610718,0.33500000834465027,1.836957573890686
59,0.36169999837875366,1.8105961084365845,0.335999995470047,1.8375331163406372
60,0.36329999566078186,1.8033336400985718,0.3474999964237213,1.8321478366851807
61,0.3637999892234802,1.7994853258132935,0.34850001335144043,1.823024868965149
62,0.3637999892234802,1.7931251525878906,0.32749998569488525,1.8573970794677734
63,0.36899998784065247,1.7893939018249512,0.3319999873638153,1.8497645854949951
64,0.36559998989105225,1.7859450578689575,0.3434999883174896,1.8205311298370361
65,0.37049999833106995,1.7785935401916504,0.36000001430511475,1.7871371507644653
66,0.37059998512268066,1.7749711275100708,0.35499998927116394,1.7919284105300903
67,0.37279999256134033,1.7707504034042358,0.3564999997615814,1.8005281686782837
68,0.37389999628067017,1.7659327983856201,0.35850000381469727,1.7853732109069824
69,0.37630000710487366,1.761376976966858,0.3499999940395355,1.800222396850586
70,0.375900000333786,1.7578791379928589,0.3499999940395355,1.8094654083251953
71,0.37630000710487366,1.754800796508789,0.3659999966621399,1.7684730291366577
72,0.37929999828338623,1.749115228652954,0.3474999964237213,1.7840949296951294
73,0.3822999894618988,1.7441394329071045,0.3630000054836273,1.767426609992981
74,0.3799000084400177,1.7403509616851807,0.3610000014305115,1.7686564922332764
75,0.3822000026702881,1.7361825704574585,0.3734999895095825,1.758845567703247
76,0.3822000026702881,1.7318371534347534,0.3714999854564667,1.7645764350891113
77,0.38580000400543213,1.7280939817428589,0.351500004529953,1.774110198020935
78,0.38690000772476196,1.7237120866775513,0.37299999594688416,1.765984296798706
79,0.38929998874664307,1.7184226512908936,0.3709999918937683,1.748679280281067
80,0.38839998841285706,1.7160142660140991,0.37549999356269836,1.760151982307434
81,0.39089998602867126,1.7125164270401,0.38499999046325684,1.7253209352493286
82,0.3928000032901764,1.7088896036148071,0.3720000088214874,1.7586380243301392
83,0.391400009393692,1.7039058208465576,0.3765000104904175,1.758846402168274
84,0.3955000042915344,1.7021691799163818,0.3785000145435333,1.727961778640747
85,0.40049999952316284,1.6949459314346313,0.35100001096725464,1.7879881858825684
86,0.39629998803138733,1.6924189329147339,0.3840000033378601,1.721102237701416
87,0.39959999918937683,1.6874489784240723,0.3785000145435333,1.7193979024887085
88,0.3982999920845032,1.686082363128662,0.37299999594688416,1.718103051185608
89,0.40049999952316284,1.6807799339294434,0.39100000262260437,1.7183963060379028
90,0.4027999937534332,1.6779507398605347,0.3375000059604645,1.7843587398529053
91,0.4020000100135803,1.6734933853149414,0.39800000190734863,1.7077187299728394
92,0.4043000042438507,1.66957426071167,0.3765000104904175,1.7914543151855469
93,0.4050999879837036,1.666473627090454,0.38999998569488525,1.731306552886963
94,0.4058000147342682,1.6617045402526855,0.39399999380111694,1.6843169927597046
95,0.4074999988079071,1.657616376876831,0.3785000145435333,1.697348713874817
96,0.40790000557899475,1.6541078090667725,0.3409999907016754,1.850946068763733
97,0.4090000092983246,1.651515245437622,0.3995000123977661,1.6806122064590454
98,0.4099000096321106,1.646107792854309,0.37700000405311584,1.7531214952468872
99,0.41130000352859497,1.6438664197921753,0.3959999978542328,1.693759560585022
100,0.41179999709129333,1.640199065208435,0.38449999690055847,1.685563325881958
101,0.4133000075817108,1.6358530521392822,0.35749998688697815,1.727199673652649
102,0.414900004863739,1.6331768035888672,0.3375000059604645,1.7941744327545166
103,0.41839998960494995,1.6325076818466187,0.3935000002384186,1.6895594596862793
104,0.41499999165534973,1.6269727945327759,0.3880000114440918,1.6974486112594604
105,0.4156000018119812,1.6234376430511475,0.4065000116825104,1.6632966995239258
106,0.42170000076293945,1.6203216314315796,0.3894999921321869,1.6657819747924805
107,0.4226999878883362,1.6160998344421387,0.40549999475479126,1.661109447479248
108,0.42289999127388,1.6133487224578857,0.41350001096725464,1.6440813541412354
109,0.42640000581741333,1.6094474792480469,0.41600000858306885,1.6419322490692139
110,0.42410001158714294,1.606846809387207,0.3815000057220459,1.7158663272857666
111,0.42730000615119934,1.604867935180664,0.39250001311302185,1.682725429534912
112,0.42419999837875366,1.6013767719268799,0.41200000047683716,1.647117257118225
113,0.4293000102043152,1.5981248617172241,0.4050000011920929,1.6486172676086426
114,0.4291999936103821,1.5940332412719727,0.37400001287460327,1.7910003662109375
115,0.42899999022483826,1.5957062244415283,0.40299999713897705,1.6657962799072266
116,0.42989999055862427,1.5900559425354004,0.4065000116825104,1.6672409772872925
117,0.435699999332428,1.5861856937408447,0.41999998688697815,1.6515165567398071
118,0.4359999895095825,1.585459589958191,0.4189999997615814,1.628350019454956
119,0.4368000030517578,1.582006573677063,0.42649999260902405,1.6063272953033447
120,0.4366999864578247,1.577614426612854,0.3935000002384186,1.6541471481323242
121,0.43479999899864197,1.5771546363830566,0.4269999861717224,1.6157426834106445
122,0.43880000710487366,1.5716413259506226,0.42800000309944153,1.6090953350067139
123,0.44020000100135803,1.5714452266693115,0.4194999933242798,1.641566276550293
124,0.4399000108242035,1.566945195198059,0.41999998688697815,1.6103076934814453
125,0.4392000138759613,1.5654828548431396,0.42399999499320984,1.6202744245529175
126,0.44209998846054077,1.5625580549240112,0.43700000643730164,1.6136393547058105
127,0.4408999979496002,1.5605748891830444,0.40799999237060547,1.6373721361160278
128,0.44279998540878296,1.5576046705245972,0.3995000123977661,1.7721344232559204
129,0.4433000087738037,1.5593267679214478,0.4359999895095825,1.5871464014053345
130,0.44589999318122864,1.5527602434158325,0.429500013589859,1.586449146270752
131,0.44130000472068787,1.5526502132415771,0.41600000858306885,1.6192201375961304
132,0.4447999894618988,1.5504778623580933,0.4410000145435333,1.5804119110107422
133,0.44780001044273376,1.5457518100738525,0.4325000047683716,1.5928452014923096
134,0.4512999951839447,1.5443568229675293,0.4325000047683716,1.5799769163131714
135,0.45010000467300415,1.5429441928863525,0.4194999933242798,1.6241294145584106
136,0.4487000107765198,1.5417563915252686,0.40400001406669617,1.614770531654358
137,0.4514000117778778,1.5385133028030396,0.43950000405311584,1.5793718099594116
138,0.4510999917984009,1.538293480873108,0.43849998712539673,1.5674433708190918
139,0.4514000117778778,1.5355887413024902,0.44200000166893005,1.567870855331421
140,0.44999998807907104,1.5308438539505005,0.41999998688697815,1.6550180912017822
141,0.4498000144958496,1.5308133363723755,0.4189999997615814,1.6453734636306763
142,0.4535999894142151,1.5280910730361938,0.42500001192092896,1.6439179182052612
143,0.4542999863624573,1.5282968282699585,0.4399999976158142,1.5615981817245483
144,0.45590001344680786,1.525518774986267,0.4259999990463257,1.5910366773605347
145,0.4544999897480011,1.5255032777786255,0.43650001287460327,1.5851256847381592
146,0.4560999870300293,1.521147608757019,0.4309999942779541,1.5826324224472046
147,0.45509999990463257,1.5179451704025269,0.41850000619888306,1.5869096517562866
148,0.4587000012397766,1.5171923637390137,0.3619999885559082,1.8328794240951538
149,0.4575999975204468,1.5203583240509033,0.40400001406669617,1.7116936445236206
150,0.4596000015735626,1.5140538215637207,0.4205000102519989,1.5879714488983154
151,0.45899999141693115,1.5123475790023804,0.42149999737739563,1.5694775581359863
152,0.46140000224113464,1.5094090700149536,0.4154999852180481,1.6441760063171387
153,0.46000000834465027,1.5096986293792725,0.42800000309944153,1.6146512031555176
154,0.4634000062942505,1.5086580514907837,0.4595000147819519,1.5413727760314941
155,0.46380001306533813,1.5045192241668701,0.40849998593330383,1.6049295663833618
156,0.46140000224113464,1.5073655843734741,0.42500001192092896,1.5934568643569946
157,0.4650999903678894,1.5028215646743774,0.4440000057220459,1.5541367530822754
158,0.46720001101493835,1.498961329460144,0.4429999887943268,1.5524026155471802
159,0.46560001373291016,1.4993631839752197,0.4415000081062317,1.5720860958099365
160,0.4681999981403351,1.4965859651565552,0.37950000166893005,1.666714072227478
161,0.46309998631477356,1.4947296380996704,0.4154999852180481,1.62782883644104
162,0.46219998598098755,1.494385004043579,0.42149999737739563,1.610982060432434
163,0.46869999170303345,1.491788387298584,0.4429999887943268,1.5637942552566528
164,0.4699999988079071,1.492583155632019,0.42750000953674316,1.5802456140518188
165,0.46939998865127563,1.4901807308197021,0.45100000500679016,1.5408989191055298
166,0.47029998898506165,1.486844778060913,0.45500001311302185,1.5352210998535156
167,0.4724999964237213,1.4864137172698975,0.44600000977516174,1.54015052318573
168,0.46939998865127563,1.4823579788208008,0.43050000071525574,1.6333030462265015
169,0.47200000286102295,1.484859585762024,0.4519999921321869,1.54264235496521
170,0.46709999442100525,1.482730507850647,0.44350001215934753,1.5722150802612305
171,0.47029998898506165,1.4835163354873657,0.29499998688697815,2.1810688972473145
172,0.46860000491142273,1.4888486862182617,0.43849998712539673,1.5944697856903076
173,0.4702000021934509,1.4804937839508057,0.44600000977516174,1.546606421470642
174,0.4677000045776367,1.476546049118042,0.4350000023841858,1.6053283214569092
175,0.4717999994754791,1.4754236936569214,0.44749999046325684,1.5569963455200195
176,0.4749999940395355,1.475466251373291,0.44200000166893005,1.5383895635604858
177,0.4717000126838684,1.470638632774353,0.4169999957084656,1.6076418161392212
178,0.47369998693466187,1.4698309898376465,0.4505000114440918,1.5306243896484375
179,0.47450000047683716,1.4712824821472168,0.4129999876022339,1.6014026403427124
180,0.47690001130104065,1.4673664569854736,0.4424999952316284,1.5733668804168701
181,0.4749999940395355,1.466575026512146,0.44999998807907104,1.5442637205123901
182,0.4767000079154968,1.4658212661743164,0.43549999594688416,1.5460001230239868
183,0.47909998893737793,1.4616953134536743,0.42750000953674316,1.564502239227295
184,0.47600001096725464,1.4608571529388428,0.45399999618530273,1.5149179697036743
185,0.47600001096725464,1.46094810962677,0.44749999046325684,1.5717226266860962
186,0.47909998893737793,1.4605547189712524,0.4259999990463257,1.5718225240707397
187,0.48240000009536743,1.46077299118042,0.4429999887943268,1.6198314428329468
188,0.47850000858306885,1.456342101097107,0.46000000834465027,1.4965935945510864
189,0.48339998722076416,1.4589149951934814,0.43799999356269836,1.6223814487457275
190,0.4830999970436096,1.4542515277862549,0.445499986410141,1.5337101221084595
191,0.4812000095844269,1.4525278806686401,0.4399999976158142,1.5568698644638062
192,0.4832000136375427,1.453363299369812,0.46000000834465027,1.5183923244476318
193,0.48260000348091125,1.4483516216278076,0.46799999475479126,1.5147757530212402
194,0.4810999929904938,1.4480646848678589,0.46399998664855957,1.507161259651184
195,0.4828000068664551,1.4480934143066406,0.4429999887943268,1.5279335975646973
196,0.48500001430511475,1.4459587335586548,0.42750000953674316,1.5692955255508423
197,0.4830999970436096,1.4458338022232056,0.4544999897480011,1.5239522457122803
198,0.48820000886917114,1.441874384880066,0.4620000123977661,1.5316411256790161
199,0.48669999837875366,1.4413031339645386,0.47049999237060547,1.495671272277832
200,0.48820000886917114,1.4382960796356201,0.44600000977516174,1.5757429599761963
201,0.486299991607666,1.4416509866714478,0.46700000762939453,1.5105654001235962
202,0.48840001225471497,1.437394380569458,0.45399999618530273,1.5102664232254028
203,0.4887999892234802,1.437389612197876,0.4595000147819519,1.4948382377624512
204,0.48829999566078186,1.435652494430542,0.4514999985694885,1.5045377016067505
205,0.48969998955726624,1.4335063695907593,0.44449999928474426,1.5287659168243408
206,0.48989999294281006,1.4336594343185425,0.4645000100135803,1.5040805339813232
207,0.48899999260902405,1.430375337600708,0.4415000081062317,1.5657355785369873
208,0.4893999993801117,1.4330296516418457,0.44449999928474426,1.5189672708511353
209,0.4934999942779541,1.4280232191085815,0.4699999988079071,1.4843209981918335
210,0.4909000098705292,1.4280699491500854,0.453000009059906,1.5281269550323486
211,0.4918000102043152,1.4266139268875122,0.45649999380111694,1.5584511756896973
212,0.4968999922275543,1.4241600036621094,0.38850000500679016,1.6647024154663086
213,0.4916999936103821,1.4248899221420288,0.4555000066757202,1.4986571073532104
214,0.49399998784065247,1.4241578578948975,0.4675000011920929,1.502861738204956
215,0.49549999833106995,1.4200800657272339,0.4569999873638153,1.521848440170288
216,0.4925999939441681,1.4220826625823975,0.4399999976158142,1.5203744173049927
217,0.49880000948905945,1.4177279472351074,0.4555000066757202,1.5665290355682373
218,0.49639999866485596,1.422257900238037,0.4645000100135803,1.5370010137557983
219,0.5012999773025513,1.4148991107940674,0.476500004529953,1.498802661895752
220,0.5005000233650208,1.4128997325897217,0.47350001335144043,1.4729453325271606
221,0.5011000037193298,1.4141985177993774,0.4560000002384186,1.5060573816299438
222,0.4973999857902527,1.4124583005905151,0.47450000047683716,1.4737484455108643
223,0.4964999854564667,1.4140362739562988,0.47099998593330383,1.4780594110488892
224,0.49889999628067017,1.4109108448028564,0.46399998664855957,1.4931774139404297
225,0.5001000165939331,1.4083033800125122,0.46000000834465027,1.535560131072998
226,0.5026999711990356,1.4062565565109253,0.45500001311302185,1.503635287284851
227,0.4973999857902527,1.4076472520828247,0.4819999933242798,1.4701200723648071
228,0.4964999854564667,1.4056166410446167,0.39800000190734863,1.7561575174331665
229,0.4984999895095825,1.404618263244629,0.44999998807907104,1.615422248840332
230,0.49950000643730164,1.4069461822509766,0.4625000059604645,1.4836786985397339
231,0.5044999718666077,1.3998955488204956,0.46050000190734863,1.5004128217697144
232,0.4997999966144562,1.3999823331832886,0.4440000057220459,1.5454699993133545
233,0.5027999877929688,1.3988189697265625,0.42750000953674316,1.5615001916885376
234,0.5041000247001648,1.4006028175354004,0.4390000104904175,1.63827645778656
235,0.5008000135421753,1.399105429649353,0.48899999260902405,1.4687961339950562
236,0.5047000050544739,1.395355224609375,0.4830000102519989,1.4711154699325562
237,0.5080999732017517,1.3953673839569092,0.4749999940395355,1.4618712663650513
238,0.5037000179290771,1.394160270690918,0.4715000092983246,1.5477097034454346
239,0.5080999732017517,1.3909316062927246,0.45100000500679016,1.5208616256713867
240,0.5059999823570251,1.3898630142211914,0.3425000011920929,2.065920829772949
241,0.5059000253677368,1.393730878829956,0.4595000147819519,1.4919008016586304
242,0.5070000290870667,1.3873414993286133,0.4855000078678131,1.500666618347168
243,0.5080000162124634,1.3888758420944214,0.4634999930858612,1.4893848896026611
244,0.5098000168800354,1.3838608264923096,0.4740000069141388,1.474548578262329
245,0.5067999958992004,1.3866153955459595,0.49399998784065247,1.4444165229797363
246,0.5102999806404114,1.382433295249939,0.4595000147819519,1.4939230680465698
247,0.5105999708175659,1.3814492225646973,0.43950000405311584,1.535051703453064
248,0.5113999843597412,1.3842246532440186,0.43950000405311584,1.5264031887054443
249,0.5085999965667725,1.3784033060073853,0.44999998807907104,1.5057944059371948
250,0.5123999714851379,1.3787903785705566,0.45399999618530273,1.5440795421600342
251,0.5103999972343445,1.380388855934143,0.4794999957084656,1.4596730470657349
252,0.5145999789237976,1.3749083280563354,0.4620000123977661,1.4766162633895874
253,0.515500009059906,1.3758736848831177,0.4650000035762787,1.4835878610610962
254,0.517799973487854,1.3745510578155518,0.460999995470047,1.53840970993042
255,0.5166000127792358,1.3720310926437378,0.4440000057220459,1.5346671342849731
256,0.5148000121116638,1.3721153736114502,0.41600000858306885,1.5951579809188843
257,0.5131999850273132,1.3755228519439697,0.44999998807907104,1.527823567390442
258,0.51910001039505,1.371364712715149,0.48750001192092896,1.4512124061584473
259,0.5177000164985657,1.3684419393539429,0.492000013589859,1.437355399131775
260,0.5162000060081482,1.3657978773117065,0.4749999940395355,1.4707697629928589
261,0.5180000066757202,1.3644475936889648,0.49050000309944153,1.459304928779602
262,0.5184000134468079,1.3633898496627808,0.4975000023841858,1.4371285438537598
263,0.5206000208854675,1.3651437759399414,0.4675000011920929,1.5166850090026855
264,0.5209000110626221,1.3637176752090454,0.4650000035762787,1.4662946462631226
265,0.5205000042915344,1.364365577697754,0.4790000021457672,1.4735089540481567
266,0.5220000147819519,1.3600317239761353,0.5009999871253967,1.4410176277160645
267,0.5189999938011169,1.3594369888305664,0.4819999933242798,1.459468126296997
268,0.5210000276565552,1.3594735860824585,0.47049999237060547,1.482254147529602
269,0.5196999907493591,1.3593050241470337,0.46000000834465027,1.4773414134979248
270,0.5238000154495239,1.3580859899520874,0.4819999933242798,1.505547046661377
271,0.5253999829292297,1.3548880815505981,0.4650000035762787,1.4846690893173218
272,0.5199000239372253,1.3565309047698975,0.484499990940094,1.4415452480316162
273,0.5249000191688538,1.3510721921920776,0.4934999942779541,1.4271079301834106
274,0.5232999920845032,1.352657437324524,0.46549999713897705,1.490957260131836
275,0.5232999920845032,1.353163480758667,0.44850000739097595,1.5585482120513916
276,0.521399974822998,1.3505442142486572,0.4884999990463257,1.4786142110824585
277,0.5239999890327454,1.3472435474395752,0.4894999861717224,1.4556491374969482
278,0.5250999927520752,1.347845196723938,0.4569999873638153,1.4938633441925049
279,0.5241000056266785,1.3468133211135864,0.4690000116825104,1.4652996063232422
280,0.5259000062942505,1.3439501523971558,0.47749999165534973,1.499985933303833
281,0.524399995803833,1.3408608436584473,0.48750001192092896,1.4428520202636719
282,0.5266000032424927,1.3464423418045044,0.4855000078678131,1.4478503465652466
283,0.525600016117096,1.3410663604736328,0.48399999737739563,1.4513593912124634
284,0.5289000272750854,1.3368045091629028,0.4984999895095825,1.4196264743804932
285,0.5249999761581421,1.339387059211731,0.4569999873638153,1.5015949010849
286,0.5321999788284302,1.3361716270446777,0.44600000977516174,1.5296823978424072
287,0.5264999866485596,1.3403040170669556,0.40549999475479126,1.7398236989974976
288,0.5273000001907349,1.3397634029388428,0.4950000047683716,1.4271223545074463
289,0.5278000235557556,1.3327873945236206,0.4869999885559082,1.4228322505950928
290,0.5297999978065491,1.3331704139709473,0.4925000071525574,1.4238849878311157
291,0.5296000242233276,1.3311830759048462,0.48899999260902405,1.4202131032943726
292,0.5299000144004822,1.334425449371338,0.49149999022483826,1.427618384361267
293,0.5311999917030334,1.328834891319275,0.47099998593330383,1.4846181869506836
294,0.5317000150680542,1.3305569887161255,0.4269999861717224,1.6989774703979492
295,0.5303000211715698,1.3336760997772217,0.48399999737739563,1.4413448572158813
296,0.5315999984741211,1.3260860443115234,0.4805000126361847,1.4471435546875
297,0.5318999886512756,1.3263835906982422,0.4894999861717224,1.4403107166290283
298,0.5360000133514404,1.327713966369629,0.5005000233650208,1.4149558544158936
299,0.5327000021934509,1.325132966041565,0.47749999165534973,1.4338908195495605
300,0.5342000126838684,1.3207181692123413,0.48399999737739563,1.4308980703353882
301,0.53329998254776,1.3265025615692139,0.4465000033378601,1.5289978981018066
302,0.5356000065803528,1.3202705383300781,0.4934999942779541,1.4438434839248657
303,0.5349000096321106,1.3206056356430054,0.39899998903274536,1.894707441329956
304,0.5325999855995178,1.3236349821090698,0.4880000054836273,1.4169901609420776
305,0.536300003528595,1.318634033203125,0.4189999997615814,1.5807981491088867
306,0.5349000096321106,1.3188105821609497,0.4884999990463257,1.4191429615020752
307,0.5358999967575073,1.3152892589569092,0.4945000112056732,1.464766025543213
308,0.5406000018119812,1.3125903606414795,0.47699999809265137,1.4537391662597656
309,0.5364000201225281,1.3099150657653809,0.4790000021457672,1.4677945375442505
310,0.5393999814987183,1.310947299003601,0.47350001335144043,1.4342278242111206
311,0.5393999814987183,1.310989499092102,0.4819999933242798,1.4576102495193481
312,0.5356000065803528,1.315687656402588,0.49050000309944153,1.4236645698547363
313,0.5412999987602234,1.3054718971252441,0.49900001287460327,1.429546594619751
314,0.5386999845504761,1.30850088596344,0.4790000021457672,1.453362226486206
315,0.5437999963760376,1.3088390827178955,0.4894999861717224,1.4428774118423462
316,0.5422999858856201,1.309279441833496,0.4909999966621399,1.4272370338439941
317,0.5382999777793884,1.3068336248397827,0.5070000290870667,1.3875724077224731
318,0.5446000099182129,1.3026530742645264,0.49799999594688416,1.3969823122024536
319,0.542900025844574,1.304656982421875,0.4975000023841858,1.4399913549423218
320,0.5400000214576721,1.297473669052124,0.46950000524520874,1.4583581686019897
321,0.5404000282287598,1.3020621538162231,0.49149999022483826,1.4084343910217285
322,0.541700005531311,1.3003742694854736,0.4814999997615814,1.4794178009033203
323,0.5401999950408936,1.3000047206878662,0.4715000092983246,1.4500629901885986
324,0.545799970626831,1.2993850708007812,0.476500004529953,1.475487470626831
325,0.5424000024795532,1.2983273267745972,0.4580000042915344,1.5261015892028809
326,0.5428000092506409,1.2932672500610352,0.4959999918937683,1.4486602544784546
327,0.5461000204086304,1.293858528137207,0.4819999933242798,1.5274344682693481
328,0.5424000024795532,1.294938325881958,0.5090000033378601,1.413101315498352
329,0.5512999892234802,1.2909547090530396,0.5024999976158142,1.3977224826812744
330,0.542900025844574,1.2885059118270874,0.46650001406669617,1.4783483743667603
331,0.5454000234603882,1.2888164520263672,0.4830000102519989,1.482438325881958
332,0.5465999841690063,1.2921199798583984,0.4975000023841858,1.4153437614440918
333,0.546999990940094,1.2862540483474731,0.484499990940094,1.4123473167419434
334,0.5485000014305115,1.285355567932129,0.4519999921321869,1.5444421768188477
335,0.5483999848365784,1.2874979972839355,0.49900001287460327,1.392282485961914
336,0.5468999743461609,1.2846125364303589,0.4925000071525574,1.4126063585281372
337,0.5460000038146973,1.2835322618484497,0.4894999861717224,1.4216790199279785
338,0.54830002784729,1.283733606338501,0.5090000033378601,1.3928091526031494
339,0.5529999732971191,1.2797480821609497,0.5134999752044678,1.3866244554519653
340,0.5509999990463257,1.2784428596496582,0.47450000047683716,1.5112992525100708
341,0.5527999997138977,1.2793090343475342,0.4880000054836273,1.4508637189865112
342,0.5489000082015991,1.2794424295425415,0.5024999976158142,1.4269224405288696
343,0.5507000088691711,1.2767988443374634,0.4794999957084656,1.4381519556045532
344,0.5527999997138977,1.278501033782959,0.5005000233650208,1.4705193042755127
345,0.5504999756813049,1.2774229049682617,0.5024999976158142,1.408854365348816
346,0.5537999868392944,1.272916316986084,0.492000013589859,1.4077649116516113
347,0.555400013923645,1.2726110219955444,0.5019999742507935,1.445027470588684
348,0.5561000108718872,1.2726054191589355,0.5024999976158142,1.397110104560852
349,0.5530999898910522,1.272929072380066,0.3774999976158142,1.7660820484161377
350,0.551800012588501,1.2722946405410767,0.4410000145435333,1.6047929525375366
351,0.555899977684021,1.269471526145935,0.46050000190734863,1.506626844406128
352,0.5569999814033508,1.267945647239685,0.5040000081062317,1.3914932012557983
353,0.5557000041007996,1.2651041746139526,0.5065000057220459,1.3938283920288086
354,0.554099977016449,1.2665578126907349,0.5005000233650208,1.393104910850525
355,0.555400013923645,1.2629647254943848,0.48249998688697815,1.4503566026687622
356,0.5568000078201294,1.2610524892807007,0.4490000009536743,1.6918253898620605
357,0.5551999807357788,1.2660861015319824,0.4779999852180481,1.446589708328247
358,0.5558000206947327,1.263608455657959,0.4950000047683716,1.3883987665176392
359,0.5559999942779541,1.2639198303222656,0.4494999945163727,1.5376555919647217
360,0.5576000213623047,1.26498281955719,0.5149999856948853,1.395946979522705
361,0.5597000122070312,1.2566434144973755,0.4950000047683716,1.4280751943588257
362,0.5548999905586243,1.2537710666656494,0.5059999823570251,1.3949209451675415
363,0.5566999912261963,1.2551125288009644,0.5189999938011169,1.424818992614746
364,0.5555999875068665,1.2554848194122314,0.4724999964237213,1.440819263458252
365,0.5561000108718872,1.2556328773498535,0.44449999928474426,1.5112942457199097
366,0.5597000122070312,1.2540875673294067,0.5074999928474426,1.3637242317199707
367,0.5590000152587891,1.250544548034668,0.46399998664855957,1.576069712638855
368,0.5591999888420105,1.2530916929244995,0.5049999952316284,1.3823970556259155
369,0.5590999722480774,1.2486000061035156,0.515999972820282,1.3672492504119873
370,0.5598999857902527,1.2476344108581543,0.5074999928474426,1.398337960243225
371,0.560699999332428,1.2535814046859741,0.503000020980835,1.4142670631408691
372,0.5612999796867371,1.2463690042495728,0.4659999907016754,1.519045114517212
373,0.5651999711990356,1.2440334558486938,0.4580000042915344,1.4724503755569458
374,0.5598000288009644,1.2444298267364502,0.46950000524520874,1.4745630025863647
375,0.5602999925613403,1.2451395988464355,0.492000013589859,1.4342913627624512
376,0.5616000294685364,1.2450302839279175,0.4309999942779541,1.7319655418395996
377,0.5616999864578247,1.247389793395996,0.4959999918937683,1.4007335901260376
378,0.5647000074386597,1.2388719320297241,0.4390000104904175,1.562787652015686
379,0.5652999877929688,1.2415318489074707,0.5065000057220459,1.3849109411239624
380,0.5680000185966492,1.2385921478271484,0.49549999833106995,1.412172794342041
381,0.5680999755859375,1.2332642078399658,0.5074999928474426,1.3774372339248657
382,0.5670999884605408,1.23707914352417,0.5015000104904175,1.4171738624572754
383,0.5637000203132629,1.2350002527236938,0.512499988079071,1.3588546514511108
384,0.5679000020027161,1.2328376770019531,0.515500009059906,1.36931574344635
385,0.5662999749183655,1.2356699705123901,0.5174999833106995,1.4175658226013184
386,0.5703999996185303,1.2304269075393677,0.5040000081062317,1.3640432357788086
387,0.567799985408783,1.230600357055664,0.5164999961853027,1.3730734586715698
388,0.5676000118255615,1.2307960987091064,0.4659999907016754,1.4848785400390625
389,0.5679000020027161,1.2298699617385864,0.492000013589859,1.4788179397583008
390,0.5683000087738037,1.2308202981948853,0.5180000066757202,1.3568028211593628
391,0.5684000253677368,1.2287778854370117,0.5245000123977661,1.3800647258758545
392,0.5684999823570251,1.2250300645828247,0.5245000123977661,1.3523551225662231
393,0.5717999935150146,1.2231135368347168,0.47699999809265137,1.4459736347198486
394,0.5708000063896179,1.22810697555542,0.47699999809265137,1.4482883214950562
395,0.5659000277519226,1.226825475692749,0.4869999885559082,1.3954851627349854
396,0.567799985408783,1.225988745689392,0.5049999952316284,1.39518404006958
397,0.5702000260353088,1.225142002105713,0.4880000054836273,1.4267860651016235
398,0.5712000131607056,1.2199153900146484,0.4645000100135803,1.5311410427093506
399,0.5698000192642212,1.2230141162872314,0.5095000267028809,1.393447756767273
400,0.5720000267028809,1.2179654836654663,0.4740000069141388,1.4712896347045898
401,0.5719000101089478,1.219150424003601,0.5199999809265137,1.3680319786071777
402,0.5712000131607056,1.2141859531402588,0.49549999833106995,1.4222140312194824
403,0.5728999972343445,1.2148162126541138,0.5149999856948853,1.3642590045928955
404,0.5745000243186951,1.2181344032287598,0.5,1.3893800973892212
405,0.5745000243186951,1.2127176523208618,0.4325000047683716,1.6840288639068604
406,0.5735999941825867,1.2175062894821167,0.4830000102519989,1.4630012512207031
407,0.5737000107765198,1.2135207653045654,0.484499990940094,1.4209352731704712
408,0.5752000212669373,1.212878704071045,0.5189999938011169,1.3621535301208496
409,0.5756999850273132,1.208403468132019,0.5199999809265137,1.3609665632247925
410,0.5771999955177307,1.2038296461105347,0.47099998593330383,1.5047721862792969
411,0.5720999836921692,1.2075746059417725,0.5074999928474426,1.366586446762085
412,0.5733000040054321,1.209120512008667,0.41200000047683716,1.6666910648345947
413,0.5787000060081482,1.2119616270065308,0.5095000267028809,1.406042456626892
414,0.5751000046730042,1.2040470838546753,0.4934999942779541,1.3927533626556396
415,0.5759999752044678,1.2093243598937988,0.4855000078678131,1.453365683555603
416,0.5781000256538391,1.2026970386505127,0.5189999938011169,1.3665001392364502
417,0.5799999833106995,1.1996709108352661,0.49549999833106995,1.4037435054779053
418,0.5781999826431274,1.2013784646987915,0.4230000078678131,1.623718023300171
419,0.5794000029563904,1.2066532373428345,0.49799999594688416,1.4298440217971802
420,0.5802000164985657,1.1966211795806885,0.48649999499320984,1.4763625860214233
421,0.5788000226020813,1.1972523927688599,0.3880000114440918,1.8648334741592407
422,0.5807999968528748,1.201108694076538,0.5040000081062317,1.4362226724624634
423,0.5796999931335449,1.193358063697815,0.5005000233650208,1.468797206878662
424,0.5853000283241272,1.1899436712265015,0.4959999918937683,1.412521481513977
425,0.5799000263214111,1.1937215328216553,0.4950000047683716,1.4177145957946777
426,0.5827999711036682,1.1918452978134155,0.512499988079071,1.3670798540115356
427,0.5871999859809875,1.1900253295898438,0.5034999847412109,1.371383547782898
428,0.5809000134468079,1.18913733959198,0.5174999833106995,1.3422505855560303
429,0.580299973487854,1.1896129846572876,0.3425000011920929,2.2225356101989746
430,0.5777000188827515,1.204290509223938,0.5095000267028809,1.417237639427185
431,0.5842000246047974,1.1847643852233887,0.5299999713897705,1.3692010641098022
432,0.5839999914169312,1.186233639717102,0.47049999237060547,1.50523042678833
433,0.5837000012397766,1.1843622922897339,0.5245000123977661,1.353405475616455
434,0.5866000056266785,1.181176781654358,0.49950000643730164,1.3894184827804565
435,0.5882999897003174,1.1805623769760132,0.5214999914169312,1.3661229610443115
436,0.5853000283241272,1.1820213794708252,0.49900001287460327,1.4133511781692505
437,0.586899995803833,1.1788325309753418,0.5034999847412109,1.3765259981155396
438,0.5863999724388123,1.1782011985778809,0.5080000162124634,1.4492449760437012
439,0.5867999792098999,1.1771043539047241,0.5329999923706055,1.3329830169677734
440,0.5843999981880188,1.1780424118041992,0.5080000162124634,1.3854948282241821
441,0.588100016117096,1.177228331565857,0.5254999995231628,1.3460299968719482
442,0.5906000137329102,1.1784173250198364,0.5239999890327454,1.337106466293335
443,0.589900016784668,1.1734946966171265,0.5230000019073486,1.4028217792510986
444,0.5924999713897705,1.1735146045684814,0.4794999957084656,1.4628090858459473
445,0.5889999866485596,1.1727100610733032,0.5099999904632568,1.384075403213501
446,0.5928999781608582,1.1727509498596191,0.47450000047683716,1.4622396230697632
447,0.5928000211715698,1.168031096458435,0.4595000147819519,1.5376133918762207
448,0.5881999731063843,1.1718738079071045,0.4984999895095825,1.4109952449798584
449,0.5895000100135803,1.1730477809906006,0.5220000147819519,1.345625638961792
450,0.5910999774932861,1.1691399812698364,0.4819999933242798,1.433646559715271
451,0.5861999988555908,1.1713334321975708,0.5074999928474426,1.390244722366333
452,0.5925999879837036,1.166920781135559,0.5235000252723694,1.328731656074524
453,0.5924999713897705,1.1616913080215454,0.49799999594688416,1.4001919031143188
454,0.5957000255584717,1.1606777906417847,0.5134999752044678,1.3533246517181396
455,0.5929999947547913,1.1603796482086182,0.4794999957084656,1.4764262437820435
456,0.5928999781608582,1.166593313217163,0.5264999866485596,1.3596364259719849
457,0.5917999744415283,1.1602870225906372,0.4950000047683716,1.4429709911346436
458,0.5893999934196472,1.1646482944488525,0.4984999895095825,1.4020744562149048
459,0.5949000120162964,1.1572775840759277,0.5285000205039978,1.3879616260528564
460,0.5936999917030334,1.1605278253555298,0.5084999799728394,1.4105489253997803
461,0.5968000292778015,1.1588858366012573,0.4934999942779541,1.4493635892868042
462,0.5899999737739563,1.1612011194229126,0.48500001430511475,1.4586554765701294
463,0.5960999727249146,1.157602310180664,0.5224999785423279,1.3459476232528687
464,0.5964999794960022,1.1548702716827393,0.5139999985694885,1.3670330047607422
465,0.5928999781608582,1.1560118198394775,0.5009999871253967,1.3847423791885376
466,0.5931000113487244,1.1522053480148315,0.5080000162124634,1.4106298685073853
467,0.5972999930381775,1.1507275104522705,0.4740000069141388,1.4781601428985596
468,0.5978000164031982,1.150268316268921,0.5195000171661377,1.3608989715576172
469,0.5967000126838684,1.1511098146438599,0.4894999861717224,1.485563039779663
470,0.599399983882904,1.1495879888534546,0.5105000138282776,1.3857179880142212
471,0.597599983215332,1.1547847986221313,0.5335000157356262,1.3287129402160645
472,0.5989999771118164,1.1464601755142212,0.5210000276565552,1.338992714881897
473,0.5983999967575073,1.1508684158325195,0.5210000276565552,1.365890383720398
474,0.5974000096321106,1.146270513534546,0.5230000019073486,1.3442065715789795
475,0.5976999998092651,1.1486320495605469,0.5115000009536743,1.3538767099380493
476,0.6035000085830688,1.142013669013977,0.5019999742507935,1.396239995956421
477,0.5989000201225281,1.1437747478485107,0.5080000162124634,1.3926714658737183
478,0.6031000018119812,1.1418174505233765,0.4345000088214874,1.6216048002243042
479,0.6011999845504761,1.144155502319336,0.5145000219345093,1.3968987464904785
480,0.6018000245094299,1.1382765769958496,0.5325000286102295,1.3177378177642822
481,0.6036999821662903,1.1357234716415405,0.5034999847412109,1.4279606342315674
482,0.6007999777793884,1.1425063610076904,0.45100000500679016,1.5680454969406128
483,0.603600025177002,1.1393771171569824,0.5139999985694885,1.3773232698440552
484,0.6014000177383423,1.1373264789581299,0.5450000166893005,1.3230533599853516
485,0.6031000018119812,1.1364121437072754,0.5264999866485596,1.3357659578323364
486,0.6057000160217285,1.1352909803390503,0.5299999713897705,1.3238581418991089
487,0.6072999835014343,1.1315081119537354,0.5329999923706055,1.3534278869628906
488,0.6039000153541565,1.1332876682281494,0.5214999914169312,1.3687939643859863
489,0.6017000079154968,1.1328356266021729,0.5299999713897705,1.328555941581726
490,0.6026999950408936,1.1299546957015991,0.4964999854564667,1.492380976676941
491,0.6010000109672546,1.136459469795227,0.5249999761581421,1.3259778022766113
492,0.6061999797821045,1.127537727355957,0.45750001072883606,1.5969849824905396
493,0.607200026512146,1.1279559135437012,0.5210000276565552,1.3779674768447876
494,0.6046000123023987,1.1318438053131104,0.5239999890327454,1.379696249961853
495,0.6064000129699707,1.129470705986023,0.5139999985694885,1.3557803630828857
496,0.6067000031471252,1.1259357929229736,0.49950000643730164,1.4814419746398926
497,0.608299970626831,1.1262835264205933,0.5245000123977661,1.3847758769989014
498,0.607699990272522,1.1255017518997192,0.5074999928474426,1.386759877204895
499,0.6098999977111816,1.122067928314209,0.5260000228881836,1.3381359577178955
500,0.6068000197410583,1.1220580339431763,0.49799999594688416,1.4064173698425293
501,0.6114000082015991,1.1217716932296753,0.5009999871253967,1.4180668592453003
502,0.6082000136375427,1.1210157871246338,0.527999997138977,1.376046895980835
503,0.609000027179718,1.121349573135376,0.46299999952316284,1.5717785358428955
504,0.6093000173568726,1.1208667755126953,0.5034999847412109,1.4135644435882568
505,0.6078000068664551,1.1215429306030273,0.534500002861023,1.3178857564926147
506,0.6079999804496765,1.119047999382019,0.515500009059906,1.3401955366134644
507,0.6147000193595886,1.1125839948654175,0.5254999995231628,1.3298313617706299
508,0.6082000136375427,1.1189219951629639,0.5055000185966492,1.4023888111114502
509,0.6061000227928162,1.1186007261276245,0.5254999995231628,1.3836913108825684
510,0.6111000180244446,1.1131761074066162,0.5264999866485596,1.334012508392334
511,0.6159999966621399,1.1096261739730835,0.5174999833106995,1.3620948791503906
512,0.6144999861717224,1.108849287033081,0.5019999742507935,1.363028883934021
513,0.6116999983787537,1.1087876558303833,0.515999972820282,1.372931957244873
514,0.6150000095367432,1.1116923093795776,0.4749999940395355,1.612269639968872
515,0.6116999983787537,1.1128612756729126,0.5210000276565552,1.3676398992538452
516,0.6119999885559082,1.1079621315002441,0.41350001096725464,1.7773233652114868
517,0.6126999855041504,1.1095173358917236,0.4544999897480011,1.6416720151901245
518,0.6072999835014343,1.1122628450393677,0.5009999871253967,1.3949083089828491
519,0.6129999756813049,1.1058470010757446,0.46149998903274536,1.5377880334854126
520,0.6151000261306763,1.1038411855697632,0.46399998664855957,1.5150625705718994
521,0.616100013256073,1.103947639465332,0.5214999914169312,1.3373351097106934
522,0.6158000230789185,1.100396990776062,0.5285000205039978,1.338604211807251
523,0.617900013923645,1.097473382949829,0.49050000309944153,1.4682514667510986
524,0.6154000163078308,1.102570652961731,0.45899999141693115,1.5612571239471436
525,0.6152999997138977,1.1030893325805664,0.42750000953674316,1.8137139081954956
526,0.6171000003814697,1.1027324199676514,0.5174999833106995,1.3882670402526855
527,0.6173999905586243,1.0972880125045776,0.4970000088214874,1.4253207445144653
528,0.6154000163078308,1.0978416204452515,0.4925000071525574,1.4628612995147705
529,0.6205000281333923,1.0976394414901733,0.47450000047683716,1.5853891372680664
530,0.6154999732971191,1.0989511013031006,0.5245000123977661,1.3652993440628052
531,0.6180999875068665,1.0931601524353027,0.5370000004768372,1.3100104331970215
532,0.6218000054359436,1.0911580324172974,0.5239999890327454,1.3485065698623657
533,0.617900013923645,1.0925068855285645,0.4950000047683716,1.4146779775619507
534,0.6202999949455261,1.0936872959136963,0.5400000214576721,1.344334602355957
535,0.6219000220298767,1.0885056257247925,0.531000018119812,1.3358325958251953
536,0.6208000183105469,1.088967204093933,0.46650001406669617,1.5995941162109375
537,0.6182000041007996,1.094736933708191,0.47749999165534973,1.4873536825180054
538,0.6219000220298767,1.0858813524246216,0.5454999804496765,1.3061935901641846
539,0.6230000257492065,1.0791845321655273,0.4790000021457672,1.5030696392059326
540,0.6182000041007996,1.0894914865493774,0.5260000228881836,1.353078007698059
541,0.6225000023841858,1.0873019695281982,0.5264999866485596,1.3539623022079468
542,0.6230000257492065,1.0814757347106934,0.46399998664855957,1.5125483274459839
543,0.618399977684021,1.0853509902954102,0.5410000085830688,1.323824405670166
544,0.623199999332428,1.0809577703475952,0.5260000228881836,1.3388108015060425
545,0.6255999803543091,1.0863423347473145,0.43950000405311584,1.6158008575439453
546,0.6230000257492065,1.088194489479065,0.48100000619888306,1.4804966449737549
547,0.6237999796867371,1.0788642168045044,0.5435000061988831,1.3238410949707031
548,0.6277999877929688,1.0763676166534424,0.5205000042915344,1.3857669830322266
549,0.6202999949455261,1.0788559913635254,0.4880000054836273,1.5674309730529785
550,0.6215999722480774,1.077622413635254,0.5134999752044678,1.4422800540924072
551,0.6251000165939331,1.076977014541626,0.5350000262260437,1.3314383029937744
552,0.6236000061035156,1.077314019203186,0.5205000042915344,1.4160434007644653
553,0.626800000667572,1.073551058769226,0.5095000267028809,1.4031774997711182
554,0.6265000104904175,1.0775648355484009,0.5245000123977661,1.3932400941848755
555,0.6273000240325928,1.0725797414779663,0.5295000076293945,1.34991455078125
556,0.6295999884605408,1.076820731163025,0.515999972820282,1.420387625694275
557,0.6279000043869019,1.0680614709854126,0.4855000078678131,1.4453781843185425
558,0.6279000043869019,1.0723237991333008,0.5130000114440918,1.4361615180969238
559,0.6269000172615051,1.0659517049789429,0.4970000088214874,1.394873023033142
560,0.6241999864578247,1.0703014135360718,0.5435000061988831,1.3344794511795044
561,0.6327000260353088,1.0666841268539429,0.5019999742507935,1.436830759048462
562,0.6248999834060669,1.0684782266616821,0.5289999842643738,1.3532662391662598
563,0.6323999762535095,1.0621346235275269,0.5435000061988831,1.3144100904464722
564,0.6308000087738037,1.0642549991607666,0.5419999957084656,1.3085947036743164
565,0.6284000277519226,1.0650020837783813,0.47699999809265137,1.5404092073440552
566,0.6304000020027161,1.067245364189148,0.49399998784065247,1.447397232055664
567,0.6304000020027161,1.066131353378296,0.49549999833106995,1.4697790145874023
568,0.633400022983551,1.0604695081710815,0.49799999594688416,1.465201735496521
569,0.6309999823570251,1.0621671676635742,0.5245000123977661,1.3199809789657593
570,0.6310999989509583,1.055651307106018,0.5249999761581421,1.3863345384597778
571,0.6335999965667725,1.0536152124404907,0.546999990940094,1.3154082298278809
572,0.6345000267028809,1.0557570457458496,0.5504999756813049,1.3078317642211914
573,0.6351000070571899,1.0580569505691528,0.5440000295639038,1.3038345575332642
574,0.6360999941825867,1.052659511566162,0.5189999938011169,1.4363607168197632
575,0.6352999806404114,1.053890585899353,0.5199999809265137,1.3501840829849243
576,0.6327000260353088,1.0564594268798828,0.460999995470047,1.607216477394104
577,0.6312999725341797,1.059343934059143,0.5260000228881836,1.3364641666412354
578,0.6298999786376953,1.0505024194717407,0.5220000147819519,1.4047214984893799
579,0.6370999813079834,1.0505473613739014,0.4595000147819519,1.628337025642395
580,0.6305000185966492,1.0614433288574219,0.5070000290870667,1.4148614406585693
581,0.6322000026702881,1.0512481927871704,0.5245000123977661,1.3422596454620361
582,0.6373000144958496,1.0481351613998413,0.5320000052452087,1.3588224649429321
583,0.6335999965667725,1.0498243570327759,0.5559999942779541,1.280984878540039
584,0.6381999850273132,1.0431205034255981,0.531499981880188,1.3405834436416626
585,0.6383000016212463,1.0468382835388184,0.5210000276565552,1.3759878873825073
586,0.6363000273704529,1.0480760335922241,0.5354999899864197,1.322520136833191
587,0.6391000151634216,1.0445138216018677,0.5419999957084656,1.2955514192581177
588,0.6363999843597412,1.0444412231445312,0.48100000619888306,1.5406712293624878
589,0.6348999738693237,1.0435826778411865,0.5389999747276306,1.3259339332580566
590,0.6371999979019165,1.039597511291504,0.5454999804496765,1.305535078048706
591,0.6399999856948853,1.0354454517364502,0.5095000267028809,1.433459758758545
592,0.638700008392334,1.0392898321151733,0.5350000262260437,1.3764443397521973
593,0.6398000121116638,1.0393515825271606,0.42250001430511475,1.6882869005203247
594,0.6370000243186951,1.049497127532959,0.5130000114440918,1.4289274215698242
595,0.6395999789237976,1.0390502214431763,0.5289999842643738,1.364544153213501
596,0.6398000121116638,1.0407156944274902,0.5389999747276306,1.3372336626052856
597,0.6406999826431274,1.0402275323867798,0.5264999866485596,1.3469129800796509
598,0.6407999992370605,1.031770944595337,0.5569999814033508,1.2848117351531982
599,0.6409000158309937,1.0379563570022583,0.5485000014305115,1.300125241279602
600,0.6412000060081482,1.0341713428497314,0.5339999794960022,1.3337539434432983
601,0.6409000158309937,1.0296791791915894,0.5139999985694885,1.468793511390686
602,0.6412000060081482,1.0356605052947998,0.5360000133514404,1.3230000734329224
603,0.6439999938011169,1.031409502029419,0.5105000138282776,1.3685975074768066
604,0.6425999999046326,1.0344003438949585,0.5090000033378601,1.4583070278167725
605,0.6398000121116638,1.030374526977539,0.515500009059906,1.3726669549942017
606,0.6449999809265137,1.0325853824615479,0.5299999713897705,1.3576338291168213
607,0.6460000276565552,1.0323002338409424,0.5264999866485596,1.375489592552185
608,0.6448000073432922,1.0259909629821777,0.4860000014305115,1.569669246673584
609,0.642300009727478,1.0285663604736328,0.5005000233650208,1.3964086771011353
610,0.6453999876976013,1.0231926441192627,0.5339999794960022,1.3048783540725708
611,0.6456000208854675,1.0225932598114014,0.5260000228881836,1.3552875518798828
612,0.6459000110626221,1.0238322019577026,0.5354999899864197,1.3331705331802368
613,0.6506999731063843,1.0219128131866455,0.5389999747276306,1.330199122428894
614,0.6431999802589417,1.0203189849853516,0.4189999997615814,1.7599161863327026
615,0.6452999711036682,1.0269705057144165,0.5494999885559082,1.3278071880340576
616,0.6496000289916992,1.0165926218032837,0.546999990940094,1.3072086572647095
617,0.6498000025749207,1.0190491676330566,0.5285000205039978,1.3692100048065186
618,0.6467000246047974,1.018123745918274,0.5134999752044678,1.4335402250289917
619,0.6459000110626221,1.0195295810699463,0.44699999690055847,1.7334600687026978
620,0.6477000117301941,1.01778244972229,0.531000018119812,1.3258403539657593
621,0.6468999981880188,1.0147632360458374,0.5385000109672546,1.3217982053756714
622,0.6496000289916992,1.0127968788146973,0.5444999933242798,1.3162856101989746
623,0.6477000117301941,1.016252040863037,0.49149999022483826,1.4611353874206543
624,0.6514999866485596,1.0131455659866333,0.4964999854564667,1.4421017169952393
625,0.6503999829292297,1.008686900138855,0.5080000162124634,1.397713541984558
626,0.6509000062942505,1.0109061002731323,0.5450000166893005,1.3130258321762085
627,0.6514999866485596,1.0086675882339478,0.5410000085830688,1.3139760494232178
628,0.6481999754905701,1.00907564163208,0.5394999980926514,1.3148874044418335
629,0.6503000259399414,1.0054936408996582,0.4779999852180481,1.5018659830093384
630,0.6478999853134155,1.0101597309112549,0.5485000014305115,1.3116044998168945
631,0.6488000154495239,1.0095371007919312,0.5289999842643738,1.3309416770935059
632,0.6499000191688538,1.0046169757843018,0.5375000238418579,1.33122718334198
633,0.6528000235557556,1.0051473379135132,0.5214999914169312,1.3944381475448608
634,0.6545000076293945,1.0074584484100342,0.5429999828338623,1.3970993757247925
635,0.6510000228881836,1.0022543668746948,0.5605000257492065,1.2894357442855835
636,0.6542999744415283,1.0040934085845947,0.5509999990463257,1.2806437015533447
637,0.654699981212616,0.9974091649055481,0.5130000114440918,1.4544426202774048
638,0.6559000015258789,1.0027738809585571,0.5544999837875366,1.2733237743377686
639,0.6564000248908997,0.9981099367141724,0.4975000023841858,1.461379885673523
640,0.6549000144004822,0.9998669028282166,0.4555000066757202,1.5906485319137573
641,0.6521999835968018,1.0030596256256104,0.5295000076293945,1.3273528814315796
642,0.6539999842643738,0.9998115301132202,0.46950000524520874,1.5771002769470215
643,0.6466000080108643,1.0056723356246948,0.49950000643730164,1.457266092300415
644,0.6542999744415283,0.9993087649345398,0.5245000123977661,1.3491286039352417
645,0.6564000248908997,0.9980894327163696,0.5565000176429749,1.2731213569641113
646,0.6570000052452087,0.9885363578796387,0.5024999976158142,1.3909205198287964
647,0.6581000089645386,0.9951098561286926,0.48750001192092896,1.4587868452072144
648,0.6557000279426575,0.995242178440094,0.48649999499320984,1.5155763626098633
649,0.6579999923706055,0.9919889569282532,0.5529999732971191,1.3017421960830688
650,0.6554999947547913,0.9911956191062927,0.5534999966621399,1.3575085401535034
651,0.6617000102996826,0.9862936735153198,0.5335000157356262,1.3415676355361938
652,0.6585000157356262,0.9877466559410095,0.531000018119812,1.3360111713409424
653,0.6578999757766724,0.9903304576873779,0.5120000243186951,1.4018722772598267
654,0.6596999764442444,0.9827460646629333,0.5254999995231628,1.3846379518508911
655,0.6585999727249146,0.992525577545166,0.5379999876022339,1.3560831546783447
656,0.659600019454956,0.9890356659889221,0.5024999976158142,1.4777835607528687
657,0.660099983215332,0.9851171970367432,0.5364999771118164,1.3036742210388184
658,0.6657000184059143,0.9833685755729675,0.5295000076293945,1.3586134910583496
659,0.6572999954223633,0.9856821298599243,0.5419999957084656,1.302431583404541
660,0.6617000102996826,0.981673538684845,0.5335000157356262,1.3498350381851196
661,0.6601999998092651,0.9865350723266602,0.5479999780654907,1.3282580375671387
662,0.6589000225067139,0.9842682480812073,0.5565000176429749,1.2896677255630493
663,0.6592000126838684,0.9825208187103271,0.5304999947547913,1.3558852672576904
664,0.6583999991416931,0.986611545085907,0.4729999899864197,1.5956592559814453
665,0.6593999862670898,0.9814448356628418,0.5550000071525574,1.3003329038619995
666,0.6625999808311462,0.9786858558654785,0.5224999785423279,1.3619511127471924
667,0.6620000004768372,0.9772716760635376,0.5235000252723694,1.409142017364502
668,0.6638000011444092,0.9775168895721436,0.5509999990463257,1.291576623916626
669,0.6680999994277954,0.9750959873199463,0.4494999945163727,1.6776055097579956
670,0.6614999771118164,0.9826096892356873,0.4970000088214874,1.527946949005127
671,0.6639000177383423,0.9769602417945862,0.5304999947547913,1.3388340473175049
672,0.6647999882698059,0.9728407263755798,0.5389999747276306,1.3283276557922363
673,0.6644999980926514,0.9737821221351624,0.5239999890327454,1.3898957967758179
674,0.6639000177383423,0.9706881046295166,0.5084999799728394,1.406227707862854
675,0.6664000153541565,0.9689202904701233,0.5005000233650208,1.4585260152816772
676,0.6665999889373779,0.969183087348938,0.546500027179718,1.325467824935913
677,0.6644999980926514,0.9641211032867432,0.5295000076293945,1.3790953159332275
678,0.6665999889373779,0.9677292108535767,0.5239999890327454,1.3708969354629517
679,0.6632000207901001,0.9698674082756042,0.5320000052452087,1.344674825668335
680,0.6685000061988831,0.9660763740539551,0.4950000047683716,1.4899579286575317
681,0.6707000136375427,0.9655438661575317,0.531499981880188,1.3785383701324463
682,0.6672000288963318,0.964978039264679,0.5260000228881836,1.3688966035842896
683,0.6685000061988831,0.9653591513633728,0.5600000023841858,1.2805622816085815
684,0.6679999828338623,0.9589353799819946,0.527999997138977,1.3904781341552734
685,0.6725000143051147,0.9605908989906311,0.484499990940094,1.5012874603271484
686,0.6650000214576721,0.9673079252243042,0.5120000243186951,1.4697059392929077
687,0.6739000082015991,0.9597275257110596,0.5425000190734863,1.3107951879501343
688,0.670799970626831,0.9587816596031189,0.4970000088214874,1.5616464614868164
689,0.6699000000953674,0.9613866209983826,0.5615000128746033,1.277372121810913
690,0.675599992275238,0.9558584690093994,0.47749999165534973,1.5843256711959839
691,0.6699000000953674,0.9591845870018005,0.46000000834465027,1.7778303623199463
692,0.6751000285148621,0.960887610912323,0.5235000252723694,1.412153959274292
693,0.6733999848365784,0.9542812705039978,0.5400000214576721,1.318208932876587
694,0.6733999848365784,0.9526664018630981,0.5299999713897705,1.4125516414642334
695,0.6711000204086304,0.9560142755508423,0.5264999866485596,1.414402961730957
696,0.6725000143051147,0.9568571448326111,0.5394999980926514,1.35751211643219
697,0.6718000173568726,0.9545109272003174,0.5095000267028809,1.4771983623504639
698,0.6761999726295471,0.94814532995224,0.5065000057220459,1.4781323671340942
699,0.6704000234603882,0.9537872076034546,0.5360000133514404,1.3318064212799072
700,0.6736999750137329,0.9459855556488037,0.5009999871253967,1.4399257898330688
701,0.6733999848365784,0.9452095627784729,0.546500027179718,1.3150490522384644
702,0.6718000173568726,0.9493668675422668,0.5015000104904175,1.4549450874328613
703,0.675000011920929,0.9524115324020386,0.5195000171661377,1.4218790531158447
704,0.6717000007629395,0.9530435800552368,0.5235000252723694,1.4027050733566284
705,0.678600013256073,0.9418789744377136,0.5609999895095825,1.293549656867981
706,0.6751000285148621,0.946535050868988,0.5109999775886536,1.441644549369812
707,0.6757000088691711,0.9468126893043518,0.5550000071525574,1.2836896181106567
708,0.6787999868392944,0.9397319555282593,0.5375000238418579,1.319177269935608
709,0.6757000088691711,0.9405006766319275,0.5404999852180481,1.3473480939865112
710,0.680400013923645,0.9435001015663147,0.527999997138977,1.3521281480789185
711,0.6802999973297119,0.9382326006889343,0.5400000214576721,1.3260607719421387
712,0.6779000163078308,0.9395369291305542,0.5224999785423279,1.3977054357528687
713,0.6757000088691711,0.9423234462738037,0.559499979019165,1.28408944606781
714,0.6816999912261963,0.9345149397850037,0.5274999737739563,1.3640271425247192
715,0.6780999898910522,0.9385825991630554,0.5504999756813049,1.323803186416626
716,0.6776000261306763,0.9380936622619629,0.5419999957084656,1.309810757637024
717,0.6836000084877014,0.936387300491333,0.5260000228881836,1.3954635858535767
718,0.6793000102043152,0.9374524354934692,0.5475000143051147,1.3071964979171753
719,0.680400013923645,0.936338484287262,0.4830000102519989,1.555747628211975
720,0.6773999929428101,0.9389657378196716,0.5245000123977661,1.4186135530471802
721,0.6829000115394592,0.9318504929542542,0.5575000047683716,1.292146921157837
722,0.6833999752998352,0.9322826266288757,0.5419999957084656,1.3595799207687378
723,0.680400013923645,0.9291512966156006,0.5274999737739563,1.4307857751846313
724,0.6818000078201294,0.9305216670036316,0.5149999856948853,1.407617211341858
725,0.6762999892234802,0.9333734512329102,0.5490000247955322,1.3080711364746094
726,0.682699978351593,0.9291725754737854,0.5109999775886536,1.4960122108459473
727,0.6784999966621399,0.9352707266807556,0.531000018119812,1.3573874235153198
728,0.6830000281333923,0.9265971779823303,0.4950000047683716,1.5031206607818604
729,0.682200014591217,0.9271979331970215,0.5504999756813049,1.315389633178711
730,0.6816999912261963,0.9240174889564514,0.5444999933242798,1.3352805376052856
731,0.6834999918937683,0.9238339066505432,0.49050000309944153,1.5262022018432617
732,0.682699978351593,0.9278948307037354,0.5130000114440918,1.507018804550171
733,0.6870999932289124,0.9193940162658691,0.5015000104904175,1.4716192483901978
734,0.6830000281333923,0.9251907467842102,0.5325000286102295,1.3638004064559937
735,0.6843000054359436,0.9220116138458252,0.5410000085830688,1.3157788515090942
736,0.6862000226974487,0.9207519292831421,0.5400000214576721,1.3245614767074585
737,0.6865000128746033,0.9175449013710022,0.565500020980835,1.26730215549469
738,0.6866999864578247,0.9163662791252136,0.5529999732971191,1.3259401321411133
739,0.6912000179290771,0.9188356399536133,0.5419999957084656,1.3622157573699951
740,0.6890000104904175,0.9152160882949829,0.5180000066757202,1.424295425415039
741,0.6850000023841858,0.9185535907745361,0.5134999752044678,1.456120252609253
742,0.6876000165939331,0.9176931381225586,0.5544999837875366,1.325276255607605
743,0.6887000203132629,0.9180921912193298,0.5444999933242798,1.314279317855835
744,0.6912999749183655,0.9080268740653992,0.4424999952316284,1.84238862991333
745,0.6859999895095825,0.9246333837509155,0.5515000224113464,1.3127812147140503
746,0.6904000043869019,0.9122334122657776,0.5245000123977661,1.4368926286697388
747,0.6865000128746033,0.9129548072814941,0.5180000066757202,1.4234784841537476
748,0.6904000043869019,0.912990152835846,0.5245000123977661,1.4217703342437744
749,0.6905999779701233,0.9126939177513123,0.531000018119812,1.3912919759750366
750,0.6920999884605408,0.9077654480934143,0.5299999713897705,1.4191389083862305
751,0.6944000124931335,0.9070846438407898,0.5199999809265137,1.441050410270691
752,0.6897000074386597,0.9082818627357483,0.5134999752044678,1.4637839794158936
753,0.6895999908447266,0.9095356464385986,0.5460000038146973,1.3319988250732422
754,0.6919000148773193,0.9015411138534546,0.5264999866485596,1.4098212718963623
755,0.6930000185966492,0.9075693488121033,0.5425000190734863,1.363962173461914
756,0.6908000111579895,0.9061235189437866,0.5444999933242798,1.3204759359359741
757,0.6966000199317932,0.8972355723381042,0.5450000166893005,1.3274435997009277
758,0.6944000124931335,0.8997625112533569,0.5404999852180481,1.3638726472854614
759,0.6919999718666077,0.902631938457489,0.5529999732971191,1.2930454015731812
760,0.6924999952316284,0.9030798077583313,0.5550000071525574,1.301993489265442
761,0.6941999793052673,0.8978216052055359,0.5254999995231628,1.3820815086364746
762,0.6926000118255615,0.898761510848999,0.5494999885559082,1.2937947511672974
763,0.6956999897956848,0.8954776525497437,0.5394999980926514,1.366605281829834
764,0.6904000043869019,0.900649905204773,0.546999990940094,1.3374005556106567
765,0.6959999799728394,0.8936147689819336,0.5325000286102295,1.353888988494873
766,0.6926000118255615,0.8978720903396606,0.5210000276565552,1.4704538583755493
767,0.696399986743927,0.8976368308067322,0.546500027179718,1.3447630405426025
768,0.696399986743927,0.8933409452438354,0.5554999709129333,1.290315866470337
769,0.6962000131607056,0.8920211791992188,0.5180000066757202,1.559942603111267
770,0.6930000185966492,0.8962453007698059,0.5715000033378601,1.2589739561080933
771,0.7009000182151794,0.8917052745819092,0.4975000023841858,1.5067250728607178
772,0.7024999856948853,0.8875495195388794,0.5504999756813049,1.3307878971099854
773,0.6969000101089478,0.8859950304031372,0.5509999990463257,1.3271615505218506
774,0.6983000040054321,0.8880758881568909,0.531000018119812,1.4175031185150146
775,0.6952000260353088,0.8927050828933716,0.5605000257492065,1.2727493047714233
776,0.6966999769210815,0.887600302696228,0.5425000190734863,1.3710137605667114
777,0.7006000280380249,0.8899545669555664,0.5559999942779541,1.303777813911438
778,0.698199987411499,0.8903435468673706,0.5640000104904175,1.2945568561553955
779,0.6996999979019165,0.8843020796775818,0.5184999704360962,1.4557477235794067
780,0.6984999775886536,0.8850105404853821,0.5450000166893005,1.3822075128555298
781,0.6995000243186951,0.8865839838981628,0.5270000100135803,1.4173343181610107
782,0.6974999904632568,0.8847105503082275,0.5440000295639038,1.3561394214630127
783,0.7038000226020813,0.8798977732658386,0.5640000104904175,1.2999216318130493
784,0.696399986743927,0.8810383081436157,0.531499981880188,1.3955392837524414
785,0.699999988079071,0.8828807473182678,0.5605000257492065,1.2815786600112915
786,0.6984999775886536,0.8768267631530762,0.5325000286102295,1.4208720922470093
787,0.7032999992370605,0.8835176825523376,0.5090000033378601,1.4449381828308105
788,0.6995999813079834,0.8842860460281372,0.5145000219345093,1.4997073411941528
789,0.6985999941825867,0.8797541856765747,0.5339999794960022,1.4557491540908813
790,0.7044000029563904,0.8772302865982056,0.5529999732971191,1.319476842880249
791,0.7020000219345093,0.8773578405380249,0.5619999766349792,1.3154776096343994
792,0.7021999955177307,0.8773516416549683,0.5149999856948853,1.463215708732605
793,0.6990000009536743,0.8820047974586487,0.5425000190734863,1.396081566810608
794,0.7046999931335449,0.874030351638794,0.4819999933242798,1.6438922882080078
795,0.7023000121116638,0.8810486197471619,0.5174999833106995,1.4759434461593628
796,0.7013999819755554,0.8795133829116821,0.5375000238418579,1.4127837419509888
797,0.7027000188827515,0.8699227571487427,0.5590000152587891,1.291978120803833
798,0.7056999802589417,0.87040114402771,0.5494999885559082,1.3328332901000977
799,0.7049000263214111,0.8679826855659485,0.5354999899864197,1.3585749864578247
800,0.7064999938011169,0.8682973384857178,0.5230000019073486,1.4068381786346436
801,0.7091000080108643,0.8668752908706665,0.5270000100135803,1.413009762763977
802,0.7078999876976013,0.8675797581672668,0.5630000233650208,1.3059145212173462
803,0.7052000164985657,0.8659574389457703,0.5494999885559082,1.3364653587341309
804,0.7056000232696533,0.8673171997070312,0.5009999871253967,1.5786795616149902
805,0.7032999992370605,0.8680721521377563,0.5540000200271606,1.3282901048660278
806,0.7080000042915344,0.8634588122367859,0.5335000157356262,1.4031493663787842
807,0.7093999981880188,0.8650414347648621,0.5550000071525574,1.3326172828674316
808,0.7098000049591064,0.8612250089645386,0.546999990940094,1.3443593978881836
809,0.7087000012397766,0.8609623312950134,0.5630000233650208,1.310591459274292
810,0.7081000208854675,0.8626340627670288,0.5164999961853027,1.5320971012115479
811,0.704800009727478,0.8717940449714661,0.5410000085830688,1.3734066486358643
812,0.7063999772071838,0.8617464900016785,0.5084999799728394,1.5201915502548218
813,0.7103999853134155,0.8609043955802917,0.5325000286102295,1.4184201955795288
814,0.7107999920845032,0.8553813695907593,0.5335000157356262,1.3707187175750732
815,0.7134000062942505,0.8536773324012756,0.5575000047683716,1.3256855010986328
816,0.7102000117301941,0.8550187349319458,0.5440000295639038,1.353766918182373
817,0.7120000123977661,0.8538221716880798,0.5080000162124634,1.5242754220962524
818,0.70660001039505,0.8576221466064453,0.5454999804496765,1.3364651203155518
819,0.7080000042915344,0.8575078845024109,0.5394999980926514,1.349324345588684
820,0.710099995136261,0.8553162813186646,0.46149998903274536,1.8161786794662476
821,0.7085999846458435,0.8605920076370239,0.5245000123977661,1.4256330728530884
822,0.7107999920845032,0.8558927774429321,0.5699999928474426,1.2799861431121826
823,0.7135000228881836,0.8502631783485413,0.5504999756813049,1.3651176691055298
824,0.7142999768257141,0.8503167033195496,0.559499979019165,1.338161826133728
825,0.7157999873161316,0.8508704304695129,0.5444999933242798,1.3306366205215454
826,0.7129999995231628,0.8457116484642029,0.5515000224113464,1.3619064092636108
827,0.7123000025749207,0.8517888784408569,0.5460000038146973,1.3607531785964966
828,0.711899995803833,0.8470809459686279,0.5770000219345093,1.2623317241668701
829,0.7143999934196472,0.8460553884506226,0.5649999976158142,1.2855664491653442
830,0.7161999940872192,0.8468270301818848,0.5630000233650208,1.303187370300293
831,0.714900016784668,0.8467975854873657,0.5544999837875366,1.362371563911438
832,0.7159000039100647,0.8428733348846436,0.531499981880188,1.3923050165176392
833,0.7128000259399414,0.8505152463912964,0.5669999718666077,1.268926978111267
834,0.7190999984741211,0.8406055569648743,0.5419999957084656,1.3480061292648315
835,0.7156999707221985,0.8420613408088684,0.5454999804496765,1.3840739727020264
836,0.7174999713897705,0.8404391407966614,0.49399998784065247,1.496944785118103
837,0.7146000266075134,0.8441872000694275,0.5590000152587891,1.3352631330490112
838,0.7172999978065491,0.8396979570388794,0.5205000042915344,1.5090817213058472
839,0.7166000008583069,0.8393678665161133,0.5199999809265137,1.4393012523651123
840,0.715499997138977,0.8419272303581238,0.5049999952316284,1.5381371974945068
841,0.7182999849319458,0.8387981653213501,0.5600000023841858,1.3258092403411865
842,0.7178000211715698,0.8368639945983887,0.5419999957084656,1.3958308696746826
843,0.7172999978065491,0.8367921710014343,0.5425000190734863,1.3643006086349487
844,0.717199981212616,0.8351795077323914,0.5370000004768372,1.3976620435714722
845,0.7218999862670898,0.8333773612976074,0.5230000019073486,1.4582202434539795
846,0.7174000144004822,0.8367956280708313,0.5460000038146973,1.3767119646072388
847,0.7182000279426575,0.8340282440185547,0.5115000009536743,1.50855553150177
848,0.7182000279426575,0.8342291712760925,0.5274999737739563,1.400081992149353
849,0.7214999794960022,0.8346710801124573,0.5550000071525574,1.3247267007827759
850,0.7184000015258789,0.8296599388122559,0.5515000224113464,1.3355417251586914
851,0.7200000286102295,0.8285169005393982,0.5615000128746033,1.2921992540359497
852,0.7181000113487244,0.8316674828529358,0.5329999923706055,1.3955512046813965
853,0.7254999876022339,0.8250817656517029,0.5239999890327454,1.422829031944275
854,0.7228000164031982,0.8273559808731079,0.5394999980926514,1.38255774974823
855,0.718999981880188,0.8281243443489075,0.5649999976158142,1.3108859062194824
856,0.722599983215332,0.8211425542831421,0.5534999966621399,1.331436038017273
857,0.7251999974250793,0.8212030529975891,0.5350000262260437,1.423039436340332
858,0.7217000126838684,0.8255220651626587,0.5659999847412109,1.2957334518432617
859,0.7243000268936157,0.8231673836708069,0.48100000619888306,1.6888235807418823
860,0.7245000004768372,0.8279926776885986,0.546999990940094,1.3406922817230225
861,0.7182999849319458,0.8247570991516113,0.5419999957084656,1.3982973098754883
862,0.7217000126838684,0.8220791816711426,0.5385000109672546,1.385354995727539
863,0.7228999733924866,0.820641279220581,0.5519999861717224,1.3366873264312744
864,0.7197999954223633,0.8260474801063538,0.5475000143051147,1.3510735034942627
865,0.7231000065803528,0.8195998072624207,0.5565000176429749,1.3273212909698486
866,0.7226999998092651,0.8256266713142395,0.5379999876022339,1.4174878597259521
867,0.7231000065803528,0.8204769492149353,0.5450000166893005,1.4001432657241821
868,0.7243000268936157,0.8199734091758728,0.5669999718666077,1.2957048416137695
869,0.725600004196167,0.8149584531784058,0.5485000014305115,1.3767826557159424
870,0.7218999862670898,0.8204925060272217,0.5494999885559082,1.3551826477050781
871,0.7243000268936157,0.8158401250839233,0.5709999799728394,1.2971678972244263
872,0.7271999716758728,0.8153865933418274,0.5440000295639038,1.4222972393035889
873,0.727400004863739,0.8141194581985474,0.492000013589859,1.6024603843688965
874,0.7305999994277954,0.815083920955658,0.5490000247955322,1.421235203742981
875,0.7279999852180481,0.8076580762863159,0.5515000224113464,1.365614652633667
876,0.730400025844574,0.811050295829773,0.527999997138977,1.4502514600753784
877,0.7261000275611877,0.8107144236564636,0.5625,1.3114492893218994
878,0.7297000288963318,0.8066609501838684,0.5440000295639038,1.3945121765136719
879,0.7282000184059143,0.8084233403205872,0.5189999938011169,1.4648414850234985
880,0.7261999845504761,0.8096282482147217,0.5394999980926514,1.411246657371521
881,0.7297000288963318,0.8070226311683655,0.5210000276565552,1.4870811700820923
882,0.7265999913215637,0.8136060833930969,0.4699999988079071,1.8307818174362183
883,0.7211999893188477,0.8145115971565247,0.5195000171661377,1.4537385702133179
884,0.7312999963760376,0.8052619099617004,0.5659999847412109,1.3158992528915405
885,0.73089998960495,0.8019542694091797,0.5690000057220459,1.3386878967285156
886,0.7294999957084656,0.8085898756980896,0.5005000233650208,1.5275366306304932
887,0.7307000160217285,0.8018207550048828,0.5550000071525574,1.3593238592147827
888,0.7353000044822693,0.8011513948440552,0.45350000262260437,1.790505051612854
889,0.7250000238418579,0.8111984729766846,0.5615000128746033,1.3001086711883545
890,0.7364000082015991,0.7967444658279419,0.5299999713897705,1.4612218141555786
891,0.73089998960495,0.8001360297203064,0.565500020980835,1.3119691610336304
892,0.7332000136375427,0.8010504245758057,0.5684999823570251,1.308152437210083
893,0.7347000241279602,0.7982054948806763,0.5584999918937683,1.3655965328216553
894,0.7307999730110168,0.8009647727012634,0.515999972820282,1.5165033340454102
895,0.7333999872207642,0.7973335981369019,0.550000011920929,1.3645998239517212
896,0.7353000044822693,0.7964366674423218,0.5554999709129333,1.333604335784912
897,0.7333999872207642,0.7915641069412231,0.49050000309944153,1.5637346506118774
898,0.7322999835014343,0.8013390898704529,0.5385000109672546,1.3894504308700562
899,0.7343999743461609,0.7931932806968689,0.5425000190734863,1.4302562475204468
900,0.7354999780654907,0.7919374108314514,0.5325000286102295,1.4734714031219482
901,0.7368999719619751,0.7946993708610535,0.49900001287460327,1.5739299058914185
902,0.734000027179718,0.794593870639801,0.5134999752044678,1.5304491519927979
903,0.7339000105857849,0.7939363121986389,0.5565000176429749,1.3093633651733398
904,0.7404999732971191,0.78885418176651,0.5295000076293945,1.468019723892212
905,0.7339000105857849,0.7915424108505249,0.5490000247955322,1.3693989515304565
906,0.736299991607666,0.7835625410079956,0.550000011920929,1.4586399793624878
907,0.7350999712944031,0.7935929894447327,0.5375000238418579,1.432442545890808
908,0.7369999885559082,0.7856709957122803,0.5264999866485596,1.4315117597579956
909,0.7391999959945679,0.783704936504364,0.5419999957084656,1.396087884902954
910,0.7303000092506409,0.7888955473899841,0.5659999847412109,1.3309890031814575
911,0.7372999787330627,0.7861036062240601,0.5649999976158142,1.3061127662658691
912,0.7368000149726868,0.787348210811615,0.515999972820282,1.514006495475769
913,0.736299991607666,0.7840874791145325,0.5569999814033508,1.3878798484802246
914,0.7402999997138977,0.7792255878448486,0.5115000009536743,1.4885456562042236
915,0.734000027179718,0.7844523191452026,0.5615000128746033,1.3449145555496216
916,0.7384999990463257,0.783530592918396,0.5529999732971191,1.3505048751831055
917,0.7390999794006348,0.7804777026176453,0.5220000147819519,1.4805506467819214
918,0.7382000088691711,0.7795481085777283,0.5264999866485596,1.4975085258483887
919,0.7405999898910522,0.7837696671485901,0.5519999861717224,1.3929232358932495
920,0.7401000261306763,0.7812368273735046,0.5605000257492065,1.3671385049819946
921,0.7401999831199646,0.7752435803413391,0.5450000166893005,1.3601092100143433
922,0.7400000095367432,0.7745293378829956,0.5609999895095825,1.334746241569519
923,0.7401999831199646,0.7795853614807129,0.5394999980926514,1.4072997570037842
924,0.7418000102043152,0.7756876349449158,0.5440000295639038,1.4505887031555176
925,0.7443000078201294,0.7716490030288696,0.5565000176429749,1.3520138263702393
926,0.739300012588501,0.7748560309410095,0.5360000133514404,1.4974126815795898
927,0.7401000261306763,0.7725650072097778,0.5569999814033508,1.3529813289642334
928,0.7419999837875366,0.7716975808143616,0.5385000109672546,1.4656158685684204
929,0.7473999857902527,0.7677323222160339,0.5550000071525574,1.3786463737487793
930,0.7409999966621399,0.7664477825164795,0.5715000033378601,1.3087612390518188
931,0.7412999868392944,0.7721825838088989,0.5640000104904175,1.3130910396575928
932,0.742900013923645,0.7666768431663513,0.5419999957084656,1.4334754943847656
933,0.7412999868392944,0.7726406455039978,0.5105000138282776,1.4867390394210815
934,0.7437999844551086,0.7724373936653137,0.5529999732971191,1.4273207187652588
935,0.7421000003814697,0.7683779001235962,0.5245000123977661,1.465357780456543
936,0.7440000176429749,0.765078604221344,0.5720000267028809,1.371047019958496
937,0.7398999929428101,0.7721766829490662,0.5389999747276306,1.4058547019958496
938,0.7455000281333923,0.7649713158607483,0.5410000085830688,1.4044228792190552
939,0.7455999851226807,0.766313374042511,0.5529999732971191,1.3412283658981323
940,0.75,0.7605919241905212,0.5644999742507935,1.3106437921524048
941,0.7452999949455261,0.7623975872993469,0.5070000290870667,1.5324279069900513
942,0.7440000176429749,0.7663712501525879,0.5074999928474426,1.493989109992981
943,0.7476000189781189,0.7595366835594177,0.5709999799728394,1.3364826440811157
944,0.7484999895095825,0.7582914233207703,0.47600001096725464,1.8519614934921265
945,0.7476999759674072,0.7604530453681946,0.42800000309944153,2.0569498538970947
946,0.7475000023841858,0.7668847441673279,0.47350001335144043,1.8161224126815796
947,0.7480000257492065,0.7607884407043457,0.5529999732971191,1.353425145149231
948,0.7425000071525574,0.7621153593063354,0.5414999723434448,1.4438287019729614
949,0.7495999932289124,0.759071946144104,0.5479999780654907,1.4207069873809814
950,0.7472000122070312,0.7598616480827332,0.531499981880188,1.4354772567749023
951,0.7483999729156494,0.7543236017227173,0.5665000081062317,1.334447979927063
952,0.7516000270843506,0.7506593465805054,0.5544999837875366,1.3928642272949219
953,0.7483000159263611,0.7536665201187134,0.5230000019073486,1.4996070861816406
954,0.7526999711990356,0.7496129870414734,0.5460000038146973,1.3944774866104126
955,0.7493000030517578,0.7517822980880737,0.550000011920929,1.3556801080703735
956,0.7501999735832214,0.7511299252510071,0.5444999933242798,1.4564589262008667
957,0.7512999773025513,0.7468910813331604,0.5325000286102295,1.4735310077667236
958,0.7505000233650208,0.752270519733429,0.5224999785423279,1.4807049036026
959,0.7459999918937683,0.7518460750579834,0.5665000081062317,1.3249552249908447
960,0.7522000074386597,0.7472594976425171,0.5534999966621399,1.3828202486038208
961,0.75,0.7464041113853455,0.5575000047683716,1.3397700786590576
962,0.7559999823570251,0.7452729940414429,0.5649999976158142,1.3239628076553345
963,0.7506999969482422,0.7475106716156006,0.5410000085830688,1.5254333019256592
964,0.7501999735832214,0.7477233409881592,0.5605000257492065,1.36236572265625
965,0.7523000240325928,0.7444431781768799,0.5440000295639038,1.4114793539047241
966,0.7483999729156494,0.7497603297233582,0.5550000071525574,1.3592708110809326
967,0.7498999834060669,0.7411487102508545,0.5609999895095825,1.3346129655838013
968,0.7552000284194946,0.7402342557907104,0.5385000109672546,1.457432508468628
969,0.7520999908447266,0.7434395551681519,0.48649999499320984,1.6027885675430298
970,0.7501000165939331,0.744966983795166,0.578000009059906,1.3100682497024536
971,0.7577000260353088,0.7374867796897888,0.5364999771118164,1.4240275621414185
972,0.7512999773025513,0.7389442920684814,0.5634999871253967,1.345508337020874
973,0.7580999732017517,0.7378047704696655,0.5370000004768372,1.4680976867675781
974,0.7538999915122986,0.7391136884689331,0.5264999866485596,1.4618924856185913
975,0.7560999989509583,0.7357898950576782,0.5640000104904175,1.3705559968948364
976,0.757099986076355,0.7341348528862,0.5454999804496765,1.413646936416626
977,0.7541999816894531,0.74135422706604,0.5740000009536743,1.3509600162506104
978,0.757099986076355,0.7342373728752136,0.5600000023841858,1.3351539373397827
979,0.7534999847412109,0.7346746325492859,0.5565000176429749,1.3554067611694336
980,0.7578999996185303,0.7343169450759888,0.5690000057220459,1.3256547451019287
981,0.7620999813079834,0.7311432361602783,0.5625,1.3443942070007324
982,0.7542999982833862,0.7334156632423401,0.546500027179718,1.4321012496948242
983,0.7635999917984009,0.7225541472434998,0.5295000076293945,1.4542163610458374
984,0.7545999884605408,0.7327464818954468,0.5230000019073486,1.4866986274719238
985,0.7588000297546387,0.7307192087173462,0.5734999775886536,1.3380210399627686
986,0.7617999911308289,0.7257441878318787,0.5684999823570251,1.3870606422424316
987,0.758899986743927,0.7268838882446289,0.5525000095367432,1.3825287818908691
988,0.7591999769210815,0.726538896560669,0.5605000257492065,1.4180954694747925
989,0.7563999891281128,0.7324651479721069,0.5519999861717224,1.418304204940796
990,0.7573999762535095,0.7264948487281799,0.5509999990463257,1.415873408317566
991,0.7595999836921692,0.724786639213562,0.4779999852180481,1.8104157447814941
992,0.754800021648407,0.735620379447937,0.578000009059906,1.33674156665802
993,0.7597000002861023,0.7257995009422302,0.5055000185966492,1.6628446578979492
994,0.7620000243186951,0.7241067886352539,0.5580000281333923,1.5105258226394653
995,0.7652999758720398,0.7203494906425476,0.5665000081062317,1.3406373262405396
996,0.7588000297546387,0.7233641743659973,0.5475000143051147,1.4046419858932495
997,0.7605000138282776,0.7224770188331604,0.5755000114440918,1.326159954071045
998,0.7670000195503235,0.7177539467811584,0.5504999756813049,1.4811372756958008
999,0.7609000205993652,0.7230115532875061,0.5490000247955322,1.3761680126190186
