epoch,accuracy,loss,val_accuracy,val_loss
0,0.11599999666213989,2.3117575645446777,0.10649999976158142,2.306086778640747
1,0.11100000143051147,2.303757667541504,0.11949999630451202,2.299838066101074
2,0.12250000238418579,2.298485040664673,0.125,2.295445442199707
3,0.12919999659061432,2.2940924167633057,0.11900000274181366,2.2913923263549805
4,0.13760000467300415,2.289767265319824,0.1274999976158142,2.287158489227295
5,0.1421000063419342,2.2853193283081055,0.13500000536441803,2.2824344635009766
6,0.1462000012397766,2.2802493572235107,0.13750000298023224,2.2771334648132324
7,0.1517000049352646,2.2744264602661133,0.13500000536441803,2.271368980407715
8,0.15649999678134918,2.2681174278259277,0.14550000429153442,2.2647995948791504
9,0.16830000281333923,2.2611148357391357,0.148499995470047,2.2572920322418213
10,0.17569999396800995,2.2531354427337646,0.1509999930858612,2.2488811016082764
11,0.1754000037908554,2.2439184188842773,0.16349999606609344,2.2390644550323486
12,0.18410000205039978,2.233336925506592,0.1599999964237213,2.227142810821533
13,0.186599999666214,2.221021890640259,0.17599999904632568,2.2138290405273438
14,0.19589999318122864,2.207064151763916,0.17949999868869781,2.1986937522888184
15,0.20479999482631683,2.191145420074463,0.20499999821186066,2.182657241821289
16,0.21289999783039093,2.1738476753234863,0.20000000298023224,2.1646018028259277
17,0.22589999437332153,2.1550920009613037,0.2214999943971634,2.144730567932129
18,0.2393999993801117,2.1355137825012207,0.22599999606609344,2.125497579574585
19,0.249099999666214,2.1153295040130615,0.23999999463558197,2.1058571338653564
20,0.25600001215934753,2.095954179763794,0.26100000739097595,2.085660696029663
21,0.26260000467300415,2.0775654315948486,0.2605000138282776,2.0686559677124023
22,0.2702000141143799,2.060039758682251,0.26249998807907104,2.055854082107544
23,0.2694000005722046,2.0448367595672607,0.2639999985694885,2.0394387245178223
24,0.2745000123977661,2.0309088230133057,0.26750001311302185,2.0348458290100098
25,0.27469998598098755,2.0189807415008545,0.27250000834465027,2.0128464698791504
26,0.2808000147342682,2.007030963897705,0.28049999475479126,2.002918243408203
27,0.2831000089645386,1.996713638305664,0.27950000762939453,1.9949015378952026
28,0.2854999899864197,1.9873101711273193,0.2824999988079071,1.9853938817977905
29,0.2874999940395355,1.9784531593322754,0.2800000011920929,1.9745882749557495
30,0.29330000281333923,1.970123291015625,0.289000004529953,1.9645456075668335
31,0.2953999936580658,1.9619730710983276,0.29600000381469727,1.9603205919265747
32,0.29980000853538513,1.9546186923980713,0.29899999499320984,1.9509267807006836
33,0.29789999127388,1.947239875793457,0.2930000126361847,1.9422786235809326
34,0.30559998750686646,1.940415859222412,0.30300000309944153,1.941109299659729
35,0.30720001459121704,1.9327980279922485,0.29600000381469727,1.9350342750549316
36,0.31290000677108765,1.9271234273910522,0.30550000071525574,1.9342058897018433
37,0.3133000135421753,1.920492172241211,0.3075000047683716,1.9176280498504639
38,0.3197000026702881,1.9139455556869507,0.31049999594688416,1.9112085103988647
39,0.3215000033378601,1.9074153900146484,0.3034999966621399,1.9103020429611206
40,0.3224000036716461,1.90010666847229,0.31949999928474426,1.90414297580719
41,0.3278000056743622,1.8954564332962036,0.3059999942779541,1.9111912250518799
42,0.32899999618530273,1.8889362812042236,0.32100000977516174,1.890242576599121
43,0.3294999897480011,1.882270097732544,0.32499998807907104,1.8845229148864746
44,0.3330000042915344,1.876558780670166,0.32600000500679016,1.8754215240478516
45,0.33799999952316284,1.8702226877212524,0.33399999141693115,1.8687891960144043
46,0.336899995803833,1.8639332056045532,0.31850001215934753,1.8857909440994263
47,0.3395000100135803,1.8582335710525513,0.32499998807907104,1.8622223138809204
48,0.3393000066280365,1.8522535562515259,0.34299999475479126,1.851194977760315
49,0.3472999930381775,1.8454926013946533,0.335999995470047,1.8497555255889893
50,0.3449999988079071,1.8400890827178955,0.34049999713897705,1.8444212675094604
51,0.34790000319480896,1.8339935541152954,0.34150001406669617,1.8395417928695679
52,0.3555999994277954,1.8277039527893066,0.3425000011920929,1.8329671621322632
53,0.35420000553131104,1.8229029178619385,0.3370000123977661,1.8313641548156738
54,0.35749998688697815,1.8178683519363403,0.3449999988079071,1.825524091720581
55,0.3573000133037567,1.8109146356582642,0.3334999978542328,1.8334687948226929
56,0.35659998655319214,1.8055282831192017,0.33399999141693115,1.8171331882476807
57,0.3630000054836273,1.8000714778900146,0.351500004529953,1.8102402687072754
58,0.36480000615119934,1.7954109907150269,0.34049999713897705,1.81378972530365
59,0.3684000074863434,1.790865421295166,0.3434999883174896,1.813518762588501
60,0.36800000071525574,1.7838994264602661,0.359499990940094,1.8065085411071777
61,0.37049999833106995,1.7792962789535522,0.36550000309944153,1.8007574081420898
62,0.37450000643730164,1.773056983947754,0.3370000123977661,1.829978346824646
63,0.3765999972820282,1.768973469734192,0.33149999380111694,1.819451928138733
64,0.37470000982284546,1.7649298906326294,0.3434999883174896,1.7917749881744385
65,0.37700000405311584,1.7577732801437378,0.3695000112056732,1.7663674354553223
66,0.3788999915122986,1.7541234493255615,0.3709999918937683,1.7700365781784058
67,0.3824999928474426,1.749617338180542,0.3695000112056732,1.7679005861282349
68,0.385699987411499,1.7442841529846191,0.3714999854564667,1.7654966115951538
69,0.3855000138282776,1.7396286725997925,0.3605000078678131,1.770990014076233
70,0.3896999955177307,1.7360464334487915,0.34700000286102295,1.7754547595977783
71,0.3840000033378601,1.7324351072311401,0.3659999966621399,1.7444201707839966
72,0.3905999958515167,1.7268593311309814,0.3605000078678131,1.7592369318008423
73,0.3955000042915344,1.722386360168457,0.3684999942779541,1.7445405721664429
74,0.3928999900817871,1.7179654836654663,0.36649999022483826,1.742866039276123
75,0.39340001344680786,1.7139390707015991,0.37599998712539673,1.7301093339920044
76,0.396699994802475,1.7098802328109741,0.36800000071525574,1.7422910928726196
77,0.3959999978542328,1.7060819864273071,0.36899998784065247,1.7296711206436157
78,0.39890000224113464,1.7016359567642212,0.38350000977516174,1.7531256675720215
79,0.4027000069618225,1.6966023445129395,0.3824999928474426,1.7286561727523804
80,0.40459999442100525,1.6945425271987915,0.3824999928474426,1.73052978515625
81,0.40059998631477356,1.6908230781555176,0.38499999046325684,1.7045621871948242
82,0.4032999873161316,1.6873668432235718,0.3824999928474426,1.7345502376556396
83,0.40860000252723694,1.6832174062728882,0.3935000002384186,1.7266486883163452
84,0.40560001134872437,1.6808074712753296,0.3804999887943268,1.7050343751907349
85,0.4140999913215637,1.6747359037399292,0.3580000102519989,1.7585769891738892
86,0.40799999237060547,1.672300934791565,0.398499995470047,1.690943717956543
87,0.4113999903202057,1.6683282852172852,0.3790000081062317,1.699648380279541
88,0.41029998660087585,1.6664341688156128,0.3880000114440918,1.6915466785430908
89,0.4083000123500824,1.661563515663147,0.39500001072883606,1.6855388879776
90,0.4099000096321106,1.659043550491333,0.359499990940094,1.7388285398483276
91,0.4138999879360199,1.655040979385376,0.4065000116825104,1.6917086839675903
92,0.41269999742507935,1.652367353439331,0.3855000138282776,1.7715896368026733
93,0.41780000925064087,1.648735761642456,0.39800000190734863,1.6934328079223633
94,0.41600000858306885,1.6441839933395386,0.39649999141693115,1.6718560457229614
95,0.41990000009536743,1.6415351629257202,0.38850000500679016,1.6811811923980713
96,0.4214000105857849,1.638175129890442,0.3714999854564667,1.769371509552002
97,0.41940000653266907,1.6352828741073608,0.40149998664855957,1.6665160655975342
98,0.4194999933242798,1.6307004690170288,0.39649999141693115,1.7145441770553589
99,0.42399999499320984,1.6282576322555542,0.4020000100135803,1.6687546968460083
100,0.42570000886917114,1.6248146295547485,0.3935000002384186,1.664370059967041
101,0.4235999882221222,1.6215423345565796,0.3619999885559082,1.7165417671203613
102,0.424699991941452,1.6191906929016113,0.36399999260902405,1.724666714668274
103,0.42410001158714294,1.617681622505188,0.4180000126361847,1.6608432531356812
104,0.4242999851703644,1.6133943796157837,0.39100000262260437,1.686684012413025
105,0.42800000309944153,1.6104823350906372,0.40799999237060547,1.648442268371582
106,0.4287000000476837,1.607831358909607,0.3804999887943268,1.6698380708694458
107,0.4293000102043152,1.60421884059906,0.40849998593330383,1.6403820514678955
108,0.42809998989105225,1.601205587387085,0.40799999237060547,1.6300040483474731
109,0.4334999918937683,1.598314642906189,0.41600000858306885,1.625788688659668
110,0.43160000443458557,1.5950838327407837,0.3970000147819519,1.673502802848816
111,0.43299999833106995,1.5932999849319458,0.40049999952316284,1.648230791091919
112,0.4316999912261963,1.5897001028060913,0.41100001335144043,1.648339033126831
113,0.43549999594688416,1.5869481563568115,0.40149998664855957,1.6454048156738281
114,0.4350000023841858,1.5833624601364136,0.4009999930858612,1.7162684202194214
115,0.43220001459121704,1.5831431150436401,0.3959999978542328,1.660475730895996
116,0.43479999899864197,1.5801351070404053,0.4154999852180481,1.629058837890625
117,0.4390000104904175,1.5751806497573853,0.421999990940094,1.6236099004745483
118,0.439300000667572,1.5741219520568848,0.41749998927116394,1.6335419416427612
119,0.43939998745918274,1.5714924335479736,0.4205000102519989,1.5985848903656006
120,0.4410000145435333,1.5672699213027954,0.39649999141693115,1.627472162246704
121,0.4408999979496002,1.5660439729690552,0.4235000014305115,1.6077992916107178
122,0.44350001215934753,1.5610297918319702,0.4309999942779541,1.5976346731185913
123,0.4381999969482422,1.560360074043274,0.4255000054836273,1.6172032356262207
124,0.44350001215934753,1.5571434497833252,0.41749998927116394,1.6016141176223755
125,0.4431000053882599,1.554405689239502,0.4244999885559082,1.6388283967971802
126,0.4447999894618988,1.5517863035202026,0.4339999854564667,1.6063841581344604
127,0.44699999690055847,1.5490620136260986,0.4104999899864197,1.616178274154663
128,0.445499986410141,1.5463340282440186,0.4115000069141388,1.7207741737365723
129,0.450300008058548,1.5467227697372437,0.4300000071525574,1.577711582183838
130,0.4489000141620636,1.5409362316131592,0.4345000088214874,1.5749870538711548
131,0.4480000138282776,1.540251612663269,0.4180000126361847,1.5964484214782715
132,0.4510999917984009,1.5374191999435425,0.4309999942779541,1.5757149457931519
133,0.4526999890804291,1.533386468887329,0.4189999997615814,1.5933253765106201
134,0.4546999931335449,1.5314849615097046,0.4375,1.5623540878295898
135,0.4537999927997589,1.5295644998550415,0.4259999990463257,1.5987354516983032
136,0.45660001039505005,1.5280838012695312,0.4074999988079071,1.601158618927002
137,0.4551999866962433,1.5251498222351074,0.4410000145435333,1.5682857036590576
138,0.4564000070095062,1.5240561962127686,0.4334999918937683,1.5611486434936523
139,0.46050000190734863,1.5201107263565063,0.4320000112056732,1.5607116222381592
140,0.4593000113964081,1.5163869857788086,0.4244999885559082,1.630547285079956
141,0.45739999413490295,1.5155733823776245,0.4429999887943268,1.5745389461517334
142,0.45980000495910645,1.512929916381836,0.4424999952316284,1.5959256887435913
143,0.4607999920845032,1.5118277072906494,0.43799999356269836,1.549745798110962
144,0.4602999985218048,1.5090084075927734,0.4345000088214874,1.5635346174240112
145,0.45969998836517334,1.5079721212387085,0.43149998784065247,1.5774024724960327
146,0.46619999408721924,1.503891944885254,0.43950000405311584,1.5570675134658813
147,0.460999995470047,1.5014628171920776,0.42500001192092896,1.5762608051300049
148,0.46810001134872437,1.4994597434997559,0.3824999928474426,1.7606847286224365
149,0.46619999408721924,1.5020136833190918,0.3799999952316284,1.8015943765640259
150,0.4641999900341034,1.4978915452957153,0.4390000104904175,1.5582212209701538
151,0.4675000011920929,1.4937206506729126,0.4410000145435333,1.5527039766311646
152,0.4697999954223633,1.4921842813491821,0.41449999809265137,1.6410861015319824
153,0.4697999954223633,1.4908432960510254,0.43149998784065247,1.5832746028900146
154,0.4700999855995178,1.4889717102050781,0.4494999945163727,1.5268731117248535
155,0.4724999964237213,1.4854652881622314,0.4104999899864197,1.597516655921936
156,0.4733000099658966,1.4872347116470337,0.4284999966621399,1.5756663084030151
157,0.4733000099658966,1.4832172393798828,0.4390000104904175,1.5429298877716064
158,0.47609999775886536,1.4792802333831787,0.4440000057220459,1.552058219909668
159,0.47589999437332153,1.479521632194519,0.4399999976158142,1.6012952327728271
160,0.4779999852180481,1.477598786354065,0.4230000078678131,1.5752226114273071
161,0.4779999852180481,1.473572015762329,0.4205000102519989,1.585693597793579
162,0.47440001368522644,1.4739514589309692,0.4230000078678131,1.6186110973358154
163,0.47929999232292175,1.4715135097503662,0.44850000739097595,1.5533450841903687
164,0.4799000024795532,1.4705243110656738,0.43549999594688416,1.5555940866470337
165,0.4796000123023987,1.4683455228805542,0.45750001072883606,1.5194541215896606
166,0.4812000095844269,1.4653819799423218,0.4490000009536743,1.5253479480743408
167,0.4805000126361847,1.4633591175079346,0.44600000977516174,1.5269302129745483
168,0.48249998688697815,1.460248351097107,0.4399999976158142,1.5999133586883545
169,0.4810999929904938,1.46248197555542,0.45649999380111694,1.512622356414795
170,0.4797999858856201,1.459822416305542,0.421999990940094,1.5672190189361572
171,0.47929999232292175,1.461982250213623,0.28349998593330383,2.369245767593384
172,0.4832000136375427,1.4685903787612915,0.42500001192092896,1.6070548295974731
173,0.48159998655319214,1.4573696851730347,0.44350001215934753,1.5427428483963013
174,0.487199991941452,1.454425573348999,0.4404999911785126,1.5836617946624756
175,0.4869000017642975,1.4519027471542358,0.4320000112056732,1.5555864572525024
176,0.48249998688697815,1.4506752490997314,0.4415000081062317,1.5246686935424805
177,0.48669999837875366,1.4474856853485107,0.4429999887943268,1.550481915473938
178,0.4875999987125397,1.4452788829803467,0.45100000500679016,1.5239404439926147
179,0.48559999465942383,1.4470000267028809,0.42800000309944153,1.5521690845489502
180,0.4876999855041504,1.443053960800171,0.43650001287460327,1.5921839475631714
181,0.48890000581741333,1.4422129392623901,0.44600000977516174,1.5311030149459839
182,0.49000000953674316,1.4418412446975708,0.44999998807907104,1.5234063863754272
183,0.49219998717308044,1.4365193843841553,0.4555000066757202,1.5391911268234253
184,0.4909000098705292,1.4355435371398926,0.4415000081062317,1.5523864030838013
185,0.49470001459121704,1.4362339973449707,0.4544999897480011,1.549082636833191
186,0.49399998784065247,1.4349554777145386,0.40950000286102295,1.6040465831756592
187,0.4952000081539154,1.4347608089447021,0.4480000138282776,1.6258896589279175
188,0.49459999799728394,1.431412935256958,0.46549999713897705,1.4773457050323486
189,0.49380001425743103,1.4328867197036743,0.4569999873638153,1.5252931118011475
190,0.49149999022483826,1.4263923168182373,0.4569999873638153,1.5159153938293457
191,0.4968000054359436,1.4257407188415527,0.42100000381469727,1.5820266008377075
192,0.4973999857902527,1.427453875541687,0.4620000123977661,1.511178731918335
193,0.4991999864578247,1.423039197921753,0.47450000047683716,1.4901669025421143
194,0.4973999857902527,1.420960783958435,0.47749999165534973,1.4818490743637085
195,0.4968999922275543,1.421671748161316,0.4580000042915344,1.488112449645996
196,0.49970000982284546,1.4185848236083984,0.4449999928474426,1.5242202281951904
197,0.499099999666214,1.418723225593567,0.46149998903274536,1.490967035293579
198,0.5006999969482422,1.4142086505889893,0.4645000100135803,1.5292527675628662
199,0.5031999945640564,1.415179967880249,0.4724999964237213,1.4736790657043457
200,0.5041000247001648,1.411289095878601,0.4339999854564667,1.5964642763137817
201,0.5,1.4147146940231323,0.4699999988079071,1.4909169673919678
202,0.5022000074386597,1.4098501205444336,0.4650000035762787,1.5083863735198975
203,0.5042999982833862,1.4099398851394653,0.47049999237060547,1.4797569513320923
204,0.5002999901771545,1.409282922744751,0.46399998664855957,1.48428213596344
205,0.5058000087738037,1.4063777923583984,0.43299999833106995,1.5373520851135254
206,0.5024999976158142,1.4062706232070923,0.46799999475479126,1.4801216125488281
207,0.5054000020027161,1.4030506610870361,0.43950000405311584,1.556095838546753
208,0.5038999915122986,1.405365228652954,0.45399999618530273,1.4954249858856201
209,0.508400022983551,1.3991649150848389,0.46700000762939453,1.4592313766479492
210,0.5058000087738037,1.4010288715362549,0.4424999952316284,1.5586360692977905
211,0.5092999935150146,1.3985978364944458,0.4659999907016754,1.517940878868103
212,0.5080000162124634,1.395837664604187,0.41600000858306885,1.6208754777908325
213,0.5078999996185303,1.3957042694091797,0.46799999475479126,1.4702194929122925
214,0.5092999935150146,1.3950676918029785,0.4505000114440918,1.511417031288147
215,0.5131000280380249,1.3915014266967773,0.4569999873638153,1.5107325315475464
216,0.5062999725341797,1.3929755687713623,0.46950000524520874,1.4610474109649658
217,0.511900007724762,1.3867348432540894,0.4690000116825104,1.532842755317688
218,0.5098999738693237,1.39320707321167,0.460999995470047,1.5360767841339111
219,0.5160999894142151,1.388094186782837,0.47049999237060547,1.4965052604675293
220,0.5145999789237976,1.3827887773513794,0.4715000092983246,1.4614696502685547
221,0.5163999795913696,1.3848881721496582,0.4440000057220459,1.5197874307632446
222,0.5148000121116638,1.3834190368652344,0.4724999964237213,1.4628833532333374
223,0.5160999894142151,1.383353352546692,0.4580000042915344,1.4799960851669312
224,0.5160999894142151,1.3807945251464844,0.4490000009536743,1.5135434865951538
225,0.5163000226020813,1.3785399198532104,0.44449999928474426,1.5232701301574707
226,0.5171999931335449,1.3752037286758423,0.4699999988079071,1.4940834045410156
227,0.5121999979019165,1.3768372535705566,0.4794999957084656,1.4573909044265747
228,0.5181999802589417,1.375973105430603,0.3840000033378601,1.8326808214187622
229,0.51910001039505,1.3749648332595825,0.445499986410141,1.6003379821777344
230,0.5149000287055969,1.3765686750411987,0.4555000066757202,1.4942432641983032
231,0.5200999975204468,1.3695281744003296,0.47749999165534973,1.4640916585922241
232,0.5180000066757202,1.368788719177246,0.45399999618530273,1.5088646411895752
233,0.5188000202178955,1.3673956394195557,0.46549999713897705,1.4777836799621582
234,0.5188999772071838,1.3691133260726929,0.4424999952316284,1.5727533102035522
235,0.521399974822998,1.367913007736206,0.4884999990463257,1.4515480995178223
236,0.5236999988555908,1.3625692129135132,0.47999998927116394,1.4564515352249146
237,0.5231999754905701,1.3644157648086548,0.48350000381469727,1.4415647983551025
238,0.5236999988555908,1.3623173236846924,0.4860000014305115,1.5032835006713867
239,0.5209000110626221,1.3589462041854858,0.4399999976158142,1.5365712642669678
240,0.5253000259399414,1.3585569858551025,0.34700000286102295,1.9864531755447388
241,0.5249999761581421,1.360832691192627,0.48249998688697815,1.4473685026168823
242,0.5256999731063843,1.3562679290771484,0.48649999499320984,1.4539166688919067
243,0.5278000235557556,1.3560398817062378,0.476500004529953,1.4650647640228271
244,0.5267999768257141,1.3521482944488525,0.47200000286102295,1.474881887435913
245,0.5235999822616577,1.3547604084014893,0.49300000071525574,1.4193425178527832
246,0.5311999917030334,1.3506215810775757,0.46149998903274536,1.4986274242401123
247,0.5273000001907349,1.3488807678222656,0.4415000081062317,1.5478988885879517
248,0.5260999798774719,1.3528238534927368,0.4634999930858612,1.506965160369873
249,0.5254999995231628,1.3451491594314575,0.45899999141693115,1.4959810972213745
250,0.52920001745224,1.3468272686004639,0.4399999976158142,1.5806795358657837
251,0.5245000123977661,1.350061297416687,0.4699999988079071,1.4431469440460205
252,0.532800018787384,1.3423798084259033,0.47999998927116394,1.4412786960601807
253,0.5309000015258789,1.342559814453125,0.45399999618530273,1.505593180656433
254,0.531000018119812,1.340749979019165,0.48649999499320984,1.4515488147735596
255,0.5322999954223633,1.3391996622085571,0.44850000739097595,1.5279206037521362
256,0.5307000279426575,1.3389687538146973,0.4320000112056732,1.5578490495681763
257,0.5347999930381775,1.3415985107421875,0.46549999713897705,1.4911603927612305
258,0.5281999707221985,1.3374813795089722,0.4925000071525574,1.4359352588653564
259,0.5328999757766724,1.3368242979049683,0.49549999833106995,1.4316779375076294
260,0.5339000225067139,1.3322590589523315,0.47350001335144043,1.4421216249465942
261,0.5339999794960022,1.329837679862976,0.48750001192092896,1.4689146280288696
262,0.5339000225067139,1.3307081460952759,0.5019999742507935,1.4034122228622437
263,0.53329998254776,1.3310387134552002,0.46299999952316284,1.4999185800552368
264,0.534500002861023,1.3307157754898071,0.476500004529953,1.4391196966171265
265,0.5340999960899353,1.330884337425232,0.48249998688697815,1.4609485864639282
266,0.536899983882904,1.3261855840682983,0.5,1.4170442819595337
267,0.5339000225067139,1.3267958164215088,0.49149999022483826,1.4297131299972534
268,0.5364000201225281,1.3264902830123901,0.46950000524520874,1.470560908317566
269,0.5364999771118164,1.3253333568572998,0.45750001072883606,1.477469801902771
270,0.5389999747276306,1.3226710557937622,0.49149999022483826,1.4514557123184204
271,0.5371000170707703,1.3198424577713013,0.46149998903274536,1.5002243518829346
272,0.5421000123023987,1.32229745388031,0.4894999861717224,1.4272558689117432
273,0.5432000160217285,1.3156551122665405,0.49799999594688416,1.4046947956085205
274,0.541700005531311,1.3183355331420898,0.46950000524520874,1.5127723217010498
275,0.5379999876022339,1.3188050985336304,0.4580000042915344,1.533788800239563
276,0.5412999987602234,1.3169341087341309,0.4869999885559082,1.4492135047912598
277,0.5422999858856201,1.3124574422836304,0.49300000071525574,1.4287424087524414
278,0.5396000146865845,1.3128832578659058,0.47850000858306885,1.43428635597229
279,0.5450000166893005,1.3105703592300415,0.47200000286102295,1.4594563245773315
280,0.5440000295639038,1.309160590171814,0.4860000014305115,1.436795949935913
281,0.545799970626831,1.3056762218475342,0.5019999742507935,1.407772421836853
282,0.5443000197410583,1.3110380172729492,0.47850000858306885,1.4679406881332397
283,0.5426999926567078,1.306309700012207,0.48750001192092896,1.4346508979797363
284,0.5478000044822693,1.3010581731796265,0.49050000309944153,1.424209713935852
285,0.5471000075340271,1.3025617599487305,0.4505000114440918,1.5204089879989624
286,0.5444999933242798,1.3024110794067383,0.4490000009536743,1.5095347166061401
287,0.5454000234603882,1.3064076900482178,0.39500001072883606,1.7460285425186157
288,0.5439000129699707,1.3049325942993164,0.4945000112056732,1.4293581247329712
289,0.5490000247955322,1.297080159187317,0.5049999952316284,1.4046716690063477
290,0.5473999977111816,1.2970510721206665,0.49050000309944153,1.4129917621612549
291,0.5485000014305115,1.2932076454162598,0.5034999847412109,1.390385389328003
292,0.546500027179718,1.2993611097335815,0.4934999942779541,1.4084564447402954
293,0.5511999726295471,1.2930575609207153,0.5024999976158142,1.4000362157821655
294,0.5486000180244446,1.2932382822036743,0.4165000021457672,1.7158067226409912
295,0.5461000204086304,1.2975943088531494,0.48249998688697815,1.4280998706817627
296,0.5501000285148621,1.2889575958251953,0.5074999928474426,1.4055590629577637
297,0.5521000027656555,1.2893755435943604,0.5090000033378601,1.3995393514633179
298,0.5521000027656555,1.2907642126083374,0.5044999718666077,1.4018758535385132
299,0.5527999997138977,1.2892223596572876,0.4959999918937683,1.4068573713302612
300,0.5514000058174133,1.2842117547988892,0.49900001287460327,1.4048091173171997
301,0.5509999990463257,1.2896476984024048,0.45899999141693115,1.5163664817810059
302,0.5533999800682068,1.2840030193328857,0.5070000290870667,1.4169892072677612
303,0.5534999966621399,1.283624529838562,0.3714999854564667,1.9763085842132568
304,0.5514000058174133,1.2891405820846558,0.4934999942779541,1.3917258977890015
305,0.5533000230789185,1.2819358110427856,0.42899999022483826,1.5701375007629395
306,0.5565000176429749,1.2808948755264282,0.5080000162124634,1.3917239904403687
307,0.5554999709129333,1.2790405750274658,0.48750001192092896,1.478623628616333
308,0.5572999715805054,1.277096152305603,0.4860000014305115,1.417027235031128
309,0.5618000030517578,1.2734655141830444,0.5095000267028809,1.405263900756836
310,0.5570999979972839,1.2736603021621704,0.5015000104904175,1.3884390592575073
311,0.5562000274658203,1.2740910053253174,0.46950000524520874,1.4676382541656494
312,0.5544999837875366,1.2798863649368286,0.515500009059906,1.3836259841918945
313,0.5634999871253967,1.2674731016159058,0.5040000081062317,1.4094208478927612
314,0.557200014591217,1.2712483406066895,0.5059999823570251,1.3699638843536377
315,0.5601999759674072,1.269304633140564,0.47999998927116394,1.4734387397766113
316,0.5584999918937683,1.2735722064971924,0.4945000112056732,1.4241468906402588
317,0.5587000250816345,1.2702406644821167,0.5235000252723694,1.3629759550094604
318,0.5613999962806702,1.265535593032837,0.503000020980835,1.377077579498291
319,0.5612999796867371,1.2674616575241089,0.5055000185966492,1.4279040098190308
320,0.5601999759674072,1.261372685432434,0.5009999871253967,1.4118168354034424
321,0.5598000288009644,1.2638468742370605,0.5005000233650208,1.400285005569458
322,0.5609999895095825,1.2629857063293457,0.4729999899864197,1.4659701585769653
323,0.5570999979972839,1.2632787227630615,0.4860000014305115,1.4236116409301758
324,0.5613999962806702,1.2635753154754639,0.45750001072883606,1.499719500541687
325,0.5645999908447266,1.260511875152588,0.4440000057220459,1.5707210302352905
326,0.5626999735832214,1.2571089267730713,0.49549999833106995,1.4499516487121582
327,0.5627999901771545,1.2569680213928223,0.4934999942779541,1.464142084121704
328,0.5616999864578247,1.2577344179153442,0.515999972820282,1.3729248046875
329,0.5656999945640564,1.2528682947158813,0.5220000147819519,1.3606464862823486
330,0.5641999840736389,1.2511100769042969,0.4620000123977661,1.5012245178222656
331,0.5659000277519226,1.2522391080856323,0.49799999594688416,1.4482879638671875
332,0.5656999945640564,1.2538472414016724,0.5015000104904175,1.4111016988754272
333,0.5648999810218811,1.2488584518432617,0.5059999823570251,1.3772529363632202
334,0.5619000196456909,1.2482995986938477,0.46399998664855957,1.5140867233276367
335,0.5631999969482422,1.24966299533844,0.5205000042915344,1.363465428352356
336,0.5669999718666077,1.2449842691421509,0.4970000088214874,1.4040333032608032
337,0.5640000104904175,1.2468667030334473,0.5034999847412109,1.3882523775100708
338,0.5644999742507935,1.244188666343689,0.5145000219345093,1.3662947416305542
339,0.5716000199317932,1.2414628267288208,0.5040000081062317,1.399613618850708
340,0.5705000162124634,1.240559697151184,0.4819999933242798,1.4678120613098145
341,0.570900022983551,1.2415565252304077,0.5009999871253967,1.4290575981140137
342,0.567300021648407,1.2412192821502686,0.5105000138282776,1.3939850330352783
343,0.5738999843597412,1.238853931427002,0.49549999833106995,1.3896576166152954
344,0.5691999793052673,1.2406097650527954,0.5139999985694885,1.3904526233673096
345,0.5702999830245972,1.239507794380188,0.5170000195503235,1.382361888885498
346,0.5703999996185303,1.2354568243026733,0.49799999594688416,1.402626633644104
347,0.5767999887466431,1.234129548072815,0.5174999833106995,1.3794227838516235
348,0.5691999793052673,1.231732726097107,0.5174999833106995,1.3720203638076782
349,0.5715000033378601,1.2350587844848633,0.42899999022483826,1.6010243892669678
350,0.5734999775886536,1.2326960563659668,0.4544999897480011,1.5585881471633911
351,0.5726000070571899,1.2308017015457153,0.4699999988079071,1.4694023132324219
352,0.5716000199317932,1.2301141023635864,0.5224999785423279,1.3672640323638916
353,0.5778999924659729,1.2268012762069702,0.515500009059906,1.3762849569320679
354,0.5727999806404114,1.227993369102478,0.5205000042915344,1.3675559759140015
355,0.5728999972343445,1.224190592765808,0.4925000071525574,1.4224979877471924
356,0.5752000212669373,1.2226415872573853,0.4729999899864197,1.5853394269943237
357,0.573199987411499,1.2264049053192139,0.4830000102519989,1.4458200931549072
358,0.5740000009536743,1.2249873876571655,0.503000020980835,1.3729366064071655
359,0.5752000212669373,1.2245583534240723,0.4749999940395355,1.4713083505630493
360,0.5770000219345093,1.2244757413864136,0.5235000252723694,1.365013837814331
361,0.5802000164985657,1.2175949811935425,0.5024999976158142,1.4312572479248047
362,0.5770999789237976,1.2158747911453247,0.5164999961853027,1.3563096523284912
363,0.5785999894142151,1.2163180112838745,0.5139999985694885,1.4069499969482422
364,0.5788999795913696,1.2163066864013672,0.49050000309944153,1.3965717554092407
365,0.5784000158309937,1.2168793678283691,0.47099998593330383,1.447275996208191
366,0.5792999863624573,1.2144081592559814,0.5184999704360962,1.3466699123382568
367,0.5785999894142151,1.2103898525238037,0.4805000126361847,1.4872196912765503
368,0.5813000202178955,1.2121027708053589,0.5105000138282776,1.3721153736114502
369,0.5795000195503235,1.2109495401382446,0.5264999866485596,1.349734902381897
370,0.5823000073432922,1.2090030908584595,0.49399998784065247,1.4095617532730103
371,0.5800999999046326,1.2154803276062012,0.49799999594688416,1.4075206518173218
372,0.5777000188827515,1.2084181308746338,0.49149999022483826,1.4268245697021484
373,0.5845999717712402,1.2047522068023682,0.5055000185966492,1.3633893728256226
374,0.5807999968528748,1.2050286531448364,0.4625000059604645,1.5156030654907227
375,0.5805000066757202,1.2060494422912598,0.5074999928474426,1.3802711963653564
376,0.5795000195503235,1.2050962448120117,0.421999990940094,1.8075803518295288
377,0.5809999704360962,1.2101871967315674,0.49900001287460327,1.4249229431152344
378,0.5813999772071838,1.1990783214569092,0.4880000054836273,1.4282515048980713
379,0.5849999785423279,1.2020968198776245,0.5189999938011169,1.3508596420288086
380,0.5870000123977661,1.199876308441162,0.5059999823570251,1.3923923969268799
381,0.586899995803833,1.1946732997894287,0.5230000019073486,1.354320764541626
382,0.5861999988555908,1.1976168155670166,0.5115000009536743,1.3746999502182007
383,0.5846999883651733,1.1951103210449219,0.5149999856948853,1.3661199808120728
384,0.589900016784668,1.1935492753982544,0.5304999947547913,1.3349988460540771
385,0.5830000042915344,1.1957151889801025,0.5299999713897705,1.3665260076522827
386,0.5861999988555908,1.1904613971710205,0.531000018119812,1.3532085418701172
387,0.5864999890327454,1.1928770542144775,0.531499981880188,1.3365095853805542
388,0.585099995136261,1.192592740058899,0.49399998784065247,1.4355241060256958
389,0.5888000130653381,1.1903403997421265,0.5024999976158142,1.4288403987884521
390,0.5871999859809875,1.190515160560608,0.5335000157356262,1.3340672254562378
391,0.5875999927520752,1.1903927326202393,0.5304999947547913,1.3642481565475464
392,0.5906000137329102,1.184389591217041,0.5230000019073486,1.336297631263733
393,0.5916000008583069,1.1823850870132446,0.492000013589859,1.4095475673675537
394,0.5895000100135803,1.1894514560699463,0.4790000021457672,1.4543877840042114
395,0.5877000093460083,1.1871161460876465,0.5084999799728394,1.3580067157745361
396,0.5909000039100647,1.185104250907898,0.5065000057220459,1.4106404781341553
397,0.5914000272750854,1.186185598373413,0.4740000069141388,1.4466049671173096
398,0.5914000272750854,1.1793761253356934,0.47749999165534973,1.5120797157287598
399,0.5914999842643738,1.1831415891647339,0.5044999718666077,1.3967784643173218
400,0.5932000279426575,1.1774466037750244,0.49900001287460327,1.4190882444381714
401,0.5928999781608582,1.1803756952285767,0.5189999938011169,1.3417648077011108
402,0.5934000015258789,1.1735503673553467,0.5095000267028809,1.3964791297912598
403,0.5964000225067139,1.1749392747879028,0.5295000076293945,1.3610507249832153
404,0.5953999757766724,1.1771562099456787,0.5254999995231628,1.339944839477539
405,0.5949000120162964,1.173932671546936,0.45750001072883606,1.613596796989441
406,0.5924000144004822,1.1762943267822266,0.4819999933242798,1.4645646810531616
407,0.5927000045776367,1.1736161708831787,0.5099999904632568,1.390575647354126
408,0.5957000255584717,1.1710647344589233,0.5245000123977661,1.341562032699585
409,0.6015999913215637,1.1675831079483032,0.5285000205039978,1.3387396335601807
410,0.599399983882904,1.1625128984451294,0.48750001192092896,1.4748334884643555
411,0.5982000231742859,1.1670572757720947,0.5364999771118164,1.3295742273330688
412,0.597000002861023,1.1666381359100342,0.4345000088214874,1.620992660522461
413,0.5999000072479248,1.1710065603256226,0.5040000081062317,1.4207980632781982
414,0.6029999852180481,1.1634094715118408,0.5034999847412109,1.3589268922805786
415,0.6003000140190125,1.1665403842926025,0.4634999930858612,1.5204931497573853
416,0.6025000214576721,1.161794900894165,0.5059999823570251,1.3980740308761597
417,0.6025000214576721,1.157636284828186,0.531499981880188,1.3486050367355347
418,0.5979999899864197,1.1591702699661255,0.4124999940395355,1.6732177734375
419,0.5975000262260437,1.1658508777618408,0.5139999985694885,1.402652382850647
420,0.600600004196167,1.1560553312301636,0.46149998903274536,1.540588617324829
421,0.6014999747276306,1.1559869050979614,0.4334999918937683,1.693720817565918
422,0.6031000018119812,1.1572636365890503,0.5109999775886536,1.403430700302124
423,0.6036999821662903,1.1523090600967407,0.5105000138282776,1.431922435760498
424,0.6033999919891357,1.1492698192596436,0.4964999854564667,1.445745825767517
425,0.6003000140190125,1.1511740684509277,0.5115000009536743,1.367315649986267
426,0.6015999913215637,1.149998664855957,0.5354999899864197,1.332982063293457
427,0.6053000092506409,1.1477996110916138,0.5260000228881836,1.3745157718658447
428,0.6032999753952026,1.1460328102111816,0.5360000133514404,1.3177378177642822
429,0.6043999791145325,1.148025631904602,0.3935000002384186,1.9186277389526367
430,0.5986999869346619,1.1570134162902832,0.5005000233650208,1.471683144569397
431,0.6065999865531921,1.1433457136154175,0.5224999785423279,1.3652102947235107
432,0.6061999797821045,1.145137071609497,0.4715000092983246,1.4665062427520752
433,0.6061999797821045,1.1415175199508667,0.5389999747276306,1.306771159172058
434,0.6068999767303467,1.1400675773620605,0.5320000052452087,1.3431392908096313
435,0.6061000227928162,1.1383312940597534,0.5350000262260437,1.3368343114852905
436,0.6047000288963318,1.1384211778640747,0.492000013589859,1.421327829360962
437,0.6079000234603882,1.1362435817718506,0.531000018119812,1.3254494667053223
438,0.6085000038146973,1.136479139328003,0.5149999856948853,1.423916220664978
439,0.611299991607666,1.1348981857299805,0.5339999794960022,1.3242242336273193
440,0.6062999963760376,1.1342804431915283,0.5210000276565552,1.3570348024368286
441,0.6092000007629395,1.1347442865371704,0.5350000262260437,1.3257207870483398
442,0.6087999939918518,1.1338751316070557,0.5230000019073486,1.328601360321045
443,0.6116999983787537,1.131264328956604,0.5289999842643738,1.3824121952056885
444,0.6133999824523926,1.1309572458267212,0.4645000100135803,1.5089367628097534
445,0.6098999977111816,1.1308666467666626,0.5224999785423279,1.383457064628601
446,0.6121000051498413,1.1302515268325806,0.45100000500679016,1.51605224609375
447,0.6129999756813049,1.125184178352356,0.5099999904632568,1.4368547201156616
448,0.6133000254631042,1.1277436017990112,0.4505000114440918,1.5408567190170288
449,0.6097000241279602,1.1310151815414429,0.5385000109672546,1.2964707612991333
450,0.613099992275238,1.122728705406189,0.4925000071525574,1.4163494110107422
451,0.6144999861717224,1.125603437423706,0.49149999022483826,1.4405418634414673
452,0.6139000058174133,1.1247903108596802,0.5295000076293945,1.3552685976028442
453,0.6128000020980835,1.1176353693008423,0.5120000243186951,1.3675884008407593
454,0.6162999868392944,1.1161683797836304,0.5249999761581421,1.3440781831741333
455,0.6144999861717224,1.117328405380249,0.4860000014305115,1.4418257474899292
456,0.6171000003814697,1.1198369264602661,0.5509999990463257,1.3098464012145996
457,0.6159999966621399,1.1157195568084717,0.5195000171661377,1.399572730064392
458,0.6133000254631042,1.1197327375411987,0.4909999966621399,1.4241021871566772
459,0.6177999973297119,1.1124515533447266,0.5239999890327454,1.3899554014205933
460,0.6166999936103821,1.1157429218292236,0.5174999833106995,1.3970040082931519
461,0.6223999857902527,1.1131713390350342,0.476500004529953,1.472949743270874
462,0.6122999787330627,1.1145238876342773,0.5080000162124634,1.424918532371521
463,0.617900013923645,1.112231969833374,0.5320000052452087,1.3369605541229248
464,0.6184999942779541,1.109632134437561,0.5249999761581421,1.344197154045105
465,0.6172000169754028,1.1109035015106201,0.5230000019073486,1.363240361213684
466,0.6202999949455261,1.1078190803527832,0.5239999890327454,1.368123173713684
467,0.6208000183105469,1.1074646711349487,0.4494999945163727,1.5749410390853882
468,0.6177999973297119,1.1066744327545166,0.531499981880188,1.346125841140747
469,0.6212999820709229,1.1061344146728516,0.492000013589859,1.4257407188415527
470,0.6166999936103821,1.1053438186645508,0.5174999833106995,1.3650637865066528
471,0.6194999814033508,1.1048439741134644,0.5475000143051147,1.3007639646530151
472,0.6212999820709229,1.1005350351333618,0.5329999923706055,1.3177578449249268
473,0.621399998664856,1.1039730310440063,0.5289999842643738,1.3475394248962402
474,0.6194999814033508,1.1003201007843018,0.5450000166893005,1.3110060691833496
475,0.6205000281333923,1.0999490022659302,0.5364999771118164,1.3157286643981934
476,0.6259999871253967,1.0957517623901367,0.5289999842643738,1.362763524055481
477,0.6248000264167786,1.0963999032974243,0.5044999718666077,1.3700284957885742
478,0.6240000128746033,1.095362901687622,0.4325000047683716,1.7152526378631592
479,0.6229000091552734,1.1001516580581665,0.5224999785423279,1.3692712783813477
480,0.6266000270843506,1.0916996002197266,0.531499981880188,1.3253443241119385
481,0.6245999932289124,1.0888779163360596,0.5024999976158142,1.4478095769882202
482,0.6294999718666077,1.0935078859329224,0.4690000116825104,1.503769040107727
483,0.6270999908447266,1.0926226377487183,0.5400000214576721,1.3097538948059082
484,0.6281999945640564,1.088862657546997,0.5454999804496765,1.304829716682434
485,0.6270999908447266,1.0905002355575562,0.5440000295639038,1.3014544248580933
486,0.6284000277519226,1.0893343687057495,0.5419999957084656,1.3061378002166748
487,0.6290000081062317,1.0829150676727295,0.5525000095367432,1.3112949132919312
488,0.6251000165939331,1.0867290496826172,0.512499988079071,1.4193967580795288
489,0.6258000135421753,1.0873852968215942,0.5440000295639038,1.3074432611465454
490,0.6273999810218811,1.084155559539795,0.5249999761581421,1.4085630178451538
491,0.6320000290870667,1.0863463878631592,0.5389999747276306,1.315779209136963
492,0.6294999718666077,1.0800975561141968,0.484499990940094,1.5180526971817017
493,0.6317999958992004,1.0791027545928955,0.5224999785423279,1.3645875453948975
494,0.628000020980835,1.0836416482925415,0.5214999914169312,1.4110711812973022
495,0.6323000192642212,1.0831469297409058,0.5339999794960022,1.330041527748108
496,0.6312999725341797,1.0776323080062866,0.503000020980835,1.428882122039795
497,0.6312999725341797,1.0780043601989746,0.5304999947547913,1.3661808967590332
498,0.6353999972343445,1.077167272567749,0.5055000185966492,1.400907039642334
499,0.6335999965667725,1.0726412534713745,0.5295000076293945,1.3145931959152222
500,0.6330999732017517,1.072643756866455,0.5184999704360962,1.3612339496612549
501,0.6331999897956848,1.0724414587020874,0.5184999704360962,1.4070887565612793
502,0.631600022315979,1.074459433555603,0.5410000085830688,1.3697279691696167
503,0.6337000131607056,1.0725351572036743,0.49399998784065247,1.4832468032836914
504,0.6342999935150146,1.0737844705581665,0.5044999718666077,1.454593300819397
505,0.6347000002861023,1.0740317106246948,0.5529999732971191,1.2780240774154663
506,0.6319000124931335,1.0694963932037354,0.5440000295639038,1.3110195398330688
507,0.6351000070571899,1.0636638402938843,0.5285000205039978,1.379786491394043
508,0.6341000199317932,1.0685524940490723,0.5214999914169312,1.3971953392028809
509,0.6373999714851379,1.0683002471923828,0.5485000014305115,1.3160895109176636
510,0.6381999850273132,1.064003348350525,0.5274999737739563,1.3210980892181396
511,0.6370000243186951,1.0582135915756226,0.5149999856948853,1.3921351432800293
512,0.6377999782562256,1.058587670326233,0.5274999737739563,1.3438903093338013
513,0.6383000016212463,1.0577857494354248,0.5494999885559082,1.3034759759902954
514,0.6367999911308289,1.063656210899353,0.4830000102519989,1.5699924230575562
515,0.6384999752044678,1.0642095804214478,0.5394999980926514,1.3372114896774292
516,0.6395999789237976,1.0566004514694214,0.3970000147819519,1.7901946306228638
517,0.6353999972343445,1.0615545511245728,0.5164999961853027,1.4599484205245972
518,0.6381999850273132,1.0587955713272095,0.5109999775886536,1.4088696241378784
519,0.6370999813079834,1.055755376815796,0.46299999952316284,1.5308336019515991
520,0.6406999826431274,1.0530085563659668,0.4880000054836273,1.4253548383712769
521,0.6399000287055969,1.051819086074829,0.5145000219345093,1.3878741264343262
522,0.6449000239372253,1.0509669780731201,0.5320000052452087,1.3684115409851074
523,0.6403999924659729,1.0487093925476074,0.5205000042915344,1.4127415418624878
524,0.6420000195503235,1.050146222114563,0.49000000953674316,1.4638901948928833
525,0.6445000171661377,1.0502803325653076,0.4180000126361847,1.7923671007156372
526,0.642799973487854,1.0502946376800537,0.5519999861717224,1.2993695735931396
527,0.6428999900817871,1.0440970659255981,0.49549999833106995,1.4250156879425049
528,0.6406999826431274,1.0480884313583374,0.5295000076293945,1.376237392425537
529,0.6449000239372253,1.0444107055664062,0.4959999918937683,1.541992425918579
530,0.6434999704360962,1.048087477684021,0.5404999852180481,1.3395408391952515
531,0.6430000066757202,1.0411887168884277,0.5625,1.2801967859268188
532,0.6500999927520752,1.037291169166565,0.5450000166893005,1.2924727201461792
533,0.645799994468689,1.0369809865951538,0.5335000157356262,1.3206039667129517
534,0.6446999907493591,1.0403270721435547,0.5375000238418579,1.3137699365615845
535,0.6462000012397766,1.0362064838409424,0.5199999809265137,1.3708266019821167
536,0.6467000246047974,1.0391954183578491,0.515500009059906,1.4514811038970947
537,0.6450999975204468,1.04006826877594,0.4884999990463257,1.4696930646896362
538,0.6467999815940857,1.035614252090454,0.5600000023841858,1.2846248149871826
539,0.6521000266075134,1.0270729064941406,0.47999998927116394,1.485493540763855
540,0.6471999883651733,1.0356208086013794,0.5350000262260437,1.3170362710952759
541,0.6481000185012817,1.0326579809188843,0.5444999933242798,1.3171035051345825
542,0.6495000123977661,1.0277528762817383,0.4754999876022339,1.4738463163375854
543,0.6481000185012817,1.0328928232192993,0.5364999771118164,1.33153235912323
544,0.6496999859809875,1.0275934934616089,0.5554999709129333,1.3012371063232422
545,0.6463000178337097,1.0332764387130737,0.44850000739097595,1.6447821855545044
546,0.6498000025749207,1.0338975191116333,0.4950000047683716,1.4790276288986206
547,0.6532999873161316,1.0261479616165161,0.5504999756813049,1.3247008323669434
548,0.6518999934196472,1.0219789743423462,0.5220000147819519,1.3708713054656982
549,0.6503000259399414,1.0240260362625122,0.5254999995231628,1.4516427516937256
550,0.6525999903678894,1.0239185094833374,0.550000011920929,1.3112808465957642
551,0.6524999737739563,1.0217748880386353,0.550000011920929,1.3036785125732422
552,0.6510999798774719,1.0238163471221924,0.5059999823570251,1.4511181116104126
553,0.656499981880188,1.0194292068481445,0.5180000066757202,1.37588369846344
554,0.652899980545044,1.022585391998291,0.5299999713897705,1.3671202659606934
555,0.6527000069618225,1.0178413391113281,0.5370000004768372,1.3251004219055176
556,0.6542999744415283,1.0219128131866455,0.5205000042915344,1.4039520025253296
557,0.6531999707221985,1.014661192893982,0.5304999947547913,1.3672924041748047
558,0.6568999886512756,1.0140069723129272,0.5394999980926514,1.3628742694854736
559,0.661300003528595,1.0096594095230103,0.5134999752044678,1.4105943441390991
560,0.6524999737739563,1.0162893533706665,0.5435000061988831,1.3244967460632324
561,0.6561999917030334,1.0133799314498901,0.5239999890327454,1.3665040731430054
562,0.656000018119812,1.0126502513885498,0.5479999780654907,1.3204762935638428
563,0.6546000242233276,1.0088757276535034,0.5504999756813049,1.3062844276428223
564,0.65829998254776,1.0071649551391602,0.5575000047683716,1.2783087491989136
565,0.654699981212616,1.009613275527954,0.48899999260902405,1.5535496473312378
566,0.6557999849319458,1.0112169981002808,0.5184999704360962,1.3798890113830566
567,0.6582000255584717,1.0090545415878296,0.5289999842643738,1.3759480714797974
568,0.6568999886512756,1.0045162439346313,0.527999997138977,1.3507030010223389
569,0.6590999960899353,1.005135416984558,0.5565000176429749,1.2984936237335205
570,0.660099983215332,0.9993671178817749,0.5235000252723694,1.3833025693893433
571,0.6632000207901001,0.9989357590675354,0.5515000224113464,1.286306381225586
572,0.6592000126838684,0.9998825192451477,0.5680000185966492,1.2735435962677002
573,0.6626999974250793,1.0002613067626953,0.5605000257492065,1.272922158241272
574,0.6620000004768372,0.9981545805931091,0.5254999995231628,1.4255613088607788
575,0.6590999960899353,0.9970430731773376,0.5264999866485596,1.3446015119552612
576,0.6589999794960022,1.002246618270874,0.5245000123977661,1.3916800022125244
577,0.6579999923706055,1.0010064840316772,0.5444999933242798,1.32168447971344
578,0.6608999967575073,0.9945611357688904,0.5440000295639038,1.3387410640716553
579,0.6625999808311462,0.9928111433982849,0.4620000123977661,1.6280125379562378
580,0.659500002861023,1.0039935111999512,0.5379999876022339,1.3284764289855957
581,0.6624000072479248,0.9933577179908752,0.5419999957084656,1.3089673519134521
582,0.6657000184059143,0.990784764289856,0.5485000014305115,1.3181813955307007
583,0.6606000065803528,0.9916013479232788,0.5615000128746033,1.2791105508804321
584,0.6647999882698059,0.9842818379402161,0.5580000281333923,1.2931078672409058
585,0.6636999845504761,0.9892536401748657,0.5485000014305115,1.3258540630340576
586,0.6599000096321106,0.9892253875732422,0.5504999756813049,1.3183013200759888
587,0.6707000136375427,0.9849468469619751,0.5705000162124634,1.2600994110107422
588,0.6671000123023987,0.986091136932373,0.5065000057220459,1.4499069452285767
589,0.6654999852180481,0.9829429984092712,0.5385000109672546,1.3372000455856323
590,0.6647999882698059,0.9814154505729675,0.5569999814033508,1.2923176288604736
591,0.6694999933242798,0.9775280356407166,0.5440000295639038,1.3550872802734375
592,0.6658999919891357,0.9828202128410339,0.550000011920929,1.3235167264938354
593,0.6692000031471252,0.9790643453598022,0.46000000834465027,1.5947721004486084
594,0.6680999994277954,0.9911592602729797,0.5210000276565552,1.4182929992675781
595,0.6690000295639038,0.9795783162117004,0.531000018119812,1.3643958568572998
596,0.6669999957084656,0.981697142124176,0.5450000166893005,1.3330457210540771
597,0.66839998960495,0.977878212928772,0.5299999713897705,1.3435003757476807
598,0.6712999939918518,0.9752197265625,0.5609999895095825,1.2775530815124512
599,0.6697999835014343,0.9788473844528198,0.5389999747276306,1.3207988739013672
600,0.6711999773979187,0.9736171960830688,0.5590000152587891,1.28842294216156
601,0.6700999736785889,0.9707189202308655,0.5059999823570251,1.4830857515335083
602,0.6675000190734863,0.9742584228515625,0.5554999709129333,1.2905422449111938
603,0.6690000295639038,0.9726777076721191,0.5360000133514404,1.2996549606323242
604,0.6714000105857849,0.9710999727249146,0.5299999713897705,1.3872889280319214
605,0.6733999848365784,0.9691693186759949,0.5289999842643738,1.348846197128296
606,0.6694999933242798,0.9711356163024902,0.5320000052452087,1.355973243713379
607,0.6686000227928162,0.972920298576355,0.5450000166893005,1.3207345008850098
608,0.6718999743461609,0.9650859236717224,0.5009999871253967,1.5279580354690552
609,0.6726999878883362,0.9690330028533936,0.534500002861023,1.3496681451797485
610,0.6711999773979187,0.9639734625816345,0.5414999723434448,1.3221626281738281
611,0.6723999977111816,0.9628216028213501,0.5134999752044678,1.3971205949783325
612,0.6739000082015991,0.9636261463165283,0.5490000247955322,1.315317988395691
613,0.6746000051498413,0.9605298638343811,0.5404999852180481,1.2996500730514526
614,0.676800012588501,0.9581531286239624,0.45649999380111694,1.614664077758789
615,0.6748999953269958,0.9621350765228271,0.5419999957084656,1.3409138917922974
616,0.6711000204086304,0.9585568308830261,0.5634999871253967,1.2700748443603516
617,0.6723999977111816,0.9575674533843994,0.531000018119812,1.370786190032959
618,0.6759999990463257,0.9561163187026978,0.5174999833106995,1.4164433479309082
619,0.6775000095367432,0.9564480185508728,0.40950000286102295,2.008888006210327
620,0.676800012588501,0.9603167772293091,0.5400000214576721,1.3567737340927124
621,0.6743000149726868,0.9546911120414734,0.5559999942779541,1.3075803518295288
622,0.6776000261306763,0.9538668990135193,0.5544999837875366,1.2831730842590332
623,0.6762999892234802,0.9524822235107422,0.5180000066757202,1.4135009050369263
624,0.6800000071525574,0.949781060218811,0.5134999752044678,1.4389387369155884
625,0.6783000230789185,0.9489215612411499,0.5295000076293945,1.3576867580413818
626,0.6776000261306763,0.9477207064628601,0.5600000023841858,1.2854118347167969
627,0.6789000034332275,0.9465546607971191,0.5494999885559082,1.324052333831787
628,0.680899977684021,0.9466664791107178,0.5534999966621399,1.3017969131469727
629,0.6796000003814697,0.9448487162590027,0.5249999761581421,1.400329828262329
630,0.680400013923645,0.9469634890556335,0.5559999942779541,1.3001787662506104
631,0.6773999929428101,0.9464794993400574,0.546999990940094,1.3023064136505127
632,0.6845999956130981,0.9405233263969421,0.5274999737739563,1.3491171598434448
633,0.6859999895095825,0.9392533302307129,0.5254999995231628,1.3807889223098755
634,0.6844000220298767,0.9417836666107178,0.5550000071525574,1.3615721464157104
635,0.6807000041007996,0.9401566386222839,0.5640000104904175,1.2667279243469238
636,0.6815000176429749,0.9411743879318237,0.5669999718666077,1.2643860578536987
637,0.685699999332428,0.9342309832572937,0.5019999742507935,1.511379599571228
638,0.6858000159263611,0.9390572309494019,0.5680000185966492,1.281583547592163
639,0.6855000257492065,0.9357450008392334,0.5230000019073486,1.3731530904769897
640,0.6837999820709229,0.935177743434906,0.47049999237060547,1.5813132524490356
641,0.6837999820709229,0.9370633959770203,0.5289999842643738,1.3576689958572388
642,0.6858000159263611,0.9354162812232971,0.47099998593330383,1.6334692239761353
643,0.6812000274658203,0.9433581829071045,0.5249999761581421,1.4095531702041626
644,0.6833999752998352,0.9346250891685486,0.5440000295639038,1.3357495069503784
645,0.6862000226974487,0.9328792691230774,0.5565000176429749,1.3143121004104614
646,0.6873000264167786,0.925503134727478,0.5099999904632568,1.4151777029037476
647,0.682699978351593,0.9314820170402527,0.503000020980835,1.475225567817688
648,0.685699999332428,0.9299684762954712,0.4675000011920929,1.5798662900924683
649,0.6887000203132629,0.9264703989028931,0.5519999861717224,1.3264039754867554
650,0.6855000257492065,0.9265322089195251,0.5400000214576721,1.3567008972167969
651,0.6920999884605408,0.9230493307113647,0.5494999885559082,1.3180503845214844
652,0.6890000104904175,0.9236090779304504,0.5385000109672546,1.3695694208145142
653,0.6899999976158142,0.9249719977378845,0.5174999833106995,1.4309651851654053
654,0.6904000043869019,0.9177584052085876,0.5385000109672546,1.3796495199203491
655,0.6879000067710876,0.9230612516403198,0.5350000262260437,1.3849232196807861
656,0.6833999752998352,0.9251150488853455,0.5,1.5081106424331665
657,0.6887999773025513,0.9193326234817505,0.5425000190734863,1.3394379615783691
658,0.6945000290870667,0.9179286360740662,0.5170000195503235,1.4378223419189453
659,0.6886000037193298,0.922715425491333,0.5569999814033508,1.278814435005188
660,0.6933000087738037,0.9156387448310852,0.5450000166893005,1.334496259689331
661,0.6920999884605408,0.9181594848632812,0.5559999942779541,1.315224051475525
662,0.6905999779701233,0.918989360332489,0.5519999861717224,1.3029414415359497
663,0.6888999938964844,0.9164438247680664,0.5304999947547913,1.3845503330230713
664,0.6904000043869019,0.9169144630432129,0.5429999828338623,1.3416574001312256
665,0.6909000277519226,0.9132575988769531,0.5540000200271606,1.3117412328720093
666,0.6923999786376953,0.9125692248344421,0.515999972820282,1.3968614339828491
667,0.6927000284194946,0.9109069108963013,0.5249999761581421,1.4161601066589355
668,0.6880999803543091,0.9097176790237427,0.5615000128746033,1.284622311592102
669,0.6949999928474426,0.9080142378807068,0.453000009059906,1.6604431867599487
670,0.6935999989509583,0.9154946208000183,0.527999997138977,1.4328513145446777
671,0.6923999786376953,0.9100294709205627,0.5260000228881836,1.3722865581512451
672,0.6962000131607056,0.9081977605819702,0.5440000295639038,1.3311102390289307
673,0.6930999755859375,0.9076796770095825,0.5360000133514404,1.3752621412277222
674,0.6977999806404114,0.9024327397346497,0.515500009059906,1.4213829040527344
675,0.6973999738693237,0.9006890654563904,0.5195000171661377,1.4320825338363647
676,0.6988000273704529,0.8972702026367188,0.5669999718666077,1.2677950859069824
677,0.6965000033378601,0.8959688544273376,0.5235000252723694,1.3934000730514526
678,0.698199987411499,0.9003480672836304,0.5174999833106995,1.3956905603408813
679,0.6967999935150146,0.9019539952278137,0.5379999876022339,1.335079550743103
680,0.6995999813079834,0.8964359164237976,0.5099999904632568,1.4451628923416138
681,0.698199987411499,0.89545077085495,0.5429999828338623,1.3567789793014526
682,0.6976000070571899,0.8950240015983582,0.5379999876022339,1.36497962474823
683,0.6951000094413757,0.896658718585968,0.5649999976158142,1.282892107963562
684,0.6984999775886536,0.8920863270759583,0.4894999861717224,1.558875322341919
685,0.6958000063896179,0.8947568535804749,0.48249998688697815,1.5890531539916992
686,0.6985999941825867,0.8979189395904541,0.5220000147819519,1.4192086458206177
687,0.7006000280380249,0.8896051645278931,0.5454999804496765,1.3237121105194092
688,0.7006000280380249,0.8917238116264343,0.5180000066757202,1.4910818338394165
689,0.7024000287055969,0.8884763717651367,0.5640000104904175,1.276097297668457
690,0.7017999887466431,0.8887385725975037,0.48100000619888306,1.5986132621765137
691,0.7014999985694885,0.8892102241516113,0.46549999713897705,1.747071385383606
692,0.70169997215271,0.8908039331436157,0.5379999876022339,1.3702436685562134
693,0.7067000269889832,0.8838242292404175,0.5609999895095825,1.2875512838363647
694,0.7049999833106995,0.8824834227561951,0.5425000190734863,1.3489559888839722
695,0.7038999795913696,0.8818963766098022,0.5354999899864197,1.413466215133667
696,0.7042999863624573,0.886161208152771,0.5544999837875366,1.3375434875488281
697,0.7031000256538391,0.8842734098434448,0.5019999742507935,1.5436619520187378
698,0.7088000178337097,0.8779264688491821,0.4950000047683716,1.5279046297073364
699,0.7071999907493591,0.8826251029968262,0.5669999718666077,1.2893208265304565
700,0.7067999839782715,0.8745172023773193,0.5224999785423279,1.3897113800048828
701,0.7045999765396118,0.8736698031425476,0.5649999976158142,1.2771040201187134
702,0.704800009727478,0.8776348829269409,0.5139999985694885,1.4629827737808228
703,0.7059999704360962,0.881631076335907,0.515999972820282,1.4177697896957397
704,0.705299973487854,0.8800290822982788,0.5529999732971191,1.317138910293579
705,0.7146000266075134,0.8691559433937073,0.5630000233650208,1.2997875213623047
706,0.7052000164985657,0.8747644424438477,0.5254999995231628,1.410339117050171
707,0.7106000185012817,0.8736609220504761,0.5515000224113464,1.2998429536819458
708,0.7116000056266785,0.8692963719367981,0.5615000128746033,1.3030579090118408
709,0.7092000246047974,0.8671795725822449,0.5540000200271606,1.3035531044006348
710,0.7116000056266785,0.8699393272399902,0.5619999766349792,1.3010733127593994
711,0.7113999724388123,0.8645106554031372,0.5529999732971191,1.314896583557129
712,0.7110999822616577,0.8646708726882935,0.512499988079071,1.4530304670333862
713,0.710099995136261,0.8677718043327332,0.5605000257492065,1.3040865659713745
714,0.710099995136261,0.8630761504173279,0.5479999780654907,1.3127647638320923
715,0.713100016117096,0.8624598383903503,0.5619999766349792,1.3066247701644897
716,0.7087000012397766,0.8656144738197327,0.5559999942779541,1.2928427457809448
717,0.7152000069618225,0.8610928654670715,0.546999990940094,1.3493354320526123
718,0.7075999975204468,0.8630748987197876,0.5554999709129333,1.2977125644683838
719,0.7111999988555908,0.8622855544090271,0.492000013589859,1.5637222528457642
720,0.7121999859809875,0.8601611256599426,0.5580000281333923,1.3202524185180664
721,0.7142000198364258,0.8576969504356384,0.5674999952316284,1.272743821144104
722,0.7121000289916992,0.8579283952713013,0.5634999871253967,1.3121074438095093
723,0.7141000032424927,0.8516931533813477,0.5230000019073486,1.4448661804199219
724,0.7125999927520752,0.8568615317344666,0.5164999961853027,1.4369016885757446
725,0.7128999829292297,0.8570767641067505,0.5419999957084656,1.3521043062210083
726,0.7156000137329102,0.8550031185150146,0.5400000214576721,1.3880870342254639
727,0.7178999781608582,0.8539093732833862,0.5504999756813049,1.3258304595947266
728,0.7124999761581421,0.851207435131073,0.5174999833106995,1.4175376892089844
729,0.7129999995231628,0.8529413342475891,0.5485000014305115,1.3328723907470703
730,0.7167999744415283,0.8504292964935303,0.5674999952316284,1.2809092998504639
731,0.7197999954223633,0.8469042778015137,0.515500009059906,1.450410008430481
732,0.7146000266075134,0.8491608500480652,0.5425000190734863,1.3996683359146118
733,0.7199000120162964,0.8457739949226379,0.5024999976158142,1.4916325807571411
734,0.7145000100135803,0.8475237488746643,0.5370000004768372,1.3786593675613403
735,0.7193999886512756,0.8459224700927734,0.5519999861717224,1.36892569065094
736,0.7149999737739563,0.8449121117591858,0.515500009059906,1.471327781677246
737,0.7179999947547913,0.8428077101707458,0.5644999742507935,1.2883292436599731
738,0.7210999727249146,0.8411204814910889,0.5600000023841858,1.341181755065918
739,0.7206000089645386,0.8416805863380432,0.5580000281333923,1.3076481819152832
740,0.7200000286102295,0.8392098546028137,0.5105000138282776,1.5149685144424438
741,0.7196000218391418,0.8409913778305054,0.5145000219345093,1.51178777217865
742,0.7181000113487244,0.8400667905807495,0.5475000143051147,1.330284595489502
743,0.7185999751091003,0.8416368961334229,0.5615000128746033,1.2970613241195679
744,0.7253000140190125,0.8320673704147339,0.421999990940094,1.9764059782028198
745,0.7170000076293945,0.8513904213905334,0.5640000104904175,1.3161907196044922
746,0.722000002861023,0.8346453309059143,0.5230000019073486,1.463729739189148
747,0.7226999998092651,0.8330511450767517,0.5350000262260437,1.4019644260406494
748,0.7196000218391418,0.8347654342651367,0.5375000238418579,1.365792155265808
749,0.7245000004768372,0.8319440484046936,0.5220000147819519,1.4209247827529907
750,0.7208999991416931,0.8292757868766785,0.5394999980926514,1.42665696144104
751,0.7271999716758728,0.8294779062271118,0.5325000286102295,1.4064013957977295
752,0.7242000102996826,0.8257055878639221,0.48750001192092896,1.5501660108566284
753,0.7250999808311462,0.8329015374183655,0.5534999966621399,1.338284969329834
754,0.7258999943733215,0.8220744132995605,0.5569999814033508,1.3776071071624756
755,0.718500018119812,0.8322301506996155,0.5609999895095825,1.3466041088104248
756,0.7239999771118164,0.8245038986206055,0.5544999837875366,1.3098011016845703
757,0.729200005531311,0.818172037601471,0.5385000109672546,1.3985246419906616
758,0.7325999736785889,0.8196164965629578,0.534500002861023,1.3870797157287598
759,0.7281000018119812,0.8219171762466431,0.5619999766349792,1.3045432567596436
760,0.7232999801635742,0.8247949481010437,0.5609999895095825,1.3114961385726929
761,0.727400004863739,0.8190567493438721,0.550000011920929,1.3447372913360596
762,0.7293000221252441,0.8154392838478088,0.550000011920929,1.3171950578689575
763,0.730400025844574,0.8158573508262634,0.546999990940094,1.324520230293274
764,0.730400025844574,0.8189352750778198,0.5674999952316284,1.2787590026855469
765,0.730400025844574,0.813539445400238,0.5084999799728394,1.4463691711425781
766,0.7286999821662903,0.8168225884437561,0.5120000243186951,1.528914213180542
767,0.7318999767303467,0.8150876760482788,0.5609999895095825,1.3236346244812012
768,0.7319999933242798,0.8145808577537537,0.5540000200271606,1.3122037649154663
769,0.7343000173568726,0.8076042532920837,0.5379999876022339,1.4693459272384644
770,0.7283999919891357,0.8141032457351685,0.5605000257492065,1.2956178188323975
771,0.7289000153541565,0.8102058172225952,0.48249998688697815,1.6969095468521118
772,0.7336999773979187,0.8067516088485718,0.5230000019073486,1.4710596799850464
773,0.7330999970436096,0.8062772750854492,0.5684999823570251,1.3141498565673828
774,0.7372999787330627,0.8061599731445312,0.5295000076293945,1.4475414752960205
775,0.7311999797821045,0.8089583516120911,0.5720000267028809,1.2869991064071655
776,0.7357000112533569,0.804119348526001,0.5394999980926514,1.4576354026794434
777,0.7358999848365784,0.8066985011100769,0.5485000014305115,1.3361742496490479
778,0.7315999865531921,0.8080571293830872,0.5644999742507935,1.3266270160675049
779,0.7383999824523926,0.8015259504318237,0.5285000205039978,1.4615635871887207
780,0.7350000143051147,0.8023996353149414,0.550000011920929,1.367040991783142
781,0.7372000217437744,0.8004074692726135,0.5249999761581421,1.479527235031128
782,0.732200026512146,0.8045392632484436,0.5270000100135803,1.4189341068267822
783,0.7324000000953674,0.7988718152046204,0.5674999952316284,1.3188762664794922
784,0.7386999726295471,0.7957813739776611,0.5554999709129333,1.3608908653259277
785,0.7342000007629395,0.797538697719574,0.5730000138282776,1.2835965156555176
786,0.7391999959945679,0.7951463460922241,0.5360000133514404,1.448486566543579
787,0.736299991607666,0.7992888689041138,0.5329999923706055,1.396742343902588
788,0.7394000291824341,0.7972086071968079,0.5619999766349792,1.3380144834518433
789,0.7386000156402588,0.7932908535003662,0.5210000276565552,1.4954514503479004
790,0.7342000007629395,0.795768678188324,0.5544999837875366,1.3185029029846191
791,0.7398999929428101,0.7921372056007385,0.578499972820282,1.2960468530654907
792,0.7376000285148621,0.7913193702697754,0.5264999866485596,1.4311834573745728
793,0.7364000082015991,0.7978598475456238,0.5460000038146973,1.3973621129989624
794,0.7372999787330627,0.7898992300033569,0.5164999961853027,1.5266613960266113
795,0.7398999929428101,0.7951222062110901,0.5274999737739563,1.468222737312317
796,0.7394999861717224,0.7899766564369202,0.5669999718666077,1.3133538961410522
797,0.7396000027656555,0.786398708820343,0.5529999732971191,1.35625159740448
798,0.7416999936103821,0.7821692228317261,0.5584999918937683,1.327224850654602
799,0.7444999814033508,0.7808406949043274,0.5375000238418579,1.398792028427124
800,0.741599977016449,0.781663715839386,0.5249999761581421,1.4951778650283813
801,0.7429999709129333,0.7786001563072205,0.5490000247955322,1.3440818786621094
802,0.7421000003814697,0.7800979614257812,0.5695000290870667,1.2931246757507324
803,0.7429999709129333,0.7784439325332642,0.5615000128746033,1.3221648931503296
804,0.7444999814033508,0.778213620185852,0.5270000100135803,1.455688238143921
805,0.7434999942779541,0.7805894613265991,0.5509999990463257,1.3563356399536133
806,0.7457000017166138,0.7768194079399109,0.546500027179718,1.3919849395751953
807,0.7444000244140625,0.7786964178085327,0.5490000247955322,1.362810492515564
808,0.7444000244140625,0.7728790044784546,0.5099999904632568,1.4501662254333496
809,0.7437000274658203,0.7747747302055359,0.5245000123977661,1.5095319747924805
810,0.7458999752998352,0.7751541137695312,0.5400000214576721,1.4804836511611938
811,0.7401000261306763,0.7830176949501038,0.5120000243186951,1.4991921186447144
812,0.7415000200271606,0.7795490026473999,0.5370000004768372,1.4236687421798706
813,0.745199978351593,0.7721426486968994,0.5325000286102295,1.4275823831558228
814,0.7454000115394592,0.7690572738647461,0.5410000085830688,1.4259141683578491
815,0.7470999956130981,0.7653515338897705,0.5389999747276306,1.4435395002365112
816,0.7477999925613403,0.7670983076095581,0.5544999837875366,1.3495192527770996
817,0.7513999938964844,0.7663363814353943,0.5230000019073486,1.4932845830917358
818,0.745199978351593,0.7711346745491028,0.5419999957084656,1.3782436847686768
819,0.7444000244140625,0.7692199945449829,0.546500027179718,1.370688796043396
820,0.7476999759674072,0.7668562531471252,0.46399998664855957,1.7609832286834717
821,0.7476000189781189,0.7690526843070984,0.5400000214576721,1.4074336290359497
822,0.7524999976158142,0.7652355432510376,0.5690000057220459,1.3170288801193237
823,0.7512000203132629,0.7618960738182068,0.5509999990463257,1.3745851516723633
824,0.7466999888420105,0.761628270149231,0.5525000095367432,1.374481201171875
825,0.7490000128746033,0.7600454092025757,0.5440000295639038,1.398339033126831
826,0.751800000667572,0.7565757036209106,0.5375000238418579,1.4171687364578247
827,0.7476000189781189,0.7584298253059387,0.5509999990463257,1.380354642868042
828,0.7497000098228455,0.7564712762832642,0.5695000290870667,1.309725284576416
829,0.7534000277519226,0.753181517124176,0.5099999904632568,1.5199655294418335
830,0.7505999803543091,0.755387008190155,0.5519999861717224,1.3605080842971802
831,0.7523999810218811,0.7540648579597473,0.5584999918937683,1.4002351760864258
832,0.753600001335144,0.7492563128471375,0.5550000071525574,1.3617836236953735
833,0.7513999938964844,0.7571912407875061,0.5519999861717224,1.3158817291259766
834,0.7551000118255615,0.7494379281997681,0.5609999895095825,1.358145833015442
835,0.7512000203132629,0.7486743330955505,0.5544999837875366,1.406118392944336
836,0.7495999932289124,0.7524212598800659,0.4860000014305115,1.564631700515747
837,0.7554000020027161,0.751380980014801,0.5559999942779541,1.3406144380569458
838,0.7538999915122986,0.7490277886390686,0.5115000009536743,1.604137659072876
839,0.7552000284194946,0.7476680278778076,0.49399998784065247,1.5394880771636963
840,0.7519999742507935,0.7520681023597717,0.4729999899864197,1.7019879817962646
841,0.7552000284194946,0.7458336353302002,0.5435000061988831,1.4279483556747437
842,0.7577000260353088,0.7422265410423279,0.5569999814033508,1.3379024267196655
843,0.7549999952316284,0.7449478507041931,0.5404999852180481,1.438219428062439
844,0.755299985408783,0.7428051233291626,0.5360000133514404,1.42275869846344
845,0.7585999965667725,0.7395586967468262,0.5174999833106995,1.509802222251892
846,0.7551000118255615,0.7422007918357849,0.5180000066757202,1.4756040573120117
847,0.7570000290870667,0.740942656993866,0.5304999947547913,1.4487053155899048
848,0.7580999732017517,0.7372865080833435,0.5479999780654907,1.3744192123413086
849,0.7556999921798706,0.7399401068687439,0.5615000128746033,1.3408266305923462
850,0.7602999806404114,0.7349328398704529,0.5444999933242798,1.3447930812835693
851,0.7562000155448914,0.7361201643943787,0.5540000200271606,1.3580528497695923
852,0.756600022315979,0.7389355301856995,0.5450000166893005,1.4141080379486084
853,0.7602999806404114,0.731960654258728,0.5605000257492065,1.3679753541946411
854,0.762499988079071,0.730709969997406,0.5320000052452087,1.422516942024231
855,0.7591000199317932,0.736990749835968,0.550000011920929,1.393470048904419
856,0.7609000205993652,0.7281771302223206,0.5544999837875366,1.348487138748169
857,0.7616999745368958,0.7270243763923645,0.515500009059906,1.5801440477371216
858,0.7588000297546387,0.731570303440094,0.5705000162124634,1.333864450454712
859,0.7627000212669373,0.7254117727279663,0.47049999237060547,1.7747867107391357
860,0.7580000162124634,0.7333964109420776,0.5554999709129333,1.3304121494293213
861,0.7638000249862671,0.7258646488189697,0.5584999918937683,1.346435546875
862,0.7634999752044678,0.7244930863380432,0.5544999837875366,1.3513678312301636
863,0.7620999813079834,0.724761426448822,0.5644999742507935,1.3514820337295532
864,0.7652000188827515,0.7240696549415588,0.5584999918937683,1.367713451385498
865,0.7634000182151794,0.7228848338127136,0.5640000104904175,1.3380553722381592
866,0.7635999917984009,0.7285052537918091,0.5565000176429749,1.3781347274780273
867,0.7662000060081482,0.725021243095398,0.5389999747276306,1.450940728187561
868,0.7681000232696533,0.7191929817199707,0.5755000114440918,1.2965750694274902
869,0.7652000188827515,0.7148206233978271,0.5435000061988831,1.4010590314865112
870,0.7626000046730042,0.722627580165863,0.5569999814033508,1.3431124687194824
871,0.766700029373169,0.7185808420181274,0.5649999976158142,1.3092695474624634
872,0.7653999924659729,0.7159087061882019,0.5145000219345093,1.5313323736190796
873,0.767799973487854,0.7188592553138733,0.4984999895095825,1.6002532243728638
874,0.7694000005722046,0.7147471904754639,0.5544999837875366,1.3929922580718994
875,0.772599995136261,0.7078579068183899,0.559499979019165,1.4009329080581665
876,0.7699999809265137,0.711683988571167,0.5145000219345093,1.5363938808441162
877,0.7674999833106995,0.713769257068634,0.5699999928474426,1.3336772918701172
878,0.7702000141143799,0.7067382335662842,0.550000011920929,1.4215039014816284
879,0.7710999846458435,0.706637442111969,0.5299999713897705,1.4756771326065063
880,0.7684000134468079,0.7113838195800781,0.550000011920929,1.4038505554199219
881,0.7730000019073486,0.707571268081665,0.5184999704360962,1.5356676578521729
882,0.7688000202178955,0.7081432342529297,0.49900001287460327,1.724714994430542
883,0.7709000110626221,0.7102649211883545,0.5260000228881836,1.4449986219406128
884,0.7717999815940857,0.7069595456123352,0.5529999732971191,1.403412938117981
885,0.7705000042915344,0.7035535573959351,0.5584999918937683,1.3694963455200195
886,0.7732999920845032,0.70400071144104,0.5095000267028809,1.5555814504623413
887,0.7764000296592712,0.6998510956764221,0.5414999723434448,1.461052656173706
888,0.7721999883651733,0.7030268311500549,0.4819999933242798,1.6917612552642822
889,0.7620999813079834,0.7096078395843506,0.5404999852180481,1.4142049551010132
890,0.771399974822998,0.6994735598564148,0.5460000038146973,1.452221155166626
891,0.7728000283241272,0.6983693838119507,0.5600000023841858,1.370736002922058
892,0.7723000049591064,0.7013602256774902,0.5625,1.3525696992874146
893,0.7767999768257141,0.6948130130767822,0.5680000185966492,1.3177578449249268
894,0.772599995136261,0.6984057426452637,0.5059999823570251,1.6261411905288696
895,0.7768999934196472,0.6966609954833984,0.5695000290870667,1.3246815204620361
896,0.7813000082969666,0.689354419708252,0.5264999866485596,1.4976264238357544
897,0.7741000056266785,0.6921674609184265,0.5230000019073486,1.511786699295044
898,0.7745000123977661,0.6952969431877136,0.5385000109672546,1.434474229812622
899,0.7791000008583069,0.6881505250930786,0.5460000038146973,1.4111034870147705
900,0.7796000242233276,0.6866650581359863,0.5304999947547913,1.5413645505905151
901,0.777999997138977,0.6944904923439026,0.5394999980926514,1.437624454498291
902,0.771399974822998,0.6922747492790222,0.5130000114440918,1.5851646661758423
903,0.7757999897003174,0.6883411407470703,0.5419999957084656,1.404201865196228
904,0.7785999774932861,0.6834248304367065,0.5600000023841858,1.376268744468689
905,0.7771999835968018,0.6850975751876831,0.5630000233650208,1.3582789897918701
906,0.7807999849319458,0.6789798140525818,0.5444999933242798,1.4618157148361206
907,0.7803999781608582,0.6839637756347656,0.4945000112056732,1.7531505823135376
908,0.7777000069618225,0.6864570379257202,0.5669999718666077,1.325050950050354
909,0.7810999751091003,0.6776635050773621,0.5649999976158142,1.3768773078918457
910,0.7807000279426575,0.6818679571151733,0.5584999918937683,1.4227280616760254
911,0.7850000262260437,0.6777529716491699,0.5649999976158142,1.3811378479003906
912,0.7778000235557556,0.6829252243041992,0.5260000228881836,1.503244400024414
913,0.7829999923706055,0.6783953905105591,0.5494999885559082,1.3828173875808716
914,0.7865999937057495,0.6720489859580994,0.5264999866485596,1.4776897430419922
915,0.7828999757766724,0.6798874139785767,0.5544999837875366,1.3617769479751587
916,0.7854999899864197,0.6787564158439636,0.5494999885559082,1.4088828563690186
917,0.7813000082969666,0.6741054058074951,0.5044999718666077,1.5941606760025024
918,0.7843999862670898,0.6736925840377808,0.5214999914169312,1.525638461112976
919,0.7814000248908997,0.6764839291572571,0.5759999752044678,1.3373663425445557
920,0.7820000052452087,0.6720251441001892,0.5644999742507935,1.415500283241272
921,0.7820000052452087,0.6683008074760437,0.5634999871253967,1.3565081357955933
922,0.7854999899864197,0.6662904024124146,0.5644999742507935,1.3654165267944336
923,0.7831000089645386,0.6707959175109863,0.5385000109672546,1.439361810684204
924,0.7864999771118164,0.6673741340637207,0.5264999866485596,1.5440285205841064
925,0.7893000245094299,0.6628202199935913,0.5544999837875366,1.393541693687439
926,0.7849000096321106,0.6683439612388611,0.5235000252723694,1.5804696083068848
927,0.7876999974250793,0.6623396277427673,0.47699999809265137,1.6737061738967896
928,0.782800018787384,0.668709933757782,0.5534999966621399,1.449172019958496
929,0.7856000065803528,0.6574552059173584,0.5329999923706055,1.4988399744033813
930,0.7888000011444092,0.6620696187019348,0.5659999847412109,1.351668119430542
931,0.7872999906539917,0.6617085337638855,0.5724999904632568,1.3348747491836548
932,0.784500002861023,0.6605976223945618,0.5659999847412109,1.382062554359436
933,0.7900000214576721,0.6641692519187927,0.5009999871253967,1.7231862545013428
934,0.785099983215332,0.667393147945404,0.5504999756813049,1.4694318771362305
935,0.785099983215332,0.6588992476463318,0.5389999747276306,1.4594576358795166
936,0.7888000011444092,0.6561512351036072,0.550000011920929,1.4058732986450195
937,0.7883999943733215,0.6620278358459473,0.5270000100135803,1.4770299196243286
938,0.7918999791145325,0.655794620513916,0.5245000123977661,1.5075181722640991
939,0.7911999821662903,0.6535062193870544,0.5494999885559082,1.3973278999328613
940,0.7936000227928162,0.6527211666107178,0.5764999985694885,1.3361897468566895
941,0.7893999814987183,0.657843828201294,0.49300000071525574,1.7005109786987305
942,0.7886999845504761,0.654625654220581,0.5024999976158142,1.6260018348693848
943,0.785099983215332,0.6527926921844482,0.5665000081062317,1.3717708587646484
944,0.7940000295639038,0.6465500593185425,0.484499990940094,1.8731964826583862
945,0.7961000204086304,0.6474910378456116,0.4569999873638153,1.8582907915115356
946,0.7921000123023987,0.6539289951324463,0.531499981880188,1.5476828813552856
947,0.7911999821662903,0.6434857845306396,0.5404999852180481,1.4761627912521362
948,0.7871999740600586,0.6544343829154968,0.5429999828338623,1.494814157485962
949,0.7940999865531921,0.6450008749961853,0.49900001287460327,1.6069326400756836
950,0.791700005531311,0.652306079864502,0.5249999761581421,1.4996258020401
951,0.7961000204086304,0.645199716091156,0.546999990940094,1.4904730319976807
952,0.7957000136375427,0.6448923349380493,0.5400000214576721,1.5133631229400635
953,0.7926999926567078,0.6433541774749756,0.531000018119812,1.5042797327041626
954,0.7940000295639038,0.63823401927948,0.5615000128746033,1.3944692611694336
955,0.7940999865531921,0.6399093866348267,0.5440000295639038,1.4137014150619507
956,0.7910000085830688,0.6425044536590576,0.546500027179718,1.4543324708938599
957,0.7972999811172485,0.6334959268569946,0.5644999742507935,1.3932926654815674
958,0.8011000156402588,0.6347066164016724,0.5490000247955322,1.4521691799163818
959,0.796500027179718,0.6408261060714722,0.5534999966621399,1.418104887008667
960,0.7979000210762024,0.6337339282035828,0.5569999814033508,1.4163486957550049
961,0.8009999990463257,0.6313199996948242,0.5400000214576721,1.479265570640564
962,0.8011999726295471,0.6287097930908203,0.5554999709129333,1.391970157623291
963,0.7946000099182129,0.6346802115440369,0.5625,1.4051891565322876
964,0.7986999750137329,0.6310569047927856,0.5559999942779541,1.3754496574401855
965,0.8007000088691711,0.6288682818412781,0.5285000205039978,1.5501866340637207
966,0.7998999953269958,0.63396817445755,0.5755000114440918,1.3447307348251343
967,0.7979000210762024,0.6274546384811401,0.5509999990463257,1.4602391719818115
968,0.7997000217437744,0.6261021494865417,0.5375000238418579,1.5475163459777832
969,0.79830002784729,0.6306014060974121,0.49300000071525574,1.636596918106079
970,0.8033999800682068,0.6298125386238098,0.5625,1.3756670951843262
971,0.803600013256073,0.6223029494285583,0.5625,1.4161961078643799
972,0.8034999966621399,0.6210267543792725,0.574999988079071,1.3786370754241943
973,0.798799991607666,0.6233419179916382,0.5444999933242798,1.5008246898651123
974,0.7994999885559082,0.6225417852401733,0.5425000190734863,1.4750783443450928
975,0.8012999892234802,0.6173325181007385,0.5600000023841858,1.3874880075454712
976,0.8069000244140625,0.6179824471473694,0.5189999938011169,1.5393822193145752
977,0.8016999959945679,0.6262428760528564,0.5724999904632568,1.397394061088562
978,0.8055999875068665,0.6159623861312866,0.5690000057220459,1.3407608270645142
979,0.8034999966621399,0.6191544532775879,0.546999990940094,1.4322223663330078
980,0.803600013256073,0.6188242435455322,0.5534999966621399,1.4854291677474976
981,0.805400013923645,0.6163012981414795,0.5435000061988831,1.4818511009216309
982,0.8015999794006348,0.6197779178619385,0.5544999837875366,1.4550771713256836
983,0.8075000047683716,0.6067510843276978,0.5354999899864197,1.555160641670227
984,0.8058000206947327,0.6149210929870605,0.546500027179718,1.4780373573303223
985,0.805899977684021,0.614795446395874,0.5554999709129333,1.417007565498352
986,0.8040000200271606,0.6115586757659912,0.5569999814033508,1.4310251474380493
987,0.8083000183105469,0.6072366833686829,0.5665000081062317,1.3791483640670776
988,0.8054999709129333,0.6060606241226196,0.5554999709129333,1.44140625
989,0.804099977016449,0.6101483702659607,0.5299999713897705,1.5191609859466553
990,0.8069999814033508,0.6074703335762024,0.5605000257492065,1.4193767309188843
991,0.8104000091552734,0.6067480444908142,0.46399998664855957,1.8888051509857178
992,0.8026999831199646,0.6177563071250916,0.5454999804496765,1.463820457458496
993,0.8123000264167786,0.604835033416748,0.5055000185966492,1.6669577360153198
994,0.8095999956130981,0.6034119129180908,0.5335000157356262,1.6288419961929321
995,0.8118000030517578,0.600305438041687,0.5680000185966492,1.420483112335205
996,0.8087999820709229,0.6040031909942627,0.5274999737739563,1.5856038331985474
997,0.8087000250816345,0.6046494841575623,0.5580000281333923,1.4147756099700928
998,0.8125,0.5983818173408508,0.5404999852180481,1.473822832107544
999,0.8116000294685364,0.602790892124176,0.5214999914169312,1.5259761810302734
