epoch,accuracy,loss,val_accuracy,val_loss
0,0.08250000327825546,2.3101868629455566,0.08950000256299973,2.3019216060638428
1,0.11110000312328339,2.2965147495269775,0.12800000607967377,2.29297137260437
2,0.1451999992132187,2.288790702819824,0.16899999976158142,2.286377191543579
3,0.17190000414848328,2.2824316024780273,0.18549999594688416,2.28051495552063
4,0.1881999969482422,2.2762808799743652,0.18850000202655792,2.274305820465088
5,0.19480000436306,2.2697744369506836,0.1889999955892563,2.2673959732055664
6,0.1949000060558319,2.2626664638519287,0.20250000059604645,2.2597763538360596
7,0.2126999944448471,2.2544684410095215,0.2094999998807907,2.2509517669677734
8,0.21529999375343323,2.245098829269409,0.2370000034570694,2.240618944168091
9,0.23199999332427979,2.2342019081115723,0.23549999296665192,2.228567123413086
10,0.24459999799728394,2.2215452194213867,0.24150000512599945,2.2152910232543945
11,0.24420000612735748,2.2068979740142822,0.2535000145435333,2.199687957763672
12,0.2533000111579895,2.190112590789795,0.2549999952316284,2.1804590225219727
13,0.2596000134944916,2.1708168983459473,0.26899999380111694,2.1595053672790527
14,0.2685999870300293,2.1495232582092285,0.27149999141693115,2.137086868286133
15,0.26969999074935913,2.1266088485717773,0.2824999988079071,2.114095687866211
16,0.28189998865127563,2.103410243988037,0.2784999907016754,2.090790271759033
17,0.2745000123977661,2.0803844928741455,0.2849999964237213,2.069974899291992
18,0.28459998965263367,2.059051275253296,0.2930000126361847,2.0474469661712646
19,0.28600001335144043,2.038698673248291,0.29350000619888306,2.0291554927825928
20,0.2867000102996826,2.0216355323791504,0.2944999933242798,2.0142290592193604
21,0.29120001196861267,2.0071449279785156,0.2879999876022339,2.0024404525756836
22,0.2964000105857849,1.994106650352478,0.2849999964237213,1.9974112510681152
23,0.296099990606308,1.9832690954208374,0.29899999499320984,1.9812583923339844
24,0.2992999851703644,1.9732879400253296,0.2915000021457672,1.9828312397003174
25,0.3019999861717224,1.9649425745010376,0.3005000054836273,1.9616936445236206
26,0.30559998750686646,1.9559011459350586,0.29600000381469727,1.960044026374817
27,0.30970001220703125,1.9485832452774048,0.3034999966621399,1.9497867822647095
28,0.3086000084877014,1.9413236379623413,0.30250000953674316,1.9468892812728882
29,0.3109999895095825,1.934772253036499,0.31049999594688416,1.939062237739563
30,0.31369999051094055,1.9282654523849487,0.31150001287460327,1.929417371749878
31,0.31679999828338623,1.9215140342712402,0.3109999895095825,1.9264249801635742
32,0.3215000033378601,1.9155757427215576,0.31200000643730164,1.9178252220153809
33,0.32269999384880066,1.90926992893219,0.31850001215934753,1.9107383489608765
34,0.32359999418258667,1.9037171602249146,0.3165000081062317,1.913864254951477
35,0.3255000114440918,1.8970081806182861,0.32199999690055847,1.9074040651321411
36,0.33079999685287476,1.8921042680740356,0.3179999887943268,1.9030592441558838
37,0.3319000005722046,1.8862437009811401,0.320499986410141,1.8915088176727295
38,0.3409999907016754,1.8801554441452026,0.3319999873638153,1.8846365213394165
39,0.3391999900341034,1.8742904663085938,0.3199999928474426,1.8860927820205688
40,0.3400000035762787,1.8674919605255127,0.33149999380111694,1.8819782733917236
41,0.3418999910354614,1.8635003566741943,0.3154999911785126,1.8934314250946045
42,0.3386000096797943,1.8578587770462036,0.33250001072883606,1.8646914958953857
43,0.3440000116825104,1.8517121076583862,0.33799999952316284,1.8625048398971558
44,0.34299999475479126,1.8465995788574219,0.33000001311302185,1.8549787998199463
45,0.34790000319480896,1.8410677909851074,0.34299999475479126,1.8479225635528564
46,0.35260000824928284,1.8351664543151855,0.3190000057220459,1.871038794517517
47,0.3504999876022339,1.8295360803604126,0.33799999952316284,1.8444360494613647
48,0.3537999987602234,1.824337363243103,0.3409999907016754,1.831910252571106
49,0.358599990606308,1.817764401435852,0.34200000762939453,1.8306723833084106
50,0.35740000009536743,1.8124257326126099,0.34200000762939453,1.8263190984725952
51,0.3634999990463257,1.806861162185669,0.34450000524520874,1.8214420080184937
52,0.36550000309944153,1.8004719018936157,0.351500004529953,1.8150296211242676
53,0.3619999885559082,1.7962687015533447,0.3440000116825104,1.8192918300628662
54,0.36399999260902405,1.7915939092636108,0.359499990940094,1.812513828277588
55,0.37049999833106995,1.784635305404663,0.34599998593330383,1.8230879306793213
56,0.3716000020503998,1.7798279523849487,0.3434999883174896,1.8039953708648682
57,0.3718000054359436,1.7742259502410889,0.34850001335144043,1.7986623048782349
58,0.37450000643730164,1.770027756690979,0.3310000002384186,1.80853271484375
59,0.37880000472068787,1.766066551208496,0.3440000116825104,1.7979059219360352
60,0.3741999864578247,1.7585158348083496,0.359499990940094,1.794840693473816
61,0.38019999861717224,1.7544373273849487,0.3605000078678131,1.7955039739608765
62,0.3849000036716461,1.747941255569458,0.3244999945163727,1.8432374000549316
63,0.3824999928474426,1.744320273399353,0.335999995470047,1.8228353261947632
64,0.3822999894618988,1.740286946296692,0.3465000092983246,1.7967666387557983
65,0.38659998774528503,1.7330411672592163,0.37049999833106995,1.758251428604126
66,0.38580000400543213,1.7290679216384888,0.3684999942779541,1.7605904340744019
67,0.39010000228881836,1.724980115890503,0.3765000104904175,1.7479838132858276
68,0.3921000063419342,1.7192578315734863,0.3644999861717224,1.7638142108917236
69,0.39100000262260437,1.7152869701385498,0.359499990940094,1.7744640111923218
70,0.3984000086784363,1.7110767364501953,0.35100001096725464,1.7772244215011597
71,0.39579999446868896,1.7072404623031616,0.3779999911785126,1.737905740737915
72,0.397599995136261,1.7013903856277466,0.3580000102519989,1.7560535669326782
73,0.40400001406669617,1.6965185403823853,0.3644999861717224,1.7392280101776123
74,0.4004000127315521,1.6921414136886597,0.3709999918937683,1.735823154449463
75,0.4000000059604645,1.687653660774231,0.3865000009536743,1.7215782403945923
76,0.40549999475479126,1.6832798719406128,0.37450000643730164,1.736240267753601
77,0.40630000829696655,1.679567813873291,0.3785000145435333,1.7247750759124756
78,0.40939998626708984,1.6738039255142212,0.38850000500679016,1.748279333114624
79,0.4097000062465668,1.6686598062515259,0.3815000057220459,1.7169559001922607
80,0.4101000130176544,1.6660792827606201,0.38350000977516174,1.7450636625289917
81,0.40880000591278076,1.662483811378479,0.3995000123977661,1.6876014471054077
82,0.4104999899864197,1.6585255861282349,0.37950000166893005,1.7163113355636597
83,0.4172999858856201,1.6532012224197388,0.38350000977516174,1.7259995937347412
84,0.41679999232292175,1.6509568691253662,0.38449999690055847,1.693308711051941
85,0.41819998621940613,1.6441831588745117,0.35350000858306885,1.7729692459106445
86,0.4174000024795532,1.6414402723312378,0.40049999952316284,1.6763426065444946
87,0.41940000653266907,1.637174367904663,0.38749998807907104,1.6804791688919067
88,0.4205999970436096,1.6358181238174438,0.3869999945163727,1.6884201765060425
89,0.4212000072002411,1.62956964969635,0.40849998593330383,1.6773014068603516
90,0.4221000075340271,1.6269598007202148,0.3154999911785126,1.8018611669540405
91,0.42329999804496765,1.6231456995010376,0.4115000069141388,1.6759775876998901
92,0.42289999127388,1.6196414232254028,0.38199999928474426,1.7672289609909058
93,0.42750000953674316,1.6157939434051514,0.4059999883174896,1.6818598508834839
94,0.4277999997138977,1.6106866598129272,0.40549999475479126,1.6501059532165527
95,0.4277999997138977,1.6077889204025269,0.4050000011920929,1.6658090353012085
96,0.43149998784065247,1.604142189025879,0.3610000014305115,1.8167318105697632
97,0.430400013923645,1.6014807224273682,0.41499999165534973,1.6390767097473145
98,0.430400013923645,1.5958251953125,0.3955000042915344,1.7022360563278198
99,0.4318000078201294,1.5937974452972412,0.39750000834465027,1.6647026538848877
100,0.43380001187324524,1.59037446975708,0.39100000262260437,1.6531163454055786
101,0.4374000132083893,1.5872217416763306,0.35899999737739563,1.7429450750350952
102,0.4359999895095825,1.5844007730484009,0.35249999165534973,1.7392380237579346
103,0.43799999356269836,1.5827263593673706,0.40700000524520874,1.655672311782837
104,0.438400000333786,1.57796311378479,0.40549999475479126,1.6462615728378296
105,0.4424000084400177,1.5741159915924072,0.41200000047683716,1.6287857294082642
106,0.4381999969482422,1.572786569595337,0.38749998807907104,1.6549503803253174
107,0.44530001282691956,1.5683164596557617,0.4205000102519989,1.6223307847976685
108,0.44269999861717224,1.5653274059295654,0.4300000071525574,1.6076687574386597
109,0.44440001249313354,1.5624381303787231,0.4415000081062317,1.603835105895996
110,0.4465000033378601,1.56014883518219,0.4074999988079071,1.6647173166275024
111,0.44589999318122864,1.5581440925598145,0.40450000762939453,1.6514335870742798
112,0.44449999928474426,1.5553356409072876,0.4244999885559082,1.6173124313354492
113,0.44609999656677246,1.5515053272247314,0.4065000116825104,1.6244021654129028
114,0.4471000134944916,1.548484206199646,0.4000000059604645,1.7246179580688477
115,0.4487000107765198,1.5488742589950562,0.41350001096725464,1.6616429090499878
116,0.44839999079704285,1.5460803508758545,0.4189999997615814,1.6352934837341309
117,0.4530999958515167,1.5419477224349976,0.4339999854564667,1.6174273490905762
118,0.4544000029563904,1.5400608777999878,0.4180000126361847,1.6061979532241821
119,0.45419999957084656,1.5381317138671875,0.4415000081062317,1.570881724357605
120,0.4560999870300293,1.5339926481246948,0.41999998688697815,1.5988469123840332
121,0.45410001277923584,1.533271312713623,0.42399999499320984,1.6001254320144653
122,0.45649999380111694,1.527859091758728,0.4339999854564667,1.578035831451416
123,0.453900009393692,1.527469515800476,0.44600000977516174,1.5830357074737549
124,0.4544000029563904,1.5240349769592285,0.42649999260902405,1.5991097688674927
125,0.45969998836517334,1.5228512287139893,0.43050000071525574,1.622496247291565
126,0.4611999988555908,1.5196093320846558,0.43849998712539673,1.5733901262283325
127,0.460099995136261,1.5174622535705566,0.41600000858306885,1.6088656187057495
128,0.4596000015735626,1.5152372121810913,0.4000000059604645,1.7178928852081299
129,0.4611000120639801,1.517027735710144,0.4334999918937683,1.5570834875106812
130,0.46540001034736633,1.510797381401062,0.4390000104904175,1.557336688041687
131,0.46219998598098755,1.511410117149353,0.43299999833106995,1.5745927095413208
132,0.4620000123977661,1.508146047592163,0.4424999952316284,1.554998755455017
133,0.46799999475479126,1.504641056060791,0.44600000977516174,1.5657379627227783
134,0.4675000011920929,1.502685785293579,0.44699999690055847,1.549055814743042
135,0.4659000039100647,1.5019452571868896,0.41499999165534973,1.6243797540664673
136,0.46239998936653137,1.5008811950683594,0.4169999957084656,1.5936375856399536
137,0.4666999876499176,1.4977459907531738,0.4555000066757202,1.5697396993637085
138,0.4666999876499176,1.4977120161056519,0.4519999921321869,1.543108344078064
139,0.47049999237060547,1.493166208267212,0.44749999046325684,1.5554797649383545
140,0.47040000557899475,1.4896998405456543,0.44749999046325684,1.6074399948120117
141,0.4672999978065491,1.4893662929534912,0.4465000033378601,1.5835832357406616
142,0.47110000252723694,1.4874426126480103,0.44749999046325684,1.5855097770690918
143,0.4747999906539917,1.486594557762146,0.44999998807907104,1.5321619510650635
144,0.4702000021934509,1.4834942817687988,0.42800000309944153,1.5812522172927856
145,0.47119998931884766,1.483419418334961,0.43650001287460327,1.5766693353652954
146,0.4749000072479248,1.4795876741409302,0.4399999976158142,1.5558838844299316
147,0.4756999909877777,1.4767274856567383,0.4284999966621399,1.5614721775054932
148,0.47530001401901245,1.4757252931594849,0.3610000014305115,1.7751455307006836
149,0.4740000069141388,1.478040337562561,0.3790000081062317,1.830258846282959
150,0.4749000072479248,1.4749598503112793,0.42899999022483826,1.5625770092010498
151,0.4731000065803528,1.4698578119277954,0.43549999594688416,1.5682432651519775
152,0.4765999913215637,1.4678817987442017,0.4194999933242798,1.6364467144012451
153,0.4765999913215637,1.4678515195846558,0.43650001287460327,1.6042757034301758
154,0.4781000018119812,1.4659641981124878,0.4569999873638153,1.5152651071548462
155,0.48030000925064087,1.462015986442566,0.4154999852180481,1.604022741317749
156,0.48019999265670776,1.4658280611038208,0.43050000071525574,1.5660009384155273
157,0.48240000009536743,1.460270881652832,0.4519999921321869,1.5213932991027832
158,0.48570001125335693,1.4567298889160156,0.4505000114440918,1.536862850189209
159,0.47999998927116394,1.4568921327590942,0.4449999928474426,1.5953097343444824
160,0.4871000051498413,1.4549665451049805,0.41499999165534973,1.5999480485916138
161,0.483599990606308,1.4517909288406372,0.4169999957084656,1.6189576387405396
162,0.4832000136375427,1.4518262147903442,0.4259999990463257,1.6058135032653809
163,0.48590001463890076,1.4497153759002686,0.4390000104904175,1.5538848638534546
164,0.4900999963283539,1.4479540586471558,0.44600000977516174,1.5602537393569946
165,0.4837999939918518,1.4471588134765625,0.46399998664855957,1.509659767150879
166,0.4867999851703644,1.4434369802474976,0.46000000834465027,1.510263204574585
167,0.48820000886917114,1.4417297840118408,0.4514999985694885,1.5268229246139526
168,0.49050000309944153,1.438132643699646,0.4519999921321869,1.5842593908309937
169,0.4925000071525574,1.4408143758773804,0.4634999930858612,1.5002802610397339
170,0.4887000024318695,1.438508152961731,0.4350000023841858,1.5416074991226196
171,0.48820000886917114,1.4398709535598755,0.33500000834465027,2.062680244445801
172,0.4918999969959259,1.4422574043273926,0.4259999990463257,1.5943423509597778
173,0.4855000078678131,1.435756802558899,0.44350001215934753,1.547228217124939
174,0.491100013256073,1.4328534603118896,0.44200000166893005,1.5928295850753784
175,0.49050000309944153,1.4306854009628296,0.4375,1.5452722311019897
176,0.49309998750686646,1.4286428689956665,0.44749999046325684,1.514634370803833
177,0.4934999942779541,1.425994873046875,0.44600000977516174,1.544312834739685
178,0.4934000074863434,1.4240424633026123,0.4465000033378601,1.5277879238128662
179,0.49079999327659607,1.425705909729004,0.43849998712539673,1.550068736076355
180,0.4970000088214874,1.4220004081726074,0.44449999928474426,1.585126519203186
181,0.49309998750686646,1.4216737747192383,0.460999995470047,1.517317533493042
182,0.4952999949455261,1.420637607574463,0.46050000190734863,1.512204647064209
183,0.4968999922275543,1.415877103805542,0.45100000500679016,1.5300724506378174
184,0.49950000643730164,1.4137132167816162,0.4569999873638153,1.5162851810455322
185,0.4984999895095825,1.4145278930664062,0.46149998903274536,1.5271095037460327
186,0.4968999922275543,1.4131693840026855,0.4129999876022339,1.6205015182495117
187,0.4986000061035156,1.4137459993362427,0.45500001311302185,1.581165075302124
188,0.49869999289512634,1.409781813621521,0.476500004529953,1.4678484201431274
189,0.5022000074386597,1.4111013412475586,0.4490000009536743,1.5346465110778809
190,0.5004000067710876,1.4054460525512695,0.4580000042915344,1.509721279144287
191,0.5011000037193298,1.4054279327392578,0.44749999046325684,1.5282775163650513
192,0.49900001287460327,1.4060633182525635,0.4650000035762787,1.4881477355957031
193,0.5044000148773193,1.4020135402679443,0.4724999964237213,1.4879066944122314
194,0.5054000020027161,1.40007746219635,0.4690000116825104,1.485267996788025
195,0.5004000067710876,1.401281714439392,0.4749999940395355,1.4841506481170654
196,0.5041999816894531,1.3977153301239014,0.46149998903274536,1.4979040622711182
197,0.504800021648407,1.3971490859985352,0.4690000116825104,1.4997304677963257
198,0.5054000020027161,1.3938257694244385,0.4724999964237213,1.488656759262085
199,0.508899986743927,1.393594741821289,0.48100000619888306,1.4759598970413208
200,0.508400022983551,1.3907667398452759,0.45500001311302185,1.5307363271713257
201,0.5059999823570251,1.3927559852600098,0.48399999737739563,1.4836156368255615
202,0.5090000033378601,1.3894433975219727,0.46000000834465027,1.5163514614105225
203,0.5090000033378601,1.3887488842010498,0.46799999475479126,1.4775770902633667
204,0.5069000124931335,1.387576937675476,0.4675000011920929,1.4780256748199463
205,0.5130000114440918,1.385088324546814,0.4399999976158142,1.5298405885696411
206,0.5105999708175659,1.3841290473937988,0.48100000619888306,1.4681274890899658
207,0.5085999965667725,1.380450963973999,0.4490000009536743,1.534188151359558
208,0.5091000199317932,1.3830680847167969,0.4675000011920929,1.4796408414840698
209,0.5138000249862671,1.3777447938919067,0.48350000381469727,1.454803705215454
210,0.5098999738693237,1.3798516988754272,0.4404999911785126,1.567703366279602
211,0.5113999843597412,1.3778343200683594,0.49000000953674316,1.4709328413009644
212,0.516700029373169,1.3741949796676636,0.4449999928474426,1.5502533912658691
213,0.51419997215271,1.3739807605743408,0.4690000116825104,1.4648969173431396
214,0.5178999900817871,1.373765468597412,0.47450000047683716,1.4824644327163696
215,0.517799973487854,1.3695673942565918,0.46299999952316284,1.5050097703933716
216,0.5117999911308289,1.37088143825531,0.4724999964237213,1.473036527633667
217,0.5182999968528748,1.3662678003311157,0.48100000619888306,1.5043439865112305
218,0.5152999758720398,1.3698159456253052,0.47049999237060547,1.532914161682129
219,0.5192999839782715,1.3659098148345947,0.48899999260902405,1.454847812652588
220,0.5189999938011169,1.3623279333114624,0.4860000014305115,1.4550461769104004
221,0.5216000080108643,1.3630611896514893,0.4424999952316284,1.5216248035430908
222,0.5192999839782715,1.361098289489746,0.4749999940395355,1.4561188220977783
223,0.5209000110626221,1.3621635437011719,0.4805000126361847,1.465111494064331
224,0.519599974155426,1.3591437339782715,0.4625000059604645,1.4984420537948608
225,0.5230000019073486,1.356442928314209,0.4675000011920929,1.503040075302124
226,0.5238999724388123,1.3536492586135864,0.47450000047683716,1.4806828498840332
227,0.5200999975204468,1.3553565740585327,0.4790000021457672,1.4582725763320923
228,0.5216000080108643,1.3531662225723267,0.41600000858306885,1.7598680257797241
229,0.5242000222206116,1.351853370666504,0.4560000002384186,1.5670642852783203
230,0.5187000036239624,1.353365421295166,0.4690000116825104,1.4670612812042236
231,0.5274999737739563,1.3472357988357544,0.4715000092983246,1.4632622003555298
232,0.5250999927520752,1.3472636938095093,0.4544999897480011,1.4994685649871826
233,0.5231000185012817,1.3456679582595825,0.4584999978542328,1.4898253679275513
234,0.5249000191688538,1.3468728065490723,0.4300000071525574,1.6497467756271362
235,0.5264000296592712,1.3473916053771973,0.4970000088214874,1.4408742189407349
236,0.5250999927520752,1.3409594297409058,0.4650000035762787,1.494365930557251
237,0.531000018119812,1.3417165279388428,0.4749999940395355,1.4630022048950195
238,0.52920001745224,1.3401638269424438,0.48249998688697815,1.4685332775115967
239,0.5268999934196472,1.3371833562850952,0.4309999942779541,1.5563545227050781
240,0.5268999934196472,1.3367480039596558,0.35249999165534973,1.8831875324249268
241,0.5241000056266785,1.338291883468628,0.4650000035762787,1.471904993057251
242,0.5303000211715698,1.3338496685028076,0.4934999942779541,1.4414204359054565
243,0.5313000082969666,1.3334460258483887,0.4729999899864197,1.4738317728042603
244,0.5335999727249146,1.3291974067687988,0.476500004529953,1.4559494256973267
245,0.5324000120162964,1.3318535089492798,0.49549999833106995,1.4180145263671875
246,0.5347999930381775,1.3272563219070435,0.4729999899864197,1.4870110750198364
247,0.5343999862670898,1.3260624408721924,0.44600000977516174,1.5380029678344727
248,0.5321999788284302,1.328514575958252,0.45399999618530273,1.4932148456573486
249,0.5342000126838684,1.3222955465316772,0.45350000262260437,1.5093209743499756
250,0.5357999801635742,1.3240721225738525,0.42100000381469727,1.6086008548736572
251,0.5338000059127808,1.3265186548233032,0.4754999876022339,1.4514673948287964
252,0.5329999923706055,1.3201144933700562,0.4724999964237213,1.453031301498413
253,0.5364000201225281,1.319614052772522,0.4519999921321869,1.5056110620498657
254,0.5365999937057495,1.317833662033081,0.48500001430511475,1.4707785844802856
255,0.5382000207901001,1.316267967224121,0.4595000147819519,1.4889448881149292
256,0.5389000177383423,1.3153661489486694,0.43700000643730164,1.539062261581421
257,0.5364999771118164,1.3185279369354248,0.4634999930858612,1.495225191116333
258,0.5336999893188477,1.3157833814620972,0.4894999861717224,1.4336965084075928
259,0.5422000288963318,1.3132095336914062,0.4830000102519989,1.4328840970993042
260,0.5407999753952026,1.3083417415618896,0.49399998784065247,1.4268766641616821
261,0.5407999753952026,1.3076857328414917,0.49050000309944153,1.4410017728805542
262,0.5435000061988831,1.3074313402175903,0.49900001287460327,1.407239556312561
263,0.5397999882698059,1.3075021505355835,0.4869999885559082,1.4703689813613892
264,0.5394999980926514,1.3072123527526855,0.4724999964237213,1.436345100402832
265,0.5397999882698059,1.3058611154556274,0.4925000071525574,1.4316761493682861
266,0.5440999865531921,1.3040684461593628,0.4925000071525574,1.4361891746520996
267,0.5419999957084656,1.303107738494873,0.49799999594688416,1.4346437454223633
268,0.544700026512146,1.301651120185852,0.4975000023841858,1.4080599546432495
269,0.5453000068664551,1.3004250526428223,0.4645000100135803,1.4745627641677856
270,0.5450999736785889,1.298843264579773,0.49300000071525574,1.425352692604065
271,0.5421000123023987,1.2969551086425781,0.46700000762939453,1.4930198192596436
272,0.5424000024795532,1.2977949380874634,0.492000013589859,1.427510380744934
273,0.546999990940094,1.2921379804611206,0.4984999895095825,1.4221359491348267
274,0.5465999841690063,1.2935538291931152,0.47850000858306885,1.480836033821106
275,0.5468000173568726,1.293287754058838,0.46950000524520874,1.514464259147644
276,0.5482000112533569,1.2920668125152588,0.4909999966621399,1.4311184883117676
277,0.5457000136375427,1.2893377542495728,0.4925000071525574,1.4208804368972778
278,0.5468999743461609,1.289100170135498,0.48100000619888306,1.443515419960022
279,0.5479999780654907,1.2868636846542358,0.47999998927116394,1.4464579820632935
280,0.5511999726295471,1.2859512567520142,0.49149999022483826,1.4455918073654175
281,0.5501999855041504,1.2824697494506836,0.4970000088214874,1.4274888038635254
282,0.5494999885559082,1.2862225770950317,0.48899999260902405,1.4297007322311401
283,0.5497000217437744,1.2824764251708984,0.47999998927116394,1.461599349975586
284,0.551800012588501,1.278924822807312,0.4970000088214874,1.4017035961151123
285,0.548799991607666,1.2782131433486938,0.4429999887943268,1.539528727531433
286,0.5544999837875366,1.2783448696136475,0.4675000011920929,1.4959231615066528
287,0.5522000193595886,1.2821781635284424,0.4180000126361847,1.6516454219818115
288,0.5501000285148621,1.278815507888794,0.503000020980835,1.4229851961135864
289,0.5541999936103821,1.273061752319336,0.5,1.4277423620224
290,0.552299976348877,1.2739973068237305,0.5055000185966492,1.411383867263794
291,0.5526000261306763,1.2705955505371094,0.4945000112056732,1.4155471324920654
292,0.5526999831199646,1.2730885744094849,0.4894999861717224,1.4191831350326538
293,0.5565999746322632,1.2691160440444946,0.49399998784065247,1.4226598739624023
294,0.5586000084877014,1.2694032192230225,0.44449999928474426,1.5938674211502075
295,0.5551000237464905,1.2698044776916504,0.49149999022483826,1.4472777843475342
296,0.5570999979972839,1.265503168106079,0.4790000021457672,1.4364906549453735
297,0.5547999739646912,1.2654422521591187,0.5034999847412109,1.415372610092163
298,0.558899998664856,1.2654403448104858,0.5019999742507935,1.4172767400741577
299,0.5584999918937683,1.2644169330596924,0.48399999737739563,1.4289231300354004
300,0.5601999759674072,1.259655237197876,0.49000000953674316,1.4026533365249634
301,0.558899998664856,1.2635542154312134,0.43050000071525574,1.588607907295227
302,0.5595999956130981,1.2601070404052734,0.492000013589859,1.4442628622055054
303,0.5582000017166138,1.2586674690246582,0.4399999976158142,1.7144588232040405
304,0.5605000257492065,1.2602765560150146,0.49399998784065247,1.4007591009140015
305,0.5590000152587891,1.2576005458831787,0.4350000023841858,1.5620307922363281
306,0.5602999925613403,1.2554471492767334,0.48899999260902405,1.4382268190383911
307,0.5598999857902527,1.2548881769180298,0.5065000057220459,1.4252010583877563
308,0.5626999735832214,1.2517945766448975,0.4950000047683716,1.40047287940979
309,0.5619999766349792,1.248000144958496,0.5105000138282776,1.39078950881958
310,0.5619000196456909,1.2486624717712402,0.4819999933242798,1.4224148988723755
311,0.5619999766349792,1.2477105855941772,0.46000000834465027,1.4826165437698364
312,0.5590999722480774,1.2524585723876953,0.5109999775886536,1.3893437385559082
313,0.5648999810218811,1.2423129081726074,0.5074999928474426,1.4049317836761475
314,0.5656999945640564,1.2451448440551758,0.5015000104904175,1.3863097429275513
315,0.5659999847412109,1.2432020902633667,0.48100000619888306,1.4562965631484985
316,0.5608999729156494,1.2448713779449463,0.4945000112056732,1.426388144493103
317,0.5654000043869019,1.242868185043335,0.5074999928474426,1.3720773458480835
318,0.5685999989509583,1.2403671741485596,0.5080000162124634,1.3820303678512573
319,0.5688999891281128,1.240816354751587,0.4909999966621399,1.4518771171569824
320,0.5663999915122986,1.2352980375289917,0.48350000381469727,1.4258334636688232
321,0.5659999847412109,1.2357109785079956,0.512499988079071,1.4019500017166138
322,0.571399986743927,1.2361801862716675,0.4650000035762787,1.4928297996520996
323,0.5681999921798706,1.237078309059143,0.48100000619888306,1.4462350606918335
324,0.5674999952316284,1.2342779636383057,0.460999995470047,1.4663599729537964
325,0.5708000063896179,1.2325830459594727,0.43299999833106995,1.5963340997695923
326,0.5716999769210815,1.2310149669647217,0.4894999861717224,1.4431554079055786
327,0.5695000290870667,1.230822205543518,0.4950000047683716,1.4722234010696411
328,0.5698000192642212,1.229839563369751,0.5170000195503235,1.380399465560913
329,0.5722000002861023,1.2250349521636963,0.5130000114440918,1.374699592590332
330,0.5720999836921692,1.2245529890060425,0.46950000524520874,1.485582709312439
331,0.5763000249862671,1.2248455286026,0.4964999854564667,1.465511679649353
332,0.5748999714851379,1.226933479309082,0.49950000643730164,1.4152421951293945
333,0.5738999843597412,1.221881628036499,0.5090000033378601,1.3748180866241455
334,0.5723000168800354,1.2214276790618896,0.4645000100135803,1.535416841506958
335,0.5720000267028809,1.2217869758605957,0.5040000081062317,1.3789030313491821
336,0.5774000287055969,1.2172274589538574,0.4975000023841858,1.4126173257827759
337,0.5723000168800354,1.2185975313186646,0.49050000309944153,1.4303065538406372
338,0.5726000070571899,1.2187399864196777,0.5065000057220459,1.3965595960617065
339,0.5781000256538391,1.214058518409729,0.5,1.4176441431045532
340,0.5753999948501587,1.2126656770706177,0.49149999022483826,1.4342353343963623
341,0.5782999992370605,1.214438557624817,0.5070000290870667,1.4023082256317139
342,0.5784000158309937,1.213776707649231,0.49149999022483826,1.4158151149749756
343,0.5794000029563904,1.2096220254898071,0.4830000102519989,1.4222524166107178
344,0.5733000040054321,1.2136310338974,0.5084999799728394,1.3846428394317627
345,0.5764999985694885,1.210882306098938,0.5024999976158142,1.3984243869781494
346,0.5787000060081482,1.2076126337051392,0.5044999718666077,1.3931083679199219
347,0.5821999907493591,1.2062692642211914,0.5015000104904175,1.4241641759872437
348,0.5784000158309937,1.205732822418213,0.49950000643730164,1.398962378501892
349,0.5812000036239624,1.204992413520813,0.45750001072883606,1.4907810688018799
350,0.5799000263214111,1.2041842937469482,0.4690000116825104,1.5316219329833984
351,0.5810999870300293,1.2015081644058228,0.46549999713897705,1.471005916595459
352,0.5802000164985657,1.2015395164489746,0.5034999847412109,1.387233853340149
353,0.5821999907493591,1.1979589462280273,0.5174999833106995,1.3872112035751343
354,0.5834000110626221,1.199628472328186,0.5059999823570251,1.3835978507995605
355,0.5824999809265137,1.195754051208496,0.47600001096725464,1.472086787223816
356,0.5823000073432922,1.194946050643921,0.43799999356269836,1.658162236213684
357,0.5809999704360962,1.1984987258911133,0.48350000381469727,1.453634262084961
358,0.5856999754905701,1.1959912776947021,0.49950000643730164,1.3862420320510864
359,0.5821999907493591,1.1956267356872559,0.48100000619888306,1.4236596822738647
360,0.5810999870300293,1.1943269968032837,0.515500009059906,1.3657926321029663
361,0.5860000252723694,1.1876758337020874,0.4925000071525574,1.4096952676773071
362,0.5842000246047974,1.1857117414474487,0.5205000042915344,1.3670058250427246
363,0.5857999920845032,1.1875375509262085,0.5055000185966492,1.4273494482040405
364,0.5863999724388123,1.1886940002441406,0.48750001192092896,1.4062949419021606
365,0.5830000042915344,1.1868096590042114,0.4779999852180481,1.4300504922866821
366,0.5874999761581421,1.185021996498108,0.5139999985694885,1.3609693050384521
367,0.5874999761581421,1.1825231313705444,0.47600001096725464,1.5054850578308105
368,0.5864999890327454,1.1837222576141357,0.5095000267028809,1.3745901584625244
369,0.5875999927520752,1.180569052696228,0.5170000195503235,1.3465756177902222
370,0.5893999934196472,1.1793826818466187,0.515500009059906,1.3823415040969849
371,0.5857999920845032,1.1826516389846802,0.5070000290870667,1.4271585941314697
372,0.5892000198364258,1.1789802312850952,0.47749999165534973,1.4562562704086304
373,0.5917999744415283,1.1752560138702393,0.5024999976158142,1.3848243951797485
374,0.5913000106811523,1.174973964691162,0.4580000042915344,1.4985889196395874
375,0.5875999927520752,1.1757010221481323,0.5015000104904175,1.4134283065795898
376,0.5875999927520752,1.1762409210205078,0.4359999895095825,1.725169062614441
377,0.5871999859809875,1.178051233291626,0.5059999823570251,1.411207914352417
378,0.5911999940872192,1.1701419353485107,0.46799999475479126,1.5213009119033813
379,0.592199981212616,1.171912670135498,0.5095000267028809,1.373887062072754
380,0.5916000008583069,1.170500636100769,0.492000013589859,1.434263825416565
381,0.5978999733924866,1.1638578176498413,0.515999972820282,1.3729363679885864
382,0.5972999930381775,1.1668612957000732,0.5065000057220459,1.3790559768676758
383,0.5964999794960022,1.164425253868103,0.5120000243186951,1.3722141981124878
384,0.592199981212616,1.1631349325180054,0.5245000123977661,1.344061017036438
385,0.5935999751091003,1.1644203662872314,0.5274999737739563,1.3688068389892578
386,0.6017000079154968,1.1597791910171509,0.5145000219345093,1.3625290393829346
387,0.595300018787384,1.1609227657318115,0.515500009059906,1.3609185218811035
388,0.5978000164031982,1.1606308221817017,0.445499986410141,1.5272331237792969
389,0.5954999923706055,1.1608976125717163,0.49950000643730164,1.4337478876113892
390,0.5956000089645386,1.1589763164520264,0.5189999938011169,1.3623335361480713
391,0.5974000096321106,1.1587252616882324,0.5210000276565552,1.367516279220581
392,0.5968999862670898,1.1549521684646606,0.5180000066757202,1.3556022644042969
393,0.6003999710083008,1.1512973308563232,0.5044999718666077,1.3996559381484985
394,0.597000002861023,1.1564785242080688,0.46399998664855957,1.516499400138855
395,0.5961999893188477,1.1551302671432495,0.5095000267028809,1.3860480785369873
396,0.597599983215332,1.1527457237243652,0.5090000033378601,1.4160836935043335
397,0.599399983882904,1.1530985832214355,0.4675000011920929,1.4817620515823364
398,0.6039999723434448,1.1498059034347534,0.47200000286102295,1.5108729600906372
399,0.5982999801635742,1.1517921686172485,0.4959999918937683,1.404471755027771
400,0.6029999852180481,1.1466397047042847,0.5,1.4563241004943848
401,0.6004999876022339,1.147521734237671,0.5180000066757202,1.358339548110962
402,0.6003999710083008,1.1431539058685303,0.512499988079071,1.3760207891464233
403,0.6040999889373779,1.143151879310608,0.5199999809265137,1.3649134635925293
404,0.6010000109672546,1.1447620391845703,0.5019999742507935,1.3926422595977783
405,0.6029000282287598,1.1424742937088013,0.38749998807907104,1.8582568168640137
406,0.5976999998092651,1.1497142314910889,0.460999995470047,1.4950116872787476
407,0.605400025844574,1.1411787271499634,0.4925000071525574,1.4117887020111084
408,0.6022999882698059,1.1376094818115234,0.5210000276565552,1.360931396484375
409,0.6060000061988831,1.13665771484375,0.5245000123977661,1.354555606842041
410,0.603600025177002,1.1312456130981445,0.503000020980835,1.4499062299728394
411,0.6053000092506409,1.1342283487319946,0.5180000066757202,1.3476223945617676
412,0.6051999926567078,1.1354135274887085,0.43799999356269836,1.6208728551864624
413,0.6047000288963318,1.138565182685852,0.5210000276565552,1.374637246131897
414,0.6065000295639038,1.1303768157958984,0.4975000023841858,1.395865797996521
415,0.6057999730110168,1.1329364776611328,0.492000013589859,1.4710613489151
416,0.6115000247955322,1.1291499137878418,0.5074999928474426,1.3851507902145386
417,0.6100999712944031,1.126956582069397,0.5180000066757202,1.366873025894165
418,0.6074000000953674,1.1265028715133667,0.42149999737739563,1.6540864706039429
419,0.6050999760627747,1.133348822593689,0.5164999961853027,1.3697370290756226
420,0.6097999811172485,1.1236495971679688,0.47200000286102295,1.4861180782318115
421,0.6154000163078308,1.1215474605560303,0.4009999930858612,1.842210054397583
422,0.6111999750137329,1.1281437873840332,0.4964999854564667,1.448805570602417
423,0.6148999929428101,1.1194897890090942,0.5049999952316284,1.459824800491333
424,0.6105999946594238,1.1176189184188843,0.4814999997615814,1.4852489233016968
425,0.6101999878883362,1.1188311576843262,0.4964999854564667,1.4092226028442383
426,0.6137999892234802,1.1168302297592163,0.5090000033378601,1.3607834577560425
427,0.6122999787330627,1.114568829536438,0.5109999775886536,1.397926926612854
428,0.6090999841690063,1.1140216588974,0.531000018119812,1.3310288190841675
429,0.6121000051498413,1.1138087511062622,0.37450000643730164,1.9729138612747192
430,0.6092000007629395,1.1228872537612915,0.5220000147819519,1.377503752708435
431,0.6168000102043152,1.1098222732543945,0.5224999785423279,1.3658905029296875
432,0.6141999959945679,1.112104058265686,0.4595000147819519,1.5138983726501465
433,0.6164000034332275,1.109446406364441,0.531499981880188,1.3281649351119995
434,0.6183000206947327,1.1060460805892944,0.5239999890327454,1.3621418476104736
435,0.6190999746322632,1.1050018072128296,0.5295000076293945,1.3550406694412231
436,0.617900013923645,1.1042929887771606,0.5015000104904175,1.4023027420043945
437,0.618399977684021,1.1034480333328247,0.5095000267028809,1.381183385848999
438,0.6169000267982483,1.1023883819580078,0.5235000252723694,1.38511323928833
439,0.6180999875068665,1.1006160974502563,0.5285000205039978,1.338408350944519
440,0.621399998664856,1.1001936197280884,0.5199999809265137,1.3773980140686035
441,0.6169999837875366,1.1003013849258423,0.5264999866485596,1.3439217805862427
442,0.6230000257492065,1.1001096963882446,0.534500002861023,1.3199762105941772
443,0.6205999851226807,1.09617280960083,0.5139999985694885,1.3702292442321777
444,0.619700014591217,1.096648097038269,0.4544999897480011,1.5578014850616455
445,0.6208999752998352,1.0969170331954956,0.5080000162124634,1.3986588716506958
446,0.6189000010490417,1.0960129499435425,0.44850000739097595,1.5404514074325562
447,0.6198999881744385,1.0923302173614502,0.4779999852180481,1.5501855611801147
448,0.6247000098228455,1.0933473110198975,0.45350000262260437,1.5461220741271973
449,0.6172000169754028,1.098182201385498,0.5299999713897705,1.327048659324646
450,0.6216999888420105,1.0901780128479004,0.5065000057220459,1.3897488117218018
451,0.6230000257492065,1.0900312662124634,0.47699999809265137,1.4984687566757202
452,0.6261000037193298,1.0916517972946167,0.5325000286102295,1.3310540914535522
453,0.6273000240325928,1.0835601091384888,0.49799999594688416,1.412704586982727
454,0.6262999773025513,1.083144187927246,0.5274999737739563,1.3449867963790894
455,0.6255999803543091,1.081729531288147,0.4659999907016754,1.5169453620910645
456,0.628000020980835,1.0853862762451172,0.5249999761581421,1.36128568649292
457,0.6306999921798706,1.0814002752304077,0.4945000112056732,1.4566243886947632
458,0.6237999796867371,1.0862754583358765,0.5059999823570251,1.4042304754257202
459,0.628600001335144,1.078108310699463,0.5224999785423279,1.364852786064148
460,0.6301000118255615,1.0785266160964966,0.5220000147819519,1.4037432670593262
461,0.629800021648407,1.0789824724197388,0.4729999899864197,1.5041183233261108
462,0.6281999945640564,1.078979730606079,0.5009999871253967,1.4135181903839111
463,0.6308000087738037,1.0765485763549805,0.5105000138282776,1.3653193712234497
464,0.6317999958992004,1.07479727268219,0.5320000052452087,1.333998680114746
465,0.630299985408783,1.0776424407958984,0.49900001287460327,1.4146616458892822
466,0.6262000203132629,1.0738571882247925,0.5019999742507935,1.4138906002044678
467,0.6333000063896179,1.0714383125305176,0.44699999690055847,1.5694644451141357
468,0.6327999830245972,1.0708791017532349,0.5245000123977661,1.3666346073150635
469,0.6327999830245972,1.0694081783294678,0.4729999899864197,1.4878764152526855
470,0.6259999871253967,1.0722700357437134,0.5149999856948853,1.3862760066986084
471,0.6330999732017517,1.0699689388275146,0.531499981880188,1.3183470964431763
472,0.6335999965667725,1.0655169486999512,0.5379999876022339,1.308739423751831
473,0.6333000063896179,1.0661910772323608,0.5249999761581421,1.3738009929656982
474,0.6347000002861023,1.0649313926696777,0.5164999961853027,1.3670896291732788
475,0.6316999793052673,1.0643389225006104,0.5285000205039978,1.3431644439697266
476,0.6366000175476074,1.0598286390304565,0.4970000088214874,1.4461658000946045
477,0.633899986743927,1.0619395971298218,0.4959999918937683,1.4287165403366089
478,0.633400022983551,1.059949517250061,0.47350001335144043,1.5421342849731445
479,0.6344000101089478,1.061049461364746,0.5024999976158142,1.4275914430618286
480,0.6381000280380249,1.0556949377059937,0.5299999713897705,1.3504935503005981
481,0.6342999935150146,1.0546284914016724,0.5145000219345093,1.4124658107757568
482,0.637499988079071,1.0559834241867065,0.47450000047683716,1.4943435192108154
483,0.6358000040054321,1.0560359954833984,0.5065000057220459,1.392899513244629
484,0.6377000212669373,1.0535022020339966,0.5370000004768372,1.3249106407165527
485,0.6412000060081482,1.051564335823059,0.5304999947547913,1.331359624862671
486,0.6394000053405762,1.0522278547286987,0.5274999737739563,1.3287222385406494
487,0.6420000195503235,1.0460933446884155,0.5059999823570251,1.4338027238845825
488,0.6373000144958496,1.0519741773605347,0.49000000953674316,1.4541950225830078
489,0.6396999955177307,1.0491398572921753,0.5299999713897705,1.3403822183609009
490,0.6388999819755554,1.0480681657791138,0.5034999847412109,1.4568597078323364
491,0.637499988079071,1.0506808757781982,0.5394999980926514,1.3190522193908691
492,0.6430000066757202,1.0432409048080444,0.5005000233650208,1.4589893817901611
493,0.6391000151634216,1.0430381298065186,0.4970000088214874,1.4250116348266602
494,0.6410999894142151,1.0469125509262085,0.5335000157356262,1.367342472076416
495,0.6421999931335449,1.0444329977035522,0.5139999985694885,1.3696297407150269
496,0.6396999955177307,1.0401877164840698,0.5070000290870667,1.4134875535964966
497,0.6434000134468079,1.0407198667526245,0.5034999847412109,1.425906777381897
498,0.6442000269889832,1.0408886671066284,0.534500002861023,1.325890302658081
499,0.6463000178337097,1.0338395833969116,0.5120000243186951,1.3894470930099487
500,0.646399974822998,1.0357420444488525,0.5375000238418579,1.318748950958252
501,0.646399974822998,1.0347025394439697,0.5245000123977661,1.3857111930847168
502,0.6438000202178955,1.0357766151428223,0.5254999995231628,1.3626807928085327
503,0.6455000042915344,1.0330932140350342,0.5074999928474426,1.42643141746521
504,0.6521000266075134,1.0316851139068604,0.5120000243186951,1.4217098951339722
505,0.646399974822998,1.0358463525772095,0.546500027179718,1.3036723136901855
506,0.6471999883651733,1.0310903787612915,0.5210000276565552,1.360737919807434
507,0.6507999897003174,1.025376558303833,0.5145000219345093,1.3949652910232544
508,0.6460999846458435,1.030596137046814,0.5115000009536743,1.4072266817092896
509,0.6464999914169312,1.0306588411331177,0.5205000042915344,1.3690365552902222
510,0.6480000019073486,1.0259346961975098,0.5174999833106995,1.3606359958648682
511,0.6481999754905701,1.0215973854064941,0.5,1.4309587478637695
512,0.6510999798774719,1.0201313495635986,0.5139999985694885,1.3793466091156006
513,0.6478999853134155,1.0208804607391357,0.5450000166893005,1.3201279640197754
514,0.6499000191688538,1.0247762203216553,0.5040000081062317,1.520677089691162
515,0.6492000222206116,1.025885820388794,0.5145000219345093,1.4036530256271362
516,0.6486999988555908,1.0191545486450195,0.38350000977516174,1.8607014417648315
517,0.6481000185012817,1.022602915763855,0.4805000126361847,1.5907161235809326
518,0.6495000123977661,1.0215849876403809,0.492000013589859,1.466758131980896
519,0.6523000001907349,1.0174466371536255,0.5009999871253967,1.4144389629364014
520,0.652899980545044,1.0133942365646362,0.4830000102519989,1.4856609106063843
521,0.6543999910354614,1.012668251991272,0.5170000195503235,1.3652398586273193
522,0.6531999707221985,1.011673092842102,0.5235000252723694,1.360850214958191
523,0.65829998254776,1.008499264717102,0.4934999942779541,1.4706873893737793
524,0.6553999781608582,1.01224946975708,0.4909999966621399,1.4088352918624878
525,0.6539000272750854,1.008909821510315,0.4449999928474426,1.6327029466629028
526,0.6559000015258789,1.0118805170059204,0.5299999713897705,1.3495283126831055
527,0.6547999978065491,1.0047500133514404,0.5130000114440918,1.389873743057251
528,0.6583999991416931,1.0065796375274658,0.5115000009536743,1.4139243364334106
529,0.6561999917030334,1.0047527551651,0.4964999854564667,1.4912282228469849
530,0.6552000045776367,1.006972312927246,0.5214999914169312,1.3661415576934814
531,0.6541000008583069,1.0025378465652466,0.5264999866485596,1.3632322549819946
532,0.663100004196167,0.9993987083435059,0.5205000042915344,1.369537115097046
533,0.65829998254776,0.9993261694908142,0.5164999961853027,1.3715863227844238
534,0.6575999855995178,1.0021733045578003,0.5210000276565552,1.3605436086654663
535,0.6581000089645386,0.9973728656768799,0.5099999904632568,1.430098533630371
536,0.6585999727249146,0.9967895746231079,0.5034999847412109,1.4439888000488281
537,0.6588000059127808,0.9978458881378174,0.46000000834465027,1.541122555732727
538,0.6601999998092651,0.9947714805603027,0.5485000014305115,1.3126567602157593
539,0.6625000238418579,0.9888157248497009,0.4269999861717224,1.6728535890579224
540,0.6601999998092651,0.9967502951622009,0.5264999866485596,1.356005072593689
541,0.6642000079154968,0.9924505949020386,0.5435000061988831,1.359803557395935
542,0.6607999801635742,0.9886512756347656,0.4855000078678131,1.4734797477722168
543,0.6633999943733215,0.9927282333374023,0.5540000200271606,1.3077852725982666
544,0.6647999882698059,0.9871376752853394,0.5304999947547913,1.35824453830719
545,0.6629999876022339,0.9916996359825134,0.421999990940094,1.7432284355163574
546,0.6628000140190125,0.9918552041053772,0.5065000057220459,1.4389798641204834
547,0.6639999747276306,0.9864972829818726,0.5410000085830688,1.3351490497589111
548,0.6651999950408936,0.9821280241012573,0.5295000076293945,1.3491923809051514
549,0.6636999845504761,0.9838510751724243,0.5184999704360962,1.4408135414123535
550,0.6690999865531921,0.9817972779273987,0.5249999761581421,1.3920443058013916
551,0.6664999723434448,0.9827197194099426,0.5325000286102295,1.3263928890228271
552,0.6697999835014343,0.9804230332374573,0.534500002861023,1.3685534000396729
553,0.670799970626831,0.9780452251434326,0.5134999752044678,1.433995008468628
554,0.6653000116348267,0.9801056385040283,0.515999972820282,1.4047071933746338
555,0.6675000190734863,0.9766572117805481,0.5109999775886536,1.3940248489379883
556,0.6672000288963318,0.978166401386261,0.5210000276565552,1.4568030834197998
557,0.6700999736785889,0.9727336764335632,0.5274999737739563,1.358763337135315
558,0.670799970626831,0.9715697169303894,0.5239999890327454,1.4138532876968384
559,0.6699000000953674,0.9695994853973389,0.5130000114440918,1.3845757246017456
560,0.6710000038146973,0.9754670858383179,0.5245000123977661,1.3899294137954712
561,0.6723999977111816,0.9705195426940918,0.5120000243186951,1.4140719175338745
562,0.6718000173568726,0.9722917079925537,0.5320000052452087,1.3701971769332886
563,0.675599992275238,0.965837299823761,0.5509999990463257,1.300787091255188
564,0.6744999885559082,0.963383674621582,0.5410000085830688,1.3113658428192139
565,0.6704000234603882,0.9657964706420898,0.4584999978542328,1.6360502243041992
566,0.6692000031471252,0.9696944355964661,0.515500009059906,1.3806558847427368
567,0.6751000285148621,0.9648740291595459,0.5120000243186951,1.435821771621704
568,0.6735000014305115,0.9625609517097473,0.5214999914169312,1.387614369392395
569,0.6718000173568726,0.9617820382118225,0.5285000205039978,1.3515067100524902
570,0.6751000285148621,0.9581127166748047,0.5080000162124634,1.4206864833831787
571,0.677299976348877,0.9574068188667297,0.5529999732971191,1.3080521821975708
572,0.676800012588501,0.9585925936698914,0.5329999923706055,1.3328986167907715
573,0.6718999743461609,0.9595671892166138,0.546999990940094,1.3033087253570557
574,0.677299976348877,0.9543743133544922,0.5189999938011169,1.4534231424331665
575,0.6761999726295471,0.95294189453125,0.5389999747276306,1.3431824445724487
576,0.6712999939918518,0.9575622081756592,0.476500004529953,1.6080868244171143
577,0.6751999855041504,0.9604356288909912,0.5195000171661377,1.3954055309295654
578,0.6747000217437744,0.9524857401847839,0.5414999723434448,1.3407163619995117
579,0.6782000064849854,0.9488292932510376,0.453000009059906,1.6820942163467407
580,0.6730999946594238,0.9591601490974426,0.5289999842643738,1.3553911447525024
581,0.6793000102043152,0.9497263431549072,0.5304999947547913,1.3548413515090942
582,0.683899998664856,0.9451208710670471,0.5364999771118164,1.3382540941238403
583,0.6766999959945679,0.9489932656288147,0.5414999723434448,1.3164198398590088
584,0.6815999746322632,0.9410743117332458,0.5410000085830688,1.3170489072799683
585,0.6794999837875366,0.9467499852180481,0.5245000123977661,1.3513857126235962
586,0.677299976348877,0.9448162913322449,0.5429999828338623,1.347100019454956
587,0.6819000244140625,0.9413118958473206,0.5525000095367432,1.3012306690216064
588,0.6809999942779541,0.9428253769874573,0.5005000233650208,1.4434406757354736
589,0.6808000206947327,0.939376175403595,0.5329999923706055,1.341125249862671
590,0.6812999844551086,0.9385033249855042,0.5404999852180481,1.3351233005523682
591,0.6837999820709229,0.9334930777549744,0.5145000219345093,1.4339756965637207
592,0.6881999969482422,0.9368292093276978,0.5230000019073486,1.4373539686203003
593,0.6848999857902527,0.9349815249443054,0.4715000092983246,1.5439339876174927
594,0.6787999868392944,0.9452043771743774,0.5235000252723694,1.385267734527588
595,0.6844000220298767,0.9336676597595215,0.534500002861023,1.35951828956604
596,0.6827999949455261,0.936823844909668,0.5440000295639038,1.3587753772735596
597,0.6815999746322632,0.9347869157791138,0.5180000066757202,1.4089750051498413
598,0.6843000054359436,0.9311876893043518,0.5649999976158142,1.2979843616485596
599,0.6861000061035156,0.9323239326477051,0.5519999861717224,1.314318060874939
600,0.6870999932289124,0.9281204342842102,0.5115000009536743,1.4026210308074951
601,0.6872000098228455,0.9253588914871216,0.5084999799728394,1.4452869892120361
602,0.6863999962806702,0.9286200404167175,0.5559999942779541,1.2973036766052246
603,0.6887000203132629,0.9251413941383362,0.515999972820282,1.3709638118743896
604,0.6870999932289124,0.92754727602005,0.5189999938011169,1.3901766538619995
605,0.6865000128746033,0.9217833876609802,0.47200000286102295,1.5541589260101318
606,0.6890000104904175,0.9263231158256531,0.5350000262260437,1.359592080116272
607,0.6894999742507935,0.9250929951667786,0.531000018119812,1.3508332967758179
608,0.6869000196456909,0.9189133048057556,0.503000020980835,1.508602261543274
609,0.6890000104904175,0.9193093776702881,0.5099999904632568,1.4552806615829468
610,0.6909999847412109,0.9184820055961609,0.5454999804496765,1.3070651292800903
611,0.6913999915122986,0.915195882320404,0.5354999899864197,1.3740105628967285
612,0.6916000247001648,0.9165175557136536,0.5220000147819519,1.3624030351638794
613,0.6920999884605408,0.9134086966514587,0.5270000100135803,1.3488155603408813
614,0.6941999793052673,0.9115153551101685,0.4494999945163727,1.6099475622177124
615,0.6912000179290771,0.9124040007591248,0.5425000190734863,1.333263635635376
616,0.6963000297546387,0.9092538952827454,0.5630000233650208,1.310302734375
617,0.6935999989509583,0.909416913986206,0.5435000061988831,1.3309913873672485
618,0.6941999793052673,0.9093842506408691,0.5059999823570251,1.4672504663467407
619,0.6951000094413757,0.9083528518676758,0.4059999883174896,1.9846237897872925
620,0.6938999891281128,0.9140617251396179,0.5329999923706055,1.3596469163894653
621,0.6959999799728394,0.9060351848602295,0.5270000100135803,1.367264747619629
622,0.694100022315979,0.9051321148872375,0.546999990940094,1.3218860626220703
623,0.6991999745368958,0.9036490321159363,0.4984999895095825,1.47547447681427
624,0.6973999738693237,0.9023509621620178,0.5134999752044678,1.4558415412902832
625,0.6970000267028809,0.9011206030845642,0.5364999771118164,1.3621186017990112
626,0.6984000205993652,0.8990351557731628,0.5600000023841858,1.2923393249511719
627,0.6955999732017517,0.8976873159408569,0.5335000157356262,1.344069004058838
628,0.699400007724762,0.8966451287269592,0.5385000109672546,1.3569046258926392
629,0.6980999708175659,0.894483208656311,0.48899999260902405,1.5117257833480835
630,0.6984999775886536,0.898992657661438,0.5544999837875366,1.3352130651474
631,0.695900022983551,0.8960320353507996,0.5454999804496765,1.3349357843399048
632,0.7001000046730042,0.8925931453704834,0.5099999904632568,1.418529748916626
633,0.7008000016212463,0.8937384486198425,0.5360000133514404,1.3793901205062866
634,0.6996999979019165,0.8921475410461426,0.5389999747276306,1.4131733179092407
635,0.7020000219345093,0.8900683522224426,0.5534999966621399,1.304484248161316
636,0.7019000053405762,0.8911073207855225,0.5615000128746033,1.2907103300094604
637,0.7049000263214111,0.8837563395500183,0.5074999928474426,1.4914982318878174
638,0.7052000164985657,0.8878113031387329,0.5575000047683716,1.2941244840621948
639,0.7063999772071838,0.88525390625,0.5105000138282776,1.4354852437973022
640,0.7041000127792358,0.8872463703155518,0.4595000147819519,1.6312016248703003
641,0.698199987411499,0.8863332271575928,0.5055000185966492,1.472156047821045
642,0.7006000280380249,0.885857343673706,0.5220000147819519,1.4377413988113403
643,0.6983000040054321,0.8878449201583862,0.5285000205039978,1.4075583219528198
644,0.7014999985694885,0.8827517628669739,0.5040000081062317,1.4595818519592285
645,0.704200029373169,0.8846314549446106,0.5565000176429749,1.3071327209472656
646,0.7069000005722046,0.8744422793388367,0.5404999852180481,1.3278679847717285
647,0.7031999826431274,0.8819671869277954,0.4894999861717224,1.5260753631591797
648,0.7049999833106995,0.8793882727622986,0.4790000021457672,1.57319176197052
649,0.7081000208854675,0.8764933347702026,0.5414999723434448,1.3497308492660522
650,0.7093999981880188,0.8772432804107666,0.550000011920929,1.3736464977264404
651,0.7067999839782715,0.8709285259246826,0.5239999890327454,1.3864655494689941
652,0.710099995136261,0.8716356158256531,0.5080000162124634,1.4551496505737305
653,0.7087000012397766,0.8731439709663391,0.49149999022483826,1.470062017440796
654,0.7084000110626221,0.8656559586524963,0.5360000133514404,1.3692163228988647
655,0.7052000164985657,0.8725549578666687,0.5450000166893005,1.363887071609497
656,0.7031000256538391,0.873323917388916,0.4505000114440918,1.68544602394104
657,0.7099999785423279,0.8732569217681885,0.5364999771118164,1.3812676668167114
658,0.7088000178337097,0.8663545846939087,0.5199999809265137,1.4517651796340942
659,0.7124999761581421,0.8687915205955505,0.5525000095367432,1.3165749311447144
660,0.7127000093460083,0.864219605922699,0.5425000190734863,1.3243614435195923
661,0.7109000086784363,0.8645784258842468,0.5615000128746033,1.314642071723938
662,0.7109000086784363,0.8654593825340271,0.5615000128746033,1.2898553609848022
663,0.7074999809265137,0.8611802458763123,0.4975000023841858,1.5103108882904053
664,0.7080000042915344,0.869125485420227,0.5339999794960022,1.3698194026947021
665,0.7168999910354614,0.8585990071296692,0.5634999871253967,1.3286854028701782
666,0.7107999920845032,0.8586086630821228,0.5304999947547913,1.3708077669143677
667,0.7128999829292297,0.8554854393005371,0.48649999499320984,1.5830175876617432
668,0.7128000259399414,0.8566381931304932,0.5519999861717224,1.319843053817749
669,0.714900016784668,0.852866530418396,0.44600000977516174,1.735777497291565
670,0.7103000283241272,0.8636521697044373,0.5260000228881836,1.431105613708496
671,0.7111999988555908,0.8561000823974609,0.5120000243186951,1.3997390270233154
672,0.7193999886512756,0.8525017499923706,0.5544999837875366,1.3186049461364746
673,0.7157999873161316,0.8513142466545105,0.5440000295639038,1.353580355644226
674,0.7214000225067139,0.8456616401672363,0.5090000033378601,1.4777984619140625
675,0.7172999978065491,0.8443106412887573,0.5260000228881836,1.455599308013916
676,0.7192000150680542,0.8436822295188904,0.5540000200271606,1.3414247035980225
677,0.7192999720573425,0.8409637808799744,0.5024999976158142,1.538141131401062
678,0.7185999751091003,0.8466556668281555,0.5375000238418579,1.3520883321762085
679,0.7168999910354614,0.845270037651062,0.5320000052452087,1.3913531303405762
680,0.7200999855995178,0.8399522304534912,0.44200000166893005,1.7135090827941895
681,0.7200000286102295,0.8430178761482239,0.5260000228881836,1.4297727346420288
682,0.7174999713897705,0.840615451335907,0.5435000061988831,1.3546292781829834
683,0.7207000255584717,0.8393458127975464,0.5509999990463257,1.327992558479309
684,0.7214000225067139,0.8351292014122009,0.5049999952316284,1.518993616104126
685,0.7224000096321106,0.8379077911376953,0.48100000619888306,1.6199966669082642
686,0.7192000150680542,0.8442289233207703,0.5130000114440918,1.5020346641540527
687,0.7199000120162964,0.8353295922279358,0.5705000162124634,1.2974653244018555
688,0.7228000164031982,0.8340189456939697,0.4749999940395355,1.7107800245285034
689,0.7192000150680542,0.8378835916519165,0.5419999957084656,1.3369792699813843
690,0.722100019454956,0.8309219479560852,0.4580000042915344,1.7475271224975586
691,0.7224000096321106,0.8354925513267517,0.5015000104904175,1.5620771646499634
692,0.7232000231742859,0.8310374021530151,0.5145000219345093,1.4632866382598877
693,0.7217000126838684,0.8304663896560669,0.5509999990463257,1.3271338939666748
694,0.7250999808311462,0.8267808556556702,0.5090000033378601,1.4576761722564697
695,0.7257000207901001,0.8278475403785706,0.5350000262260437,1.3844475746154785
696,0.725600004196167,0.8267225623130798,0.5354999899864197,1.4734610319137573
697,0.727400004863739,0.8290665745735168,0.4814999997615814,1.6153075695037842
698,0.7281000018119812,0.8231254816055298,0.4855000078678131,1.5996884107589722
699,0.7265999913215637,0.8255376219749451,0.5494999885559082,1.3334901332855225
700,0.7311000227928162,0.8177235126495361,0.4984999895095825,1.5072766542434692
701,0.7260000109672546,0.8178969025611877,0.5600000023841858,1.3124945163726807
702,0.7307000160217285,0.8184777498245239,0.5164999961853027,1.4849995374679565
703,0.7226999998092651,0.8226585984230042,0.5130000114440918,1.473855972290039
704,0.723800003528595,0.8199459910392761,0.5400000214576721,1.3761637210845947
705,0.7304999828338623,0.8128534555435181,0.5559999942779541,1.3114312887191772
706,0.7307000160217285,0.8149656057357788,0.5295000076293945,1.4206162691116333
707,0.7285000085830688,0.8158654570579529,0.5565000176429749,1.3275457620620728
708,0.729200005531311,0.811276376247406,0.5329999923706055,1.3545022010803223
709,0.7300000190734863,0.8106923699378967,0.5485000014305115,1.3833426237106323
710,0.7325000166893005,0.8114147782325745,0.5120000243186951,1.395491361618042
711,0.7329999804496765,0.8063908219337463,0.5260000228881836,1.4678927659988403
712,0.7342000007629395,0.8090145587921143,0.5254999995231628,1.4415771961212158
713,0.7299000024795532,0.8085793852806091,0.5575000047683716,1.3111199140548706
714,0.733299970626831,0.8043309450149536,0.546999990940094,1.353666067123413
715,0.7340999841690063,0.8035463690757751,0.5370000004768372,1.3576756715774536
716,0.7335000038146973,0.8061938285827637,0.5630000233650208,1.2859721183776855
717,0.7333999872207642,0.8021913766860962,0.5285000205039978,1.4330765008926392
718,0.7336000204086304,0.8071489334106445,0.550000011920929,1.3468738794326782
719,0.7307999730110168,0.8054004907608032,0.4950000047683716,1.5530229806900024
720,0.7372999787330627,0.8025822043418884,0.5049999952316284,1.516794204711914
721,0.7311999797821045,0.7992890477180481,0.546999990940094,1.345144271850586
722,0.7357000112533569,0.7980201244354248,0.5335000157356262,1.3962582349777222
723,0.7351999878883362,0.7943799495697021,0.531499981880188,1.4651269912719727
724,0.7350000143051147,0.796396017074585,0.5120000243186951,1.4824583530426025
725,0.7348999977111816,0.798211395740509,0.5444999933242798,1.3608787059783936
726,0.7364000082015991,0.7935692071914673,0.5059999823570251,1.5195727348327637
727,0.7353000044822693,0.7966717481613159,0.546500027179718,1.390590786933899
728,0.7390999794006348,0.7885351181030273,0.5245000123977661,1.4535738229751587
729,0.7337999939918518,0.7942138910293579,0.5494999885559082,1.3255172967910767
730,0.7394999861717224,0.7882062792778015,0.5440000295639038,1.3944180011749268
731,0.7400000095367432,0.7852926254272461,0.5080000162124634,1.5124521255493164
732,0.7346000075340271,0.7905340790748596,0.5230000019073486,1.455459475517273
733,0.7440999746322632,0.7829994559288025,0.515999972820282,1.4465856552124023
734,0.7398999929428101,0.784471869468689,0.5419999957084656,1.3810793161392212
735,0.7436000108718872,0.7833280563354492,0.5335000157356262,1.4064053297042847
736,0.737500011920929,0.7847522497177124,0.5385000109672546,1.3621381521224976
737,0.7414000034332275,0.7771568894386292,0.5665000081062317,1.3039727210998535
738,0.7422000169754028,0.7783140540122986,0.5130000114440918,1.4804632663726807
739,0.7383999824523926,0.7843003869056702,0.559499979019165,1.352416753768921
740,0.7423999905586243,0.7764156460762024,0.4934999942779541,1.6762205362319946
741,0.7421000003814697,0.7816832065582275,0.4869999885559082,1.6255439519882202
742,0.741100013256073,0.7782966494560242,0.5414999723434448,1.3861780166625977
743,0.7422000169754028,0.7769099473953247,0.5529999732971191,1.3285448551177979
744,0.7487000226974487,0.7681068778038025,0.4465000033378601,1.8454945087432861
745,0.7422999739646912,0.7836324572563171,0.5429999828338623,1.393530011177063
746,0.7437999844551086,0.7723190784454346,0.531000018119812,1.431980013847351
747,0.746399998664856,0.7705443501472473,0.5364999771118164,1.4206863641738892
748,0.7448999881744385,0.7716211676597595,0.5414999723434448,1.3923944234848022
749,0.7462000250816345,0.7680678963661194,0.5109999775886536,1.5426087379455566
750,0.7476000189781189,0.7671489715576172,0.5074999928474426,1.4797190427780151
751,0.7461000084877014,0.7663916945457458,0.5325000286102295,1.421325922012329
752,0.7483999729156494,0.7625364065170288,0.4729999899864197,1.694451928138733
753,0.746999979019165,0.7712398171424866,0.5419999957084656,1.375585675239563
754,0.7488999962806702,0.7601484060287476,0.5375000238418579,1.4159342050552368
755,0.7501999735832214,0.7637848258018494,0.5325000286102295,1.4074034690856934
756,0.7508000135421753,0.7600590586662292,0.546999990940094,1.365939974784851
757,0.7497000098228455,0.75624680519104,0.550000011920929,1.3580175638198853
758,0.7506999969482422,0.7550333738327026,0.5070000290870667,1.532357096672058
759,0.7490000128746033,0.7602514028549194,0.531499981880188,1.3691112995147705
760,0.7530999779701233,0.7580339312553406,0.5534999966621399,1.3738322257995605
761,0.7526999711990356,0.7548847794532776,0.5205000042915344,1.4461159706115723
762,0.7591999769210815,0.75250643491745,0.5559999942779541,1.3307371139526367
763,0.757099986076355,0.7496356964111328,0.5540000200271606,1.3631060123443604
764,0.7498999834060669,0.7530823945999146,0.5490000247955322,1.3624004125595093
765,0.7537000179290771,0.74955815076828,0.47099998593330383,1.5902528762817383
766,0.7534000277519226,0.7524335980415344,0.5335000157356262,1.438350796699524
767,0.7506999969482422,0.7489293217658997,0.5669999718666077,1.3097354173660278
768,0.7570000290870667,0.7478747367858887,0.5544999837875366,1.3595246076583862
769,0.7562000155448914,0.7428706288337708,0.5335000157356262,1.4852851629257202
770,0.7541999816894531,0.7498307228088379,0.5649999976158142,1.3240554332733154
771,0.7515000104904175,0.7504897713661194,0.4984999895095825,1.6181042194366455
772,0.7598000168800354,0.7421924471855164,0.5580000281333923,1.336262822151184
773,0.757099986076355,0.7421757578849792,0.5625,1.3391121625900269
774,0.760200023651123,0.7381895780563354,0.5540000200271606,1.379935622215271
775,0.756600022315979,0.7432148456573486,0.5699999928474426,1.3176027536392212
776,0.7574999928474426,0.7374460101127625,0.4855000078678131,1.6098576784133911
777,0.7603999972343445,0.7427181005477905,0.5640000104904175,1.3367656469345093
778,0.7566999793052673,0.741725504398346,0.5640000104904175,1.3286138772964478
779,0.7605999708175659,0.7332621812820435,0.5230000019073486,1.489205241203308
780,0.7605999708175659,0.7358138561248779,0.5335000157356262,1.4381372928619385
781,0.7588000297546387,0.7369722723960876,0.5230000019073486,1.5231157541275024
782,0.7585999965667725,0.7390300035476685,0.5360000133514404,1.387488842010498
783,0.7591999769210815,0.7315719723701477,0.5289999842643738,1.4338284730911255
784,0.760200023651123,0.7308204770088196,0.5479999780654907,1.3771392107009888
785,0.7615000009536743,0.7296993136405945,0.5649999976158142,1.3313394784927368
786,0.7620999813079834,0.7283218502998352,0.5134999752044678,1.5055643320083618
787,0.7601000070571899,0.7316209673881531,0.5479999780654907,1.4106345176696777
788,0.7620999813079834,0.7298970818519592,0.5289999842643738,1.4521968364715576
789,0.761900007724762,0.7230544686317444,0.5425000190734863,1.4173895120620728
790,0.7609999775886536,0.724753737449646,0.5540000200271606,1.411327838897705
791,0.76419997215271,0.7233098149299622,0.559499979019165,1.3357291221618652
792,0.7648000121116638,0.723281979560852,0.49399998784065247,1.6126028299331665
793,0.7601000070571899,0.7296695113182068,0.5205000042915344,1.4776817560195923
794,0.7644000053405762,0.7210144996643066,0.5,1.6090643405914307
795,0.7599999904632568,0.7267667055130005,0.5074999928474426,1.601119041442871
796,0.7631999850273132,0.7273010015487671,0.5285000205039978,1.4657137393951416
797,0.7627999782562256,0.7172448039054871,0.5389999747276306,1.4287317991256714
798,0.7699000239372253,0.7162622809410095,0.5370000004768372,1.4175803661346436
799,0.7696999907493591,0.7117915153503418,0.5414999723434448,1.43204665184021
800,0.765999972820282,0.7135605216026306,0.4959999918937683,1.5139809846878052
801,0.7667999863624573,0.7115181088447571,0.5264999866485596,1.4598006010055542
802,0.7670999765396118,0.7109054923057556,0.5659999847412109,1.3287386894226074
803,0.7663000226020813,0.7129572629928589,0.5485000014305115,1.4083616733551025
804,0.7685999870300293,0.710900068283081,0.4959999918937683,1.600277304649353
805,0.7688999772071838,0.7104507088661194,0.5419999957084656,1.4171850681304932
806,0.76910001039505,0.7104813456535339,0.546999990940094,1.3805078268051147
807,0.7714999914169312,0.705849289894104,0.5410000085830688,1.4021133184432983
808,0.7698000073432922,0.704703688621521,0.5254999995231628,1.4426381587982178
809,0.7681000232696533,0.7068150043487549,0.5504999756813049,1.3959648609161377
810,0.7670999765396118,0.7084590792655945,0.531499981880188,1.5240346193313599
811,0.7633000016212463,0.7116150259971619,0.5590000152587891,1.3581218719482422
812,0.7705000042915344,0.7030963897705078,0.5339999794960022,1.4710536003112793
813,0.7750999927520752,0.6996318101882935,0.512499988079071,1.5261679887771606
814,0.7746000289916992,0.6967468857765198,0.5230000019073486,1.4277242422103882
815,0.777400016784668,0.6962658762931824,0.5220000147819519,1.4853931665420532
816,0.7735000252723694,0.6968240141868591,0.5625,1.3369085788726807
817,0.77920001745224,0.6936484575271606,0.5189999938011169,1.4666259288787842
818,0.7713000178337097,0.6964806914329529,0.5605000257492065,1.3743419647216797
819,0.7681999802589417,0.7033427953720093,0.5105000138282776,1.524463415145874
820,0.7718999981880188,0.6963887810707092,0.4560000002384186,1.9164607524871826
821,0.7735999822616577,0.7009338140487671,0.5350000262260437,1.4126123189926147
822,0.7775999903678894,0.695326030254364,0.559499979019165,1.3748379945755005
823,0.7774999737739563,0.6896478533744812,0.5669999718666077,1.3394725322723389
824,0.7723000049591064,0.6930698156356812,0.5684999823570251,1.3552565574645996
825,0.7759000062942505,0.6878923177719116,0.5544999837875366,1.3500478267669678
826,0.7775999903678894,0.6830652356147766,0.5429999828338623,1.4270148277282715
827,0.7754999995231628,0.6885838508605957,0.5254999995231628,1.4446543455123901
828,0.7778000235557556,0.6826812028884888,0.574999988079071,1.3059508800506592
829,0.7777000069618225,0.6842676997184753,0.5540000200271606,1.399471402168274
830,0.7764000296592712,0.6841402649879456,0.5540000200271606,1.3870168924331665
831,0.776199996471405,0.6832876205444336,0.5335000157356262,1.4735573530197144
832,0.7807999849319458,0.6789641380310059,0.5285000205039978,1.4477266073226929
833,0.7767000198364258,0.6848070025444031,0.565500020980835,1.3706271648406982
834,0.777999997138977,0.6767074465751648,0.5569999814033508,1.3963708877563477
835,0.7770000100135803,0.6783996820449829,0.5325000286102295,1.545497179031372
836,0.7796000242233276,0.6762855052947998,0.4634999930858612,1.6836011409759521
837,0.7807999849319458,0.6797024607658386,0.5529999732971191,1.486356496810913
838,0.7825000286102295,0.6742987036705017,0.5230000019073486,1.5030919313430786
839,0.7753000259399414,0.6766287684440613,0.5360000133514404,1.4096455574035645
840,0.7795000076293945,0.6745844483375549,0.4964999854564667,1.6677924394607544
841,0.7818999886512756,0.6753395795822144,0.5435000061988831,1.4136964082717896
842,0.7803999781608582,0.6742860674858093,0.5274999737739563,1.4818788766860962
843,0.7864000201225281,0.6693277955055237,0.48350000381469727,1.712472677230835
844,0.7817000150680542,0.6741142868995667,0.5299999713897705,1.4696162939071655
845,0.786300003528595,0.6694622039794922,0.5145000219345093,1.5815671682357788
846,0.7817000150680542,0.6697491407394409,0.5485000014305115,1.3880265951156616
847,0.7828999757766724,0.6666679382324219,0.4964999854564667,1.6863576173782349
848,0.7803000211715698,0.6691633462905884,0.550000011920929,1.426729440689087
849,0.7838000059127808,0.6642521619796753,0.5544999837875366,1.4128621816635132
850,0.7865999937057495,0.6629257798194885,0.5379999876022339,1.4495176076889038
851,0.7821999788284302,0.6623613238334656,0.5460000038146973,1.3949545621871948
852,0.784600019454956,0.6626359224319458,0.5400000214576721,1.4624103307724
853,0.7904999852180481,0.6562614440917969,0.546999990940094,1.4418121576309204
854,0.7888000011444092,0.6580425500869751,0.5364999771118164,1.4313944578170776
855,0.7864000201225281,0.6609152555465698,0.5799999833106995,1.3221102952957153
856,0.7935000061988831,0.650733470916748,0.5394999980926514,1.4344717264175415
857,0.7893999814987183,0.6515957713127136,0.5080000162124634,1.6086708307266235
858,0.7889000177383423,0.6559937596321106,0.5695000290870667,1.3776479959487915
859,0.7908999919891357,0.6527683138847351,0.5065000057220459,1.642553687095642
860,0.7907999753952026,0.6539338231086731,0.5649999976158142,1.3720862865447998
861,0.7886999845504761,0.6505733132362366,0.534500002861023,1.4696707725524902
862,0.7921000123023987,0.6495893001556396,0.559499979019165,1.4039844274520874
863,0.7914000153541565,0.6484259963035583,0.5600000023841858,1.3664003610610962
864,0.7857000231742859,0.6554946303367615,0.559499979019165,1.3654470443725586
865,0.7936000227928162,0.6444226503372192,0.5224999785423279,1.4880244731903076
866,0.7903000116348267,0.6526046395301819,0.5490000247955322,1.4372307062149048
867,0.7907000184059143,0.64737468957901,0.5475000143051147,1.4544439315795898
868,0.7900000214576721,0.6430802941322327,0.5534999966621399,1.3644590377807617
869,0.7914000153541565,0.6407339572906494,0.5164999961853027,1.5573502779006958
870,0.7930999994277954,0.6465466022491455,0.5479999780654907,1.430458903312683
871,0.7953000068664551,0.6392195820808411,0.5565000176429749,1.3871105909347534
872,0.7936000227928162,0.6402101516723633,0.5254999995231628,1.5873688459396362
873,0.7943999767303467,0.6418944001197815,0.4984999895095825,1.7415857315063477
874,0.794700026512146,0.6426809430122375,0.5375000238418579,1.4895520210266113
875,0.7986000180244446,0.6309480667114258,0.5454999804496765,1.4021375179290771
876,0.7983999848365784,0.6333719491958618,0.5440000295639038,1.5074920654296875
877,0.7947999835014343,0.6329997181892395,0.5625,1.367264747619629
878,0.8016999959945679,0.6285780072212219,0.5350000262260437,1.4937456846237183
879,0.7979000210762024,0.6322188377380371,0.5335000157356262,1.5141154527664185
880,0.7975000143051147,0.635114312171936,0.4729999899864197,1.7237354516983032
881,0.7972000241279602,0.6328648328781128,0.5249999761581421,1.5473371744155884
882,0.7960000038146973,0.6343507766723633,0.5214999914169312,1.6479111909866333
883,0.7993999719619751,0.6284518837928772,0.5354999899864197,1.4505881071090698
884,0.800599992275238,0.6288188695907593,0.5354999899864197,1.5345747470855713
885,0.7964000105857849,0.6303701996803284,0.5695000290870667,1.391032099723816
886,0.8008000254631042,0.6292641162872314,0.4580000042915344,1.7719521522521973
887,0.8014000058174133,0.6255542635917664,0.5385000109672546,1.5508134365081787
888,0.7990999817848206,0.622048556804657,0.5195000171661377,1.5792120695114136
889,0.7958999872207642,0.6303691864013672,0.5619999766349792,1.4319831132888794
890,0.8027999997138977,0.6183345913887024,0.5254999995231628,1.5781258344650269
891,0.8040000200271606,0.6183836460113525,0.5540000200271606,1.430417776107788
892,0.800000011920929,0.6215822696685791,0.5515000224113464,1.4566439390182495
893,0.8001999855041504,0.6176514029502869,0.5584999918937683,1.3905551433563232
894,0.8051000237464905,0.6209278702735901,0.546500027179718,1.4671674966812134
895,0.8062000274658203,0.6135539412498474,0.5364999771118164,1.4528692960739136
896,0.7989000082015991,0.6161891222000122,0.5389999747276306,1.5263590812683105
897,0.8040000200271606,0.6146346926689148,0.5184999704360962,1.5723726749420166
898,0.804099977016449,0.6127143502235413,0.503000020980835,1.6356110572814941
899,0.8037999868392944,0.611508309841156,0.5404999852180481,1.4912232160568237
900,0.805400013923645,0.6093738675117493,0.515500009059906,1.6105515956878662
901,0.8066999912261963,0.6124722361564636,0.4934999942779541,1.6758452653884888
902,0.8032000064849854,0.6152053475379944,0.5339999794960022,1.5496188402175903
903,0.8105000257492065,0.6054725646972656,0.5065000057220459,1.627766489982605
904,0.8062999844551086,0.6086300611495972,0.546999990940094,1.4522924423217773
905,0.8083000183105469,0.6048426032066345,0.5615000128746033,1.4039499759674072
906,0.8133000135421753,0.601370632648468,0.5339999794960022,1.5957189798355103
907,0.8054999709129333,0.610711932182312,0.5,1.6968244314193726
908,0.807200014591217,0.6039751768112183,0.5444999933242798,1.4521173238754272
909,0.8066999912261963,0.6006855964660645,0.5600000023841858,1.409072995185852
910,0.8072999715805054,0.6056025624275208,0.5360000133514404,1.4972110986709595
911,0.8108000159263611,0.5984593629837036,0.5485000014305115,1.443872094154358
912,0.8104000091552734,0.5991149544715881,0.47850000858306885,1.7364252805709839
913,0.8095999956130981,0.6047750115394592,0.5684999823570251,1.3980114459991455
914,0.8149999976158142,0.5920528769493103,0.49900001287460327,1.588250756263733
915,0.8086000084877014,0.6027138233184814,0.5320000052452087,1.5625852346420288
916,0.8116999864578247,0.6003721952438354,0.492000013589859,1.7236039638519287
917,0.8105000257492065,0.5967649221420288,0.49050000309944153,1.8133279085159302
918,0.8123000264167786,0.592426061630249,0.5180000066757202,1.6423118114471436
919,0.8109999895095825,0.5946395993232727,0.5540000200271606,1.441041350364685
920,0.8113999962806702,0.5898381471633911,0.5325000286102295,1.5563414096832275
921,0.8091999888420105,0.595008909702301,0.5515000224113464,1.4193824529647827
922,0.8185999989509583,0.5831798315048218,0.5454999804496765,1.4983491897583008
923,0.8123000264167786,0.5887892842292786,0.5289999842643738,1.507124662399292
924,0.8162000179290771,0.5877418518066406,0.546999990940094,1.5311623811721802
925,0.8190000057220459,0.584006667137146,0.5329999923706055,1.5100178718566895
926,0.8151000142097473,0.5858274102210999,0.5149999856948853,1.6173245906829834
927,0.8162999749183655,0.5815654993057251,0.5479999780654907,1.4476968050003052
928,0.8137999773025513,0.5833371877670288,0.5120000243186951,1.640055537223816
929,0.8167999982833862,0.5775457620620728,0.5120000243186951,1.6208964586257935
930,0.8184999823570251,0.5785017609596252,0.5649999976158142,1.414062738418579
931,0.8220000267028809,0.5763213038444519,0.5519999861717224,1.4578814506530762
932,0.817799985408783,0.5768442749977112,0.5730000138282776,1.3784205913543701
933,0.8162000179290771,0.5792797803878784,0.5239999890327454,1.5477157831192017
934,0.817300021648407,0.5849512219429016,0.5485000014305115,1.4734995365142822
935,0.8176000118255615,0.5753957629203796,0.5404999852180481,1.5201218128204346
936,0.8224999904632568,0.5709090828895569,0.5335000157356262,1.6110503673553467
937,0.8118000030517578,0.5851112604141235,0.515999972820282,1.6112587451934814
938,0.8224999904632568,0.5688170790672302,0.5329999923706055,1.54042387008667
939,0.8213000297546387,0.571597158908844,0.5559999942779541,1.4221060276031494
940,0.8238000273704529,0.5679713487625122,0.5634999871253967,1.430945634841919
941,0.8237000107765198,0.5715587139129639,0.5055000185966492,1.662680983543396
942,0.8220999836921692,0.574845016002655,0.5044999718666077,1.6299781799316406
943,0.8241999745368958,0.5649116635322571,0.5519999861717224,1.4913194179534912
944,0.8259999752044678,0.5638597011566162,0.4909999966621399,1.8845134973526
945,0.8219000101089478,0.5676295161247253,0.44850000739097595,2.1489346027374268
946,0.8213000297546387,0.5711002945899963,0.5364999771118164,1.5785834789276123
947,0.8277999758720398,0.5606153607368469,0.5224999785423279,1.5387554168701172
948,0.8201000094413757,0.5684818625450134,0.5479999780654907,1.5125266313552856
949,0.8256999850273132,0.5611615777015686,0.49950000643730164,1.7057486772537231
950,0.8245999813079834,0.5635912418365479,0.5210000276565552,1.5992375612258911
951,0.824400007724762,0.5586929321289062,0.5400000214576721,1.4909168481826782
952,0.8252999782562256,0.5584525465965271,0.5404999852180481,1.5550864934921265
953,0.8252999782562256,0.5558735728263855,0.5009999871253967,1.7285419702529907
954,0.8288000226020813,0.5521548986434937,0.565500020980835,1.4304380416870117
955,0.8241000175476074,0.5566449761390686,0.546999990940094,1.4950926303863525
956,0.8226000070571899,0.5559156537055969,0.5504999756813049,1.4457283020019531
957,0.8328999876976013,0.546036422252655,0.5565000176429749,1.4584405422210693
958,0.8327000141143799,0.5474092364311218,0.5090000033378601,1.6758445501327515
959,0.8248000144958496,0.5528100728988647,0.5454999804496765,1.4695879220962524
960,0.8299000263214111,0.5481496453285217,0.5559999942779541,1.4718601703643799
961,0.8276000022888184,0.5484797954559326,0.5404999852180481,1.4900528192520142
962,0.8307999968528748,0.5467485189437866,0.5575000047683716,1.4580777883529663
963,0.8343999981880188,0.5448828339576721,0.5534999966621399,1.4623098373413086
964,0.8267999887466431,0.5475655794143677,0.5394999980926514,1.51847243309021
965,0.8341000080108643,0.5412033796310425,0.5095000267028809,1.6933465003967285
966,0.8282999992370605,0.5509528517723083,0.5644999742507935,1.4322620630264282
967,0.8334000110626221,0.5396243929862976,0.5394999980926514,1.50026535987854
968,0.8371999859809875,0.5367448925971985,0.5320000052452087,1.5545216798782349
969,0.8309000134468079,0.5421127676963806,0.4514999985694885,1.9004015922546387
970,0.83160001039505,0.5462021231651306,0.5515000224113464,1.4902008771896362
971,0.8309999704360962,0.5398112535476685,0.5534999966621399,1.4511690139770508
972,0.832099974155426,0.5383194088935852,0.5634999871253967,1.437616229057312
973,0.8345999717712402,0.5347210168838501,0.5270000100135803,1.6419497728347778
974,0.8379999995231628,0.535152792930603,0.4970000088214874,1.734144687652588
975,0.8343999981880188,0.5356320738792419,0.5674999952316284,1.42630136013031
976,0.8373000025749207,0.5293372273445129,0.5199999809265137,1.628109335899353
977,0.8317999839782715,0.5431839823722839,0.5605000257492065,1.5123379230499268
978,0.8346999883651733,0.5298677086830139,0.5584999918937683,1.4239420890808105
979,0.8324999809265137,0.532322347164154,0.5529999732971191,1.4539786577224731
980,0.8377000093460083,0.529790997505188,0.5444999933242798,1.525610089302063
981,0.8378999829292297,0.5323299169540405,0.5404999852180481,1.558993935585022
982,0.8314999938011169,0.5322983860969543,0.5619999766349792,1.4768931865692139
983,0.8450999855995178,0.5165756344795227,0.550000011920929,1.5180338621139526
984,0.8378000259399414,0.5243619084358215,0.5404999852180481,1.51819908618927
985,0.8396999835968018,0.5205032229423523,0.5525000095367432,1.5245541334152222
986,0.8353999853134155,0.5242000818252563,0.5394999980926514,1.6302434206008911
987,0.8391000032424927,0.5244419574737549,0.5580000281333923,1.4946390390396118
988,0.8418999910354614,0.5164196491241455,0.5565000176429749,1.5097897052764893
989,0.8398000001907349,0.5222522020339966,0.5299999713897705,1.5742733478546143
990,0.840499997138977,0.518359363079071,0.531499981880188,1.5711780786514282
991,0.8399999737739563,0.5171158313751221,0.4334999918937683,2.302755355834961
992,0.8335000276565552,0.5434655547142029,0.5615000128746033,1.5126529932022095
993,0.8411999940872192,0.5175310373306274,0.5055000185966492,1.8200255632400513
994,0.8407999873161316,0.5140253305435181,0.5410000085830688,1.6233174800872803
995,0.8463000059127808,0.5101556777954102,0.5554999709129333,1.4763810634613037
996,0.8431000113487244,0.5158630609512329,0.5425000190734863,1.5589380264282227
997,0.8410999774932861,0.5163963437080383,0.5609999895095825,1.4576382637023926
998,0.8438000082969666,0.5100797414779663,0.5184999704360962,1.7365354299545288
999,0.8411999940872192,0.5138227343559265,0.5400000214576721,1.5221740007400513
