epoch,accuracy,loss,val_accuracy,val_loss
0,0.11020000278949738,2.30031156539917,0.09350000321865082,2.2955162525177
1,0.12020000070333481,2.2908849716186523,0.10849999636411667,2.289130926132202
2,0.13359999656677246,2.284254789352417,0.12399999797344208,2.2833237648010254
3,0.14720000326633453,2.278347969055176,0.13850000500679016,2.2780039310455322
4,0.15199999511241913,2.2724177837371826,0.14949999749660492,2.2719016075134277
5,0.15790000557899475,2.2660789489746094,0.15700000524520874,2.265143871307373
6,0.1590999960899353,2.258915901184082,0.1535000056028366,2.257777214050293
7,0.16529999673366547,2.2509500980377197,0.15549999475479126,2.2497355937957764
8,0.17069999873638153,2.241877317428589,0.18199999630451202,2.239737033843994
9,0.18610000610351562,2.2312376499176025,0.17900000512599945,2.2282392978668213
10,0.1923999935388565,2.219090461730957,0.1835000067949295,2.215362310409546
11,0.19789999723434448,2.2050631046295166,0.21050000190734863,2.2008533477783203
12,0.20440000295639038,2.1893272399902344,0.19550000131130219,2.1840157508850098
13,0.21240000426769257,2.1717939376831055,0.2175000011920929,2.164459228515625
14,0.2184000015258789,2.153010129928589,0.21850000321865082,2.1453237533569336
15,0.225600004196167,2.1339497566223145,0.2329999953508377,2.1251437664031982
16,0.2313999980688095,2.11472487449646,0.2224999964237213,2.10856556892395
17,0.2363000065088272,2.0965354442596436,0.23899999260902405,2.0912482738494873
18,0.2425999939441681,2.080632209777832,0.24400000274181366,2.073732614517212
19,0.25,2.0656356811523438,0.24400000274181366,2.059415578842163
20,0.25040000677108765,2.0529067516326904,0.25,2.0476388931274414
21,0.2574999928474426,2.0422098636627197,0.2554999887943268,2.0377771854400635
22,0.2614000141620636,2.0324766635894775,0.25049999356269836,2.0338943004608154
23,0.26600000262260437,2.024385452270508,0.265500009059906,2.024044990539551
24,0.2689000070095062,2.0171282291412354,0.25600001215934753,2.0228896141052246
25,0.26989999413490295,2.010763168334961,0.2644999921321869,2.009263515472412
26,0.2741999924182892,2.004018545150757,0.26899999380111694,2.002326011657715
27,0.2759000062942505,1.998201608657837,0.2669999897480011,1.999629020690918
28,0.27880001068115234,1.99284029006958,0.2745000123977661,1.9950740337371826
29,0.2818000018596649,1.9878478050231934,0.2809999883174896,1.9876517057418823
30,0.2840999960899353,1.983055830001831,0.27900001406669617,1.9803787469863892
31,0.2870999872684479,1.9781304597854614,0.28049999475479126,1.9793988466262817
32,0.2919999957084656,1.9735294580459595,0.2809999883174896,1.971898078918457
33,0.2930999994277954,1.9689255952835083,0.28049999475479126,1.9673606157302856
34,0.29120001196861267,1.964723825454712,0.2840000092983246,1.9645692110061646
35,0.29510000348091125,1.9595460891723633,0.2840000092983246,1.962262749671936
36,0.2992999851703644,1.9559179544448853,0.27900001406669617,1.967099666595459
37,0.29980000853538513,1.9516619443893433,0.2840000092983246,1.951253056526184
38,0.3000999987125397,1.947435975074768,0.2849999964237213,1.947015404701233
39,0.30160000920295715,1.9433645009994507,0.28600001335144043,1.9443761110305786
40,0.3025999963283539,1.93794846534729,0.29350000619888306,1.9456291198730469
41,0.30649998784065247,1.9351953268051147,0.28349998593330383,1.9622387886047363
42,0.3059999942779541,1.9308106899261475,0.296999990940094,1.936331868171692
43,0.3093999922275543,1.9260855913162231,0.28999999165534973,1.9327385425567627
44,0.3118000030517578,1.9226040840148926,0.289000004529953,1.9234106540679932
45,0.3122999966144562,1.918218970298767,0.3009999990463257,1.919521450996399
46,0.3131999969482422,1.9140316247940063,0.28200000524520874,1.949499487876892
47,0.31869998574256897,1.9106634855270386,0.29600000381469727,1.9120614528656006
48,0.31540000438690186,1.9060211181640625,0.2985000014305115,1.9069386720657349
49,0.32010000944137573,1.9015755653381348,0.3050000071525574,1.9068408012390137
50,0.3179999887943268,1.897441029548645,0.3019999861717224,1.9026238918304443
51,0.3206000030040741,1.892858624458313,0.29899999499320984,1.897676706314087
52,0.3271999955177307,1.8885908126831055,0.30149999260902405,1.8945199251174927
53,0.3206999897956848,1.8852325677871704,0.3089999854564667,1.8956270217895508
54,0.3273000121116638,1.8818778991699219,0.29600000381469727,1.894397497177124
55,0.328000009059906,1.8763957023620605,0.3009999990463257,1.895735263824463
56,0.33009999990463257,1.872511386871338,0.3019999861717224,1.8821669816970825
57,0.33320000767707825,1.8678936958312988,0.30649998784065247,1.8764231204986572
58,0.33329999446868896,1.864351749420166,0.30399999022483826,1.874480962753296
59,0.335999995470047,1.8605886697769165,0.2955000102519989,1.8893226385116577
60,0.33570000529289246,1.855458378791809,0.32600000500679016,1.88246488571167
61,0.3386000096797943,1.851568341255188,0.3215000033378601,1.867361068725586
62,0.3368000090122223,1.8463695049285889,0.2994999885559082,1.8965951204299927
63,0.3418000042438507,1.8426488637924194,0.2985000014305115,1.9028183221817017
64,0.3411000072956085,1.83958101272583,0.3070000112056732,1.8667752742767334
65,0.34150001406669617,1.8330146074295044,0.32749998569488525,1.8460501432418823
66,0.34150001406669617,1.8300790786743164,0.31299999356269836,1.8509312868118286
67,0.34459999203681946,1.8247424364089966,0.3230000138282776,1.841395378112793
68,0.3476000130176544,1.8201236724853516,0.33000001311302185,1.8568029403686523
69,0.3490000069141388,1.8164054155349731,0.3230000138282776,1.8337340354919434
70,0.3508000075817108,1.8122496604919434,0.31150001287460327,1.8430801630020142
71,0.35690000653266907,1.8083122968673706,0.335999995470047,1.8190397024154663
72,0.35690000653266907,1.8039624691009521,0.3334999978542328,1.8183940649032593
73,0.3540000021457672,1.7984294891357422,0.33799999952316284,1.8097988367080688
74,0.3578000068664551,1.7934167385101318,0.33550000190734863,1.8086670637130737
75,0.35839998722076416,1.789915680885315,0.34150001406669617,1.8028532266616821
76,0.36079999804496765,1.7853554487228394,0.33250001072883606,1.820921540260315
77,0.36489999294281006,1.7815470695495605,0.33899998664855957,1.7999608516693115
78,0.36480000615119934,1.7764066457748413,0.34049999713897705,1.8366930484771729
79,0.3662000000476837,1.7713944911956787,0.3375000059604645,1.8075312376022339
80,0.36739999055862427,1.7686336040496826,0.33399999141693115,1.7856323719024658
81,0.36480000615119934,1.7635207176208496,0.3569999933242798,1.7785699367523193
82,0.3684000074863434,1.760014295578003,0.33399999141693115,1.796701431274414
83,0.37059998512268066,1.7553668022155762,0.35100001096725464,1.8084197044372559
84,0.37400001287460327,1.7523634433746338,0.3540000021457672,1.779797077178955
85,0.37599998712539673,1.7463855743408203,0.33399999141693115,1.816633939743042
86,0.3732999861240387,1.7424465417861938,0.351500004529953,1.7627259492874146
87,0.37770000100135803,1.7389912605285645,0.3425000011920929,1.7681779861450195
88,0.3767000138759613,1.7359708547592163,0.35100001096725464,1.7586992979049683
89,0.3797999918460846,1.7306407690048218,0.36149999499320984,1.7511626482009888
90,0.3758000135421753,1.7278300523757935,0.3384999930858612,1.792587399482727
91,0.3804999887943268,1.723968505859375,0.367000013589859,1.7570096254348755
92,0.37940001487731934,1.721064805984497,0.36000001430511475,1.8245669603347778
93,0.382999986410141,1.7162115573883057,0.36149999499320984,1.7647161483764648
94,0.3824000060558319,1.7118525505065918,0.3659999966621399,1.736486554145813
95,0.38609999418258667,1.7093009948730469,0.35749998688697815,1.7541316747665405
96,0.3885999917984009,1.7045598030090332,0.36399999260902405,1.7639840841293335
97,0.38830000162124634,1.7014573812484741,0.3765000104904175,1.7347016334533691
98,0.3880999982357025,1.697372317314148,0.3700000047683716,1.7443312406539917
99,0.39089998602867126,1.6940327882766724,0.3725000023841858,1.7363146543502808
100,0.392300009727478,1.691068410873413,0.3725000023841858,1.7248947620391846
101,0.3921999931335449,1.6876617670059204,0.3564999997615814,1.7655080556869507
102,0.39100000262260437,1.684306263923645,0.3490000069141388,1.7869712114334106
103,0.39250001311302185,1.682605504989624,0.38350000977516174,1.7243765592575073
104,0.39500001072883606,1.67787504196167,0.36000001430511475,1.7522763013839722
105,0.3978999853134155,1.674924612045288,0.37299999594688416,1.7249279022216797
106,0.3962000012397766,1.6723027229309082,0.37049999833106995,1.7044637203216553
107,0.40230000019073486,1.667178750038147,0.38499999046325684,1.6985490322113037
108,0.3991999924182892,1.665047287940979,0.3944999873638153,1.687832236289978
109,0.4068000018596649,1.6616148948669434,0.39500001072883606,1.6871776580810547
110,0.4034999907016754,1.6583597660064697,0.36649999022483826,1.761694312095642
111,0.4059999883174896,1.6571228504180908,0.3779999911785126,1.704854965209961
112,0.40310001373291016,1.6526576280593872,0.3840000033378601,1.6960783004760742
113,0.40880000591278076,1.6496716737747192,0.3919999897480011,1.7045488357543945
114,0.40639999508857727,1.646423578262329,0.3774999976158142,1.814381718635559
115,0.4075999855995178,1.6467878818511963,0.3865000009536743,1.735917091369629
116,0.40549999475479126,1.6436201333999634,0.3919999897480011,1.6928191184997559
117,0.4106000065803528,1.6380003690719604,0.39800000190734863,1.684788465499878
118,0.41100001335144043,1.6365450620651245,0.3955000042915344,1.6831568479537964
119,0.41440001130104065,1.6337186098098755,0.4020000100135803,1.6608343124389648
120,0.41499999165534973,1.629736304283142,0.3815000057220459,1.6850557327270508
121,0.41589999198913574,1.6288468837738037,0.40049999952316284,1.6694427728652954
122,0.41690000891685486,1.6237919330596924,0.40149998664855957,1.65597665309906
123,0.414000004529953,1.6230202913284302,0.40950000286102295,1.6651638746261597
124,0.41929998993873596,1.619627594947815,0.40149998664855957,1.652205228805542
125,0.4198000133037567,1.616699457168579,0.40299999713897705,1.683011531829834
126,0.421099990606308,1.613794207572937,0.4065000116825104,1.6764168739318848
127,0.4212999939918518,1.6116621494293213,0.4009999930858612,1.6620728969573975
128,0.42010000348091125,1.6080148220062256,0.38749998807907104,1.782122015953064
129,0.4196999967098236,1.6092621088027954,0.41100001335144043,1.633951187133789
130,0.4251999855041504,1.602972149848938,0.4165000021457672,1.6332613229751587
131,0.4244000017642975,1.602204442024231,0.4059999883174896,1.6507190465927124
132,0.42309999465942383,1.5995073318481445,0.41499999165534973,1.6311441659927368
133,0.4275999963283539,1.595690369606018,0.40950000286102295,1.6440753936767578
134,0.4278999865055084,1.593557596206665,0.4169999957084656,1.6236693859100342
135,0.428600013256073,1.591649055480957,0.4050000011920929,1.6526449918746948
136,0.4325999915599823,1.5909420251846313,0.39649999141693115,1.6429011821746826
137,0.4284999966621399,1.5871069431304932,0.42149999737739563,1.6166759729385376
138,0.4311999976634979,1.5860240459442139,0.4180000126361847,1.615505337715149
139,0.4327000081539154,1.5825207233428955,0.4115000069141388,1.6143282651901245
140,0.43380001187324524,1.5781911611557007,0.41100001335144043,1.6509416103363037
141,0.43059998750686646,1.5774919986724854,0.4194999933242798,1.627103328704834
142,0.43470001220703125,1.5749152898788452,0.421999990940094,1.676512598991394
143,0.43299999833106995,1.5750539302825928,0.42800000309944153,1.6069490909576416
144,0.4345000088214874,1.5714268684387207,0.41850000619888306,1.61613929271698
145,0.43389999866485596,1.5701643228530884,0.42800000309944153,1.6283878087997437
146,0.4392000138759613,1.5663690567016602,0.41749998927116394,1.6093552112579346
147,0.43869999051094055,1.5638748407363892,0.4034999907016754,1.6524146795272827
148,0.4397999942302704,1.5625072717666626,0.3995000123977661,1.7495745420455933
149,0.43869999051094055,1.5632661581039429,0.38600000739097595,1.8000397682189941
150,0.43939998745918274,1.5598644018173218,0.42399999499320984,1.5989086627960205
151,0.44130000472068787,1.5562701225280762,0.4104999899864197,1.6062452793121338
152,0.44429999589920044,1.5544617176055908,0.39800000190734863,1.702057123184204
153,0.44449999928474426,1.553947925567627,0.42899999022483826,1.630901575088501
154,0.4431000053882599,1.5518364906311035,0.4399999976158142,1.582904577255249
155,0.44510000944137573,1.5478585958480835,0.4194999933242798,1.6159980297088623
156,0.44290000200271606,1.5487134456634521,0.40549999475479126,1.6465669870376587
157,0.4422999918460846,1.5465904474258423,0.4255000054836273,1.6021218299865723
158,0.4496000111103058,1.5422017574310303,0.4334999918937683,1.5898783206939697
159,0.4496000111103058,1.5409895181655884,0.4169999957084656,1.6523940563201904
160,0.45170000195503235,1.5400488376617432,0.3919999897480011,1.6311466693878174
161,0.45399999618530273,1.5361119508743286,0.4269999861717224,1.6153934001922607
162,0.451200008392334,1.5357987880706787,0.4065000116825104,1.6548867225646973
163,0.45210000872612,1.5341312885284424,0.42500001192092896,1.6090762615203857
164,0.45089998841285706,1.5330440998077393,0.41100001335144043,1.613657832145691
165,0.4514000117778778,1.53140127658844,0.44200000166893005,1.5779856443405151
166,0.45419999957084656,1.529396653175354,0.4269999861717224,1.601184368133545
167,0.4507000148296356,1.5263956785202026,0.4390000104904175,1.5725024938583374
168,0.453900009393692,1.5232908725738525,0.4269999861717224,1.645338773727417
169,0.45399999618530273,1.5252333879470825,0.4440000057220459,1.5666619539260864
170,0.45339998602867126,1.522582769393921,0.42250001430511475,1.5996997356414795
171,0.454800009727478,1.5243247747421265,0.2619999945163727,2.4018051624298096
172,0.4544999897480011,1.5325053930282593,0.42899999022483826,1.6217594146728516
173,0.4555000066757202,1.5194602012634277,0.4410000145435333,1.5632208585739136
174,0.4542999863624573,1.5174428224563599,0.42250001430511475,1.6463372707366943
175,0.4602999985218048,1.515913724899292,0.4410000145435333,1.5822193622589111
176,0.4584999978542328,1.5127168893814087,0.43849998712539673,1.559982180595398
177,0.4634999930858612,1.5103687047958374,0.421999990940094,1.5995264053344727
178,0.4578000009059906,1.5099718570709229,0.4404999911785126,1.562010407447815
179,0.45730000734329224,1.509284257888794,0.41449999809265137,1.593821406364441
180,0.46309998631477356,1.5063776969909668,0.4235000014305115,1.6237791776657104
181,0.4609000086784363,1.5061211585998535,0.4415000081062317,1.5599051713943481
182,0.462799996137619,1.50441312789917,0.4449999928474426,1.5516340732574463
183,0.4645000100135803,1.4999598264694214,0.42100000381469727,1.5964571237564087
184,0.462799996137619,1.4995372295379639,0.41100001335144043,1.6154190301895142
185,0.46630001068115234,1.5007425546646118,0.4309999942779541,1.5929187536239624
186,0.4641999900341034,1.4986755847930908,0.42500001192092896,1.5758699178695679
187,0.46790000796318054,1.4976317882537842,0.4375,1.6112120151519775
188,0.4683000147342682,1.4937584400177002,0.4544999897480011,1.5401290655136108
189,0.46399998664855957,1.496702790260315,0.44350001215934753,1.589254379272461
190,0.46709999442100525,1.4911880493164062,0.4429999887943268,1.5532974004745483
191,0.4702000021934509,1.489748239517212,0.42899999022483826,1.594123363494873
192,0.4699000120162964,1.491163730621338,0.45399999618530273,1.5469485521316528
193,0.46959999203681946,1.4872801303863525,0.4415000081062317,1.5529688596725464
194,0.46799999475479126,1.4857808351516724,0.4560000002384186,1.5289442539215088
195,0.4681999981403351,1.486000895500183,0.44850000739097595,1.5378278493881226
196,0.4733999967575073,1.4839904308319092,0.4180000126361847,1.5860910415649414
197,0.4690000116825104,1.4827579259872437,0.44600000977516174,1.553115963935852
198,0.47099998593330383,1.4794691801071167,0.45649999380111694,1.5624011754989624
199,0.47189998626708984,1.4799127578735352,0.4645000100135803,1.5265631675720215
200,0.4717999994754791,1.476989984512329,0.41850000619888306,1.652528166770935
201,0.47530001401901245,1.4793484210968018,0.46000000834465027,1.5303531885147095
202,0.475600004196167,1.475279450416565,0.4555000066757202,1.5397650003433228
203,0.47360000014305115,1.4734889268875122,0.46050000190734863,1.5219826698303223
204,0.47369998693466187,1.4740105867385864,0.45399999618530273,1.5274090766906738
205,0.47450000047683716,1.4724857807159424,0.4410000145435333,1.5452518463134766
206,0.4749999940395355,1.4708671569824219,0.46299999952316284,1.5313531160354614
207,0.476500004529953,1.469726800918579,0.4390000104904175,1.5842393636703491
208,0.4779999852180481,1.4711101055145264,0.4404999911785126,1.5444568395614624
209,0.4796999990940094,1.4648188352584839,0.4675000011920929,1.5089515447616577
210,0.47920000553131104,1.4669617414474487,0.4560000002384186,1.5557221174240112
211,0.4788999855518341,1.4642523527145386,0.4584999978542328,1.5585201978683472
212,0.4819999933242798,1.4610241651535034,0.40799999237060547,1.6329245567321777
213,0.47600001096725464,1.4620550870895386,0.4659999907016754,1.5148601531982422
214,0.4794999957084656,1.4610764980316162,0.453000009059906,1.5425723791122437
215,0.4796000123023987,1.4579397439956665,0.4645000100135803,1.5375449657440186
216,0.4767000079154968,1.459517240524292,0.45649999380111694,1.526423692703247
217,0.4830000102519989,1.4546974897384644,0.4494999945163727,1.6047370433807373
218,0.48080000281333923,1.4594964981079102,0.4519999921321869,1.5849186182022095
219,0.484499990940094,1.4543604850769043,0.47049999237060547,1.5151722431182861
220,0.484499990940094,1.4513801336288452,0.46399998664855957,1.5103747844696045
221,0.48010000586509705,1.4535632133483887,0.4569999873638153,1.5243481397628784
222,0.482699990272522,1.45051109790802,0.45750001072883606,1.5197112560272217
223,0.48500001430511475,1.4508254528045654,0.4659999907016754,1.5087685585021973
224,0.48339998722076416,1.4489998817443848,0.4415000081062317,1.5308330059051514
225,0.4851999878883362,1.4467189311981201,0.4235000014305115,1.6113694906234741
226,0.4832000136375427,1.444227933883667,0.45500001311302185,1.543485403060913
227,0.4878999888896942,1.4447435140609741,0.4715000092983246,1.4973552227020264
228,0.48249998688697815,1.443716049194336,0.39500001072883606,1.7848600149154663
229,0.4880000054836273,1.4435168504714966,0.42100000381469727,1.6611217260360718
230,0.491100013256073,1.4445997476577759,0.44600000977516174,1.5535537004470825
231,0.4896000027656555,1.438862919807434,0.44449999928474426,1.5491324663162231
232,0.48410001397132874,1.4400005340576172,0.4449999928474426,1.5300967693328857
233,0.4912000000476837,1.4372085332870483,0.4410000145435333,1.536750078201294
234,0.486299991607666,1.4386558532714844,0.45500001311302185,1.5626581907272339
235,0.4902999997138977,1.4360548257827759,0.4634999930858612,1.5058221817016602
236,0.4878999888896942,1.4332823753356934,0.47350001335144043,1.5047911405563354
237,0.492000013589859,1.4341580867767334,0.4634999930858612,1.4971461296081543
238,0.49059998989105225,1.4319649934768677,0.4620000123977661,1.5428004264831543
239,0.49160000681877136,1.4293475151062012,0.44600000977516174,1.5411899089813232
240,0.4952999949455261,1.4295997619628906,0.3619999885559082,1.9278291463851929
241,0.49300000071525574,1.4316966533660889,0.4684999883174896,1.4962273836135864
242,0.49300000071525574,1.426997423171997,0.4779999852180481,1.5086201429367065
243,0.49559998512268066,1.4281588792800903,0.4580000042915344,1.5087056159973145
244,0.49799999594688416,1.423961877822876,0.46000000834465027,1.5127971172332764
245,0.4973999857902527,1.4278122186660767,0.47749999165534973,1.487069845199585
246,0.4957999885082245,1.4225763082504272,0.4569999873638153,1.5150107145309448
247,0.4977000057697296,1.4213894605636597,0.44699999690055847,1.5212697982788086
248,0.49880000948905945,1.4246479272842407,0.4560000002384186,1.5141667127609253
249,0.4959000051021576,1.418593406677246,0.46399998664855957,1.5079188346862793
250,0.49549999833106995,1.4195516109466553,0.44200000166893005,1.5541294813156128
251,0.4959999918937683,1.4226691722869873,0.47450000047683716,1.4823720455169678
252,0.49900001287460327,1.416076421737671,0.46149998903274536,1.4973775148391724
253,0.4952999949455261,1.416504979133606,0.46650001406669617,1.5070030689239502
254,0.5,1.414381980895996,0.47600001096725464,1.5073931217193604
255,0.49970000982284546,1.4127227067947388,0.4154999852180481,1.6328686475753784
256,0.499099999666214,1.4153021574020386,0.42250001430511475,1.598185658454895
257,0.49720001220703125,1.4162988662719727,0.4490000009536743,1.539664387702942
258,0.499099999666214,1.411820650100708,0.47450000047683716,1.4784619808197021
259,0.5019000172615051,1.410792350769043,0.48100000619888306,1.4734904766082764
260,0.5016000270843506,1.4076627492904663,0.484499990940094,1.4677793979644775
261,0.5034999847412109,1.4048353433609009,0.46050000190734863,1.5628976821899414
262,0.49779999256134033,1.4065033197402954,0.4934999942779541,1.4678715467453003
263,0.506600022315979,1.405526041984558,0.4805000126361847,1.4977288246154785
264,0.5019000172615051,1.4060590267181396,0.47699999809265137,1.4752684831619263
265,0.5041999816894531,1.4072060585021973,0.4699999988079071,1.4871593713760376
266,0.5038999915122986,1.4020097255706787,0.48649999499320984,1.470373272895813
267,0.5026999711990356,1.4029223918914795,0.4819999933242798,1.477874994277954
268,0.5034999847412109,1.4025359153747559,0.4715000092983246,1.4782713651657104
269,0.5047000050544739,1.4008245468139648,0.47699999809265137,1.4796557426452637
270,0.5076000094413757,1.3982964754104614,0.48350000381469727,1.4839377403259277
271,0.5042999982833862,1.397347092628479,0.4595000147819519,1.4955250024795532
272,0.5059999823570251,1.399898886680603,0.48500001430511475,1.4667478799819946
273,0.5045999884605408,1.393595814704895,0.4945000112056732,1.4539995193481445
274,0.5055999755859375,1.3951369524002075,0.460999995470047,1.5298789739608765
275,0.5056999921798706,1.3972400426864624,0.46700000762939453,1.5340774059295654
276,0.5070000290870667,1.3932198286056519,0.4814999997615814,1.5004701614379883
277,0.5055999755859375,1.3909528255462646,0.47049999237060547,1.4887861013412476
278,0.5065000057220459,1.3908554315567017,0.4884999990463257,1.4719903469085693
279,0.508400022983551,1.3896558284759521,0.4625000059604645,1.496036410331726
280,0.507099986076355,1.3885084390640259,0.4740000069141388,1.4784889221191406
281,0.5091000199317932,1.3856297731399536,0.492000013589859,1.4457021951675415
282,0.5115000009536743,1.390397548675537,0.4749999940395355,1.4908241033554077
283,0.5091999769210815,1.3859573602676392,0.4855000078678131,1.4578402042388916
284,0.5081999897956848,1.3811312913894653,0.48899999260902405,1.4510248899459839
285,0.5134000182151794,1.3824020624160767,0.44749999046325684,1.5172396898269653
286,0.5098000168800354,1.381481647491455,0.42800000309944153,1.6043848991394043
287,0.5091000199317932,1.3877090215682983,0.43549999594688416,1.6438310146331787
288,0.5098999738693237,1.3834835290908813,0.4819999933242798,1.4683258533477783
289,0.510200023651123,1.3778918981552124,0.48899999260902405,1.4574555158615112
290,0.510699987411499,1.378908634185791,0.48399999737739563,1.451561450958252
291,0.5131000280380249,1.3768393993377686,0.492000013589859,1.450952172279358
292,0.5113000273704529,1.3800792694091797,0.48500001430511475,1.4532588720321655
293,0.5146999955177307,1.3743877410888672,0.484499990940094,1.4555187225341797
294,0.513700008392334,1.3745168447494507,0.4104999899864197,1.7430393695831299
295,0.513700008392334,1.380960464477539,0.4909999966621399,1.4510115385055542
296,0.5180000066757202,1.3708891868591309,0.4925000071525574,1.4585810899734497
297,0.5159000158309937,1.3729661703109741,0.4959999918937683,1.4420775175094604
298,0.5127000212669373,1.3721766471862793,0.4894999861717224,1.4524279832839966
299,0.5152999758720398,1.371991753578186,0.4634999930858612,1.4816805124282837
300,0.5159000158309937,1.3686769008636475,0.48249998688697815,1.4574412107467651
301,0.5159000158309937,1.370983600616455,0.42250001430511475,1.5652378797531128
302,0.517300009727478,1.367098093032837,0.4754999876022339,1.4766069650650024
303,0.5164999961853027,1.3682963848114014,0.39149999618530273,1.8670660257339478
304,0.5178999900817871,1.3703320026397705,0.4814999997615814,1.4533686637878418
305,0.5212000012397766,1.3652113676071167,0.4284999966621399,1.545204758644104
306,0.517799973487854,1.364790678024292,0.47999998927116394,1.4612877368927002
307,0.5171999931335449,1.363938331604004,0.48899999260902405,1.4987848997116089
308,0.5198000073432922,1.3610866069793701,0.49300000071525574,1.444742202758789
309,0.5174999833106995,1.358885407447815,0.4945000112056732,1.4409428834915161
310,0.520799994468689,1.3584169149398804,0.4819999933242798,1.4452072381973267
311,0.5185999870300293,1.35893714427948,0.47450000047683716,1.469899296760559
312,0.5202000141143799,1.3631285429000854,0.48750001192092896,1.444102168083191
313,0.5231000185012817,1.3537276983261108,0.4984999895095825,1.4425362348556519
314,0.5199000239372253,1.3561640977859497,0.4975000023841858,1.4328852891921997
315,0.5231999754905701,1.3554785251617432,0.49149999022483826,1.4450693130493164
316,0.5194000005722046,1.3593584299087524,0.4925000071525574,1.4432004690170288
317,0.5198000073432922,1.357008934020996,0.49549999833106995,1.4293901920318604
318,0.5217000246047974,1.3532377481460571,0.4880000054836273,1.4346987009048462
319,0.5230000019073486,1.3548808097839355,0.47450000047683716,1.4811245203018188
320,0.5235999822616577,1.3471271991729736,0.4684999883174896,1.464660882949829
321,0.5202000141143799,1.3528929948806763,0.4830000102519989,1.443152666091919
322,0.5246999859809875,1.3501487970352173,0.4690000116825104,1.490570306777954
323,0.5238000154495239,1.3510605096817017,0.46650001406669617,1.4715749025344849
324,0.5238999724388123,1.35181725025177,0.4805000126361847,1.4552212953567505
325,0.5252000093460083,1.3486131429672241,0.4325000047683716,1.5566959381103516
326,0.5271999835968018,1.344081997871399,0.492000013589859,1.4882628917694092
327,0.5267000198364258,1.3445563316345215,0.47749999165534973,1.522750735282898
328,0.5241000056266785,1.345651626586914,0.5024999976158142,1.4496102333068848
329,0.527400016784668,1.3436810970306396,0.5015000104904175,1.4252071380615234
330,0.5267000198364258,1.3421393632888794,0.4724999964237213,1.4820029735565186
331,0.527999997138977,1.3420454263687134,0.4884999990463257,1.4893698692321777
332,0.5252000093460083,1.342254400253296,0.4830000102519989,1.451338291168213
333,0.5299000144004822,1.3383818864822388,0.5019999742507935,1.4179744720458984
334,0.5317999720573425,1.3375006914138794,0.429500013589859,1.5903114080429077
335,0.526199996471405,1.3402502536773682,0.49799999594688416,1.4113651514053345
336,0.527400016784668,1.3370667695999146,0.476500004529953,1.446614146232605
337,0.5281000137329102,1.336441159248352,0.49050000309944153,1.4136669635772705
338,0.527400016784668,1.334944725036621,0.503000020980835,1.4073047637939453
339,0.5285999774932861,1.3321022987365723,0.47200000286102295,1.4693264961242676
340,0.5260000228881836,1.3333240747451782,0.4375,1.5533061027526855
341,0.5273000001907349,1.3338782787322998,0.5049999952316284,1.421876311302185
342,0.5300999879837036,1.332214593887329,0.47350001335144043,1.4778767824172974
343,0.5325000286102295,1.3308064937591553,0.4909999966621399,1.4348108768463135
344,0.5310999751091003,1.333097219467163,0.5019999742507935,1.464318037033081
345,0.5266000032424927,1.3334327936172485,0.49399998784065247,1.4292781352996826
346,0.5304999947547913,1.3277411460876465,0.48500001430511475,1.443512201309204
347,0.5343999862670898,1.3266050815582275,0.5059999823570251,1.443249225616455
348,0.5333999991416931,1.3276981115341187,0.4984999895095825,1.4242823123931885
349,0.5300999879837036,1.32998788356781,0.43799999356269836,1.5665522813796997
350,0.5327000021934509,1.3242486715316772,0.43050000071525574,1.6315686702728271
351,0.5327000021934509,1.325558066368103,0.4699999988079071,1.4517608880996704
352,0.5336999893188477,1.3225096464157104,0.4970000088214874,1.4167771339416504
353,0.5336999893188477,1.322755217552185,0.5174999833106995,1.4250118732452393
354,0.531000018119812,1.3235903978347778,0.49399998784065247,1.4201864004135132
355,0.5385000109672546,1.319907307624817,0.48350000381469727,1.4390500783920288
356,0.5367000102996826,1.3181687593460083,0.4690000116825104,1.5581127405166626
357,0.5309000015258789,1.3204843997955322,0.47999998927116394,1.4655698537826538
358,0.5364999771118164,1.3211528062820435,0.5074999928474426,1.4019606113433838
359,0.5358999967575073,1.3229767084121704,0.453000009059906,1.5251188278198242
360,0.5371000170707703,1.3222863674163818,0.5040000081062317,1.4117326736450195
361,0.5353999733924866,1.3147764205932617,0.484499990940094,1.4599891901016235
362,0.5356000065803528,1.3121901750564575,0.515999972820282,1.4012608528137207
363,0.5389999747276306,1.3135989904403687,0.4959999918937683,1.4844249486923218
364,0.5382999777793884,1.3148653507232666,0.4959999918937683,1.4246275424957275
365,0.5407999753952026,1.3131206035614014,0.4880000054836273,1.4159648418426514
366,0.5385000109672546,1.311381220817566,0.5044999718666077,1.396514654159546
367,0.5410000085830688,1.3096246719360352,0.4724999964237213,1.4833130836486816
368,0.5371000170707703,1.3115376234054565,0.503000020980835,1.410914421081543
369,0.5393999814987183,1.3085851669311523,0.5149999856948853,1.3906141519546509
370,0.5388000011444092,1.3061147928237915,0.48500001430511475,1.4544308185577393
371,0.5393999814987183,1.3156977891921997,0.4819999933242798,1.4742436408996582
372,0.5388000011444092,1.305732250213623,0.4675000011920929,1.4719817638397217
373,0.5400000214576721,1.3050674200057983,0.49799999594688416,1.4007302522659302
374,0.5379999876022339,1.3045068979263306,0.4555000066757202,1.4934355020523071
375,0.5375999808311462,1.306414008140564,0.4794999957084656,1.4467259645462036
376,0.5404999852180481,1.30690336227417,0.42899999022483826,1.7568209171295166
377,0.541100025177002,1.3097383975982666,0.4684999883174896,1.5159801244735718
378,0.5404999852180481,1.3004605770111084,0.4359999895095825,1.6046338081359863
379,0.5396999716758728,1.305029273033142,0.5009999871253967,1.420740008354187
380,0.5379999876022339,1.300378441810608,0.4950000047683716,1.4303399324417114
381,0.5436000227928162,1.297226905822754,0.515999972820282,1.3834855556488037
382,0.5450999736785889,1.297363519668579,0.4805000126361847,1.46199631690979
383,0.5428000092506409,1.2968132495880127,0.4925000071525574,1.4309200048446655
384,0.5440999865531921,1.2980073690414429,0.5080000162124634,1.389479398727417
385,0.5418999791145325,1.2994190454483032,0.5195000171661377,1.408860445022583
386,0.5436000227928162,1.2928532361984253,0.49000000953674316,1.4151126146316528
387,0.5443000197410583,1.2929612398147583,0.4945000112056732,1.3981122970581055
388,0.546500027179718,1.2955149412155151,0.4740000069141388,1.4783480167388916
389,0.5447999835014343,1.2954473495483398,0.4180000126361847,1.6253610849380493
390,0.5437999963760376,1.2963402271270752,0.5145000219345093,1.380229115486145
391,0.5472999811172485,1.293489694595337,0.5059999823570251,1.4513200521469116
392,0.546999990940094,1.289503812789917,0.5070000290870667,1.3795987367630005
393,0.5475999712944031,1.2886995077133179,0.48649999499320984,1.460805892944336
394,0.5465999841690063,1.29349946975708,0.4410000145435333,1.5574829578399658
395,0.5454999804496765,1.2911077737808228,0.5180000066757202,1.3890877962112427
396,0.5460000038146973,1.2878344058990479,0.48399999737739563,1.4477509260177612
397,0.5464000105857849,1.2922641038894653,0.4620000123977661,1.4903849363327026
398,0.5472999811172485,1.2884130477905273,0.4345000088214874,1.601121425628662
399,0.546500027179718,1.290113091468811,0.48350000381469727,1.4400163888931274
400,0.546999990940094,1.2842013835906982,0.5139999985694885,1.404313325881958
401,0.5479000210762024,1.2860186100006104,0.5220000147819519,1.3864835500717163
402,0.5440000295639038,1.2824968099594116,0.46399998664855957,1.5079368352890015
403,0.5503000020980835,1.2824944257736206,0.5109999775886536,1.381425380706787
404,0.5476999878883362,1.2821872234344482,0.5034999847412109,1.399169921875
405,0.5468000173568726,1.2792177200317383,0.4505000114440918,1.6600136756896973
406,0.5478000044822693,1.2879348993301392,0.4715000092983246,1.4475594758987427
407,0.5514000058174133,1.2795016765594482,0.49900001287460327,1.4039274454116821
408,0.5498999953269958,1.2791858911514282,0.5224999785423279,1.3634449243545532
409,0.5534999966621399,1.2770353555679321,0.515500009059906,1.3832675218582153
410,0.5526000261306763,1.2716236114501953,0.46399998664855957,1.556636095046997
411,0.5479999780654907,1.2763030529022217,0.512499988079071,1.3752847909927368
412,0.5522000193595886,1.277091145515442,0.43849998712539673,1.600576400756836
413,0.5546000003814697,1.278334140777588,0.5059999823570251,1.4135926961898804
414,0.5533000230789185,1.2714835405349731,0.4945000112056732,1.3941172361373901
415,0.5476999878883362,1.2766156196594238,0.484499990940094,1.444861650466919
416,0.5511999726295471,1.2703335285186768,0.4880000054836273,1.4108860492706299
417,0.5516999959945679,1.2694337368011475,0.503000020980835,1.3844717741012573
418,0.5498999953269958,1.2706536054611206,0.41850000619888306,1.6115761995315552
419,0.553600013256073,1.274872899055481,0.4950000047683716,1.4240132570266724
420,0.5541999936103821,1.2664141654968262,0.44999998807907104,1.5174020528793335
421,0.5570999979972839,1.2688369750976562,0.35199999809265137,2.0500948429107666
422,0.5523999929428101,1.272403597831726,0.49300000071525574,1.4818753004074097
423,0.5601999759674072,1.2649295330047607,0.45350000262260437,1.6473371982574463
424,0.5597000122070312,1.262270450592041,0.49149999022483826,1.4407504796981812
425,0.5562999844551086,1.264567494392395,0.5164999961853027,1.368649959564209
426,0.558899998664856,1.2618367671966553,0.5074999928474426,1.3732874393463135
427,0.5550000071525574,1.2646620273590088,0.5149999856948853,1.3835312128067017
428,0.5576000213623047,1.2622495889663696,0.5220000147819519,1.3631800413131714
429,0.5565999746322632,1.263683795928955,0.4165000021457672,1.7453573942184448
430,0.5551000237464905,1.2679387331008911,0.4884999990463257,1.4496071338653564
431,0.5557000041007996,1.2587321996688843,0.5214999914169312,1.3667300939559937
432,0.5580999851226807,1.2583048343658447,0.4690000116825104,1.461084008216858
433,0.560699999332428,1.2575600147247314,0.5184999704360962,1.3584998846054077
434,0.5584999918937683,1.2533010244369507,0.484499990940094,1.4247069358825684
435,0.5551000237464905,1.254854440689087,0.5145000219345093,1.4010580778121948
436,0.5577999949455261,1.2557049989700317,0.5080000162124634,1.4251072406768799
437,0.5583000183105469,1.253185749053955,0.4970000088214874,1.389627456665039
438,0.5600000023841858,1.2510665655136108,0.5034999847412109,1.4445538520812988
439,0.5570999979972839,1.2520073652267456,0.5074999928474426,1.409480094909668
440,0.5591999888420105,1.251448392868042,0.5084999799728394,1.3849170207977295
441,0.5564000010490417,1.2542088031768799,0.5220000147819519,1.3712310791015625
442,0.5600000023841858,1.253112554550171,0.515999972820282,1.3764759302139282
443,0.5608000159263611,1.2492035627365112,0.5139999985694885,1.4276913404464722
444,0.5637999773025513,1.2494081258773804,0.4449999928474426,1.5405025482177734
445,0.5619000196456909,1.2485573291778564,0.4880000054836273,1.4417153596878052
446,0.5601000189781189,1.2496877908706665,0.49000000953674316,1.4346131086349487
447,0.5609999895095825,1.2435065507888794,0.45249998569488525,1.5994088649749756
448,0.5638999938964844,1.2492269277572632,0.48350000381469727,1.4169120788574219
449,0.5604000091552734,1.248832106590271,0.5299999713897705,1.3446825742721558
450,0.5619999766349792,1.2441489696502686,0.5040000081062317,1.4036892652511597
451,0.5611000061035156,1.2451306581497192,0.4634999930858612,1.4776451587677002
452,0.5612999796867371,1.2455090284347534,0.5304999947547913,1.3458030223846436
453,0.5670999884605408,1.237585425376892,0.4934999942779541,1.406313180923462
454,0.567300021648407,1.237731695175171,0.5105000138282776,1.390714168548584
455,0.5622000098228455,1.2393525838851929,0.4959999918937683,1.4142273664474487
456,0.5627999901771545,1.245896577835083,0.503000020980835,1.4036273956298828
457,0.5638999938964844,1.2378591299057007,0.4909999966621399,1.4472390413284302
458,0.5625,1.2427165508270264,0.4909999966621399,1.4056628942489624
459,0.5622000098228455,1.2358704805374146,0.527999997138977,1.3649564981460571
460,0.5662000179290771,1.2364405393600464,0.49950000643730164,1.4594589471817017
461,0.5666999816894531,1.2387723922729492,0.4555000066757202,1.5800251960754395
462,0.5623000264167786,1.2415926456451416,0.4514999985694885,1.5670613050460815
463,0.5656999945640564,1.23606276512146,0.49050000309944153,1.4329617023468018
464,0.5641999840736389,1.2336421012878418,0.5034999847412109,1.4053969383239746
465,0.5662999749183655,1.2354050874710083,0.5034999847412109,1.3950374126434326
466,0.5695000290870667,1.233822226524353,0.5130000114440918,1.4057905673980713
467,0.5665000081062317,1.231058120727539,0.4794999957084656,1.4395188093185425
468,0.5667999982833862,1.2291359901428223,0.5040000081062317,1.395068645477295
469,0.5652999877929688,1.2322427034378052,0.5015000104904175,1.4000296592712402
470,0.5672000050544739,1.230988621711731,0.5115000009536743,1.3587663173675537
471,0.5651999711990356,1.23336660861969,0.512499988079071,1.3753341436386108
472,0.5706999897956848,1.2268283367156982,0.5235000252723694,1.3385008573532104
473,0.5690000057220459,1.232851505279541,0.5189999938011169,1.4004945755004883
474,0.5684999823570251,1.2294948101043701,0.5189999938011169,1.3493353128433228
475,0.566100001335144,1.2279771566390991,0.5015000104904175,1.3733150959014893
476,0.5674999952316284,1.2242348194122314,0.43700000643730164,1.5814629793167114
477,0.565500020980835,1.2232495546340942,0.5090000033378601,1.362478256225586
478,0.5677000284194946,1.2210849523544312,0.4819999933242798,1.46974778175354
479,0.5666999816894531,1.2247945070266724,0.5019999742507935,1.4274098873138428
480,0.5687000155448914,1.221280813217163,0.5149999856948853,1.3610659837722778
481,0.5738000273704529,1.218430995941162,0.5105000138282776,1.4016246795654297
482,0.5701000094413757,1.2225043773651123,0.46399998664855957,1.4990730285644531
483,0.5694000124931335,1.22083580493927,0.5230000019073486,1.338263988494873
484,0.567799985408783,1.2193714380264282,0.5285000205039978,1.3436235189437866
485,0.5745999813079834,1.2200065851211548,0.5285000205039978,1.3330588340759277
486,0.5710999965667725,1.2188633680343628,0.5235000252723694,1.3429040908813477
487,0.5730999708175659,1.2150839567184448,0.534500002861023,1.3533153533935547
488,0.5724999904632568,1.2171417474746704,0.49300000071525574,1.4519224166870117
489,0.5702999830245972,1.21859610080719,0.5074999928474426,1.363266944885254
490,0.573199987411499,1.2154653072357178,0.4964999854564667,1.4707014560699463
491,0.571399986743927,1.2191389799118042,0.5055000185966492,1.363031268119812
492,0.5756000280380249,1.212295651435852,0.4959999918937683,1.4413859844207764
493,0.5738000273704529,1.2102323770523071,0.46700000762939453,1.4891424179077148
494,0.5723999738693237,1.2198271751403809,0.5084999799728394,1.4704079627990723
495,0.5723000168800354,1.2165625095367432,0.49950000643730164,1.4064576625823975
496,0.5752999782562256,1.209130883216858,0.5040000081062317,1.411336898803711
497,0.5770000219345093,1.2120834589004517,0.515999972820282,1.3821725845336914
498,0.5752000212669373,1.2107073068618774,0.492000013589859,1.42264723777771
499,0.5755000114440918,1.2065502405166626,0.5065000057220459,1.3811615705490112
500,0.5755000114440918,1.2074891328811646,0.5145000219345093,1.3907318115234375
501,0.5740000009536743,1.209236741065979,0.5205000042915344,1.3767040967941284
502,0.5760999917984009,1.2052973508834839,0.4909999966621399,1.4783318042755127
503,0.5764999985694885,1.2094871997833252,0.48649999499320984,1.4612398147583008
504,0.5770000219345093,1.2061694860458374,0.4805000126361847,1.4884587526321411
505,0.576200008392334,1.2099337577819824,0.531499981880188,1.3207902908325195
506,0.5789999961853027,1.2066787481307983,0.5220000147819519,1.3488205671310425
507,0.578000009059906,1.202817440032959,0.5195000171661377,1.3638821840286255
508,0.5756999850273132,1.2091392278671265,0.5139999985694885,1.3698079586029053
509,0.5807999968528748,1.20498788356781,0.5254999995231628,1.3793405294418335
510,0.5756000280380249,1.2042396068572998,0.515999972820282,1.3279366493225098
511,0.5825999975204468,1.1975655555725098,0.4950000047683716,1.4041578769683838
512,0.5748999714851379,1.1976851224899292,0.5375000238418579,1.332012414932251
513,0.57669997215271,1.1979576349258423,0.5289999842643738,1.3309940099716187
514,0.5746999979019165,1.2001962661743164,0.4410000145435333,1.785459280014038
515,0.5764999985694885,1.2073246240615845,0.5145000219345093,1.3798649311065674
516,0.5805000066757202,1.1971834897994995,0.4490000009536743,1.5440852642059326
517,0.5788000226020813,1.1981552839279175,0.453000009059906,1.700260043144226
518,0.579200029373169,1.2024991512298584,0.4749999940395355,1.439883828163147
519,0.5795999765396118,1.194105625152588,0.4790000021457672,1.4644558429718018
520,0.5795000195503235,1.1936354637145996,0.4690000116825104,1.5002895593643188
521,0.5807999968528748,1.1931530237197876,0.5199999809265137,1.3507217168807983
522,0.5827000141143799,1.1945229768753052,0.5174999833106995,1.3767189979553223
523,0.5853000283241272,1.1879383325576782,0.48649999499320984,1.5064280033111572
524,0.5800999999046326,1.1912659406661987,0.45350000262260437,1.5572408437728882
525,0.5800999999046326,1.1924772262573242,0.4339999854564667,1.6657214164733887
526,0.5821999907493591,1.1920082569122314,0.5299999713897705,1.357803225517273
527,0.5838000178337097,1.1864351034164429,0.49900001287460327,1.3821953535079956
528,0.583299994468689,1.1906818151474,0.5005000233650208,1.4146531820297241
529,0.582099974155426,1.1894843578338623,0.4779999852180481,1.5051162242889404
530,0.5831999778747559,1.1906895637512207,0.5210000276565552,1.337214708328247
531,0.582099974155426,1.1846299171447754,0.531000018119812,1.3270946741104126
532,0.5885000228881836,1.181674599647522,0.5095000267028809,1.370369553565979
533,0.5842999815940857,1.1835691928863525,0.492000013589859,1.4331732988357544
534,0.5860000252723694,1.1875193119049072,0.5184999704360962,1.3609730005264282
535,0.5839999914169312,1.186006784439087,0.44749999046325684,1.5865145921707153
536,0.58160001039505,1.187597632408142,0.4729999899864197,1.5324286222457886
537,0.5802000164985657,1.1846647262573242,0.460999995470047,1.5272530317306519
538,0.5860999822616577,1.1804319620132446,0.5325000286102295,1.3431199789047241
539,0.5931000113487244,1.1709750890731812,0.49399998784065247,1.415659785270691
540,0.5879999995231628,1.1781197786331177,0.5134999752044678,1.3722078800201416
541,0.5853999853134155,1.1792970895767212,0.49300000071525574,1.5264413356781006
542,0.5853000283241272,1.1808949708938599,0.4580000042915344,1.4663258790969849
543,0.5856999754905701,1.181715965270996,0.5145000219345093,1.3711365461349487
544,0.5831000208854675,1.1784507036209106,0.4894999861717224,1.4262704849243164
545,0.5861999988555908,1.1834684610366821,0.40049999952316284,1.8066130876541138
546,0.5885999798774719,1.182221531867981,0.5040000081062317,1.3992927074432373
547,0.5855000019073486,1.1763341426849365,0.5429999828338623,1.305300235748291
548,0.5922999978065491,1.1700739860534668,0.5199999809265137,1.3759902715682983
549,0.5835000276565552,1.176873803138733,0.5015000104904175,1.5463628768920898
550,0.5920000076293945,1.1731947660446167,0.5139999985694885,1.408271074295044
551,0.5866000056266785,1.1724494695663452,0.5375000238418579,1.3538066148757935
552,0.59170001745224,1.173069953918457,0.5149999856948853,1.4195127487182617
553,0.589900016784668,1.168846845626831,0.5090000033378601,1.3848586082458496
554,0.5881999731063843,1.1745907068252563,0.5105000138282776,1.4059988260269165
555,0.5914999842643738,1.1709916591644287,0.5274999737739563,1.3616549968719482
556,0.590399980545044,1.1712740659713745,0.5295000076293945,1.4161871671676636
557,0.5924999713897705,1.1655912399291992,0.49549999833106995,1.410325288772583
558,0.5863000154495239,1.169411063194275,0.46399998664855957,1.5556848049163818
559,0.5922999978065491,1.1674050092697144,0.46799999475479126,1.4805550575256348
560,0.5898000001907349,1.168007731437683,0.5329999923706055,1.3536418676376343
561,0.5884000062942505,1.1648876667022705,0.48100000619888306,1.4489967823028564
562,0.5895000100135803,1.1679954528808594,0.5224999785423279,1.3601754903793335
563,0.5938000082969666,1.1612281799316406,0.5320000052452087,1.320992350578308
564,0.5927000045776367,1.1650981903076172,0.5360000133514404,1.308827519416809
565,0.5907999873161316,1.1615228652954102,0.4334999918937683,1.7345503568649292
566,0.5900999903678894,1.170189380645752,0.4284999966621399,1.626938819885254
567,0.5925999879837036,1.1663175821304321,0.5034999847412109,1.427722692489624
568,0.5898000001907349,1.1594129800796509,0.5084999799728394,1.3942792415618896
569,0.5939000248908997,1.1643410921096802,0.48649999499320984,1.412166953086853
570,0.5946999788284302,1.1555263996124268,0.4970000088214874,1.5212740898132324
571,0.5965999960899353,1.1560028791427612,0.5370000004768372,1.3095424175262451
572,0.5924000144004822,1.1546419858932495,0.5304999947547913,1.3266414403915405
573,0.5957000255584717,1.156064510345459,0.5370000004768372,1.310286283493042
574,0.5934000015258789,1.155243992805481,0.5055000185966492,1.445283055305481
575,0.5952000021934509,1.1541812419891357,0.5084999799728394,1.3586176633834839
576,0.5928999781608582,1.160978078842163,0.4970000088214874,1.44792902469635
577,0.5928000211715698,1.1581532955169678,0.5260000228881836,1.3551476001739502
578,0.5946000218391418,1.1544893980026245,0.5325000286102295,1.321027398109436
579,0.5982999801635742,1.1491187810897827,0.4480000138282776,1.6463310718536377
580,0.5943999886512756,1.1619789600372314,0.5149999856948853,1.36590576171875
581,0.5932999849319458,1.1514328718185425,0.49399998784065247,1.4446861743927002
582,0.5928000211715698,1.152633786201477,0.515500009059906,1.3665645122528076
583,0.5925999879837036,1.1503053903579712,0.5095000267028809,1.380324363708496
584,0.5945000052452087,1.1471894979476929,0.5429999828338623,1.3078458309173584
585,0.5942000150680542,1.1510570049285889,0.5149999856948853,1.3922600746154785
586,0.5953999757766724,1.149024486541748,0.5174999833106995,1.3652393817901611
587,0.5968999862670898,1.1498762369155884,0.5479999780654907,1.2982112169265747
588,0.5950999855995178,1.1460989713668823,0.453000009059906,1.574286699295044
589,0.5947999954223633,1.147900938987732,0.5299999713897705,1.3216880559921265
590,0.6007999777793884,1.1439015865325928,0.5350000262260437,1.3219608068466187
591,0.5975000262260437,1.1399320363998413,0.5360000133514404,1.3695950508117676
592,0.5957000255584717,1.1448578834533691,0.5235000252723694,1.3881899118423462
593,0.6000999808311462,1.1378757953643799,0.46050000190734863,1.6057497262954712
594,0.5932000279426575,1.1520415544509888,0.4494999945163727,1.6042169332504272
595,0.597100019454956,1.1441458463668823,0.5450000166893005,1.3113585710525513
596,0.5974000096321106,1.145282506942749,0.5174999833106995,1.35628342628479
597,0.593500018119812,1.1478921175003052,0.5304999947547913,1.3242144584655762
598,0.6014000177383423,1.13484787940979,0.5360000133514404,1.3251373767852783
599,0.5989999771118164,1.1430784463882446,0.5525000095367432,1.2984867095947266
600,0.5985999703407288,1.1402417421340942,0.5019999742507935,1.4030004739761353
601,0.5982000231742859,1.136307716369629,0.476500004529953,1.5760340690612793
602,0.5985000133514404,1.1431688070297241,0.5414999723434448,1.3015207052230835
603,0.598800003528595,1.1342464685440063,0.5475000143051147,1.2904220819473267
604,0.5997999906539917,1.1383613348007202,0.492000013589859,1.4522978067398071
605,0.5972999930381775,1.1366569995880127,0.4819999933242798,1.4364346265792847
606,0.6003999710083008,1.1369692087173462,0.48350000381469727,1.4509732723236084
607,0.5982999801635742,1.1431816816329956,0.4584999978542328,1.5210916996002197
608,0.5996000170707703,1.1314603090286255,0.4480000138282776,1.7849245071411133
609,0.6003999710083008,1.1386548280715942,0.4855000078678131,1.451587438583374
610,0.600600004196167,1.131253957748413,0.5249999761581421,1.3455358743667603
611,0.6007999777793884,1.1297138929367065,0.5354999899864197,1.348179817199707
612,0.5999000072479248,1.134657859802246,0.5189999938011169,1.3780491352081299
613,0.5996999740600586,1.1295514106750488,0.5230000019073486,1.3559937477111816
614,0.6003000140190125,1.1284151077270508,0.4505000114440918,1.5732322931289673
615,0.6078000068664551,1.1267248392105103,0.5090000033378601,1.3630512952804565
616,0.6051999926567078,1.1258395910263062,0.5460000038146973,1.315820574760437
617,0.6044999957084656,1.126194715499878,0.5170000195503235,1.4384208917617798
618,0.6025000214576721,1.127664566040039,0.5065000057220459,1.4317278861999512
619,0.6010000109672546,1.1253094673156738,0.4189999997615814,1.7215962409973145
620,0.6021999716758728,1.1255344152450562,0.5164999961853027,1.3924968242645264
621,0.602400004863739,1.1290382146835327,0.5320000052452087,1.347327470779419
622,0.6033999919891357,1.122752070426941,0.48399999737739563,1.434157371520996
623,0.6026999950408936,1.127777099609375,0.47699999809265137,1.4590047597885132
624,0.604200005531311,1.1227694749832153,0.47450000047683716,1.4729942083358765
625,0.6083999872207642,1.1193056106567383,0.5379999876022339,1.3145893812179565
626,0.6079000234603882,1.1210663318634033,0.5534999966621399,1.2972971200942993
627,0.6068000197410583,1.1202038526535034,0.5410000085830688,1.3010976314544678
628,0.6015999913215637,1.116547703742981,0.5149999856948853,1.3406996726989746
629,0.6053000092506409,1.1160939931869507,0.4794999957084656,1.4749579429626465
630,0.6033999919891357,1.1227399110794067,0.5410000085830688,1.3160407543182373
631,0.6057000160217285,1.1181821823120117,0.5239999890327454,1.328736662864685
632,0.6043999791145325,1.1176749467849731,0.46299999952316284,1.4906766414642334
633,0.605400025844574,1.1202274560928345,0.5339999794960022,1.3158700466156006
634,0.6071000099182129,1.1166940927505493,0.5285000205039978,1.3958766460418701
635,0.6053000092506409,1.1128275394439697,0.5370000004768372,1.317685842514038
636,0.6061000227928162,1.1176749467849731,0.5515000224113464,1.2843979597091675
637,0.6093999743461609,1.108025074005127,0.47450000047683716,1.5190898180007935
638,0.6043000221252441,1.1179171800613403,0.5389999747276306,1.2942649126052856
639,0.6119999885559082,1.109279751777649,0.4205000102519989,1.6669172048568726
640,0.6068999767303467,1.117555022239685,0.4194999933242798,1.7087633609771729
641,0.609000027179718,1.115720272064209,0.5210000276565552,1.3503676652908325
642,0.6065000295639038,1.1165398359298706,0.42100000381469727,1.7311345338821411
643,0.604200005531311,1.1213759183883667,0.5109999775886536,1.4184119701385498
644,0.6071000099182129,1.1102821826934814,0.5189999938011169,1.3603265285491943
645,0.6072999835014343,1.1107563972473145,0.5304999947547913,1.338532567024231
646,0.6086999773979187,1.100890874862671,0.5440000295639038,1.3060053586959839
647,0.6107000112533569,1.104027271270752,0.5040000081062317,1.4677528142929077
648,0.6097000241279602,1.1112531423568726,0.47350001335144043,1.488315224647522
649,0.6064000129699707,1.1056510210037231,0.546500027179718,1.3153960704803467
650,0.6079999804496765,1.1055316925048828,0.5435000061988831,1.3723862171173096
651,0.6147000193595886,1.1002193689346313,0.5065000057220459,1.3846850395202637
652,0.6097000241279602,1.1038951873779297,0.5139999985694885,1.3757712841033936
653,0.6100000143051147,1.1049541234970093,0.5299999713897705,1.3413335084915161
654,0.6119999885559082,1.0956650972366333,0.49050000309944153,1.455270528793335
655,0.6104999780654907,1.107843041419983,0.5394999980926514,1.328199028968811
656,0.6068000197410583,1.104752779006958,0.48899999260902405,1.4313077926635742
657,0.6134999990463257,1.1000676155090332,0.5559999942779541,1.2954838275909424
658,0.6129000186920166,1.0982288122177124,0.5360000133514404,1.3200788497924805
659,0.6140999794006348,1.1036479473114014,0.527999997138977,1.3209916353225708
660,0.6162999868392944,1.09637451171875,0.5095000267028809,1.3626691102981567
661,0.6085000038146973,1.1079034805297852,0.534500002861023,1.3278653621673584
662,0.6108999848365784,1.0988777875900269,0.5515000224113464,1.2975420951843262
663,0.6096000075340271,1.099709391593933,0.5095000267028809,1.3881677389144897
664,0.6098999977111816,1.10262131690979,0.5130000114440918,1.402774453163147
665,0.6129999756813049,1.091309666633606,0.5485000014305115,1.2964789867401123
666,0.614799976348877,1.0949959754943848,0.5325000286102295,1.333113670349121
667,0.6100000143051147,1.093523383140564,0.5120000243186951,1.3777581453323364
668,0.6161999702453613,1.0910961627960205,0.5055000185966492,1.3953615427017212
669,0.6103000044822693,1.0923360586166382,0.3815000057220459,1.881817102432251
670,0.614300012588501,1.1030746698379517,0.4715000092983246,1.5588176250457764
671,0.6154000163078308,1.093908667564392,0.5370000004768372,1.2987964153289795
672,0.6151999831199646,1.088773488998413,0.5404999852180481,1.3101856708526611
673,0.6146000027656555,1.091774582862854,0.5289999842643738,1.3428184986114502
674,0.6180999875068665,1.0862661600112915,0.4860000014305115,1.4534510374069214
675,0.6162999868392944,1.0869338512420654,0.5074999928474426,1.458029866218567
676,0.6176000237464905,1.0867068767547607,0.5444999933242798,1.313892126083374
677,0.6154000163078308,1.081076979637146,0.5005000233650208,1.427651286125183
678,0.6207000017166138,1.0848726034164429,0.5065000057220459,1.3828370571136475
679,0.6169000267982483,1.0875446796417236,0.5460000038146973,1.3073158264160156
680,0.6155999898910522,1.0825554132461548,0.5249999761581421,1.3492084741592407
681,0.6209999918937683,1.0822428464889526,0.5299999713897705,1.389204502105713
682,0.6194999814033508,1.0803509950637817,0.47749999165534973,1.4633498191833496
683,0.6148999929428101,1.0846421718597412,0.5504999756813049,1.3078737258911133
684,0.6195999979972839,1.0843394994735718,0.5320000052452087,1.3311989307403564
685,0.6182000041007996,1.0819323062896729,0.4300000071525574,1.716371774673462
686,0.6157000064849854,1.0906198024749756,0.48399999737739563,1.5122944116592407
687,0.6193000078201294,1.0782991647720337,0.5444999933242798,1.3147743940353394
688,0.619700014591217,1.0806083679199219,0.4729999899864197,1.559064507484436
689,0.616599977016449,1.0803149938583374,0.5515000224113464,1.3040565252304077
690,0.6201000213623047,1.076912760734558,0.5180000066757202,1.451177716255188
691,0.6204000115394592,1.0776581764221191,0.4690000116825104,1.6356167793273926
692,0.6222000122070312,1.0774911642074585,0.5360000133514404,1.36896812915802
693,0.6223000288009644,1.074711561203003,0.546500027179718,1.3043333292007446
694,0.6189000010490417,1.0786536931991577,0.4909999966621399,1.4494413137435913
695,0.6198999881744385,1.0756492614746094,0.47450000047683716,1.5595619678497314
696,0.6215000152587891,1.0756644010543823,0.5450000166893005,1.364359736442566
697,0.6194999814033508,1.0798723697662354,0.5180000066757202,1.40712571144104
698,0.6251000165939331,1.0699810981750488,0.4880000054836273,1.506238579750061
699,0.623199999332428,1.0730706453323364,0.5335000157356262,1.3161393404006958
700,0.625,1.0693901777267456,0.5164999961853027,1.375511884689331
701,0.6252999901771545,1.0668120384216309,0.5249999761581421,1.368127703666687
702,0.6212000250816345,1.0710945129394531,0.5414999723434448,1.3354626893997192
703,0.6237000226974487,1.075330376625061,0.5394999980926514,1.3387081623077393
704,0.6191999912261963,1.0716838836669922,0.5534999966621399,1.2888540029525757
705,0.6229000091552734,1.065629005432129,0.5034999847412109,1.414891004562378
706,0.6198999881744385,1.071393609046936,0.5034999847412109,1.408915400505066
707,0.6244999766349792,1.0664207935333252,0.5490000247955322,1.2949305772781372
708,0.6273000240325928,1.0616954565048218,0.5304999947547913,1.3282616138458252
709,0.6241999864578247,1.0638221502304077,0.5494999885559082,1.2811001539230347
710,0.6259999871253967,1.0643150806427002,0.5414999723434448,1.298898696899414
711,0.6305000185966492,1.0612982511520386,0.5235000252723694,1.3547894954681396
712,0.6258999705314636,1.0629053115844727,0.5370000004768372,1.3217005729675293
713,0.6261000037193298,1.0591058731079102,0.5565000176429749,1.2947485446929932
714,0.628000020980835,1.060701608657837,0.5419999957084656,1.3124136924743652
715,0.6238999962806702,1.0614064931869507,0.5370000004768372,1.3082009553909302
716,0.6244999766349792,1.0628279447555542,0.527999997138977,1.347455620765686
717,0.6244999766349792,1.0602933168411255,0.5440000295639038,1.350000262260437
718,0.6258999705314636,1.0621875524520874,0.5249999761581421,1.3274123668670654
719,0.6283000111579895,1.0615229606628418,0.4855000078678131,1.5018970966339111
720,0.6208999752998352,1.0658767223358154,0.476500004529953,1.4762145280838013
721,0.6284999847412109,1.0590180158615112,0.5360000133514404,1.3176387548446655
722,0.6283000111579895,1.0567970275878906,0.5454999804496765,1.3366628885269165
723,0.6320000290870667,1.0527149438858032,0.4830000102519989,1.6592916250228882
724,0.6262000203132629,1.0599174499511719,0.4544999897480011,1.5689054727554321
725,0.6201000213623047,1.0674495697021484,0.5230000019073486,1.3473668098449707
726,0.628000020980835,1.0558431148529053,0.5400000214576721,1.3198593854904175
727,0.6266999840736389,1.056456208229065,0.5274999737739563,1.3458976745605469
728,0.6310999989509583,1.0511314868927002,0.5264999866485596,1.344447374343872
729,0.6327999830245972,1.052902340888977,0.534500002861023,1.330243706703186
730,0.628000020980835,1.052486538887024,0.5444999933242798,1.3150086402893066
731,0.6309999823570251,1.0486822128295898,0.46650001406669617,1.5045000314712524
732,0.6298999786376953,1.0501782894134521,0.5090000033378601,1.3855576515197754
733,0.6366000175476074,1.0449589490890503,0.5019999742507935,1.4131064414978027
734,0.6298999786376953,1.0522280931472778,0.5295000076293945,1.3403743505477905
735,0.6301000118255615,1.0488662719726562,0.5414999723434448,1.3556030988693237
736,0.6290000081062317,1.0489153861999512,0.5414999723434448,1.3166838884353638
737,0.6324999928474426,1.0441399812698364,0.5690000057220459,1.2770085334777832
738,0.635200023651123,1.0437321662902832,0.5519999861717224,1.3008958101272583
739,0.6330999732017517,1.0469841957092285,0.5139999985694885,1.4841763973236084
740,0.6327000260353088,1.0433945655822754,0.5274999737739563,1.3380753993988037
741,0.6276000142097473,1.0526725053787231,0.4625000059604645,1.5725207328796387
742,0.6294000148773193,1.0486913919448853,0.5540000200271606,1.2954517602920532
743,0.6294999718666077,1.045243501663208,0.5059999823570251,1.3957040309906006
744,0.6330000162124634,1.0354692935943604,0.44600000977516174,1.7621002197265625
745,0.6333000063896179,1.0504486560821533,0.5559999942779541,1.2962771654129028
746,0.6333000063896179,1.0411481857299805,0.49149999022483826,1.5443882942199707
747,0.6313999891281128,1.0437002182006836,0.5149999856948853,1.3940430879592896
748,0.6317999958992004,1.0432794094085693,0.5534999966621399,1.2830578088760376
749,0.6353999972343445,1.0370286703109741,0.5325000286102295,1.3474074602127075
750,0.6360999941825867,1.0423152446746826,0.4909999966621399,1.4919767379760742
751,0.6363000273704529,1.0373014211654663,0.531000018119812,1.3465690612792969
752,0.6338000297546387,1.0346565246582031,0.46549999713897705,1.5971198081970215
753,0.6323999762535095,1.0415128469467163,0.5600000023841858,1.2760964632034302
754,0.6360999941825867,1.030945062637329,0.5239999890327454,1.402034044265747
755,0.6370000243186951,1.038556694984436,0.5375000238418579,1.3354915380477905
756,0.6348999738693237,1.039756417274475,0.5170000195503235,1.3797308206558228
757,0.6398000121116638,1.0314797163009644,0.534500002861023,1.3185664415359497
758,0.6363999843597412,1.031735897064209,0.5354999899864197,1.3752323389053345
759,0.6363999843597412,1.0330740213394165,0.5435000061988831,1.3092787265777588
760,0.6323000192642212,1.032791256904602,0.5479999780654907,1.3196910619735718
761,0.6312000155448914,1.0328646898269653,0.49549999833106995,1.405534029006958
762,0.6381000280380249,1.0303378105163574,0.5199999809265137,1.3656277656555176
763,0.6396999955177307,1.0284308195114136,0.5375000238418579,1.3136751651763916
764,0.6419000029563904,1.0289511680603027,0.574999988079071,1.2491958141326904
765,0.6380000114440918,1.027635931968689,0.5049999952316284,1.4005582332611084
766,0.6344000101089478,1.0305637121200562,0.47450000047683716,1.5901985168457031
767,0.6381000280380249,1.0312449932098389,0.5690000057220459,1.256514310836792
768,0.6399000287055969,1.0267044305801392,0.5640000104904175,1.2538279294967651
769,0.6402999758720398,1.0247201919555664,0.492000013589859,1.6525217294692993
770,0.637499988079071,1.0337270498275757,0.5684999823570251,1.2768588066101074
771,0.6367999911308289,1.0310635566711426,0.534500002861023,1.3582854270935059
772,0.6395000219345093,1.021902084350586,0.5400000214576721,1.313735008239746
773,0.6412000060081482,1.0197314023971558,0.5644999742507935,1.2707240581512451
774,0.6381999850273132,1.0209543704986572,0.5139999985694885,1.4263216257095337
775,0.6416000127792358,1.0204159021377563,0.546500027179718,1.3265031576156616
776,0.641700029373169,1.0243841409683228,0.5364999771118164,1.392013669013977
777,0.6370000243186951,1.0248273611068726,0.5569999814033508,1.2793573141098022
778,0.6414999961853027,1.024348497390747,0.5534999966621399,1.3402156829833984
779,0.6444000005722046,1.0185493230819702,0.5055000185966492,1.4407665729522705
780,0.6402999758720398,1.0236573219299316,0.5170000195503235,1.4150651693344116
781,0.6442999839782715,1.0221102237701416,0.534500002861023,1.341051459312439
782,0.6452999711036682,1.018080711364746,0.5170000195503235,1.408840298652649
783,0.6402999758720398,1.0217193365097046,0.5494999885559082,1.307712435722351
784,0.6376000046730042,1.0188720226287842,0.5385000109672546,1.3528252840042114
785,0.6456999778747559,1.0144143104553223,0.5615000128746033,1.2568141222000122
786,0.6409000158309937,1.0145306587219238,0.5130000114440918,1.415528655052185
787,0.6452000141143799,1.0196144580841064,0.5199999809265137,1.398681402206421
788,0.6409000158309937,1.016500473022461,0.559499979019165,1.2954384088516235
789,0.6455000042915344,1.0121781826019287,0.5425000190734863,1.3373093605041504
790,0.6421999931335449,1.0123122930526733,0.5674999952316284,1.2584540843963623
791,0.6460999846458435,1.0101715326309204,0.5674999952316284,1.3003357648849487
792,0.6431000232696533,1.0139845609664917,0.5059999823570251,1.4213289022445679
793,0.6395999789237976,1.0217969417572021,0.5370000004768372,1.31399667263031
794,0.6456000208854675,1.0072518587112427,0.5055000185966492,1.4605519771575928
795,0.6442999839782715,1.0163650512695312,0.5490000247955322,1.3293473720550537
796,0.6419000029563904,1.0142441987991333,0.5090000033378601,1.384639024734497
797,0.6444000005722046,1.007170557975769,0.559499979019165,1.286084771156311
798,0.6413000226020813,1.0087288618087769,0.5304999947547913,1.3457181453704834
799,0.6467999815940857,1.006836175918579,0.5525000095367432,1.317590594291687
800,0.6409000158309937,1.0095218420028687,0.5034999847412109,1.402786135673523
801,0.6466000080108643,1.0054144859313965,0.5414999723434448,1.3117990493774414
802,0.6462000012397766,1.0050464868545532,0.5630000233650208,1.2822226285934448
803,0.64410001039505,1.0084995031356812,0.5544999837875366,1.2898551225662231
804,0.6477000117301941,1.0049023628234863,0.5134999752044678,1.4359112977981567
805,0.6435999870300293,1.0057499408721924,0.5634999871253967,1.2759764194488525
806,0.6452000141143799,1.002555012702942,0.5220000147819519,1.4320566654205322
807,0.645799994468689,1.0040961503982544,0.5099999904632568,1.3978271484375
808,0.6464999914169312,1.0002799034118652,0.5414999723434448,1.2980341911315918
809,0.64410001039505,1.004805326461792,0.5220000147819519,1.3810592889785767
810,0.6449999809265137,1.0016865730285645,0.5360000133514404,1.3852672576904297
811,0.6435999870300293,1.0110864639282227,0.5454999804496765,1.3242400884628296
812,0.6478999853134155,1.0044257640838623,0.5264999866485596,1.3701094388961792
813,0.6460000276565552,1.0046322345733643,0.512499988079071,1.37288498878479
814,0.6527000069618225,0.9949105381965637,0.5264999866485596,1.3261936902999878
815,0.651199996471405,0.9982464909553528,0.503000020980835,1.4221832752227783
816,0.6492999792098999,0.9997677803039551,0.5389999747276306,1.3155467510223389
817,0.6492000222206116,0.9982263445854187,0.5249999761581421,1.346426248550415
818,0.6527000069618225,0.9946979284286499,0.5559999942779541,1.2913379669189453
819,0.647599995136261,0.9998853802680969,0.5385000109672546,1.3682750463485718
820,0.6474999785423279,0.9985982179641724,0.4399999976158142,1.7384331226348877
821,0.6449000239372253,1.0046156644821167,0.5605000257492065,1.3029662370681763
822,0.6482999920845032,0.9983528256416321,0.5709999799728394,1.261040449142456
823,0.6502000093460083,0.9975335001945496,0.5544999837875366,1.357237458229065
824,0.6517000198364258,0.9983563423156738,0.5575000047683716,1.3480992317199707
825,0.6485999822616577,0.9986333250999451,0.5364999771118164,1.3521802425384521
826,0.6549000144004822,0.9869742393493652,0.46000000834465027,1.5967456102371216
827,0.6491000056266785,0.9960613250732422,0.5389999747276306,1.3306167125701904
828,0.6500999927520752,0.9913944602012634,0.5705000162124634,1.2597157955169678
829,0.6532999873161316,0.9908926486968994,0.5490000247955322,1.2987759113311768
830,0.6499000191688538,0.9911523461341858,0.5649999976158142,1.2881271839141846
831,0.6528000235557556,0.9916218519210815,0.5444999933242798,1.3404896259307861
832,0.6532999873161316,0.9836230278015137,0.5214999914169312,1.3634157180786133
833,0.6484000086784363,0.9967042803764343,0.5770000219345093,1.2928913831710815
834,0.6578999757766724,0.9863002896308899,0.5544999837875366,1.328320026397705
835,0.6535999774932861,0.990454375743866,0.5504999756813049,1.3322044610977173
836,0.6560999751091003,0.9867937564849854,0.527999997138977,1.3169726133346558
837,0.6528000235557556,0.9883005023002625,0.5419999957084656,1.3547755479812622
838,0.6517999768257141,0.9868514537811279,0.44749999046325684,1.695624589920044
839,0.6514000296592712,0.9862144589424133,0.515500009059906,1.3579301834106445
840,0.6510999798774719,0.9905481338500977,0.4690000116825104,1.6644039154052734
841,0.6521999835968018,0.9889735579490662,0.5625,1.2836121320724487
842,0.656000018119812,0.9817838668823242,0.5529999732971191,1.3484967947006226
843,0.656000018119812,0.9861000776290894,0.5609999895095825,1.2871942520141602
844,0.6554999947547913,0.9818519353866577,0.4964999854564667,1.4638930559158325
845,0.6563000082969666,0.9870144724845886,0.5189999938011169,1.4156547784805298
846,0.6518999934196472,0.9850479364395142,0.5339999794960022,1.3508378267288208
847,0.6554999947547913,0.9840697050094604,0.5479999780654907,1.315707802772522
848,0.6570000052452087,0.9766339659690857,0.5205000042915344,1.3929678201675415
849,0.6582000255584717,0.9769981503486633,0.5529999732971191,1.3034462928771973
850,0.6550999879837036,0.9825230240821838,0.5274999737739563,1.3631999492645264
851,0.6545000076293945,0.978125810623169,0.5419999957084656,1.2995444536209106
852,0.6570000052452087,0.9804184436798096,0.5364999771118164,1.3650957345962524
853,0.6564000248908997,0.9766606688499451,0.5640000104904175,1.300781011581421
854,0.6559000015258789,0.9759929776191711,0.5364999771118164,1.3823482990264893
855,0.6571000218391418,0.9773454070091248,0.5755000114440918,1.2570610046386719
856,0.6577000021934509,0.9714341759681702,0.5759999752044678,1.2580420970916748
857,0.656499981880188,0.9727460741996765,0.5569999814033508,1.3000404834747314
858,0.6588000059127808,0.9724122285842896,0.534500002861023,1.3643007278442383
859,0.6592000126838684,0.9723827242851257,0.49149999022483826,1.5164562463760376
860,0.656000018119812,0.9779528379440308,0.5644999742507935,1.273258924484253
861,0.6559000015258789,0.9741508960723877,0.5400000214576721,1.349219560623169
862,0.659500002861023,0.9716360569000244,0.5759999752044678,1.2558538913726807
863,0.6586999893188477,0.974387526512146,0.5184999704360962,1.414199709892273
864,0.654699981212616,0.9798412919044495,0.546500027179718,1.3371367454528809
865,0.6577000021934509,0.9698820114135742,0.5239999890327454,1.3747988939285278
866,0.6574000120162964,0.9815556406974792,0.5504999756813049,1.3069171905517578
867,0.6574000120162964,0.9705483317375183,0.5304999947547913,1.387920618057251
868,0.6564000248908997,0.9730981588363647,0.5529999732971191,1.3093199729919434
869,0.6590999960899353,0.9687789082527161,0.4830000102519989,1.4832714796066284
870,0.661899983882904,0.9666604399681091,0.5799999833106995,1.2602853775024414
871,0.6557000279426575,0.968454897403717,0.578000009059906,1.2540292739868164
872,0.6565999984741211,0.9698613286018372,0.4945000112056732,1.4964821338653564
873,0.6632999777793884,0.9678251147270203,0.4625000059604645,1.6968451738357544
874,0.6589999794960022,0.9707276225090027,0.5065000057220459,1.5784802436828613
875,0.661899983882904,0.9625169038772583,0.5260000228881836,1.3774436712265015
876,0.6601999998092651,0.9643178582191467,0.5285000205039978,1.3640077114105225
877,0.663100004196167,0.9654518365859985,0.5789999961853027,1.2467364072799683
878,0.661300003528595,0.9633844494819641,0.5690000057220459,1.2748156785964966
879,0.6639000177383423,0.962827742099762,0.5180000066757202,1.4939690828323364
880,0.661899983882904,0.9655365943908691,0.5260000228881836,1.3812183141708374
881,0.6603999733924866,0.9677754640579224,0.4880000054836273,1.5354106426239014
882,0.6607000231742859,0.9661601781845093,0.44699999690055847,1.823248028755188
883,0.6600000262260437,0.9681639671325684,0.5554999709129333,1.2875194549560547
884,0.6620000004768372,0.9580643773078918,0.5419999957084656,1.3538808822631836
885,0.661300003528595,0.9591414332389832,0.5899999737739563,1.2454367876052856
886,0.6628999710083008,0.9628857374191284,0.49950000643730164,1.428410291671753
887,0.6638000011444092,0.9550768733024597,0.5554999709129333,1.2890934944152832
888,0.6636000275611877,0.9634124040603638,0.40950000286102295,1.9902706146240234
889,0.6581000089645386,0.9728537797927856,0.5419999957084656,1.316365361213684
890,0.6682999730110168,0.9536417126655579,0.5429999828338623,1.4134032726287842
891,0.6671000123023987,0.9551876187324524,0.5764999985694885,1.2497029304504395
892,0.6650999784469604,0.9550673961639404,0.5419999957084656,1.4261698722839355
893,0.6638000011444092,0.958445131778717,0.4884999990463257,1.5445524454116821
894,0.6600000262260437,0.9621519446372986,0.5049999952316284,1.5178436040878296
895,0.6656000018119812,0.9561386704444885,0.5444999933242798,1.3213151693344116
896,0.6651999950408936,0.9524277448654175,0.5814999938011169,1.2439683675765991
897,0.6694999933242798,0.9493197202682495,0.4584999978542328,1.6760597229003906
898,0.6639999747276306,0.9605588912963867,0.4950000047683716,1.4656085968017578
899,0.6651999950408936,0.9511019587516785,0.49300000071525574,1.6188971996307373
900,0.669700026512146,0.9548236131668091,0.5715000033378601,1.317662239074707
901,0.6697999835014343,0.9520402550697327,0.4970000088214874,1.5037312507629395
902,0.664900004863739,0.9538418650627136,0.5379999876022339,1.385793685913086
903,0.6639000177383423,0.9541431665420532,0.5644999742507935,1.2868437767028809
904,0.6651999950408936,0.9476711750030518,0.5199999809265137,1.440183401107788
905,0.6676999926567078,0.9533748030662537,0.5895000100135803,1.2508628368377686
906,0.6704999804496765,0.9422390460968018,0.5105000138282776,1.5479642152786255
907,0.6678000092506409,0.955055832862854,0.515500009059906,1.4733161926269531
908,0.6679999828338623,0.9476376175880432,0.5289999842643738,1.393222451210022
909,0.6686000227928162,0.9444257616996765,0.5575000047683716,1.290071725845337
910,0.6632999777793884,0.9460046887397766,0.5410000085830688,1.3403480052947998
911,0.6664000153541565,0.9492381811141968,0.5634999871253967,1.263883113861084
912,0.6671000123023987,0.9459859132766724,0.5174999833106995,1.372392177581787
913,0.6704999804496765,0.9470184445381165,0.5285000205039978,1.410147786140442
914,0.6711000204086304,0.9431238174438477,0.5084999799728394,1.4555338621139526
915,0.6728000044822693,0.9452452063560486,0.5665000081062317,1.2906574010849
916,0.666700005531311,0.9450479745864868,0.5705000162124634,1.2951732873916626
917,0.6703000068664551,0.9389104247093201,0.476500004529953,1.572804570198059
918,0.667900025844574,0.947310745716095,0.5149999856948853,1.463111162185669
919,0.6707000136375427,0.9434621334075928,0.5705000162124634,1.2677639722824097
920,0.6700999736785889,0.9441084265708923,0.5605000257492065,1.3606879711151123
921,0.6718999743461609,0.943270206451416,0.5720000267028809,1.2633640766143799
922,0.6725999712944031,0.9368997812271118,0.5609999895095825,1.306218147277832
923,0.6718000173568726,0.9400715827941895,0.5519999861717224,1.3058791160583496
924,0.6744999885559082,0.9382458925247192,0.5364999771118164,1.41852867603302
925,0.6772000193595886,0.9347612261772156,0.5529999732971191,1.2983921766281128
926,0.6765000224113464,0.934924304485321,0.5339999794960022,1.4166983366012573
927,0.6704000234603882,0.9381769299507141,0.5429999828338623,1.340564489364624
928,0.6717000007629395,0.9377718567848206,0.5615000128746033,1.3119795322418213
929,0.6726999878883362,0.934868574142456,0.5189999938011169,1.4122612476348877
930,0.6729999780654907,0.9300691485404968,0.5759999752044678,1.244816780090332
931,0.6743999719619751,0.9387248754501343,0.5350000262260437,1.3387118577957153
932,0.6736999750137329,0.9392797946929932,0.5205000042915344,1.4659823179244995
933,0.6728000044822693,0.9372518658638,0.5419999957084656,1.358140230178833
934,0.6704000234603882,0.9360625147819519,0.546999990940094,1.3661597967147827
935,0.6740000247955322,0.9332916140556335,0.5254999995231628,1.4124876260757446
936,0.6732000112533569,0.9314396381378174,0.5485000014305115,1.3581598997116089
937,0.671999990940094,0.9386096596717834,0.5745000243186951,1.266854166984558
938,0.6753000020980835,0.9296260476112366,0.5515000224113464,1.329567313194275
939,0.6776999831199646,0.9313028454780579,0.5644999742507935,1.2828097343444824
940,0.678600013256073,0.9277747273445129,0.5764999985694885,1.2620371580123901
941,0.6751000285148621,0.9297686815261841,0.5105000138282776,1.4895323514938354
942,0.6744999885559082,0.9310473799705505,0.4560000002384186,1.6075893640518188
943,0.677299976348877,0.9280818104743958,0.5724999904632568,1.2790483236312866
944,0.6725000143051147,0.9260373115539551,0.4339999854564667,2.0044443607330322
945,0.6761000156402588,0.9264653325080872,0.48500001430511475,1.574170708656311
946,0.6769999861717224,0.92827969789505,0.4884999990463257,1.6136767864227295
947,0.6797000169754028,0.9265046119689941,0.578000009059906,1.2594619989395142
948,0.6740000247955322,0.933846116065979,0.5210000276565552,1.453249216079712
949,0.6746000051498413,0.9257323145866394,0.5640000104904175,1.273050308227539
950,0.6747999787330627,0.9305089712142944,0.5009999871253967,1.416833519935608
951,0.6780999898910522,0.9233214855194092,0.5740000009536743,1.2721890211105347
952,0.6743000149726868,0.9276687502861023,0.5649999976158142,1.2882330417633057
953,0.6771000027656555,0.9228938221931458,0.5139999985694885,1.4594107866287231
954,0.677299976348877,0.9209309816360474,0.47600001096725464,1.5664253234863281
955,0.676800012588501,0.9223079085350037,0.5350000262260437,1.359318733215332
956,0.6761000156402588,0.9206410050392151,0.5184999704360962,1.4452182054519653
957,0.6797000169754028,0.921927809715271,0.5044999718666077,1.5051862001419067
958,0.6725000143051147,0.9257829189300537,0.5120000243186951,1.434846043586731
959,0.6773999929428101,0.9251376986503601,0.5709999799728394,1.2802934646606445
960,0.6807000041007996,0.919259786605835,0.5615000128746033,1.2803640365600586
961,0.6829000115394592,0.9152490496635437,0.5444999933242798,1.3088322877883911
962,0.6783000230789185,0.9175727367401123,0.5740000009536743,1.261664867401123
963,0.6790000200271606,0.9167460799217224,0.4970000088214874,1.618471622467041
964,0.6766999959945679,0.9220076203346252,0.546500027179718,1.321534514427185
965,0.6859999895095825,0.913693368434906,0.48899999260902405,1.5700182914733887
966,0.6754000186920166,0.9202596545219421,0.5674999952316284,1.2652815580368042
967,0.6832000017166138,0.9097883701324463,0.5475000143051147,1.3484232425689697
968,0.6801999807357788,0.9153538942337036,0.5164999961853027,1.4405087232589722
969,0.6794000267982483,0.912492573261261,0.43299999833106995,1.8691352605819702
970,0.6779999732971191,0.9232208728790283,0.5659999847412109,1.2675279378890991
971,0.682699978351593,0.9099535942077637,0.5134999752044678,1.4016635417938232
972,0.6802999973297119,0.9122841954231262,0.5774999856948853,1.2367095947265625
973,0.6826000213623047,0.9118612408638,0.5299999713897705,1.4251714944839478
974,0.6848000288009644,0.9115778207778931,0.5734999775886536,1.260148048400879
975,0.6816999912261963,0.9079464673995972,0.5634999871253967,1.2979700565338135
976,0.6840999722480774,0.9101958870887756,0.5174999833106995,1.4373162984848022
977,0.676800012588501,0.9191991090774536,0.5835000276565552,1.2641735076904297
978,0.6815999746322632,0.909003734588623,0.5625,1.2645716667175293
979,0.6783000230789185,0.9130643606185913,0.5724999904632568,1.2597965002059937
980,0.6832000017166138,0.9102500081062317,0.5220000147819519,1.4320069551467896
981,0.6840000152587891,0.9094177484512329,0.5354999899864197,1.3490090370178223
982,0.6819999814033508,0.9080058336257935,0.5504999756813049,1.3767635822296143
983,0.6837000250816345,0.9023276567459106,0.5070000290870667,1.4763014316558838
984,0.6848000288009644,0.9059611558914185,0.5504999756813049,1.3284798860549927
985,0.6841999888420105,0.9036096930503845,0.5419999957084656,1.377503514289856
986,0.6859999895095825,0.9052203297615051,0.5490000247955322,1.3974601030349731
987,0.6869000196456909,0.9051010608673096,0.5724999904632568,1.2526310682296753
988,0.6850000023841858,0.902673065662384,0.5634999871253967,1.323610544204712
989,0.6879000067710876,0.9069675803184509,0.5715000033378601,1.2703394889831543
990,0.6830000281333923,0.900978684425354,0.5525000095367432,1.3580189943313599
991,0.6855000257492065,0.9038165211677551,0.47049999237060547,1.6790536642074585
992,0.6784999966621399,0.9149190187454224,0.5774999856948853,1.2789397239685059
993,0.6832000017166138,0.9029285907745361,0.5180000066757202,1.4393084049224854
994,0.6841999888420105,0.9027528166770935,0.5410000085830688,1.4426623582839966
995,0.6866000294685364,0.9016406536102295,0.5835000276565552,1.264424443244934
996,0.6862999796867371,0.8978634476661682,0.5529999732971191,1.3204900026321411
997,0.685699999332428,0.9033758640289307,0.5805000066757202,1.2664198875427246
998,0.6862999796867371,0.897966206073761,0.5400000214576721,1.3965502977371216
999,0.6858999729156494,0.905600368976593,0.5534999966621399,1.2955361604690552
