epoch,accuracy,loss,val_accuracy,val_loss
0,0.11140000075101852,2.339038133621216,0.14749999344348907,2.2950644493103027
1,0.1120000034570694,2.308236837387085,0.12849999964237213,2.290447235107422
2,0.11819999665021896,2.296421766281128,0.16349999606609344,2.286184787750244
3,0.1264999955892563,2.2902090549468994,0.16449999809265137,2.2811434268951416
4,0.13230000436306,2.284248113632202,0.15150000154972076,2.276230573654175
5,0.1404999941587448,2.280500650405884,0.19050000607967377,2.27174973487854
6,0.1444000005722046,2.277365207672119,0.18050000071525574,2.2658755779266357
7,0.14740000665187836,2.2724452018737793,0.1940000057220459,2.261169672012329
8,0.1565999984741211,2.267090320587158,0.20499999821186066,2.255215883255005
9,0.15729999542236328,2.263366460800171,0.20200000703334808,2.2495017051696777
10,0.16509999334812164,2.2586402893066406,0.21449999511241913,2.242908000946045
11,0.1671999990940094,2.2544219493865967,0.21950000524520874,2.237645149230957
12,0.16429999470710754,2.248502492904663,0.21250000596046448,2.2291626930236816
13,0.16599999368190765,2.240187406539917,0.21199999749660492,2.2226359844207764
14,0.1703999936580658,2.2375881671905518,0.22699999809265137,2.21648907661438
15,0.17470000684261322,2.230055570602417,0.226500004529953,2.208026170730591
16,0.18279999494552612,2.2206871509552,0.23999999463558197,2.2003414630889893
17,0.18400000035762787,2.219208240509033,0.2329999953508377,2.1934351921081543
18,0.18860000371932983,2.2119624614715576,0.24799999594688416,2.1853058338165283
19,0.1858000010251999,2.2093346118927,0.2529999911785126,2.179564952850342
20,0.17669999599456787,2.2076072692871094,0.25049999356269836,2.1741771697998047
21,0.1860000044107437,2.199429988861084,0.2669999897480011,2.1647720336914062
22,0.19269999861717224,2.188045024871826,0.2540000081062317,2.1581923961639404
23,0.1907999962568283,2.1854703426361084,0.2709999978542328,2.14851975440979
24,0.1996999979019165,2.1737842559814453,0.27250000834465027,2.1409525871276855
25,0.1972000002861023,2.174267053604126,0.2770000100135803,2.132399797439575
26,0.20309999585151672,2.1687393188476562,0.2800000011920929,2.12961483001709
27,0.2134999930858612,2.1596386432647705,0.28049999475479126,2.11962890625
28,0.2070000022649765,2.1547133922576904,0.2919999957084656,2.1106226444244385
29,0.2062000036239624,2.1503055095672607,0.2904999852180481,2.1039836406707764
30,0.21799999475479126,2.140289783477783,0.2994999885559082,2.0934510231018066
31,0.218299999833107,2.1345739364624023,0.2980000078678131,2.086407423019409
32,0.22030000388622284,2.1314892768859863,0.2879999876022339,2.0776567459106445
33,0.22679999470710754,2.1226561069488525,0.3034999966621399,2.0729269981384277
34,0.22550000250339508,2.119666337966919,0.2770000100135803,2.068727731704712
35,0.22419999539852142,2.1150310039520264,0.29499998688697815,2.061910390853882
36,0.22609999775886536,2.1059868335723877,0.3034999966621399,2.0529870986938477
37,0.2298000007867813,2.1051409244537354,0.30250000953674316,2.045092821121216
38,0.2379000037908554,2.097754716873169,0.29899999499320984,2.041095733642578
39,0.23430000245571136,2.0860347747802734,0.2985000014305115,2.03298020362854
40,0.24480000138282776,2.0789828300476074,0.3075000047683716,2.0268163681030273
41,0.24729999899864197,2.0767104625701904,0.3084999918937683,2.0178239345550537
42,0.24570000171661377,2.074681043624878,0.3070000112056732,2.0093467235565186
43,0.24779999256134033,2.064382553100586,0.30799999833106995,2.011495590209961
44,0.2460000067949295,2.061802387237549,0.31949999928474426,2.000126361846924
45,0.24390000104904175,2.0583245754241943,0.31200000643730164,1.9934663772583008
46,0.250900000333786,2.049362897872925,0.31349998712539673,1.9995970726013184
47,0.24940000474452972,2.042969226837158,0.2904999852180481,1.9975309371948242
48,0.2547000050544739,2.036411762237549,0.31700000166893005,1.9764418601989746
49,0.2628999948501587,2.024552822113037,0.3255000114440918,1.9657883644104004
50,0.25940001010894775,2.02006459236145,0.3230000138282776,1.9559106826782227
51,0.2635999917984009,2.0219779014587402,0.3310000002384186,1.954940915107727
52,0.25540000200271606,2.022515058517456,0.31850001215934753,1.9513742923736572
53,0.2687999904155731,2.0103938579559326,0.33649998903274536,1.9501045942306519
54,0.26420000195503235,2.008760690689087,0.32249999046325684,1.9444388151168823
55,0.26669999957084656,2.0081536769866943,0.3230000138282776,1.9453480243682861
56,0.27459999918937683,2.0015368461608887,0.32899999618530273,1.9372812509536743
57,0.26260000467300415,1.9959074258804321,0.3255000114440918,1.9372386932373047
58,0.2680000066757202,1.99019455909729,0.31850001215934753,1.9507678747177124
59,0.2703999876976013,1.987968921661377,0.3264999985694885,1.9211093187332153
60,0.27730000019073486,1.9886765480041504,0.328000009059906,1.9199755191802979
61,0.27480000257492065,1.979840874671936,0.33799999952316284,1.9157425165176392
62,0.27309998869895935,1.9814558029174805,0.31349998712539673,1.9260752201080322
63,0.2800000011920929,1.9700793027877808,0.3215000033378601,1.913001298904419
64,0.27160000801086426,1.9763025045394897,0.32199999690055847,1.9133952856063843
65,0.2802000045776367,1.9628974199295044,0.32199999690055847,1.9091044664382935
66,0.2773999869823456,1.9682371616363525,0.3215000033378601,1.9089189767837524
67,0.2761000096797943,1.9644980430603027,0.3479999899864197,1.8958054780960083
68,0.2818000018596649,1.9543439149856567,0.34549999237060547,1.8896501064300537
69,0.27559998631477356,1.9616460800170898,0.35100001096725464,1.8789207935333252
70,0.2847000062465668,1.9559404850006104,0.328000009059906,1.8876187801361084
71,0.29170000553131104,1.9429023265838623,0.34599998593330383,1.8752716779708862
72,0.2888999879360199,1.9493292570114136,0.32749998569488525,1.8917205333709717
73,0.2822999954223633,1.941194772720337,0.328000009059906,1.8861780166625977
74,0.2903999984264374,1.938797116279602,0.33149999380111694,1.881628155708313
75,0.2930000126361847,1.9345240592956543,0.3375000059604645,1.8812042474746704
76,0.28949999809265137,1.9275314807891846,0.33250001072883606,1.868316888809204
77,0.2935999929904938,1.928192138671875,0.34549999237060547,1.8631080389022827
78,0.29350000619888306,1.9290820360183716,0.3345000147819519,1.8802987337112427
79,0.2897000014781952,1.929491639137268,0.33000001311302185,1.8848069906234741
80,0.2921999990940094,1.9264240264892578,0.3634999990463257,1.8648011684417725
81,0.30059999227523804,1.917734146118164,0.3465000092983246,1.8597558736801147
82,0.2924000024795532,1.9229687452316284,0.3174999952316284,1.8855520486831665
83,0.2985999882221222,1.9110816717147827,0.3384999930858612,1.8813778162002563
84,0.30070000886917114,1.920464038848877,0.33500000834465027,1.887000560760498
85,0.2985000014305115,1.9159361124038696,0.32350000739097595,1.8745787143707275
86,0.2946000099182129,1.9132535457611084,0.35600000619888306,1.8514258861541748
87,0.30230000615119934,1.9046212434768677,0.3564999997615814,1.8370387554168701
88,0.2948000133037567,1.9120279550552368,0.30250000953674316,1.9243874549865723
89,0.3059999942779541,1.8970457315444946,0.3504999876022339,1.8463213443756104
90,0.2969000041484833,1.9024525880813599,0.3255000114440918,1.8630385398864746
91,0.30489999055862427,1.9026662111282349,0.35100001096725464,1.8427268266677856
92,0.3043000102043152,1.8978461027145386,0.35850000381469727,1.8475470542907715
93,0.3125,1.8969818353652954,0.3529999852180481,1.849536657333374
94,0.30630001425743103,1.8926525115966797,0.3540000021457672,1.835434079170227
95,0.3034000098705292,1.8938894271850586,0.35199999809265137,1.849914789199829
96,0.31279999017715454,1.883607268333435,0.3425000011920929,1.8575912714004517
97,0.31380000710487366,1.8847264051437378,0.351500004529953,1.8260875940322876
98,0.30410000681877136,1.8918732404708862,0.3474999964237213,1.8576771020889282
99,0.30230000615119934,1.8908486366271973,0.3375000059604645,1.8603848218917847
100,0.30869999527931213,1.884243369102478,0.3255000114440918,1.8817644119262695
101,0.30730000138282776,1.8785312175750732,0.3659999966621399,1.8156404495239258
102,0.30880001187324524,1.8785619735717773,0.3310000002384186,1.8539068698883057
103,0.31470000743865967,1.8816444873809814,0.3644999861717224,1.8041410446166992
104,0.3199999928474426,1.8660993576049805,0.3050000071525574,1.8926012516021729
105,0.3057999908924103,1.8766257762908936,0.3725000023841858,1.7991328239440918
106,0.3188999891281128,1.8704949617385864,0.3634999990463257,1.8034191131591797
107,0.31060001254081726,1.874742031097412,0.3544999957084656,1.8134952783584595
108,0.3158000111579895,1.8732577562332153,0.3714999854564667,1.7970608472824097
109,0.31850001215934753,1.8712705373764038,0.36550000309944153,1.800887942314148
110,0.3156999945640564,1.8601601123809814,0.35199999809265137,1.818429946899414
111,0.32440000772476196,1.8624016046524048,0.36800000071525574,1.7935748100280762
112,0.3192000091075897,1.8601055145263672,0.34200000762939453,1.8536025285720825
113,0.3179999887943268,1.8629242181777954,0.3569999933242798,1.806591272354126
114,0.32580000162124634,1.8546268939971924,0.320499986410141,1.919937014579773
115,0.3174000084400177,1.8624234199523926,0.328000009059906,1.8770275115966797
116,0.31850001215934753,1.8574763536453247,0.35499998927116394,1.8288553953170776
117,0.31929999589920044,1.8548455238342285,0.3700000047683716,1.7959082126617432
118,0.3244999945163727,1.8490509986877441,0.3499999940395355,1.8338717222213745
119,0.32120001316070557,1.8559576272964478,0.3544999957084656,1.8059577941894531
120,0.32120001316070557,1.854887843132019,0.33250001072883606,1.8405834436416626
121,0.3253999948501587,1.8546650409698486,0.37599998712539673,1.7764451503753662
122,0.3303999900817871,1.8461740016937256,0.38100001215934753,1.7814072370529175
123,0.3230000138282776,1.8539751768112183,0.3644999861717224,1.812912940979004
124,0.3264999985694885,1.8413602113723755,0.3659999966621399,1.7944457530975342
125,0.32659998536109924,1.8451578617095947,0.3490000069141388,1.808992624282837
126,0.3278000056743622,1.8401000499725342,0.3555000126361847,1.8025060892105103
127,0.32820001244544983,1.8389705419540405,0.3684999942779541,1.7898368835449219
128,0.32420000433921814,1.8404414653778076,0.328000009059906,1.9106343984603882
129,0.3264000117778778,1.8401533365249634,0.3790000081062317,1.7658367156982422
130,0.32739999890327454,1.8354347944259644,0.35600000619888306,1.7941954135894775
131,0.3231000006198883,1.8386799097061157,0.3815000057220459,1.7722177505493164
132,0.32899999618530273,1.832249641418457,0.37700000405311584,1.7614418268203735
133,0.33160001039505005,1.8269994258880615,0.36250001192092896,1.7902429103851318
134,0.3328000009059906,1.8270437717437744,0.3634999990463257,1.797302007675171
135,0.3346000015735626,1.82511568069458,0.37700000405311584,1.7640810012817383
136,0.3368000090122223,1.8191279172897339,0.3089999854564667,1.8915584087371826
137,0.3375999927520752,1.8259812593460083,0.3840000033378601,1.761379599571228
138,0.3353999853134155,1.8230496644973755,0.3869999945163727,1.7474108934402466
139,0.33550000190734863,1.8207582235336304,0.38199999928474426,1.755297064781189
140,0.33820000290870667,1.8183012008666992,0.37450000643730164,1.8037852048873901
141,0.3398999869823456,1.8107267618179321,0.38499999046325684,1.7575955390930176
142,0.33329999446868896,1.824095368385315,0.398499995470047,1.7488454580307007
143,0.3400999903678894,1.8111814260482788,0.3804999887943268,1.7483954429626465
144,0.3375999927520752,1.8156156539916992,0.38449999690055847,1.7534773349761963
145,0.3334999978542328,1.8128007650375366,0.38749998807907104,1.7545218467712402
146,0.3343999981880188,1.809261679649353,0.36649999022483826,1.7723438739776611
147,0.3395000100135803,1.8095715045928955,0.37049999833106995,1.7581995725631714
148,0.3440999984741211,1.803674578666687,0.32899999618530273,1.8812528848648071
149,0.34049999713897705,1.8048104047775269,0.3345000147819519,1.8743699789047241
150,0.34040001034736633,1.8088942766189575,0.3815000057220459,1.7589644193649292
151,0.3456000089645386,1.7963858842849731,0.3785000145435333,1.7425427436828613
152,0.3452000021934509,1.8015384674072266,0.3630000054836273,1.7745810747146606
153,0.3384000062942505,1.8016226291656494,0.398499995470047,1.7370456457138062
154,0.3418000042438507,1.79877769947052,0.3605000078678131,1.7896056175231934
155,0.33320000767707825,1.8044354915618896,0.3540000021457672,1.785520076751709
156,0.34470000863075256,1.7932924032211304,0.3610000014305115,1.767679214477539
157,0.3513000011444092,1.789786696434021,0.3785000145435333,1.7391338348388672
158,0.3433000147342682,1.7940212488174438,0.38499999046325684,1.7598388195037842
159,0.34299999475479126,1.7947477102279663,0.39500001072883606,1.7343417406082153
160,0.34779998660087585,1.7939844131469727,0.3880000114440918,1.7317761182785034
161,0.3476000130176544,1.7880851030349731,0.38199999928474426,1.7599952220916748
162,0.3481000065803528,1.789928913116455,0.35600000619888306,1.8124513626098633
163,0.3474000096321106,1.78464937210083,0.35350000858306885,1.8129128217697144
164,0.3425000011920929,1.793416976928711,0.3840000033378601,1.7322677373886108
165,0.3571999967098236,1.78408944606781,0.3725000023841858,1.7651481628417969
166,0.35179999470710754,1.7847591638565063,0.34599998593330383,1.8144502639770508
167,0.34630000591278076,1.7845299243927002,0.3580000102519989,1.815184473991394
168,0.3580000102519989,1.7746695280075073,0.3695000112056732,1.7678413391113281
169,0.3490999937057495,1.775795340538025,0.3930000066757202,1.7333630323410034
170,0.35659998655319214,1.7727574110031128,0.38999998569488525,1.711117148399353
171,0.34700000286102295,1.777042031288147,0.24500000476837158,2.1195170879364014
172,0.35120001435279846,1.7853490114212036,0.33799999952316284,1.855502963066101
173,0.3549000024795532,1.7766761779785156,0.4009999930858612,1.7202599048614502
174,0.3544999957084656,1.7725542783737183,0.3479999899864197,1.8443710803985596
175,0.3578999936580658,1.7701704502105713,0.3815000057220459,1.7548701763153076
176,0.36169999837875366,1.7683894634246826,0.32850000262260437,1.8429640531539917
177,0.35260000824928284,1.7749781608581543,0.39100000262260437,1.7275394201278687
178,0.3596999943256378,1.7652661800384521,0.40400001406669617,1.709453821182251
179,0.3564999997615814,1.7637410163879395,0.3804999887943268,1.7111674547195435
180,0.35499998927116394,1.7651042938232422,0.3409999907016754,1.8557782173156738
181,0.3538999855518341,1.773481011390686,0.39149999618530273,1.7312430143356323
182,0.3564999997615814,1.7681152820587158,0.40799999237060547,1.7008529901504517
183,0.36079999804496765,1.7659801244735718,0.36899998784065247,1.7599852085113525
184,0.357699990272522,1.763595700263977,0.36550000309944153,1.7500965595245361
185,0.3596999943256378,1.760694980621338,0.3935000002384186,1.7296746969223022
186,0.35910001397132874,1.7619913816452026,0.3865000009536743,1.7261887788772583
187,0.36399999260902405,1.7582714557647705,0.3785000145435333,1.7369205951690674
188,0.357699990272522,1.7611503601074219,0.4000000059604645,1.7075786590576172
189,0.3662000000476837,1.7599974870681763,0.3785000145435333,1.7722793817520142
190,0.3628999888896942,1.7538551092147827,0.38600000739097595,1.7353426218032837
191,0.3666999936103821,1.7484091520309448,0.3955000042915344,1.7027685642242432
192,0.3531999886035919,1.75968337059021,0.40700000524520874,1.699353814125061
193,0.36329999566078186,1.7463641166687012,0.40799999237060547,1.6793537139892578
194,0.35929998755455017,1.7534384727478027,0.4034999907016754,1.686624526977539
195,0.3662000000476837,1.748682975769043,0.3619999885559082,1.744343638420105
196,0.3662000000476837,1.7479504346847534,0.3774999976158142,1.7245936393737793
197,0.3596999943256378,1.7516881227493286,0.3955000042915344,1.7074079513549805
198,0.3675999939441681,1.7488394975662231,0.40450000762939453,1.715922474861145
199,0.375,1.7422946691513062,0.4090000092983246,1.6704285144805908
200,0.36079999804496765,1.7425848245620728,0.40700000524520874,1.6935228109359741
201,0.37119999527931213,1.7360892295837402,0.4025000035762787,1.69420325756073
202,0.3668999969959259,1.741216778755188,0.390500009059906,1.7133641242980957
203,0.3675999939441681,1.7342593669891357,0.398499995470047,1.7354955673217773
204,0.3671000003814697,1.7383042573928833,0.398499995470047,1.6858075857162476
205,0.3652999997138977,1.7431175708770752,0.40849998593330383,1.6855181455612183
206,0.36309999227523804,1.7380539178848267,0.4000000059604645,1.6953458786010742
207,0.3666999936103821,1.7364972829818726,0.398499995470047,1.7136104106903076
208,0.37369999289512634,1.7319775819778442,0.39399999380111694,1.6969116926193237
209,0.37400001287460327,1.7273677587509155,0.41350001096725464,1.669431209564209
210,0.3749000132083893,1.7354326248168945,0.3765000104904175,1.784164309501648
211,0.36880001425743103,1.7302650213241577,0.38499999046325684,1.7530810832977295
212,0.3711000084877014,1.7296726703643799,0.38999998569488525,1.7051153182983398
213,0.3725999891757965,1.7339426279067993,0.38449999690055847,1.7121943235397339
214,0.36890000104904175,1.7275675535202026,0.38350000977516174,1.7495663166046143
215,0.3684999942779541,1.7322838306427002,0.2944999933242798,1.9630073308944702
216,0.36719998717308044,1.7310949563980103,0.40450000762939453,1.6651066541671753
217,0.37439998984336853,1.7236930131912231,0.4124999940395355,1.6663215160369873
218,0.3756999969482422,1.7215138673782349,0.3605000078678131,1.837752103805542
219,0.37220001220703125,1.7244832515716553,0.4189999997615814,1.6586430072784424
220,0.37439998984336853,1.7127892971038818,0.4129999876022339,1.6653422117233276
221,0.37700000405311584,1.7186195850372314,0.4154999852180481,1.6663684844970703
222,0.37790000438690186,1.7162829637527466,0.39750000834465027,1.6658921241760254
223,0.3758000135421753,1.7164514064788818,0.40849998593330383,1.6640896797180176
224,0.3783999979496002,1.7166062593460083,0.3855000138282776,1.718818187713623
225,0.3765000104904175,1.7153191566467285,0.4065000116825104,1.6628543138504028
226,0.37450000643730164,1.7172564268112183,0.41499999165534973,1.6766059398651123
227,0.3799999952316284,1.7142122983932495,0.41749998927116394,1.6523805856704712
228,0.37940001487731934,1.713252305984497,0.34700000286102295,1.8378432989120483
229,0.37470000982284546,1.710769772529602,0.41449999809265137,1.6865423917770386
230,0.3790000081062317,1.7121220827102661,0.38350000977516174,1.7274028062820435
231,0.375,1.7110620737075806,0.35100001096725464,1.7878857851028442
232,0.3788999915122986,1.7081689834594727,0.40149998664855957,1.6666631698608398
233,0.37549999356269836,1.7084640264511108,0.3695000112056732,1.7401388883590698
234,0.38119998574256897,1.703250527381897,0.38449999690055847,1.768051266670227
235,0.3774999976158142,1.7073097229003906,0.40950000286102295,1.6546372175216675
236,0.3797000050544739,1.7084896564483643,0.3919999897480011,1.6855427026748657
237,0.3889000117778778,1.7041373252868652,0.36500000953674316,1.7449623346328735
238,0.3847000002861023,1.6962697505950928,0.41850000619888306,1.6756800413131714
239,0.38350000977516174,1.6976159811019897,0.3779999911785126,1.7175861597061157
240,0.3862999975681305,1.6944267749786377,0.328000009059906,1.936070442199707
241,0.38100001215934753,1.7041521072387695,0.4189999997615814,1.632798194885254
242,0.38839998841285706,1.6920472383499146,0.4300000071525574,1.6459838151931763
243,0.3792000114917755,1.6957658529281616,0.39100000262260437,1.6948686838150024
244,0.3792000114917755,1.706709384918213,0.41449999809265137,1.6484763622283936
245,0.3822999894618988,1.7019948959350586,0.40799999237060547,1.663280963897705
246,0.3799000084400177,1.7014435529708862,0.3765000104904175,1.7189968824386597
247,0.3822999894618988,1.6938369274139404,0.3935000002384186,1.692067265510559
248,0.38429999351501465,1.6989011764526367,0.3610000014305115,1.7525566816329956
249,0.3862000107765198,1.694181203842163,0.42250001430511475,1.629583477973938
250,0.38089999556541443,1.6937485933303833,0.38600000739097595,1.7097973823547363
251,0.3871999979019165,1.6938400268554688,0.41749998927116394,1.6645581722259521
252,0.38749998807907104,1.6884756088256836,0.38199999928474426,1.702883005142212
253,0.37860000133514404,1.6877937316894531,0.39899998903274536,1.7182906866073608
254,0.3856000006198883,1.6877193450927734,0.4189999997615814,1.6598085165023804
255,0.3873000144958496,1.687662124633789,0.3720000088214874,1.779386281967163
256,0.3887999951839447,1.691808819770813,0.3700000047683716,1.7203813791275024
257,0.3917999863624573,1.6895155906677246,0.36899998784065247,1.7532994747161865
258,0.38339999318122864,1.6833807229995728,0.4269999861717224,1.62320077419281
259,0.3894999921321869,1.6822060346603394,0.4230000078678131,1.6544424295425415
260,0.3824999928474426,1.684232473373413,0.4205000102519989,1.6225659847259521
261,0.3917999863624573,1.6731361150741577,0.40450000762939453,1.655715823173523
262,0.39010000228881836,1.6846816539764404,0.4230000078678131,1.618536353111267
263,0.3905999958515167,1.679716944694519,0.38499999046325684,1.727607250213623
264,0.39820000529289246,1.6713275909423828,0.3894999921321869,1.687488079071045
265,0.38960000872612,1.681516170501709,0.39100000262260437,1.6875935792922974
266,0.3878999948501587,1.677954912185669,0.4255000054836273,1.6509572267532349
267,0.39250001311302185,1.6704533100128174,0.39750000834465027,1.6680738925933838
268,0.39500001072883606,1.6780550479888916,0.4169999957084656,1.6303009986877441
269,0.39430001378059387,1.668317198753357,0.42250001430511475,1.6225699186325073
270,0.3917999863624573,1.6711487770080566,0.3955000042915344,1.6767222881317139
271,0.38600000739097595,1.6799691915512085,0.3644999861717224,1.7632662057876587
272,0.39489999413490295,1.6656031608581543,0.4309999942779541,1.6080236434936523
273,0.3952000141143799,1.6721218824386597,0.42899999022483826,1.6112163066864014
274,0.39419999718666077,1.6714555025100708,0.39149999618530273,1.738159418106079
275,0.3953999876976013,1.6692414283752441,0.40849998593330383,1.6608442068099976
276,0.39500001072883606,1.678154468536377,0.42100000381469727,1.6206088066101074
277,0.3921000063419342,1.6714011430740356,0.3935000002384186,1.6989476680755615
278,0.38670000433921814,1.6716293096542358,0.41749998927116394,1.6357464790344238
279,0.39419999718666077,1.6711061000823975,0.42750000953674316,1.614057183265686
280,0.3946000039577484,1.6632752418518066,0.40049999952316284,1.6589285135269165
281,0.4025999903678894,1.6602590084075928,0.40049999952316284,1.695612907409668
282,0.39649999141693115,1.664870262145996,0.41999998688697815,1.620904803276062
283,0.3928000032901764,1.6622322797775269,0.4325000047683716,1.6302764415740967
284,0.39890000224113464,1.6620433330535889,0.38749998807907104,1.733927607536316
285,0.39070001244544983,1.6706998348236084,0.39899998903274536,1.6887614727020264
286,0.4016000032424927,1.6589716672897339,0.4000000059604645,1.6782954931259155
287,0.4018999934196472,1.663360357284546,0.4334999918937683,1.6286063194274902
288,0.3986000120639801,1.654671311378479,0.42149999737739563,1.606906771659851
289,0.40070000290870667,1.6486892700195312,0.4284999966621399,1.6048862934112549
290,0.4007999897003174,1.6441857814788818,0.3894999921321869,1.6786699295043945
291,0.4009000062942505,1.6568386554718018,0.4235000014305115,1.6492308378219604
292,0.3946000039577484,1.6610370874404907,0.41600000858306885,1.6244570016860962
293,0.4056999981403351,1.6464574337005615,0.4189999997615814,1.6552059650421143
294,0.3968000113964081,1.6571011543273926,0.367000013589859,1.8180968761444092
295,0.40459999442100525,1.6553236246109009,0.42250001430511475,1.615554928779602
296,0.4049000144004822,1.648896336555481,0.42649999260902405,1.616579294204712
297,0.4025000035762787,1.6413657665252686,0.3695000112056732,1.7600616216659546
298,0.40560001134872437,1.6501268148422241,0.39800000190734863,1.7361539602279663
299,0.3993000090122223,1.6567667722702026,0.4255000054836273,1.62544584274292
300,0.3986000120639801,1.6440341472625732,0.4490000009536743,1.5958675146102905
301,0.4004000127315521,1.6504249572753906,0.40700000524520874,1.6613976955413818
302,0.4056999981403351,1.6427479982376099,0.3959999978542328,1.6693121194839478
303,0.40119999647140503,1.6513041257858276,0.3840000033378601,1.7485769987106323
304,0.4090999960899353,1.647368311882019,0.4244999885559082,1.6089786291122437
305,0.39430001378059387,1.6481019258499146,0.4230000078678131,1.6130729913711548
306,0.4059999883174896,1.6412904262542725,0.4375,1.5990606546401978
307,0.4009000062942505,1.6472681760787964,0.4399999976158142,1.6013343334197998
308,0.40860000252723694,1.6448686122894287,0.4205000102519989,1.6288691759109497
309,0.4043999910354614,1.6512160301208496,0.4440000057220459,1.5872293710708618
310,0.4074000120162964,1.636214256286621,0.41999998688697815,1.6204049587249756
311,0.4000999927520752,1.647038459777832,0.4099999964237213,1.6343841552734375
312,0.40630000829696655,1.642807960510254,0.43050000071525574,1.600270390510559
313,0.40869998931884766,1.6338021755218506,0.4350000023841858,1.5967717170715332
314,0.40310001373291016,1.6414341926574707,0.4320000112056732,1.5886698961257935
315,0.40799999237060547,1.638231635093689,0.445499986410141,1.5848489999771118
316,0.40619999170303345,1.6379785537719727,0.41850000619888306,1.6413112878799438
317,0.4065000116825104,1.6376503705978394,0.44749999046325684,1.5821657180786133
318,0.40610000491142273,1.6361156702041626,0.39399999380111694,1.6807721853256226
319,0.40299999713897705,1.6435143947601318,0.44850000739097595,1.5850343704223633
320,0.40700000524520874,1.6316709518432617,0.3944999873638153,1.7042248249053955
321,0.40459999442100525,1.6273747682571411,0.4399999976158142,1.5807257890701294
322,0.4092999994754791,1.6290796995162964,0.39399999380111694,1.693134069442749
323,0.4036000072956085,1.6379008293151855,0.4410000145435333,1.5942336320877075
324,0.4072999954223633,1.6330091953277588,0.3785000145435333,1.7257176637649536
325,0.40389999747276306,1.6340744495391846,0.39750000834465027,1.6664022207260132
326,0.41280001401901245,1.6269680261611938,0.4399999976158142,1.6075516939163208
327,0.4133000075817108,1.6222256422042847,0.38999998569488525,1.6985851526260376
328,0.4124999940395355,1.6259660720825195,0.4415000081062317,1.5860780477523804
329,0.4178999960422516,1.6212220191955566,0.44749999046325684,1.5691074132919312
330,0.41179999709129333,1.6200190782546997,0.40849998593330383,1.6593440771102905
331,0.40959998965263367,1.6349824666976929,0.40700000524520874,1.6748862266540527
332,0.40869998931884766,1.6246939897537231,0.4410000145435333,1.5749229192733765
333,0.40860000252723694,1.6201300621032715,0.4284999966621399,1.5874269008636475
334,0.41130000352859497,1.6178948879241943,0.3540000021457672,1.8582183122634888
335,0.41370001435279846,1.6259139776229858,0.43849998712539673,1.592172384262085
336,0.4196000099182129,1.6147576570510864,0.4259999990463257,1.6039774417877197
337,0.41200000047683716,1.6197798252105713,0.44350001215934753,1.5988080501556396
338,0.4124999940395355,1.6224421262741089,0.41100001335144043,1.6405158042907715
339,0.4124999940395355,1.6187822818756104,0.4424999952316284,1.5939016342163086
340,0.414000004529953,1.6143356561660767,0.43650001287460327,1.5926337242126465
341,0.4120999872684479,1.6138906478881836,0.4205000102519989,1.6462986469268799
342,0.4147999882698059,1.612665057182312,0.4009999930858612,1.6658464670181274
343,0.413100004196167,1.6217658519744873,0.4424999952316284,1.581573486328125
344,0.4156999886035919,1.610163927078247,0.40700000524520874,1.6695988178253174
345,0.4171000123023987,1.6128829717636108,0.4074999988079071,1.671566367149353
346,0.4124999940395355,1.6211196184158325,0.4494999945163727,1.5719183683395386
347,0.4162999987602234,1.616400957107544,0.4180000126361847,1.6584826707839966
348,0.41830000281333923,1.613265872001648,0.44850000739097595,1.5640767812728882
349,0.41600000858306885,1.6153628826141357,0.43549999594688416,1.5855238437652588
350,0.41670000553131104,1.608705997467041,0.38499999046325684,1.7499070167541504
351,0.4162999987602234,1.6056588888168335,0.3955000042915344,1.6683458089828491
352,0.41440001130104065,1.61255943775177,0.4255000054836273,1.5834648609161377
353,0.4156000018119812,1.622745156288147,0.4424999952316284,1.5889278650283813
354,0.415800005197525,1.607936978340149,0.45100000500679016,1.5645864009857178
355,0.41659998893737793,1.6028540134429932,0.40700000524520874,1.6821345090866089
356,0.41600000858306885,1.605654239654541,0.414000004529953,1.6545262336730957
357,0.4156999886035919,1.6084657907485962,0.4505000114440918,1.5591754913330078
358,0.41600000858306885,1.6041512489318848,0.46050000190734863,1.5444543361663818
359,0.42089998722076416,1.6012463569641113,0.41600000858306885,1.6406328678131104
360,0.4171999990940094,1.6126322746276855,0.4410000145435333,1.563583254814148
361,0.4162999987602234,1.600713849067688,0.4194999933242798,1.650442361831665
362,0.4235000014305115,1.5963773727416992,0.445499986410141,1.5746080875396729
363,0.4237000048160553,1.602493405342102,0.4309999942779541,1.610447883605957
364,0.4244999885559082,1.604414939880371,0.4309999942779541,1.5887408256530762
365,0.41670000553131104,1.5979130268096924,0.43950000405311584,1.5585299730300903
366,0.41370001435279846,1.603994369506836,0.45399999618530273,1.5647363662719727
367,0.42570000886917114,1.5969754457473755,0.32100000977516174,2.102386236190796
368,0.4203999936580658,1.599503755569458,0.4099999964237213,1.667883038520813
369,0.4214000105857849,1.5956910848617554,0.4259999990463257,1.6059575080871582
370,0.4244999885559082,1.598588228225708,0.43549999594688416,1.5963505506515503
371,0.41600000858306885,1.5999315977096558,0.42899999022483826,1.599280834197998
372,0.4228000044822693,1.5888828039169312,0.42649999260902405,1.6108112335205078
373,0.41530001163482666,1.5846325159072876,0.453000009059906,1.5532071590423584
374,0.4172999858856201,1.5923335552215576,0.4325000047683716,1.5791980028152466
375,0.42329999804496765,1.6048508882522583,0.4284999966621399,1.5737687349319458
376,0.42320001125335693,1.5911927223205566,0.38199999928474426,1.8201512098312378
377,0.4212999939918518,1.5956679582595825,0.44600000977516174,1.5700552463531494
378,0.4271000027656555,1.5870563983917236,0.43149998784065247,1.6127662658691406
379,0.42410001158714294,1.597103238105774,0.4494999945163727,1.552929162979126
380,0.42480000853538513,1.5875521898269653,0.41600000858306885,1.6359156370162964
381,0.4255000054836273,1.5836827754974365,0.4569999873638153,1.5430912971496582
382,0.4250999987125397,1.585343599319458,0.3400000035762787,1.8996838331222534
383,0.423799991607666,1.5917716026306152,0.4255000054836273,1.6315762996673584
384,0.42649999260902405,1.587276577949524,0.44200000166893005,1.5874769687652588
385,0.4302999973297119,1.5835506916046143,0.45750001072883606,1.5625711679458618
386,0.4262999892234802,1.5825623273849487,0.43299999833106995,1.6049573421478271
387,0.42329999804496765,1.58499014377594,0.4429999887943268,1.581084966659546
388,0.4255000054836273,1.589424967765808,0.4375,1.5967198610305786
389,0.427700012922287,1.5811138153076172,0.38199999928474426,1.731247067451477
390,0.4296000003814697,1.5852513313293457,0.44850000739097595,1.551254153251648
391,0.4262000024318695,1.5816172361373901,0.44999998807907104,1.5837080478668213
392,0.4255000054836273,1.5826568603515625,0.46950000524520874,1.5330119132995605
393,0.42809998989105225,1.5726001262664795,0.4345000088214874,1.6054766178131104
394,0.4293999969959259,1.574890375137329,0.421999990940094,1.6362779140472412
395,0.43140000104904175,1.5737606287002563,0.45399999618530273,1.5501010417938232
396,0.4226999878883362,1.5831447839736938,0.43849998712539673,1.6038682460784912
397,0.4207000136375427,1.5817214250564575,0.39250001311302185,1.6617212295532227
398,0.4262000024318695,1.5879435539245605,0.4375,1.6031056642532349
399,0.4278999865055084,1.5739500522613525,0.4309999942779541,1.591369867324829
400,0.43059998750686646,1.5759514570236206,0.46549999713897705,1.531106948852539
401,0.4345000088214874,1.5739140510559082,0.41100001335144043,1.67143976688385
402,0.43880000710487366,1.562612771987915,0.3955000042915344,1.699435830116272
403,0.4284000098705292,1.5722389221191406,0.4269999861717224,1.6462968587875366
404,0.4327000081539154,1.5768158435821533,0.45399999618530273,1.5611456632614136
405,0.4375999867916107,1.5631486177444458,0.3865000009536743,1.7402844429016113
406,0.43479999899864197,1.5666903257369995,0.4205000102519989,1.606756567955017
407,0.4334999918937683,1.5738602876663208,0.4300000071525574,1.6053783893585205
408,0.4268999993801117,1.571618676185608,0.46399998664855957,1.5319660902023315
409,0.43230000138282776,1.5718963146209717,0.4034999907016754,1.6970789432525635
410,0.43160000443458557,1.5682592391967773,0.46000000834465027,1.5362807512283325
411,0.43320000171661377,1.568758249282837,0.4555000066757202,1.5468852519989014
412,0.4262999892234802,1.5741024017333984,0.41449999809265137,1.6675318479537964
413,0.4302999973297119,1.5688743591308594,0.46650001406669617,1.5243538618087769
414,0.4293999969959259,1.5708346366882324,0.44999998807907104,1.5425299406051636
415,0.430400013923645,1.56926691532135,0.37299999594688416,1.7424094676971436
416,0.4271000027656555,1.570104956626892,0.4429999887943268,1.551485300064087
417,0.43149998784065247,1.5708132982254028,0.46399998664855957,1.5330777168273926
418,0.43220001459121704,1.561979055404663,0.38749998807907104,1.71738862991333
419,0.43070000410079956,1.5762336254119873,0.4320000112056732,1.601098895072937
420,0.4341999888420105,1.5607914924621582,0.39649999141693115,1.7427451610565186
421,0.4350000023841858,1.5640840530395508,0.3799999952316284,1.7769582271575928
422,0.43700000643730164,1.5674208402633667,0.4099999964237213,1.673148512840271
423,0.43309998512268066,1.5610888004302979,0.4300000071525574,1.6380101442337036
424,0.4350999891757965,1.5573947429656982,0.4480000138282776,1.5647915601730347
425,0.43230000138282776,1.5640733242034912,0.4099999964237213,1.6464298963546753
426,0.44029998779296875,1.5612304210662842,0.4230000078678131,1.592167615890503
427,0.42980000376701355,1.557712197303772,0.4634999930858612,1.5391356945037842
428,0.4415999948978424,1.559672236442566,0.453000009059906,1.5516239404678345
429,0.43619999289512634,1.5560637712478638,0.3619999885559082,1.862749457359314
430,0.43290001153945923,1.569869875907898,0.41449999809265137,1.622358798980713
431,0.4345000088214874,1.5484288930892944,0.4740000069141388,1.5097668170928955
432,0.4293999969959259,1.5595088005065918,0.4189999997615814,1.6040582656860352
433,0.4366999864578247,1.5548027753829956,0.4645000100135803,1.534138560295105
434,0.43869999051094055,1.5561343431472778,0.4309999942779541,1.5798379182815552
435,0.4424000084400177,1.5487371683120728,0.41749998927116394,1.6775624752044678
436,0.4381999969482422,1.5465177297592163,0.40400001406669617,1.720826506614685
437,0.4431999921798706,1.5461807250976562,0.41350001096725464,1.6624231338500977
438,0.44130000472068787,1.5486392974853516,0.4269999861717224,1.648483157157898
439,0.4431000053882599,1.552329182624817,0.4424999952316284,1.5745642185211182
440,0.4415999948978424,1.5479609966278076,0.4740000069141388,1.502595067024231
441,0.4345000088214874,1.5467829704284668,0.46149998903274536,1.5227539539337158
442,0.4426000118255615,1.5486869812011719,0.46650001406669617,1.5166338682174683
443,0.43209999799728394,1.5552092790603638,0.4490000009536743,1.579983115196228
444,0.43799999356269836,1.5440263748168945,0.4025000035762787,1.6535519361495972
445,0.4401000142097473,1.549674391746521,0.42649999260902405,1.6419330835342407
446,0.43799999356269836,1.5420597791671753,0.398499995470047,1.6693828105926514
447,0.43860000371932983,1.5402259826660156,0.3799999952316284,1.7663648128509521
448,0.4357999861240387,1.5504590272903442,0.4449999928474426,1.5459601879119873
449,0.4390999972820282,1.5442746877670288,0.46950000524520874,1.5046072006225586
450,0.44029998779296875,1.5431816577911377,0.460999995470047,1.5315887928009033
451,0.43799999356269836,1.5514367818832397,0.4514999985694885,1.5495504140853882
452,0.435699999332428,1.544623851776123,0.4620000123977661,1.5421786308288574
453,0.444599986076355,1.5430715084075928,0.4124999940395355,1.6118812561035156
454,0.4417000114917755,1.5491864681243896,0.4339999854564667,1.618634819984436
455,0.44449999928474426,1.537264108657837,0.4514999985694885,1.5430192947387695
456,0.44749999046325684,1.5405272245407104,0.42649999260902405,1.6142035722732544
457,0.44449999928474426,1.5457390546798706,0.42649999260902405,1.6252871751785278
458,0.4406999945640564,1.5449873208999634,0.4429999887943268,1.5645908117294312
459,0.4372999966144562,1.5384521484375,0.45100000500679016,1.5810588598251343
460,0.4388999938964844,1.5373435020446777,0.4194999933242798,1.6309962272644043
461,0.439300000667572,1.5382474660873413,0.4514999985694885,1.5541146993637085
462,0.44209998846054077,1.5385148525238037,0.46650001406669617,1.519553542137146
463,0.44519999623298645,1.5325353145599365,0.44600000977516174,1.5468065738677979
464,0.44839999079704285,1.5309594869613647,0.4645000100135803,1.52839195728302
465,0.4415000081062317,1.5404963493347168,0.4740000069141388,1.5035858154296875
466,0.43540000915527344,1.5391161441802979,0.4465000033378601,1.5504376888275146
467,0.450300008058548,1.5307718515396118,0.43149998784065247,1.556857943534851
468,0.4453999996185303,1.5393054485321045,0.43149998784065247,1.601804256439209
469,0.4433000087738037,1.5342812538146973,0.41850000619888306,1.6314445734024048
470,0.4458000063896179,1.532261848449707,0.4675000011920929,1.5224426984786987
471,0.4462999999523163,1.5305137634277344,0.43299999833106995,1.575227975845337
472,0.4490000009536743,1.5274637937545776,0.47749999165534973,1.4932628870010376
473,0.4422000050544739,1.532569408416748,0.47049999237060547,1.5289254188537598
474,0.44940000772476196,1.5313810110092163,0.4724999964237213,1.5113681554794312
475,0.444599986076355,1.5298542976379395,0.476500004529953,1.4917088747024536
476,0.4512999951839447,1.5343387126922607,0.4404999911785126,1.5702295303344727
477,0.44620001316070557,1.532616138458252,0.45399999618530273,1.529170274734497
478,0.4514000117778778,1.5203038454055786,0.43050000071525574,1.6098213195800781
479,0.4505000114440918,1.529117465019226,0.4684999883174896,1.526807427406311
480,0.4433000087738037,1.524135708808899,0.4715000092983246,1.4890905618667603
481,0.44510000944137573,1.5290977954864502,0.4345000088214874,1.600917100906372
482,0.44519999623298645,1.5259865522384644,0.4480000138282776,1.542687177658081
483,0.44850000739097595,1.5227575302124023,0.4675000011920929,1.5246676206588745
484,0.446399986743927,1.5288565158843994,0.45399999618530273,1.560728907585144
485,0.45210000872612,1.5236985683441162,0.4729999899864197,1.4935187101364136
486,0.4472000002861023,1.5271433591842651,0.45500001311302185,1.5287578105926514
487,0.448199987411499,1.5245511531829834,0.4749999940395355,1.501855731010437
488,0.4490000009536743,1.5253061056137085,0.42399999499320984,1.6525332927703857
489,0.4456000030040741,1.52967369556427,0.4625000059604645,1.509642481803894
490,0.45019999146461487,1.517305850982666,0.4359999895095825,1.5854225158691406
491,0.446399986743927,1.5201603174209595,0.4429999887943268,1.5746738910675049
492,0.44929999113082886,1.5151610374450684,0.46149998903274536,1.5462777614593506
493,0.45419999957084656,1.5180326700210571,0.43700000643730164,1.5838866233825684
494,0.4503999948501587,1.519142508506775,0.390500009059906,1.776066780090332
495,0.4560000002384186,1.5132734775543213,0.4490000009536743,1.5744825601577759
496,0.4530999958515167,1.5238155126571655,0.4325000047683716,1.548014760017395
497,0.4560000002384186,1.5236667394638062,0.46650001406669617,1.5222057104110718
498,0.4564000070095062,1.518107533454895,0.42100000381469727,1.6450934410095215
499,0.4514000117778778,1.5175902843475342,0.4814999997615814,1.4851510524749756
500,0.4546999931335449,1.5204191207885742,0.4309999942779541,1.6148557662963867
501,0.4465000033378601,1.518200159072876,0.46700000762939453,1.5274564027786255
502,0.4575999975204468,1.5063472986221313,0.39649999141693115,1.668385624885559
503,0.45570001006126404,1.5096032619476318,0.4729999899864197,1.4999135732650757
504,0.45410001277923584,1.5080256462097168,0.4059999883174896,1.7008180618286133
505,0.45410001277923584,1.5112870931625366,0.47049999237060547,1.5197813510894775
506,0.45210000872612,1.5144786834716797,0.4065000116825104,1.6885963678359985
507,0.45249998569488525,1.5209523439407349,0.4390000104904175,1.5968326330184937
508,0.4505999982357025,1.510541558265686,0.4625000059604645,1.5177134275436401
509,0.45080000162124634,1.5123850107192993,0.46950000524520874,1.495591402053833
510,0.4596000015735626,1.5048311948776245,0.4690000116825104,1.4975593090057373
511,0.45260000228881836,1.512457013130188,0.4645000100135803,1.5058611631393433
512,0.45329999923706055,1.5092285871505737,0.4729999899864197,1.48341703414917
513,0.4514000117778778,1.5049599409103394,0.44600000977516174,1.5188649892807007
514,0.45410001277923584,1.5023947954177856,0.4514999985694885,1.5818288326263428
515,0.4553999900817871,1.5045475959777832,0.4580000042915344,1.5155962705612183
516,0.45320001244544983,1.5090020895004272,0.38499999046325684,1.7790151834487915
517,0.4514000117778778,1.5080623626708984,0.4284999966621399,1.6525722742080688
518,0.4607999920845032,1.5185400247573853,0.4514999985694885,1.5515315532684326
519,0.45509999990463257,1.5043494701385498,0.44699999690055847,1.5648409128189087
520,0.45509999990463257,1.5019614696502686,0.4244999885559082,1.6039438247680664
521,0.45210000872612,1.5078991651535034,0.47049999237060547,1.495396375656128
522,0.4551999866962433,1.502780556678772,0.4345000088214874,1.5941463708877563
523,0.45840001106262207,1.5090610980987549,0.47450000047683716,1.5142210721969604
524,0.45419999957084656,1.5013116598129272,0.4309999942779541,1.587125539779663
525,0.45809999108314514,1.5005263090133667,0.40799999237060547,1.7022149562835693
526,0.46000000834465027,1.5021629333496094,0.47600001096725464,1.5025948286056519
527,0.45820000767707825,1.5087920427322388,0.47699999809265137,1.4828275442123413
528,0.4562000036239624,1.5046448707580566,0.46299999952316284,1.5309914350509644
529,0.4560999870300293,1.4956121444702148,0.47600001096725464,1.4846608638763428
530,0.45969998836517334,1.4937373399734497,0.4675000011920929,1.5240700244903564
531,0.46050000190734863,1.4964300394058228,0.48750001192092896,1.462335228919983
532,0.4575999975204468,1.4945772886276245,0.47999998927116394,1.4983899593353271
533,0.4577000141143799,1.4982414245605469,0.46799999475479126,1.5150437355041504
534,0.46160000562667847,1.493850827217102,0.4595000147819519,1.5185859203338623
535,0.4575999975204468,1.4989560842514038,0.47600001096725464,1.4804661273956299
536,0.46129998564720154,1.4824755191802979,0.46149998903274536,1.5288069248199463
537,0.4611999988555908,1.4897644519805908,0.4259999990463257,1.6378090381622314
538,0.45680001378059387,1.4954829216003418,0.4794999957084656,1.4791618585586548
539,0.4657000005245209,1.4839221239089966,0.4424999952316284,1.5446031093597412
540,0.45989999175071716,1.49272620677948,0.48350000381469727,1.4761393070220947
541,0.4625999927520752,1.4931820631027222,0.4659999907016754,1.5219594240188599
542,0.4593999981880188,1.4895957708358765,0.46549999713897705,1.5136579275131226
543,0.45989999175071716,1.4914143085479736,0.4569999873638153,1.5246576070785522
544,0.4611999988555908,1.4853804111480713,0.4860000014305115,1.462038516998291
545,0.4643000066280365,1.487082839012146,0.445499986410141,1.5724878311157227
546,0.46459999680519104,1.4921472072601318,0.42800000309944153,1.5968239307403564
547,0.454800009727478,1.4927326440811157,0.4269999861717224,1.6723356246948242
548,0.4611999988555908,1.4972692728042603,0.47850000858306885,1.495676040649414
549,0.47130000591278076,1.4781428575515747,0.3869999945163727,1.8513798713684082
550,0.4593999981880188,1.4932990074157715,0.4359999895095825,1.6276733875274658
551,0.4657999873161316,1.4849507808685303,0.4699999988079071,1.5287977457046509
552,0.46709999442100525,1.4865963459014893,0.47999998927116394,1.470930814743042
553,0.460099995136261,1.4883933067321777,0.49149999022483826,1.4745433330535889
554,0.4650000035762787,1.4854443073272705,0.4729999899864197,1.4952139854431152
555,0.4636000096797943,1.492410659790039,0.46799999475479126,1.5222829580307007
556,0.46860000491142273,1.4825971126556396,0.46050000190734863,1.5516878366470337
557,0.4652999937534332,1.478175163269043,0.4884999990463257,1.461419939994812
558,0.46129998564720154,1.486750602722168,0.48500001430511475,1.4662983417510986
559,0.46650001406669617,1.4789193868637085,0.48249998688697815,1.4746626615524292
560,0.45829999446868896,1.4849520921707153,0.4244999885559082,1.6477138996124268
561,0.4650000035762787,1.483839511871338,0.47699999809265137,1.4949864149093628
562,0.4616999924182892,1.4910542964935303,0.45100000500679016,1.5573698282241821
563,0.4674000144004822,1.4803422689437866,0.4740000069141388,1.5131847858428955
564,0.4661000072956085,1.4734834432601929,0.4790000021457672,1.4653677940368652
565,0.46399998664855957,1.4753268957138062,0.4124999940395355,1.6976224184036255
566,0.4636000096797943,1.4766714572906494,0.4625000059604645,1.5091774463653564
567,0.4666000008583069,1.4752929210662842,0.484499990940094,1.4782826900482178
568,0.4650999903678894,1.475840449333191,0.445499986410141,1.557900309562683
569,0.46209999918937683,1.4887639284133911,0.44600000977516174,1.5706974267959595
570,0.4564000070095062,1.4845794439315796,0.4790000021457672,1.4935377836227417
571,0.4724999964237213,1.47568678855896,0.47850000858306885,1.4750652313232422
572,0.46880000829696655,1.4761793613433838,0.4584999978542328,1.5469404458999634
573,0.4699000120162964,1.4756126403808594,0.46000000834465027,1.510000228881836
574,0.4620000123977661,1.4762709140777588,0.4440000057220459,1.5932952165603638
575,0.4652000069618225,1.4792299270629883,0.47999998927116394,1.4620680809020996
576,0.46799999475479126,1.476029396057129,0.3619999885559082,1.8289189338684082
577,0.47119998931884766,1.4760572910308838,0.4855000078678131,1.4791210889816284
578,0.4648999869823456,1.4722405672073364,0.48399999737739563,1.4827189445495605
579,0.4677000045776367,1.4745543003082275,0.4569999873638153,1.5479931831359863
580,0.4602000117301941,1.4821431636810303,0.48750001192092896,1.482999563217163
581,0.4693000018596649,1.476326584815979,0.46799999475479126,1.5057529211044312
582,0.4706999957561493,1.4711483716964722,0.4749999940395355,1.4830495119094849
583,0.46860000491142273,1.4754993915557861,0.492000013589859,1.4559893608093262
584,0.4668999910354614,1.4666571617126465,0.4894999861717224,1.4538935422897339
585,0.4674000144004822,1.4699393510818481,0.41850000619888306,1.6977379322052002
586,0.46700000762939453,1.4739272594451904,0.45350000262260437,1.5717144012451172
587,0.4684999883174896,1.4798367023468018,0.4814999997615814,1.4673911333084106
588,0.4683000147342682,1.4693430662155151,0.4659999907016754,1.5334311723709106
589,0.46939998865127563,1.4739391803741455,0.4779999852180481,1.494213342666626
590,0.47620001435279846,1.4661589860916138,0.47450000047683716,1.506655216217041
591,0.4675999879837036,1.4623420238494873,0.49300000071525574,1.452521562576294
592,0.4697999954223633,1.4674841165542603,0.46149998903274536,1.5309556722640991
593,0.4668999910354614,1.4660927057266235,0.43549999594688416,1.627540946006775
594,0.46810001134872437,1.4740562438964844,0.4779999852180481,1.4908250570297241
595,0.47110000252723694,1.4670274257659912,0.4715000092983246,1.5072433948516846
596,0.4740000069141388,1.4640252590179443,0.4950000047683716,1.4576058387756348
597,0.47609999775886536,1.466953992843628,0.4790000021457672,1.4878205060958862
598,0.4733999967575073,1.4546023607254028,0.492000013589859,1.446706771850586
599,0.4796000123023987,1.4559478759765625,0.4805000126361847,1.5042487382888794
600,0.4717000126838684,1.466009259223938,0.4794999957084656,1.4773286581039429
601,0.46970000863075256,1.4585363864898682,0.44350001215934753,1.6474308967590332
602,0.47999998927116394,1.4577237367630005,0.4869999885559082,1.4624794721603394
603,0.4738999903202057,1.4613888263702393,0.484499990940094,1.4436222314834595
604,0.4697999954223633,1.4633857011795044,0.4869999885559082,1.4662585258483887
605,0.4779999852180481,1.4592363834381104,0.4805000126361847,1.4467848539352417
606,0.4674000144004822,1.463935136795044,0.41449999809265137,1.706638216972351
607,0.4781999886035919,1.4599292278289795,0.46050000190734863,1.5111531019210815
608,0.4690999984741211,1.4516912698745728,0.4154999852180481,1.7092925310134888
609,0.47049999237060547,1.4596117734909058,0.46700000762939453,1.520461916923523
610,0.48010000586509705,1.4466382265090942,0.48500001430511475,1.4561645984649658
611,0.4747999906539917,1.459914207458496,0.453000009059906,1.5652821063995361
612,0.47269999980926514,1.4639767408370972,0.4544999897480011,1.5239548683166504
613,0.47189998626708984,1.449609398841858,0.4494999945163727,1.539258599281311
614,0.4805000126361847,1.4456238746643066,0.4320000112056732,1.6414117813110352
615,0.47429999709129333,1.4646046161651611,0.4860000014305115,1.4548099040985107
616,0.4821000099182129,1.4525502920150757,0.49900001287460327,1.4492454528808594
617,0.4724999964237213,1.4538915157318115,0.48500001430511475,1.4518758058547974
618,0.47589999437332153,1.4539200067520142,0.4620000123977661,1.5359907150268555
619,0.47450000047683716,1.4523651599884033,0.4325000047683716,1.6134185791015625
620,0.4754999876022339,1.4552538394927979,0.42399999499320984,1.6246514320373535
621,0.4797999858856201,1.4619932174682617,0.48649999499320984,1.4606770277023315
622,0.4756999909877777,1.4486701488494873,0.47749999165534973,1.4948252439498901
623,0.4754999876022339,1.4489445686340332,0.4779999852180481,1.5020630359649658
624,0.47429999709129333,1.452998399734497,0.4830000102519989,1.4626569747924805
625,0.48579999804496765,1.445664882659912,0.48899999260902405,1.445185661315918
626,0.48089998960494995,1.4474574327468872,0.5,1.4360566139221191
627,0.47450000047683716,1.4469056129455566,0.49799999594688416,1.427973985671997
628,0.4747999906539917,1.445436716079712,0.47350001335144043,1.4973453283309937
629,0.47679999470710754,1.4469048976898193,0.4659999907016754,1.513540506362915
630,0.47699999809265137,1.4504265785217285,0.4754999876022339,1.496087908744812
631,0.4772999882698059,1.45589280128479,0.49050000309944153,1.4502125978469849
632,0.4814999997615814,1.4442285299301147,0.46149998903274536,1.525291919708252
633,0.4837999939918518,1.4481598138809204,0.46700000762939453,1.498202919960022
634,0.4814000129699707,1.443959355354309,0.4009999930858612,1.7778671979904175
635,0.48010000586509705,1.4539129734039307,0.49050000309944153,1.4403642416000366
636,0.47940000891685486,1.4489656686782837,0.4860000014305115,1.4447897672653198
637,0.48159998655319214,1.4381511211395264,0.47699999809265137,1.492440938949585
638,0.4781999886035919,1.4437222480773926,0.4884999990463257,1.4597768783569336
639,0.4812000095844269,1.4414918422698975,0.41749998927116394,1.7050856351852417
640,0.47589999437332153,1.4558653831481934,0.46950000524520874,1.490418791770935
641,0.48339998722076416,1.4447977542877197,0.4975000023841858,1.4460536241531372
642,0.4812999963760376,1.4325042963027954,0.47350001335144043,1.4857937097549438
643,0.4871000051498413,1.4372977018356323,0.46700000762939453,1.4879658222198486
644,0.4763999879360199,1.4384584426879883,0.44699999690055847,1.5940204858779907
645,0.4810999929904938,1.4413336515426636,0.484499990940094,1.453615665435791
646,0.47999998927116394,1.4390352964401245,0.49050000309944153,1.4556256532669067
647,0.4767000079154968,1.444151520729065,0.49900001287460327,1.4256600141525269
648,0.4830000102519989,1.4408302307128906,0.46650001406669617,1.5146030187606812
649,0.477400004863739,1.4349344968795776,0.49300000071525574,1.4490721225738525
650,0.4828000068664551,1.437540888786316,0.47600001096725464,1.4832603931427002
651,0.4832000136375427,1.4314128160476685,0.44999998807907104,1.5430787801742554
652,0.4880000054836273,1.436292290687561,0.4880000054836273,1.4482128620147705
653,0.48539999127388,1.4235799312591553,0.460999995470047,1.481410264968872
654,0.48100000619888306,1.4235131740570068,0.4749999940395355,1.5074158906936646
655,0.47699999809265137,1.4287630319595337,0.45399999618530273,1.5575194358825684
656,0.48170000314712524,1.4378424882888794,0.4505000114440918,1.5650432109832764
657,0.4812999963760376,1.4298322200775146,0.4964999854564667,1.4323811531066895
658,0.484499990940094,1.426153302192688,0.49900001287460327,1.4304145574569702
659,0.48579999804496765,1.4270693063735962,0.492000013589859,1.4380632638931274
660,0.48539999127388,1.4304542541503906,0.4584999978542328,1.582961082458496
661,0.48350000381469727,1.4339966773986816,0.5055000185966492,1.421058177947998
662,0.4848000109195709,1.4322667121887207,0.48750001192092896,1.4657856225967407
663,0.4837000072002411,1.4342310428619385,0.47350001335144043,1.504526138305664
664,0.484499990940094,1.4343596696853638,0.4959999918937683,1.43179452419281
665,0.48510000109672546,1.4273711442947388,0.49149999022483826,1.4565004110336304
666,0.4934000074863434,1.4247896671295166,0.49000000953674316,1.4427757263183594
667,0.4803999960422516,1.4392415285110474,0.4790000021457672,1.479506254196167
668,0.4846000075340271,1.4300868511199951,0.4794999957084656,1.4659461975097656
669,0.4810999929904938,1.4271728992462158,0.4494999945163727,1.6029696464538574
670,0.48420000076293945,1.4260149002075195,0.4945000112056732,1.4319911003112793
671,0.4828000068664551,1.437265396118164,0.4690000116825104,1.4896358251571655
672,0.4796000123023987,1.4257197380065918,0.5015000104904175,1.434468388557434
673,0.48429998755455017,1.4282292127609253,0.4740000069141388,1.4862463474273682
674,0.492900013923645,1.4184266328811646,0.37599998712539673,1.879459023475647
675,0.478300005197525,1.4374877214431763,0.4975000023841858,1.4537432193756104
676,0.49140000343322754,1.419456958770752,0.4970000088214874,1.4235374927520752
677,0.489300012588501,1.4162412881851196,0.47049999237060547,1.50059175491333
678,0.4864000082015991,1.4268959760665894,0.4894999861717224,1.4627469778060913
679,0.4918000102043152,1.4232432842254639,0.48649999499320984,1.4586433172225952
680,0.4860999882221222,1.4249006509780884,0.49399998784065247,1.4546740055084229
681,0.4821999967098236,1.427503228187561,0.48899999260902405,1.4587395191192627
682,0.48910000920295715,1.4201359748840332,0.46950000524520874,1.564192771911621
683,0.4837000072002411,1.4238649606704712,0.48750001192092896,1.48141348361969
684,0.4871000051498413,1.4215220212936401,0.4830000102519989,1.4886711835861206
685,0.4878999888896942,1.4252877235412598,0.47200000286102295,1.50614595413208
686,0.4864000082015991,1.4220726490020752,0.48350000381469727,1.4841272830963135
687,0.4927999973297119,1.4235540628433228,0.48249998688697815,1.4656819105148315
688,0.4902999997138977,1.416093349456787,0.45249998569488525,1.559820294380188
689,0.48339998722076416,1.4242615699768066,0.5005000233650208,1.4531091451644897
690,0.4867999851703644,1.4152441024780273,0.43799999356269836,1.602342963218689
691,0.4862000048160553,1.4170737266540527,0.43950000405311584,1.6242835521697998
692,0.4887000024318695,1.4242457151412964,0.44200000166893005,1.627730369567871
693,0.49309998750686646,1.4167951345443726,0.43050000071525574,1.6705971956253052
694,0.48840001225471497,1.4184770584106445,0.4300000071525574,1.6163538694381714
695,0.48910000920295715,1.4171942472457886,0.4884999990463257,1.4473243951797485
696,0.4887000024318695,1.413981556892395,0.4860000014305115,1.477661371231079
697,0.484499990940094,1.419461965560913,0.460999995470047,1.5270435810089111
698,0.4846000075340271,1.420142412185669,0.4320000112056732,1.6884287595748901
699,0.48969998955726624,1.4163562059402466,0.4715000092983246,1.5186469554901123
700,0.492900013923645,1.4142227172851562,0.4650000035762787,1.5139013528823853
701,0.49300000071525574,1.4120700359344482,0.49300000071525574,1.4621416330337524
702,0.49390000104904175,1.406440019607544,0.49300000071525574,1.4436153173446655
703,0.487199991941452,1.4170061349868774,0.49300000071525574,1.4493919610977173
704,0.48649999499320984,1.415340542793274,0.5099999904632568,1.4191657304763794
705,0.4957999885082245,1.4126242399215698,0.4880000054836273,1.4387470483779907
706,0.49480000138282776,1.402674913406372,0.5099999904632568,1.4048190116882324
707,0.4884999990463257,1.4141590595245361,0.4984999895095825,1.4167934656143188
708,0.49230000376701355,1.407766580581665,0.48899999260902405,1.4484999179840088
709,0.4921000003814697,1.4072165489196777,0.4934999942779541,1.43314528465271
710,0.48899999260902405,1.4190195798873901,0.48249998688697815,1.4661234617233276
711,0.49619999527931213,1.411491870880127,0.4975000023841858,1.4818148612976074
712,0.4851999878883362,1.4109026193618774,0.5,1.4102001190185547
713,0.4887999892234802,1.4157798290252686,0.5055000185966492,1.4081147909164429
714,0.4927000105381012,1.3991367816925049,0.5115000009536743,1.3983142375946045
715,0.49459999799728394,1.4037336111068726,0.5019999742507935,1.43179452419281
716,0.4966000020503998,1.406039834022522,0.5040000081062317,1.4130825996398926
717,0.49239999055862427,1.3999091386795044,0.48750001192092896,1.5061510801315308
718,0.4952999949455261,1.4042155742645264,0.5055000185966492,1.4218769073486328
719,0.49239999055862427,1.4087343215942383,0.5214999914169312,1.4091160297393799
720,0.4869999885559082,1.4037665128707886,0.4830000102519989,1.458546757698059
721,0.4916999936103821,1.4062960147857666,0.5034999847412109,1.4257326126098633
722,0.4900999963283539,1.4035861492156982,0.5024999976158142,1.410443902015686
723,0.4950999915599823,1.395456314086914,0.4359999895095825,1.6710002422332764
724,0.49720001220703125,1.4152114391326904,0.5074999928474426,1.4345624446868896
725,0.4943999946117401,1.3999909162521362,0.5084999799728394,1.4199262857437134
726,0.4948999881744385,1.3952903747558594,0.5005000233650208,1.4341922998428345
727,0.4925999939441681,1.411832571029663,0.5059999823570251,1.4191228151321411
728,0.4934000074863434,1.402632713317871,0.5080000162124634,1.4155532121658325
729,0.4975999891757965,1.3993171453475952,0.5024999976158142,1.450600504875183
730,0.4984999895095825,1.4008467197418213,0.5059999823570251,1.4205172061920166
731,0.49300000071525574,1.3952126502990723,0.5059999823570251,1.4231760501861572
732,0.4964999854564667,1.392127275466919,0.48249998688697815,1.471848487854004
733,0.49459999799728394,1.3976120948791504,0.4909999966621399,1.4540562629699707
734,0.4957999885082245,1.4003534317016602,0.5080000162124634,1.4089646339416504
735,0.49889999628067017,1.396322250366211,0.4925000071525574,1.4462306499481201
736,0.4968999922275543,1.3949785232543945,0.5090000033378601,1.4045109748840332
737,0.4961000084877014,1.3969849348068237,0.48399999737739563,1.475204586982727
738,0.49459999799728394,1.3963550329208374,0.5074999928474426,1.4124290943145752
739,0.49459999799728394,1.4007484912872314,0.46299999952316284,1.591442346572876
740,0.4948999881744385,1.3993325233459473,0.48899999260902405,1.465118169784546
741,0.503000020980835,1.4014908075332642,0.4230000078678131,1.612463116645813
742,0.5016000270843506,1.3947495222091675,0.47450000047683716,1.4826734066009521
743,0.499099999666214,1.3885397911071777,0.5120000243186951,1.4077167510986328
744,0.49459999799728394,1.391278862953186,0.4415000081062317,1.624271273612976
745,0.4952000081539154,1.3997869491577148,0.4884999990463257,1.4433109760284424
746,0.4975000023841858,1.3899915218353271,0.48899999260902405,1.4679999351501465
747,0.4993000030517578,1.387972354888916,0.5095000267028809,1.4037779569625854
748,0.49790000915527344,1.3852678537368774,0.5090000033378601,1.4222840070724487
749,0.499099999666214,1.3880385160446167,0.49799999594688416,1.4501539468765259
750,0.5005999803543091,1.3955553770065308,0.4569999873638153,1.5500317811965942
751,0.5080000162124634,1.383246660232544,0.45649999380111694,1.5884231328964233
752,0.5016999840736389,1.3883628845214844,0.46700000762939453,1.5509511232376099
753,0.5005999803543091,1.3878954648971558,0.5115000009536743,1.42573881149292
754,0.503000020980835,1.382910966873169,0.4790000021457672,1.4870727062225342
755,0.5005000233650208,1.3888773918151855,0.5009999871253967,1.4173686504364014
756,0.4977000057697296,1.3971683979034424,0.515500009059906,1.4069749116897583
757,0.49970000982284546,1.3835810422897339,0.5044999718666077,1.4058780670166016
758,0.49570000171661377,1.3932377099990845,0.4975000023841858,1.4294661283493042
759,0.4970000088214874,1.3872300386428833,0.4724999964237213,1.4874985218048096
760,0.4973999857902527,1.3916661739349365,0.5189999938011169,1.39519464969635
761,0.5022000074386597,1.3802318572998047,0.5034999847412109,1.4078930616378784
762,0.5008999705314636,1.3861325979232788,0.42250001430511475,1.6477102041244507
763,0.4975999891757965,1.3781853914260864,0.484499990940094,1.4746307134628296
764,0.5026000142097473,1.387198567390442,0.49300000071525574,1.4628143310546875
765,0.49970000982284546,1.3872913122177124,0.5090000033378601,1.3967896699905396
766,0.5044999718666077,1.3802615404129028,0.41749998927116394,1.6415867805480957
767,0.5,1.392856478691101,0.4790000021457672,1.4906679391860962
768,0.5034000277519226,1.3827770948410034,0.5170000195503235,1.3964776992797852
769,0.5031999945640564,1.3817954063415527,0.46050000190734863,1.6150848865509033
770,0.5033000111579895,1.3892196416854858,0.5084999799728394,1.3945047855377197
771,0.49559998512268066,1.3881720304489136,0.492000013589859,1.4535753726959229
772,0.49900001287460327,1.3877556324005127,0.4894999861717224,1.438345193862915
773,0.5051000118255615,1.3782914876937866,0.5070000290870667,1.4187655448913574
774,0.5038999915122986,1.3758207559585571,0.4975000023841858,1.444185733795166
775,0.5073000192642212,1.3733991384506226,0.5139999985694885,1.3886833190917969
776,0.4968999922275543,1.3773552179336548,0.5220000147819519,1.3882609605789185
777,0.5048999786376953,1.3688088655471802,0.5164999961853027,1.4083688259124756
778,0.5098000168800354,1.3586183786392212,0.4729999899864197,1.5606212615966797
779,0.49709999561309814,1.3818665742874146,0.4880000054836273,1.4882949590682983
780,0.5038999915122986,1.375512719154358,0.49149999022483826,1.4370577335357666
781,0.5083000063896179,1.3758668899536133,0.49900001287460327,1.4306833744049072
782,0.5134000182151794,1.3684872388839722,0.5084999799728394,1.4155153036117554
783,0.5013999938964844,1.3749867677688599,0.5099999904632568,1.4245741367340088
784,0.5031999945640564,1.3722023963928223,0.4884999990463257,1.4801090955734253
785,0.5005999803543091,1.376585602760315,0.4959999918937683,1.4473154544830322
786,0.5054000020027161,1.3749619722366333,0.4830000102519989,1.5427472591400146
787,0.5091000199317932,1.3781720399856567,0.48100000619888306,1.5333863496780396
788,0.5008000135421753,1.37734854221344,0.5019999742507935,1.4522777795791626
789,0.4984999895095825,1.375840187072754,0.421999990940094,1.7344006299972534
790,0.511900007724762,1.3759031295776367,0.5120000243186951,1.4027477502822876
791,0.5049999952316284,1.365652084350586,0.5034999847412109,1.4605937004089355
792,0.5045999884605408,1.372958779335022,0.5074999928474426,1.4036755561828613
793,0.5020999908447266,1.3754143714904785,0.4675000011920929,1.5008090734481812
794,0.505299985408783,1.3756171464920044,0.5044999718666077,1.4052979946136475
795,0.5031999945640564,1.3763989210128784,0.45399999618530273,1.5490331649780273
796,0.5084999799728394,1.3697924613952637,0.4964999854564667,1.4340864419937134
797,0.5099999904632568,1.3650189638137817,0.5220000147819519,1.3824180364608765
798,0.5101000070571899,1.3659253120422363,0.4740000069141388,1.5125887393951416
799,0.503000020980835,1.3725197315216064,0.5049999952316284,1.4240118265151978
800,0.5128999948501587,1.361039400100708,0.4555000066757202,1.548663854598999
801,0.5047000050544739,1.368852972984314,0.5134999752044678,1.4007929563522339
802,0.5030999779701233,1.3713182210922241,0.5120000243186951,1.4150209426879883
803,0.5077000260353088,1.3667782545089722,0.5105000138282776,1.417629599571228
804,0.5055999755859375,1.3691198825836182,0.49950000643730164,1.4327940940856934
805,0.5101000070571899,1.363008975982666,0.5174999833106995,1.394265055656433
806,0.5103999972343445,1.3735624551773071,0.49950000643730164,1.4485082626342773
807,0.5074999928474426,1.3637094497680664,0.5099999904632568,1.4321660995483398
808,0.5095999836921692,1.3678349256515503,0.5,1.4289255142211914
809,0.5077000260353088,1.3602087497711182,0.5134999752044678,1.3892143964767456
810,0.504800021648407,1.3644521236419678,0.4909999966621399,1.4720591306686401
811,0.5117999911308289,1.3656631708145142,0.5230000019073486,1.3902995586395264
812,0.5077999830245972,1.3596793413162231,0.484499990940094,1.4809800386428833
813,0.5148000121116638,1.363570213317871,0.49300000071525574,1.4193799495697021
814,0.5076000094413757,1.3609060049057007,0.4959999918937683,1.4368218183517456
815,0.5062000155448914,1.3632829189300537,0.484499990940094,1.4834561347961426
816,0.5052000284194946,1.363718867301941,0.515500009059906,1.390125036239624
817,0.5131999850273132,1.358337640762329,0.5139999985694885,1.4097439050674438
818,0.5056999921798706,1.3609083890914917,0.5,1.4335787296295166
819,0.5058000087738037,1.3645585775375366,0.49799999594688416,1.433787226676941
820,0.5042999982833862,1.3738099336624146,0.42149999737739563,1.7686203718185425
821,0.5170000195503235,1.358588695526123,0.5249999761581421,1.38983154296875
822,0.5084999799728394,1.3577375411987305,0.5034999847412109,1.4268282651901245
823,0.5110999941825867,1.3554611206054688,0.4620000123977661,1.58272385597229
824,0.5062000155448914,1.3569940328598022,0.5184999704360962,1.3863043785095215
825,0.5076000094413757,1.3633477687835693,0.5134999752044678,1.3995883464813232
826,0.5116999745368958,1.362404465675354,0.5115000009536743,1.3954689502716064
827,0.5160999894142151,1.353134274482727,0.4519999921321869,1.5896186828613281
828,0.5156999826431274,1.3604108095169067,0.5024999976158142,1.4487240314483643
829,0.5110999941825867,1.3599275350570679,0.5049999952316284,1.3974303007125854
830,0.5135999917984009,1.3543033599853516,0.5055000185966492,1.43036949634552
831,0.5164999961853027,1.3495597839355469,0.5090000033378601,1.3853905200958252
832,0.5110999941825867,1.3575941324234009,0.5260000228881836,1.383083462715149
833,0.5145000219345093,1.3480515480041504,0.5130000114440918,1.3869078159332275
834,0.5134000182151794,1.3501158952713013,0.48350000381469727,1.4851428270339966
835,0.512499988079071,1.3565200567245483,0.48899999260902405,1.4824135303497314
836,0.5156000256538391,1.350615382194519,0.5105000138282776,1.4041448831558228
837,0.5170999765396118,1.3525117635726929,0.5134999752044678,1.3855385780334473
838,0.5145999789237976,1.3521684408187866,0.445499986410141,1.6368780136108398
839,0.5123999714851379,1.3551191091537476,0.49399998784065247,1.4459364414215088
840,0.5178999900817871,1.3485450744628906,0.4909999966621399,1.44711434841156
841,0.5131000280380249,1.354792833328247,0.49149999022483826,1.4373822212219238
842,0.5134000182151794,1.352182149887085,0.47600001096725464,1.5512529611587524
843,0.5103999972343445,1.355556607246399,0.492000013589859,1.412925362586975
844,0.5149000287055969,1.3528257608413696,0.49799999594688416,1.4333206415176392
845,0.5117999911308289,1.347309947013855,0.5095000267028809,1.412095308303833
846,0.5026999711990356,1.3601030111312866,0.5130000114440918,1.3854682445526123
847,0.5144000053405762,1.3505264520645142,0.5375000238418579,1.3694525957107544
848,0.5152999758720398,1.34816575050354,0.5005000233650208,1.4363069534301758
849,0.5169000029563904,1.3462369441986084,0.49300000071525574,1.4184601306915283
850,0.51910001039505,1.3437331914901733,0.49399998784065247,1.4365839958190918
851,0.5174000263214111,1.3469091653823853,0.5195000171661377,1.3839327096939087
852,0.5138999819755554,1.3464484214782715,0.5115000009536743,1.3968322277069092
853,0.5148000121116638,1.3425737619400024,0.5174999833106995,1.3763986825942993
854,0.5167999863624573,1.3463208675384521,0.5149999856948853,1.3918859958648682
855,0.5166000127792358,1.3418989181518555,0.4715000092983246,1.5378652811050415
856,0.5145000219345093,1.3481426239013672,0.5245000123977661,1.3870171308517456
857,0.5212000012397766,1.3426146507263184,0.5130000114440918,1.401577353477478
858,0.5163000226020813,1.338261604309082,0.5120000243186951,1.4150255918502808
859,0.5146999955177307,1.3413517475128174,0.503000020980835,1.408689260482788
860,0.5120999813079834,1.3496965169906616,0.5274999737739563,1.3851114511489868
861,0.5164999961853027,1.3366788625717163,0.49799999594688416,1.4494678974151611
862,0.5123999714851379,1.3353947401046753,0.5040000081062317,1.4195693731307983
863,0.517799973487854,1.3429025411605835,0.4970000088214874,1.4464914798736572
864,0.5203999876976013,1.344283103942871,0.5009999871253967,1.4443670511245728
865,0.5135999917984009,1.3413954973220825,0.515999972820282,1.3977305889129639
866,0.5170000195503235,1.346345067024231,0.5214999914169312,1.3699445724487305
867,0.5232999920845032,1.3322288990020752,0.5254999995231628,1.365896463394165
868,0.5166000127792358,1.342133641242981,0.5084999799728394,1.4090335369110107
869,0.5223000049591064,1.333979606628418,0.5220000147819519,1.3718458414077759
870,0.5203999876976013,1.3395519256591797,0.5149999856948853,1.3941012620925903
871,0.5212000012397766,1.3376166820526123,0.5289999842643738,1.3654201030731201
872,0.5145000219345093,1.3349889516830444,0.5049999952316284,1.4225324392318726
873,0.5148000121116638,1.3448513746261597,0.4869999885559082,1.4477853775024414
874,0.5170999765396118,1.3351719379425049,0.5005000233650208,1.4551845788955688
875,0.5145999789237976,1.335654377937317,0.48249998688697815,1.466312289237976
876,0.5205000042915344,1.3401978015899658,0.5065000057220459,1.4052070379257202
877,0.5246999859809875,1.3318147659301758,0.5235000252723694,1.3713566064834595
878,0.5210000276565552,1.32289719581604,0.512499988079071,1.4161622524261475
879,0.5210999846458435,1.3260012865066528,0.5044999718666077,1.4159640073776245
880,0.5184999704360962,1.333621621131897,0.4334999918937683,1.6207948923110962
881,0.5188999772071838,1.331921100616455,0.4749999940395355,1.5102187395095825
882,0.5210000276565552,1.335736870765686,0.44600000977516174,1.618975043296814
883,0.5200999975204468,1.339035987854004,0.5090000033378601,1.4062284231185913
884,0.5264000296592712,1.3283913135528564,0.5210000276565552,1.3614228963851929
885,0.5153999924659729,1.3362510204315186,0.515500009059906,1.3788652420043945
886,0.5220000147819519,1.3243978023529053,0.49399998784065247,1.432376742362976
887,0.5248000025749207,1.3293070793151855,0.5,1.4457125663757324
888,0.5182999968528748,1.3318321704864502,0.47049999237060547,1.4761372804641724
889,0.5188999772071838,1.3399925231933594,0.5230000019073486,1.3732072114944458
890,0.5260999798774719,1.3293758630752563,0.46299999952316284,1.5612796545028687
891,0.5206999778747559,1.3263720273971558,0.5295000076293945,1.3620541095733643
892,0.5249999761581421,1.3247020244598389,0.5184999704360962,1.3800363540649414
893,0.5257999897003174,1.3286027908325195,0.49000000953674316,1.4161427021026611
894,0.5184000134468079,1.331691861152649,0.5325000286102295,1.375115990638733
895,0.527400016784668,1.3266888856887817,0.47699999809265137,1.4671735763549805
896,0.5238999724388123,1.3244391679763794,0.5134999752044678,1.3877453804016113
897,0.5238000154495239,1.3173978328704834,0.5049999952316284,1.4114294052124023
898,0.5162000060081482,1.32650625705719,0.5005000233650208,1.4144307374954224
899,0.5266000032424927,1.3234599828720093,0.4934999942779541,1.4531965255737305
900,0.5175999999046326,1.3370932340621948,0.5074999928474426,1.390148401260376
901,0.5210000276565552,1.321664571762085,0.5174999833106995,1.3764417171478271
902,0.520799994468689,1.323774814605713,0.4424999952316284,1.5786495208740234
903,0.5242000222206116,1.3272098302841187,0.5134999752044678,1.3802822828292847
904,0.5200999975204468,1.3232797384262085,0.4855000078678131,1.4488880634307861
905,0.5224000215530396,1.3298708200454712,0.5139999985694885,1.4024263620376587
906,0.5224999785423279,1.334487795829773,0.44350001215934753,1.5882484912872314
907,0.5174000263214111,1.3284822702407837,0.4320000112056732,1.6757858991622925
908,0.5192000269889832,1.3250497579574585,0.5009999871253967,1.4373940229415894
909,0.5278000235557556,1.320247769355774,0.527999997138977,1.3706530332565308
910,0.5281000137329102,1.3199386596679688,0.4794999957084656,1.4911715984344482
911,0.5256999731063843,1.32125985622406,0.5049999952316284,1.4145727157592773
912,0.5224000215530396,1.321412444114685,0.42149999737739563,1.6599398851394653
913,0.5214999914169312,1.3247828483581543,0.5199999809265137,1.4017850160598755
914,0.5249999761581421,1.3198316097259521,0.47049999237060547,1.524032711982727
915,0.5310999751091003,1.3201528787612915,0.5109999775886536,1.3892261981964111
916,0.5306000113487244,1.3164048194885254,0.5189999938011169,1.361836314201355
917,0.5241000056266785,1.3239109516143799,0.4894999861717224,1.441434383392334
918,0.521399974822998,1.3182148933410645,0.5024999976158142,1.394094705581665
919,0.5264999866485596,1.3195996284484863,0.5235000252723694,1.3739392757415771
920,0.526199996471405,1.3218499422073364,0.4429999887943268,1.573896050453186
921,0.5230000019073486,1.3150417804718018,0.5170000195503235,1.411689281463623
922,0.5253999829292297,1.3189760446548462,0.5249999761581421,1.3683334589004517
923,0.5274999737739563,1.3157800436019897,0.5299999713897705,1.364732265472412
924,0.5209000110626221,1.3196232318878174,0.5034999847412109,1.4327325820922852
925,0.5246000289916992,1.3167705535888672,0.527999997138977,1.3542917966842651
926,0.5267000198364258,1.3171137571334839,0.4975000023841858,1.4265727996826172
927,0.5325999855995178,1.3192716836929321,0.4794999957084656,1.5217264890670776
928,0.5285999774932861,1.325258493423462,0.5059999823570251,1.426828145980835
929,0.5299000144004822,1.3075811862945557,0.5034999847412109,1.4227933883666992
930,0.531499981880188,1.3133131265640259,0.5285000205039978,1.364478349685669
931,0.5288000106811523,1.315242052078247,0.5164999961853027,1.3803777694702148
932,0.5241000056266785,1.3295124769210815,0.5090000033378601,1.4102802276611328
933,0.5300999879837036,1.3059765100479126,0.5199999809265137,1.3803995847702026
934,0.5281000137329102,1.309112310409546,0.47600001096725464,1.5590122938156128
935,0.5235999822616577,1.320076584815979,0.5074999928474426,1.3966048955917358
936,0.5282999873161316,1.3155736923217773,0.5040000081062317,1.4426307678222656
937,0.529699981212616,1.3097922801971436,0.5080000162124634,1.3953595161437988
938,0.5245000123977661,1.3046531677246094,0.4959999918937683,1.4182626008987427
939,0.5224000215530396,1.3186886310577393,0.5220000147819519,1.359476089477539
940,0.5285000205039978,1.3046678304672241,0.5230000019073486,1.3790616989135742
941,0.5351999998092651,1.3002592325210571,0.5065000057220459,1.3930878639221191
942,0.5314000248908997,1.3123339414596558,0.4975000023841858,1.4396549463272095
943,0.5360999703407288,1.3093615770339966,0.5055000185966492,1.3980588912963867
944,0.5299000144004822,1.3069206476211548,0.4699999988079071,1.5105477571487427
945,0.5284000039100647,1.3077508211135864,0.4699999988079071,1.5081851482391357
946,0.5292999744415283,1.3079807758331299,0.4399999976158142,1.5985196828842163
947,0.5310999751091003,1.3052417039871216,0.531499981880188,1.3491129875183105
948,0.5278000235557556,1.3095591068267822,0.5015000104904175,1.4104421138763428
949,0.5252000093460083,1.2946112155914307,0.45500001311302185,1.5834534168243408
950,0.5306000113487244,1.312674641609192,0.49399998784065247,1.4218242168426514
951,0.52920001745224,1.3106967210769653,0.5230000019073486,1.3655035495758057
952,0.522599995136261,1.3111202716827393,0.4869999885559082,1.4652290344238281
953,0.5260999798774719,1.3048702478408813,0.4830000102519989,1.4721020460128784
954,0.527899980545044,1.307727336883545,0.5015000104904175,1.442521333694458
955,0.5356000065803528,1.2986174821853638,0.5195000171661377,1.3653655052185059
956,0.5321000218391418,1.3031357526779175,0.4819999933242798,1.481411337852478
957,0.5292999744415283,1.3066117763519287,0.5139999985694885,1.3710299730300903
958,0.5314000248908997,1.305029273033142,0.5210000276565552,1.3653676509857178
959,0.5284000039100647,1.3038958311080933,0.5254999995231628,1.3577098846435547
960,0.5379999876022339,1.302695870399475,0.5245000123977661,1.3787658214569092
961,0.5293999910354614,1.3058334589004517,0.5335000157356262,1.3522883653640747
962,0.53329998254776,1.312794804573059,0.5270000100135803,1.3727308511734009
963,0.5285000205039978,1.2988084554672241,0.503000020980835,1.4961740970611572
964,0.5322999954223633,1.2997831106185913,0.515999972820282,1.380580186843872
965,0.5289999842643738,1.307564377784729,0.503000020980835,1.3982946872711182
966,0.529699981212616,1.2924630641937256,0.5070000290870667,1.4067431688308716
967,0.5278000235557556,1.3135442733764648,0.534500002861023,1.3542532920837402
968,0.5358999967575073,1.2907991409301758,0.5049999952316284,1.4284604787826538
969,0.5314000248908997,1.2958179712295532,0.49399998784065247,1.4313496351242065
970,0.5354999899864197,1.2953559160232544,0.5304999947547913,1.3534241914749146
971,0.5333999991416931,1.2925974130630493,0.492000013589859,1.4387433528900146
972,0.5325000286102295,1.2917494773864746,0.5195000171661377,1.384804606437683
973,0.5365999937057495,1.2956651449203491,0.5084999799728394,1.4238389730453491
974,0.5302000045776367,1.3006689548492432,0.5005000233650208,1.4323300123214722
975,0.5292999744415283,1.2915561199188232,0.48399999737739563,1.4628126621246338
976,0.5356000065803528,1.293006420135498,0.5149999856948853,1.4146709442138672
977,0.5361999869346619,1.3036928176879883,0.5149999856948853,1.3870006799697876
978,0.5353999733924866,1.2870659828186035,0.5180000066757202,1.3779544830322266
979,0.5410000085830688,1.2877020835876465,0.531499981880188,1.3569667339324951
980,0.5394999980926514,1.2896687984466553,0.512499988079071,1.3857090473175049
981,0.5320000052452087,1.2974501848220825,0.5105000138282776,1.3794291019439697
982,0.5335999727249146,1.2982984781265259,0.5090000033378601,1.406943678855896
983,0.534500002861023,1.2919996976852417,0.4754999876022339,1.503171682357788
984,0.5404999852180481,1.2887271642684937,0.5115000009536743,1.3946088552474976
985,0.5415999889373779,1.2834961414337158,0.5130000114440918,1.3904614448547363
986,0.52920001745224,1.28759765625,0.45399999618530273,1.5720409154891968
987,0.5358999967575073,1.288699746131897,0.5105000138282776,1.3842862844467163
988,0.5408999919891357,1.2894964218139648,0.5260000228881836,1.3618817329406738
989,0.5343999862670898,1.294785499572754,0.4959999918937683,1.4492520093917847
990,0.5388000011444092,1.2877037525177002,0.5210000276565552,1.3546841144561768
991,0.5375999808311462,1.2936770915985107,0.40149998664855957,1.7224857807159424
992,0.5342000126838684,1.2940545082092285,0.5295000076293945,1.352770209312439
993,0.5393000245094299,1.2882001399993896,0.534500002861023,1.3523192405700684
994,0.5376999974250793,1.2905287742614746,0.48899999260902405,1.5115032196044922
995,0.536300003528595,1.291977882385254,0.512499988079071,1.376953125
996,0.5339999794960022,1.2837631702423096,0.5070000290870667,1.4045239686965942
997,0.5411999821662903,1.281448483467102,0.5220000147819519,1.381784200668335
998,0.5462999939918518,1.2792328596115112,0.5245000123977661,1.3773291110992432
999,0.5390999913215637,1.2926925420761108,0.5270000100135803,1.3535945415496826
