epoch,accuracy,loss,val_accuracy,val_loss
0,0.19429999589920044,2.2038049697875977,0.21549999713897705,2.0979042053222656
1,0.2775000035762787,2.000718832015991,0.2084999978542328,2.374159097671509
2,0.32510000467300415,1.8754760026931763,0.32749998569488525,1.8755393028259277
3,0.36739999055862427,1.773988127708435,0.3019999861717224,1.9437899589538574
4,0.3921999931335449,1.7106109857559204,0.2694999873638153,1.983176827430725
5,0.40950000286102295,1.6619677543640137,0.3529999852180481,1.8689382076263428
6,0.4235000014305115,1.6287775039672852,0.31150001287460327,2.0907247066497803
7,0.4404999911785126,1.5852776765823364,0.3580000102519989,1.7958210706710815
8,0.4551999866962433,1.5428816080093384,0.3400000035762787,1.94281804561615
9,0.45829999446868896,1.5244057178497314,0.3709999918937683,1.7755998373031616
10,0.4787999987602234,1.4736757278442383,0.3504999876022339,1.8206251859664917
11,0.48739999532699585,1.4429351091384888,0.4074999988079071,1.7742892503738403
12,0.5030999779701233,1.4070814847946167,0.3804999887943268,1.9386475086212158
13,0.5164999961853027,1.3822823762893677,0.41100001335144043,1.7207190990447998
14,0.5274999737739563,1.3371978998184204,0.4059999883174896,1.8318092823028564
15,0.5408999919891357,1.3036812543869019,0.35499998927116394,1.9527175426483154
16,0.5516999959945679,1.2708481550216675,0.351500004529953,2.035463333129883
17,0.5600000023841858,1.2408428192138672,0.3684999942779541,2.077258586883545
18,0.5777999758720398,1.1952725648880005,0.40849998593330383,1.9031474590301514
19,0.5841000080108643,1.169583797454834,0.4429999887943268,1.7509618997573853
20,0.6004999876022339,1.1364290714263916,0.40400001406669617,1.8792451620101929
21,0.6061999797821045,1.1043834686279297,0.31700000166893005,2.2081191539764404
22,0.6237999796867371,1.0765101909637451,0.42250001430511475,1.8191473484039307
23,0.6383000016212463,1.0240180492401123,0.40849998593330383,1.9344563484191895
24,0.6466000080108643,1.0020508766174316,0.42500001192092896,1.906401515007019
25,0.6525999903678894,0.9664141535758972,0.3409999907016754,2.2914979457855225
26,0.6736999750137329,0.9253293871879578,0.3959999978542328,2.021566152572632
27,0.6779999732971191,0.8931949138641357,0.40549999475479126,2.229367256164551
28,0.6940000057220459,0.8617376089096069,0.43950000405311584,1.9805655479431152
29,0.7103000283241272,0.8179512619972229,0.4359999895095825,1.9658623933792114
30,0.7139999866485596,0.8014388084411621,0.3869999945163727,2.5462844371795654
31,0.7351999878883362,0.7660260200500488,0.4480000138282776,2.000598669052124
32,0.7369999885559082,0.7480279207229614,0.41999998688697815,2.206916093826294
33,0.7556999921798706,0.6933277249336243,0.3865000009536743,2.642695665359497
34,0.7642999887466431,0.6756835579872131,0.4009999930858612,2.320967197418213
35,0.7728999853134155,0.6396133899688721,0.39250001311302185,2.541595220565796
36,0.7807999849319458,0.6174634099006653,0.4129999876022339,2.2776691913604736
37,0.7932999730110168,0.5843644738197327,0.4230000078678131,2.5448689460754395
38,0.8065000176429749,0.548072338104248,0.38600000739097595,2.8414089679718018
39,0.8123000264167786,0.525928795337677,0.4259999990463257,2.6314542293548584
40,0.8264999985694885,0.4931521415710449,0.40950000286102295,2.7452070713043213
41,0.8278999924659729,0.483670175075531,0.382999986410141,3.0201549530029297
42,0.8385999798774719,0.45354506373405457,0.4415000081062317,2.872868061065674
43,0.8478999733924866,0.4363313615322113,0.36250001192092896,3.497014045715332
44,0.8553000092506409,0.41845136880874634,0.4230000078678131,2.973170518875122
45,0.8610000014305115,0.39803701639175415,0.4180000126361847,3.256950616836548
46,0.8673999905586243,0.3786334991455078,0.42399999499320984,3.010854959487915
47,0.8762000203132629,0.345105916261673,0.3544999957084656,3.7048351764678955
48,0.8766000270843506,0.3522835671901703,0.39750000834465027,3.7096285820007324
49,0.8878999948501587,0.3199623227119446,0.43700000643730164,3.413827896118164
50,0.8896999955177307,0.32083848118782043,0.3970000147819519,3.722135305404663
51,0.8985999822616577,0.28647512197494507,0.4180000126361847,3.6749579906463623
52,0.8956999778747559,0.2963271737098694,0.4399999976158142,3.624999523162842
53,0.9013000130653381,0.27777132391929626,0.3734999895095825,4.077832221984863
54,0.9099000096321106,0.26204681396484375,0.42500001192092896,3.9612936973571777
55,0.9089000225067139,0.25915154814720154,0.41449999809265137,4.286404132843018
56,0.9125999808311462,0.24957948923110962,0.41499999165534973,4.212167739868164
57,0.9175999760627747,0.2354336977005005,0.4390000104904175,4.061087608337402
58,0.9200000166893005,0.22357292473316193,0.4300000071525574,3.935675859451294
59,0.9180999994277954,0.22973953187465668,0.3935000002384186,4.503268241882324
60,0.9273999929428101,0.20684048533439636,0.41749998927116394,4.180219650268555
61,0.9241999983787537,0.21283522248268127,0.38850000500679016,5.1029558181762695
62,0.9329000115394592,0.20388264954090118,0.4059999883174896,4.395367622375488
63,0.9333999752998352,0.19045968353748322,0.4050000011920929,5.2647600173950195
64,0.9307000041007996,0.20244339108467102,0.3959999978542328,5.499395847320557
65,0.9337000250816345,0.20076248049736023,0.43950000405311584,4.434032440185547
66,0.9369000196456909,0.17953737080097198,0.414000004529953,5.288074016571045
67,0.9373000264167786,0.18133212625980377,0.4189999997615814,4.612992763519287
68,0.9376000165939331,0.18352113664150238,0.4194999933242798,5.41007661819458
69,0.9397000074386597,0.17994578182697296,0.382999986410141,5.329471588134766
70,0.9441999793052673,0.17292964458465576,0.37450000643730164,5.652912616729736
71,0.9420999884605408,0.17046956717967987,0.40700000524520874,4.865265846252441
72,0.9437999725341797,0.1663680225610733,0.39100000262260437,5.654891014099121
73,0.9437000155448914,0.17389193177223206,0.40950000286102295,5.268513202667236
74,0.9470000267028809,0.1594623327255249,0.42399999499320984,5.301204204559326
75,0.9420999884605408,0.17205309867858887,0.4309999942779541,5.245054721832275
76,0.9491999745368958,0.15116339921951294,0.41350001096725464,5.365436553955078
77,0.9502999782562256,0.1482771933078766,0.3824999928474426,6.036836624145508
78,0.9480000138282776,0.16351154446601868,0.43950000405311584,5.578787803649902
79,0.9508000016212463,0.14742827415466309,0.3944999873638153,6.562832832336426
80,0.9545000195503235,0.14273513853549957,0.3995000123977661,6.945896625518799
81,0.9549999833106995,0.1514318734407425,0.4059999883174896,5.756586074829102
82,0.9524000287055969,0.14235319197177887,0.3995000123977661,6.179753303527832
83,0.951200008392334,0.14378273487091064,0.38499999046325684,5.5022172927856445
84,0.9519000053405762,0.1487841010093689,0.43050000071525574,5.930832862854004
85,0.9574000239372253,0.1338886171579361,0.40549999475479126,6.1708502769470215
86,0.9567999839782715,0.1382746547460556,0.4115000069141388,6.533495903015137
87,0.9563999772071838,0.13971038162708282,0.42750000953674316,5.78275728225708
88,0.953499972820282,0.1384020298719406,0.4165000021457672,5.511321544647217
89,0.9538999795913696,0.13528743386268616,0.4124999940395355,6.077754497528076
90,0.9602000117301941,0.12157606333494186,0.4129999876022339,5.7978644371032715
91,0.9616000056266785,0.11553580313920975,0.4410000145435333,6.349371433258057
92,0.9571999907493591,0.12509536743164062,0.4129999876022339,6.815117359161377
93,0.9605000019073486,0.1258637011051178,0.40549999475479126,6.510382652282715
94,0.9623000025749207,0.119362972676754,0.41600000858306885,6.462277412414551
95,0.9596999883651733,0.12284793704748154,0.3944999873638153,6.687465667724609
96,0.9609000086784363,0.13199858367443085,0.4034999907016754,6.166979789733887
97,0.9677000045776367,0.10567604750394821,0.40450000762939453,6.731855869293213
98,0.9648000001907349,0.11461744457483292,0.39399999380111694,6.170353412628174
99,0.9631999731063843,0.12272469699382782,0.4345000088214874,6.332413196563721
100,0.9617999792098999,0.12126071751117706,0.38350000977516174,7.498165607452393
101,0.9667999744415283,0.10989733785390854,0.4424999952316284,6.491663932800293
102,0.9638000130653381,0.11456989496946335,0.39899998903274536,6.692206859588623
103,0.9672999978065491,0.10533767938613892,0.4449999928474426,6.404394149780273
104,0.9692000150680542,0.09970588982105255,0.38600000739097595,6.873827934265137
105,0.9635999798774719,0.11949332058429718,0.43950000405311584,6.750619411468506
106,0.9684000015258789,0.09924597293138504,0.43700000643730164,6.432369232177734
107,0.965399980545044,0.11917630583047867,0.3955000042915344,7.19866943359375
108,0.9674000144004822,0.11418386548757553,0.43549999594688416,6.650381088256836
109,0.9641000032424927,0.11536023020744324,0.4259999990463257,6.7664642333984375
110,0.9639000296592712,0.11290499567985535,0.4399999976158142,6.634253025054932
111,0.9682999849319458,0.10281620919704437,0.445499986410141,6.898625373840332
112,0.9692000150680542,0.09618773311376572,0.40799999237060547,6.8624677658081055
113,0.967199981212616,0.102463498711586,0.42649999260902405,6.750915050506592
114,0.9672999978065491,0.11168702691793442,0.42800000309944153,7.202115058898926
115,0.9657999873161316,0.1065579354763031,0.4235000014305115,7.063254356384277
116,0.967199981212616,0.11075589805841446,0.38499999046325684,7.357065200805664
117,0.9700000286102295,0.10117755085229874,0.41200000047683716,7.071954727172852
118,0.967199981212616,0.10571988672018051,0.42250001430511475,6.768681049346924
119,0.973800003528595,0.08240115642547607,0.4235000014305115,7.190696716308594
120,0.97079998254776,0.1044609472155571,0.4194999933242798,6.674874782562256
121,0.9693999886512756,0.09305783361196518,0.3720000088214874,7.865229606628418
122,0.972100019454956,0.10005585104227066,0.4309999942779541,7.206956386566162
123,0.9718999862670898,0.09410642832517624,0.42750000953674316,7.042591571807861
124,0.9704999923706055,0.09625706076622009,0.4129999876022339,7.556771278381348
125,0.970300018787384,0.0940941870212555,0.4410000145435333,6.907555103302002
126,0.9713000059127808,0.09679152071475983,0.4284999966621399,6.945596218109131
127,0.9731000065803528,0.08768772333860397,0.43950000405311584,7.143515586853027
128,0.9711999893188477,0.1007724478840828,0.4269999861717224,7.21973180770874
129,0.9753999710083008,0.082282654941082,0.42250001430511475,7.458791732788086
130,0.9749000072479248,0.08088560402393341,0.43299999833106995,7.587443828582764
131,0.9736999869346619,0.08924099057912827,0.42750000953674316,7.679378032684326
132,0.9717000126838684,0.09426312893629074,0.4334999918937683,7.104471683502197
133,0.9763000011444092,0.07735758274793625,0.44350001215934753,7.399419784545898
134,0.970300018787384,0.09570597857236862,0.42649999260902405,7.264875411987305
135,0.972000002861023,0.09880739450454712,0.4359999895095825,7.326080799102783
136,0.9745000004768372,0.08358577638864517,0.41350001096725464,7.534060955047607
137,0.9750000238418579,0.08458009362220764,0.42399999499320984,7.396090984344482
138,0.972599983215332,0.0933024138212204,0.429500013589859,7.379440784454346
139,0.9739999771118164,0.08440100401639938,0.41499999165534973,7.627380847930908
140,0.9768999814987183,0.08094673603773117,0.42649999260902405,7.74923849105835
141,0.9742000102996826,0.07845014333724976,0.43700000643730164,7.725661277770996
142,0.9779000282287598,0.08454360067844391,0.43799999356269836,7.554080009460449
143,0.9724000096321106,0.08941391855478287,0.41850000619888306,7.761387825012207
144,0.9768000245094299,0.07638829201459885,0.40149998664855957,7.727973937988281
145,0.9740999937057495,0.08009791374206543,0.4415000081062317,7.925529479980469
146,0.978600025177002,0.07170528173446655,0.3935000002384186,7.313876152038574
147,0.9750000238418579,0.08578411489725113,0.4345000088214874,7.545251846313477
148,0.9775000214576721,0.07993152737617493,0.4025000035762787,7.8152971267700195
149,0.974399983882904,0.08008796721696854,0.41749998927116394,7.730430603027344
150,0.9778000116348267,0.07119060307741165,0.4230000078678131,7.5880255699157715
151,0.9764999747276306,0.07797789573669434,0.41999998688697815,7.606790065765381
152,0.9745000004768372,0.08693317323923111,0.3955000042915344,8.06428050994873
153,0.9771999716758728,0.08104028552770615,0.4230000078678131,7.751954555511475
154,0.9760000109672546,0.07440731674432755,0.429500013589859,8.013727188110352
155,0.9796000123023987,0.06790010631084442,0.4244999885559082,8.647141456604004
156,0.9785000085830688,0.07403683662414551,0.38749998807907104,8.887303352355957
157,0.9779999852180481,0.09063056856393814,0.43849998712539673,7.90312385559082
158,0.9754999876022339,0.07782212644815445,0.3995000123977661,8.082432746887207
159,0.9769999980926514,0.07981203496456146,0.43149998784065247,8.299127578735352
160,0.9757000207901001,0.07897312194108963,0.43549999594688416,7.982191562652588
161,0.9793000221252441,0.07105317711830139,0.42649999260902405,8.498866081237793
162,0.9763000011444092,0.0729454904794693,0.4255000054836273,8.001587867736816
163,0.9764000177383423,0.0830698311328888,0.4129999876022339,8.733981132507324
164,0.9794999957084656,0.07637543976306915,0.37450000643730164,8.94149112701416
165,0.9783999919891357,0.08358409255743027,0.4194999933242798,8.174753189086914
166,0.9797000288963318,0.0707983747124672,0.4189999997615814,8.416463851928711
167,0.9825999736785889,0.05717601999640465,0.4359999895095825,8.360590934753418
168,0.9793999791145325,0.07026174664497375,0.42800000309944153,8.149662017822266
169,0.9797000288963318,0.07471727579832077,0.4255000054836273,8.363276481628418
170,0.9783999919891357,0.07451580464839935,0.4325000047683716,8.395974159240723
171,0.9790999889373779,0.069715715944767,0.42250001430511475,7.899415493011475
172,0.9786999821662903,0.06944587826728821,0.4194999933242798,8.178810119628906
173,0.9818999767303467,0.062231775373220444,0.43700000643730164,8.353622436523438
174,0.9782000184059143,0.07087342441082001,0.42100000381469727,8.336676597595215
175,0.9807000160217285,0.06387487053871155,0.4230000078678131,8.397296905517578
176,0.9782999753952026,0.08038361370563507,0.4050000011920929,8.533881187438965
177,0.9789000153541565,0.07812873274087906,0.4505000114440918,8.014887809753418
178,0.9811000227928162,0.06379765272140503,0.41350001096725464,8.335697174072266
179,0.9760000109672546,0.0823705717921257,0.4020000100135803,9.50208854675293
180,0.9782000184059143,0.0746781975030899,0.3995000123977661,9.206682205200195
181,0.9786999821662903,0.07559535652399063,0.41600000858306885,8.602835655212402
182,0.9810000061988831,0.06613630056381226,0.43849998712539673,8.309391975402832
183,0.9854000210762024,0.05339159443974495,0.421999990940094,8.147056579589844
184,0.9794999957084656,0.06986647099256516,0.42750000953674316,8.486433982849121
185,0.9800999760627747,0.06498352438211441,0.42899999022483826,8.20175838470459
186,0.9799000024795532,0.06160692125558853,0.4300000071525574,8.167847633361816
187,0.984000027179718,0.05802693963050842,0.44749999046325684,7.897243022918701
188,0.9800999760627747,0.06460773199796677,0.4320000112056732,8.572891235351562
189,0.9825999736785889,0.06032032519578934,0.40950000286102295,9.08297061920166
190,0.982200026512146,0.06024981662631035,0.42649999260902405,8.815336227416992
191,0.9794999957084656,0.07551532238721848,0.4099999964237213,8.618889808654785
192,0.9839000105857849,0.05093955248594284,0.4154999852180481,8.993165016174316
193,0.9819999933242798,0.07430263608694077,0.43799999356269836,8.471104621887207
194,0.982699990272522,0.05570662394165993,0.45350000262260437,8.282334327697754
195,0.9797000288963318,0.07176919281482697,0.43799999356269836,8.341007232666016
196,0.9824000000953674,0.05351443588733673,0.43149998784065247,8.753408432006836
197,0.9824000000953674,0.05456797406077385,0.44600000977516174,8.734479904174805
198,0.9819999933242798,0.05529141053557396,0.4399999976158142,8.789624214172363
199,0.9824000000953674,0.05605925992131233,0.4345000088214874,8.84058952331543
200,0.982200026512146,0.062386322766542435,0.4350000023841858,8.412853240966797
201,0.9840999841690063,0.05343488231301308,0.4440000057220459,8.561962127685547
202,0.9825999736785889,0.056309785693883896,0.4465000033378601,8.503737449645996
203,0.982699990272522,0.06129598245024681,0.43799999356269836,8.63556957244873
204,0.9818999767303467,0.060488153249025345,0.41449999809265137,9.265459060668945
205,0.9810000061988831,0.05924630165100098,0.42500001192092896,8.819411277770996
206,0.9843999743461609,0.053105536848306656,0.4465000033378601,8.172980308532715
207,0.980400025844574,0.06592532247304916,0.4189999997615814,8.926446914672852
208,0.9850999712944031,0.05213967710733414,0.4259999990463257,8.223807334899902
209,0.982200026512146,0.06261516362428665,0.4325000047683716,8.302351951599121
210,0.9835000038146973,0.05153420940041542,0.43650001287460327,8.38390827178955
211,0.98580002784729,0.049709513783454895,0.4339999854564667,8.529922485351562
212,0.9846000075340271,0.049475736916065216,0.4465000033378601,8.735865592956543
213,0.9847999811172485,0.05447886884212494,0.41749998927116394,9.035954475402832
214,0.9840999841690063,0.06239958480000496,0.4410000145435333,8.831205368041992
215,0.9850000143051147,0.055597662925720215,0.4309999942779541,8.869044303894043
216,0.984000027179718,0.05577542260289192,0.4345000088214874,8.803577423095703
217,0.9865999817848206,0.049095459282398224,0.43050000071525574,8.47974967956543
218,0.9824000000953674,0.06427717953920364,0.43700000643730164,9.014544486999512
219,0.9837999939918518,0.057339031249284744,0.4410000145435333,8.894166946411133
220,0.9851999878883362,0.051461365073919296,0.4154999852180481,9.115854263305664
221,0.9876999855041504,0.044561002403497696,0.4415000081062317,8.779287338256836
222,0.9814000129699707,0.06655842810869217,0.43700000643730164,8.969073295593262
223,0.983299970626831,0.056523509323596954,0.4339999854564667,9.030269622802734
224,0.9835000038146973,0.06124235317111015,0.4065000116825104,9.302068710327148
225,0.9868000149726868,0.04624753072857857,0.43149998784065247,8.627848625183105
226,0.9854000210762024,0.05291250720620155,0.41600000858306885,8.944562911987305
227,0.9829999804496765,0.054018158465623856,0.4099999964237213,9.445140838623047
228,0.982699990272522,0.063044473528862,0.43799999356269836,9.091397285461426
229,0.986299991607666,0.05113788694143295,0.4375,9.274872779846191
230,0.9860000014305115,0.05699639767408371,0.4309999942779541,9.144177436828613
231,0.9812999963760376,0.06288136541843414,0.4074999988079071,9.404203414916992
232,0.9832000136375427,0.06026283651590347,0.4284999966621399,9.095258712768555
233,0.9836000204086304,0.061275914311409,0.43549999594688416,9.221302032470703
234,0.984000027179718,0.05626145750284195,0.41100001335144043,9.866500854492188
235,0.9866999983787537,0.04985605925321579,0.42149999737739563,9.986394882202148
236,0.9861000180244446,0.047666002064943314,0.42149999737739563,8.778903007507324
237,0.987500011920929,0.04280126094818115,0.37400001287460327,9.183995246887207
238,0.9851999878883362,0.059803370386362076,0.42750000953674316,9.790386199951172
239,0.9847999811172485,0.05218273401260376,0.4284999966621399,9.581095695495605
240,0.9843000173568726,0.058973003178834915,0.4399999976158142,9.040760040283203
241,0.9876000285148621,0.03878708928823471,0.42800000309944153,9.141311645507812
242,0.9818999767303467,0.0629986971616745,0.4255000054836273,9.066913604736328
243,0.9868999719619751,0.04928680136799812,0.4325000047683716,9.017098426818848
244,0.9890999794006348,0.036992888897657394,0.4359999895095825,9.120985984802246
245,0.9847999811172485,0.05237192288041115,0.4415000081062317,8.985188484191895
246,0.9842000007629395,0.05534270033240318,0.42500001192092896,10.003691673278809
247,0.983299970626831,0.055534929037094116,0.40849998593330383,9.755159378051758
248,0.984000027179718,0.05949249863624573,0.4169999957084656,9.16606330871582
249,0.986299991607666,0.04440984129905701,0.429500013589859,9.161417007446289
250,0.9847999811172485,0.05722065269947052,0.4390000104904175,9.361127853393555
251,0.986299991607666,0.04982857406139374,0.40799999237060547,9.590347290039062
252,0.9864000082015991,0.05159435421228409,0.44449999928474426,9.244213104248047
253,0.9861999750137329,0.050932321697473526,0.4309999942779541,8.977788925170898
254,0.9886999726295471,0.036420222371816635,0.42649999260902405,9.138381958007812
255,0.9847000241279602,0.052580688148736954,0.4284999966621399,9.516088485717773
256,0.9857000112533569,0.04927961900830269,0.4059999883174896,10.049173355102539
257,0.9848999977111816,0.061971209943294525,0.44749999046325684,9.34597396850586
258,0.9865999817848206,0.04809798672795296,0.43299999833106995,9.501948356628418
259,0.9890999794006348,0.03855447471141815,0.44449999928474426,9.088438987731934
260,0.9850000143051147,0.0589514784514904,0.42500001192092896,9.249733924865723
261,0.9861000180244446,0.04894221946597099,0.44749999046325684,9.438347816467285
262,0.9876000285148621,0.04629414528608322,0.4429999887943268,9.452232360839844
263,0.988099992275238,0.04647329822182655,0.4345000088214874,9.163475036621094
264,0.9876000285148621,0.04504614695906639,0.42149999737739563,9.778031349182129
265,0.9866999983787537,0.04334975779056549,0.421999990940094,9.41126537322998
266,0.9873999953269958,0.045675430446863174,0.41850000619888306,10.109519958496094
267,0.9868999719619751,0.047128826379776,0.4424999952316284,9.347158432006836
268,0.9872999787330627,0.05126693844795227,0.43299999833106995,9.919747352600098
269,0.9883999824523926,0.04138696938753128,0.42250001430511475,9.35093879699707
270,0.986299991607666,0.046912603080272675,0.421999990940094,9.333523750305176
271,0.9878000020980835,0.04509470984339714,0.43950000405311584,9.39273452758789
272,0.9865000247955322,0.04955962672829628,0.42250001430511475,9.69408893585205
273,0.9850999712944031,0.060518089681863785,0.43849998712539673,9.145120620727539
274,0.9861999750137329,0.05796096846461296,0.4399999976158142,9.559405326843262
275,0.9868999719619751,0.05097614601254463,0.43799999356269836,9.32812213897705
276,0.9900000095367432,0.030627794563770294,0.4165000021457672,9.83603572845459
277,0.9850000143051147,0.06267931312322617,0.4284999966621399,9.504697799682617
278,0.9865000247955322,0.05332350358366966,0.42800000309944153,9.806695938110352
279,0.9868000149726868,0.04383939504623413,0.4255000054836273,9.50782299041748
280,0.9868999719619751,0.04291806370019913,0.429500013589859,10.169812202453613
281,0.9878000020980835,0.05007753521203995,0.42800000309944153,9.689882278442383
282,0.9904000163078308,0.04171576723456383,0.43700000643730164,10.031439781188965
283,0.9872000217437744,0.045271020382642746,0.4255000054836273,9.731019020080566
284,0.9882000088691711,0.04128202050924301,0.43299999833106995,9.546363830566406
285,0.9883999824523926,0.03851146250963211,0.4465000033378601,9.34226131439209
286,0.9879999756813049,0.043566230684518814,0.41749998927116394,10.038318634033203
287,0.9861000180244446,0.048734016716480255,0.4429999887943268,9.642088890075684
288,0.9886999726295471,0.03706841170787811,0.42500001192092896,9.675908088684082
289,0.9872000217437744,0.049754176288843155,0.42750000953674316,9.988228797912598
290,0.9884999990463257,0.037252891808748245,0.40799999237060547,10.224641799926758
291,0.9857000112533569,0.05544714257121086,0.421999990940094,9.990301132202148
292,0.9878000020980835,0.045118819922208786,0.4255000054836273,9.988622665405273
293,0.9911999702453613,0.034001484513282776,0.42500001192092896,9.912960052490234
294,0.9853000044822693,0.05656864494085312,0.4300000071525574,10.047270774841309
295,0.9884999990463257,0.04293425381183624,0.4284999966621399,9.772584915161133
296,0.986299991607666,0.049876619130373,0.4284999966621399,9.324753761291504
297,0.9882000088691711,0.0409073568880558,0.42750000953674316,10.036803245544434
298,0.9887999892234802,0.04234405606985092,0.4189999997615814,10.392351150512695
299,0.9868999719619751,0.048920921981334686,0.4320000112056732,9.788203239440918
300,0.9872999787330627,0.047751110047101974,0.4194999933242798,10.16577434539795
301,0.9890999794006348,0.039371974766254425,0.4309999942779541,10.0933198928833
302,0.9898999929428101,0.03853600099682808,0.4269999861717224,9.60352611541748
303,0.9886999726295471,0.04547771066427231,0.4065000116825104,10.07314682006836
304,0.9843999743461609,0.0509764663875103,0.4415000081062317,9.748373985290527
305,0.9886999726295471,0.03992925584316254,0.4230000078678131,11.019972801208496
306,0.989799976348877,0.04034506902098656,0.4309999942779541,9.653850555419922
307,0.9901999831199646,0.03459760174155235,0.42250001430511475,10.103412628173828
308,0.9891999959945679,0.036534637212753296,0.4099999964237213,10.268050193786621
309,0.9886000156402588,0.0473380908370018,0.42399999499320984,10.030118942260742
310,0.9887999892234802,0.04143768176436424,0.4320000112056732,9.897916793823242
311,0.9894999861717224,0.03404244780540466,0.42100000381469727,10.278124809265137
312,0.9897000193595886,0.0347103588283062,0.4284999966621399,10.447633743286133
313,0.9887999892234802,0.03787819668650627,0.43549999594688416,10.147259712219238
314,0.9891999959945679,0.03990674763917923,0.42899999022483826,10.119253158569336
315,0.9865000247955322,0.0512089766561985,0.4300000071525574,9.459997177124023
316,0.9915000200271606,0.03207140788435936,0.42250001430511475,9.855786323547363
317,0.988099992275238,0.04018747806549072,0.4255000054836273,10.168792724609375
318,0.9864000082015991,0.04627363756299019,0.43050000071525574,9.948602676391602
319,0.9896000027656555,0.03423494100570679,0.4059999883174896,9.883378982543945
320,0.9883999824523926,0.04778297245502472,0.3944999873638153,11.206645965576172
321,0.9868999719619751,0.044630832970142365,0.42250001430511475,10.437755584716797
322,0.9886000156402588,0.03951045870780945,0.4090000092983246,10.768035888671875
323,0.9890999794006348,0.04550769180059433,0.4255000054836273,10.001921653747559
324,0.989799976348877,0.042424287647008896,0.42899999022483826,10.363136291503906
325,0.9905999898910522,0.03255448117852211,0.4325000047683716,10.619705200195312
326,0.991100013256073,0.03106573410332203,0.4244999885559082,10.361268043518066
327,0.9905999898910522,0.04023241251707077,0.429500013589859,10.186732292175293
328,0.9904999732971191,0.0369592010974884,0.4124999940395355,10.524179458618164
329,0.9889000058174133,0.04035194590687752,0.42100000381469727,9.927271842956543
330,0.9890999794006348,0.042945746332407,0.4404999911785126,10.444269180297852
331,0.989799976348877,0.039024095982313156,0.4284999966621399,10.004776000976562
332,0.991100013256073,0.03660322725772858,0.42800000309944153,9.857916831970215
333,0.9883000254631042,0.04588845372200012,0.43950000405311584,10.282963752746582
334,0.989799976348877,0.04225098341703415,0.42100000381469727,10.021175384521484
335,0.9887999892234802,0.04262043535709381,0.4020000100135803,10.18372631072998
336,0.991100013256073,0.034206826239824295,0.429500013589859,9.74059772491455
337,0.991100013256073,0.030290765687823296,0.42149999737739563,10.709309577941895
338,0.9883999824523926,0.046584807336330414,0.4345000088214874,10.600743293762207
339,0.9894999861717224,0.03701016306877136,0.429500013589859,10.284286499023438
340,0.9914000034332275,0.0323365144431591,0.4375,9.938516616821289
341,0.988099992275238,0.03941525146365166,0.4165000021457672,10.498329162597656
342,0.9879999756813049,0.043374672532081604,0.43799999356269836,10.362337112426758
343,0.9902999997138977,0.03266393020749092,0.4230000078678131,10.542128562927246
344,0.9882000088691711,0.043339285999536514,0.4449999928474426,10.379022598266602
345,0.9879999756813049,0.036944545805454254,0.41850000619888306,10.168562889099121
346,0.989799976348877,0.041897375136613846,0.42649999260902405,11.179692268371582
347,0.989799976348877,0.035844121128320694,0.43700000643730164,10.437150001525879
348,0.9904999732971191,0.03526484593749046,0.42800000309944153,10.591712951660156
349,0.9894000291824341,0.03758665546774864,0.4180000126361847,11.7290678024292
350,0.9905999898910522,0.044163670390844345,0.4345000088214874,10.851170539855957
351,0.9882000088691711,0.04481762647628784,0.42500001192092896,10.161910057067871
352,0.9905999898910522,0.03455895557999611,0.43549999594688416,10.137280464172363
353,0.9933000206947327,0.02584187313914299,0.42399999499320984,10.355147361755371
354,0.9897000193595886,0.043806035071611404,0.41999998688697815,10.820876121520996
355,0.9908000230789185,0.03517362102866173,0.43549999594688416,10.375197410583496
356,0.9883000254631042,0.044011857360601425,0.43700000643730164,10.546937942504883
357,0.9894999861717224,0.035849787294864655,0.43700000643730164,10.259842872619629
358,0.9909999966621399,0.03168530762195587,0.4404999911785126,10.550021171569824
359,0.989300012588501,0.03517090156674385,0.4320000112056732,10.50406265258789
360,0.9926999807357788,0.03008534200489521,0.43650001287460327,11.310912132263184
361,0.9894000291824341,0.04359317198395729,0.4259999990463257,10.649754524230957
362,0.9901000261306763,0.03677041456103325,0.40950000286102295,10.353715896606445
363,0.9908000230789185,0.03436826169490814,0.39500001072883606,11.090782165527344
364,0.9896000027656555,0.04274432733654976,0.42250001430511475,10.498880386352539
365,0.9901000261306763,0.039555586874485016,0.4424999952316284,10.709251403808594
366,0.9925000071525574,0.027875928208231926,0.4390000104904175,10.62688159942627
367,0.9912999868392944,0.0349808931350708,0.43149998784065247,10.483972549438477
368,0.9890999794006348,0.04095352068543434,0.44600000977516174,10.86853313446045
369,0.9897000193595886,0.03727562725543976,0.43050000071525574,11.037657737731934
370,0.9883999824523926,0.038183894008398056,0.4339999854564667,11.097448348999023
371,0.9904000163078308,0.0352182574570179,0.4189999997615814,11.140974044799805
372,0.9908000230789185,0.03366249054670334,0.4269999861717224,10.925409317016602
373,0.9897000193595886,0.03733804449439049,0.414000004529953,10.909125328063965
374,0.9914000034332275,0.033477529883384705,0.42250001430511475,10.641910552978516
375,0.9886000156402588,0.039116792380809784,0.4009999930858612,10.734416961669922
376,0.9902999997138977,0.03935160115361214,0.4259999990463257,11.0667724609375
377,0.991100013256073,0.031934693455696106,0.4269999861717224,11.059037208557129
378,0.991100013256073,0.03316660597920418,0.42149999737739563,11.221141815185547
379,0.9886000156402588,0.0450173020362854,0.42750000953674316,10.943904876708984
380,0.9886999726295471,0.044802237302064896,0.4099999964237213,11.788046836853027
381,0.9900000095367432,0.041659627109766006,0.41999998688697815,11.11278247833252
382,0.9896000027656555,0.0362253375351429,0.42250001430511475,11.278480529785156
383,0.9908000230789185,0.03417814150452614,0.43149998784065247,10.932785987854004
384,0.9905999898910522,0.03590649366378784,0.4359999895095825,10.768949508666992
385,0.9896000027656555,0.0397036150097847,0.4284999966621399,11.521677017211914
386,0.9918000102043152,0.03647499531507492,0.43650001287460327,11.099453926086426
387,0.9908999800682068,0.034722700715065,0.4350000023841858,11.718781471252441
388,0.989799976348877,0.035856034606695175,0.4345000088214874,10.976037979125977
389,0.9904000163078308,0.03315312787890434,0.429500013589859,11.210526466369629
390,0.9922999739646912,0.0317268930375576,0.42649999260902405,11.439311981201172
391,0.9922000169754028,0.02793656289577484,0.44200000166893005,10.938523292541504
392,0.9900000095367432,0.03870880976319313,0.4449999928474426,11.472423553466797
393,0.9911999702453613,0.03509152680635452,0.4244999885559082,10.780266761779785
394,0.9897000193595886,0.039098843932151794,0.43650001287460327,11.086798667907715
395,0.9922000169754028,0.028285300359129906,0.43149998784065247,11.777226448059082
396,0.9915000200271606,0.03588862717151642,0.4325000047683716,11.013274192810059
397,0.9908000230789185,0.03153809532523155,0.43299999833106995,11.097393989562988
398,0.9904999732971191,0.028784774243831635,0.4269999861717224,11.137091636657715
399,0.9905999898910522,0.03615211695432663,0.41600000858306885,11.698930740356445
400,0.9891999959945679,0.03947841748595238,0.4350000023841858,11.132233619689941
401,0.9902999997138977,0.04003189131617546,0.4115000069141388,10.919469833374023
402,0.9902999997138977,0.03313726931810379,0.4244999885559082,11.380121231079102
403,0.9896000027656555,0.03227658197283745,0.40450000762939453,12.02505874633789
404,0.9908000230789185,0.041851405054330826,0.43149998784065247,11.247303009033203
405,0.9912999868392944,0.035394858568906784,0.43149998784065247,12.250358581542969
406,0.9908999800682068,0.03446099907159805,0.43650001287460327,11.402166366577148
407,0.9901000261306763,0.037813592702150345,0.4339999854564667,11.25549602508545
408,0.9902999997138977,0.03950720652937889,0.4359999895095825,11.366804122924805
409,0.9911999702453613,0.028215201571583748,0.4350000023841858,11.579485893249512
410,0.9929999709129333,0.03145025297999382,0.4404999911785126,11.979019165039062
411,0.9904999732971191,0.039117127656936646,0.43799999356269836,11.239564895629883
412,0.9904999732971191,0.03513745218515396,0.4230000078678131,11.450133323669434
413,0.9914000034332275,0.037736665457487106,0.4375,11.783455848693848
414,0.9912999868392944,0.035080697387456894,0.42649999260902405,11.566941261291504
415,0.9900000095367432,0.03350932151079178,0.4320000112056732,11.464691162109375
416,0.9904000163078308,0.03337661176919937,0.43149998784065247,11.540000915527344
417,0.9916999936103821,0.03307388350367546,0.429500013589859,11.301506996154785
418,0.991599977016449,0.029921993613243103,0.42649999260902405,11.568819999694824
419,0.9905999898910522,0.03649135306477547,0.4339999854564667,11.435224533081055
420,0.9909999966621399,0.03087841533124447,0.43799999356269836,10.834263801574707
421,0.9900000095367432,0.03886086866259575,0.42250001430511475,11.565314292907715
422,0.9908999800682068,0.034510646015405655,0.43549999594688416,11.697188377380371
423,0.9912999868392944,0.03956775367259979,0.41600000858306885,11.965407371520996
424,0.9898999929428101,0.035699937492609024,0.4169999957084656,12.905416488647461
425,0.9909999966621399,0.03617514669895172,0.4124999940395355,11.261855125427246
426,0.9918000102043152,0.03280758485198021,0.4359999895095825,11.775835990905762
427,0.9911999702453613,0.0334349200129509,0.4230000078678131,12.714071273803711
428,0.9905999898910522,0.037425339221954346,0.4404999911785126,11.64356803894043
429,0.9908000230789185,0.03416318818926811,0.42100000381469727,12.41952133178711
430,0.9904999732971191,0.033936385065317154,0.42750000953674316,12.131428718566895
431,0.9905999898910522,0.03935457020998001,0.4325000047683716,12.05252742767334
432,0.9922999739646912,0.029037240892648697,0.43050000071525574,11.927652359008789
433,0.9890999794006348,0.038379423320293427,0.4309999942779541,12.356724739074707
434,0.9929999709129333,0.025239426642656326,0.42250001430511475,11.638487815856934
435,0.9886999726295471,0.043104786425828934,0.4359999895095825,12.35060977935791
436,0.9926000237464905,0.024605855345726013,0.43549999594688416,11.893567085266113
437,0.9919999837875366,0.02720687910914421,0.4244999885559082,11.592009544372559
438,0.9922000169754028,0.02897297590970993,0.4410000145435333,12.013030052185059
439,0.9921000003814697,0.03177989646792412,0.4255000054836273,12.585488319396973
440,0.9923999905586243,0.03476572781801224,0.43050000071525574,12.326784133911133
441,0.9918000102043152,0.03177052363753319,0.4375,11.745172500610352
442,0.9909999966621399,0.034071918576955795,0.41600000858306885,12.63267707824707
443,0.9951000213623047,0.019680030643939972,0.4194999933242798,12.229870796203613
444,0.9896000027656555,0.03886338695883751,0.41999998688697815,11.617532730102539
445,0.9908999800682068,0.03390355780720711,0.421999990940094,11.14040756225586
446,0.9921000003814697,0.02386673167347908,0.4165000021457672,12.356036186218262
447,0.9923999905586243,0.029059598222374916,0.4205000102519989,11.588557243347168
448,0.992900013923645,0.03063478134572506,0.4309999942779541,12.428570747375488
449,0.9922000169754028,0.034646593034267426,0.41200000047683716,13.538572311401367
450,0.9894000291824341,0.04772832617163658,0.42750000953674316,12.08320140838623
451,0.9918000102043152,0.029842209070920944,0.4390000104904175,12.879868507385254
452,0.9914000034332275,0.033858947455883026,0.43799999356269836,12.022661209106445
453,0.9929999709129333,0.027323052287101746,0.42250001430511475,11.758637428283691
454,0.9914000034332275,0.032182153314352036,0.4320000112056732,12.11075210571289
455,0.9923999905586243,0.03284699097275734,0.4325000047683716,12.214411735534668
456,0.9916999936103821,0.03177715465426445,0.43050000071525574,12.291892051696777
457,0.9923999905586243,0.03759490326046944,0.4334999918937683,11.71169376373291
458,0.9925000071525574,0.03050553984940052,0.4309999942779541,12.1029691696167
459,0.9926000237464905,0.029049914330244064,0.4255000054836273,12.258347511291504
460,0.991100013256073,0.03411359339952469,0.42750000953674316,11.993183135986328
461,0.9919000267982483,0.028373876586556435,0.44350001215934753,11.851447105407715
462,0.9922000169754028,0.02936249040067196,0.43149998784065247,11.8001070022583
463,0.9916999936103821,0.029435481876134872,0.4339999854564667,12.023270606994629
464,0.9919999837875366,0.029262499883770943,0.42500001192092896,12.561723709106445
465,0.9933000206947327,0.026610787957906723,0.43849998712539673,12.020153045654297
466,0.9922999739646912,0.02719532698392868,0.44449999928474426,12.479166984558105
467,0.9922000169754028,0.02751091867685318,0.43149998784065247,12.47341537475586
468,0.9918000102043152,0.0346541702747345,0.4325000047683716,12.013468742370605
469,0.9923999905586243,0.028703097254037857,0.4449999928474426,12.622880935668945
470,0.9909999966621399,0.029112277552485466,0.4390000104904175,12.714767456054688
471,0.9937999844551086,0.023539086803793907,0.4334999918937683,12.43954849243164
472,0.9922999739646912,0.03236053138971329,0.43849998712539673,12.424626350402832
473,0.9909999966621399,0.032068461179733276,0.4390000104904175,12.196504592895508
474,0.9923999905586243,0.030275406315922737,0.4429999887943268,13.19587516784668
475,0.991599977016449,0.03295010328292847,0.4399999976158142,12.324159622192383
476,0.9940000176429749,0.020594609901309013,0.43849998712539673,12.701993942260742
477,0.9930999875068665,0.02598758228123188,0.4300000071525574,13.451781272888184
478,0.9890999794006348,0.04210306704044342,0.4300000071525574,12.373871803283691
479,0.9926000237464905,0.02518102526664734,0.4449999928474426,12.160400390625
480,0.9914000034332275,0.030774520710110664,0.4334999918937683,12.887296676635742
481,0.9930999875068665,0.0316682904958725,0.4359999895095825,12.02556037902832
482,0.9925000071525574,0.025208763778209686,0.42399999499320984,12.92662239074707
483,0.9918000102043152,0.0308082215487957,0.43650001287460327,12.467312812805176
484,0.9918000102043152,0.03058297373354435,0.4359999895095825,12.857185363769531
485,0.991599977016449,0.036847520619630814,0.41999998688697815,12.909597396850586
486,0.9926000237464905,0.030827194452285767,0.43549999594688416,12.820029258728027
487,0.9918000102043152,0.034011296927928925,0.43799999356269836,12.480573654174805
488,0.9922000169754028,0.03429332748055458,0.40450000762939453,13.508907318115234
489,0.9905999898910522,0.04309732839465141,0.4490000009536743,12.692235946655273
490,0.9918000102043152,0.032670360058546066,0.4345000088214874,12.673651695251465
491,0.9930999875068665,0.030571026727557182,0.4339999854564667,12.731172561645508
492,0.9915000200271606,0.03245814889669418,0.4404999911785126,12.609573364257812
493,0.9904000163078308,0.034204792231321335,0.4169999957084656,12.502723693847656
494,0.9929999709129333,0.02511732093989849,0.43299999833106995,12.9166259765625
495,0.9916999936103821,0.03011815808713436,0.4309999942779541,13.071085929870605
496,0.9929999709129333,0.03422834351658821,0.42899999022483826,12.563732147216797
497,0.9926999807357788,0.026406973600387573,0.42100000381469727,13.365345001220703
498,0.9937999844551086,0.02551581710577011,0.4300000071525574,12.776168823242188
499,0.9923999905586243,0.03147289529442787,0.4124999940395355,13.225201606750488
500,0.9907000064849854,0.037372007966041565,0.421999990940094,12.664051055908203
501,0.992900013923645,0.028807885944843292,0.429500013589859,12.939467430114746
502,0.992900013923645,0.02727138064801693,0.4104999899864197,13.526116371154785
503,0.9926000237464905,0.030820215120911598,0.4259999990463257,13.280823707580566
504,0.9916999936103821,0.027979776263237,0.44699999690055847,13.305925369262695
505,0.9943000078201294,0.02409951016306877,0.42800000309944153,12.721733093261719
506,0.9915000200271606,0.03582964465022087,0.41999998688697815,13.234884262084961
507,0.9894000291824341,0.04000483825802803,0.43849998712539673,13.531023979187012
508,0.9918000102043152,0.034917522221803665,0.4390000104904175,12.760417938232422
509,0.9930999875068665,0.02853057160973549,0.43549999594688416,13.433917045593262
510,0.9925000071525574,0.03355244919657707,0.4300000071525574,12.654450416564941
511,0.9932000041007996,0.027546903118491173,0.4325000047683716,12.978938102722168
512,0.9912999868392944,0.039116933941841125,0.43650001287460327,12.92905330657959
513,0.9925000071525574,0.027977559715509415,0.43299999833106995,12.580355644226074
514,0.9930999875068665,0.027778644114732742,0.4325000047683716,13.051438331604004
515,0.9926000237464905,0.03133728727698326,0.4235000014305115,12.919635772705078
516,0.9914000034332275,0.03241132199764252,0.43050000071525574,12.721726417541504
517,0.9919999837875366,0.0342443473637104,0.43050000071525574,13.212315559387207
518,0.9929999709129333,0.028116699308156967,0.4359999895095825,13.416169166564941
519,0.993399977684021,0.027931876480579376,0.42750000953674316,13.202298164367676
520,0.9925000071525574,0.030107367783784866,0.4339999854564667,13.222922325134277
521,0.9937000274658203,0.02673589251935482,0.43149998784065247,13.44722843170166
522,0.9929999709129333,0.029049066826701164,0.4375,13.520505905151367
523,0.9925000071525574,0.03067399561405182,0.43950000405311584,13.181575775146484
524,0.9940000176429749,0.022494839504361153,0.43849998712539673,13.512269020080566
525,0.9921000003814697,0.03449174389243126,0.44449999928474426,13.15835952758789
526,0.9926000237464905,0.03593694418668747,0.42899999022483826,13.732867240905762
527,0.9937999844551086,0.02231341041624546,0.4415000081062317,13.180278778076172
528,0.9915000200271606,0.03019300475716591,0.4339999854564667,13.002857208251953
529,0.9936000108718872,0.02422747015953064,0.4284999966621399,13.54471492767334
530,0.9927999973297119,0.02948911115527153,0.44749999046325684,12.82945442199707
531,0.9934999942779541,0.027859341353178024,0.4350000023841858,13.471923828125
532,0.9926000237464905,0.03576486557722092,0.4325000047683716,13.271175384521484
533,0.9927999973297119,0.0207787174731493,0.43050000071525574,13.269779205322266
534,0.9904000163078308,0.040518440306186676,0.4194999933242798,14.227351188659668
535,0.9905999898910522,0.03772871196269989,0.42649999260902405,13.26722240447998
536,0.9914000034332275,0.03446429967880249,0.4415000081062317,13.700511932373047
537,0.9940999746322632,0.023625722154974937,0.429500013589859,13.746220588684082
538,0.9937000274658203,0.025617092847824097,0.4230000078678131,13.630847930908203
539,0.9929999709129333,0.03190616890788078,0.43149998784065247,13.548608779907227
540,0.9941999912261963,0.028554672375321388,0.4269999861717224,13.541589736938477
541,0.9919999837875366,0.033567339181900024,0.43149998784065247,13.916464805603027
542,0.9919000267982483,0.03476588800549507,0.41449999809265137,13.864217758178711
543,0.9926999807357788,0.02632058784365654,0.4334999918937683,13.460172653198242
544,0.9927999973297119,0.02948247455060482,0.4339999854564667,13.942623138427734
545,0.9918000102043152,0.03433717042207718,0.4284999966621399,13.692425727844238
546,0.9950000047683716,0.02384842187166214,0.4410000145435333,12.902458190917969
547,0.9940999746322632,0.02330455370247364,0.4390000104904175,13.246143341064453
548,0.9941999912261963,0.022420750930905342,0.4269999861717224,13.495973587036133
549,0.9937000274658203,0.02858101576566696,0.43549999594688416,13.399919509887695
550,0.9919000267982483,0.03367704898118973,0.4269999861717224,13.412975311279297
551,0.9933000206947327,0.029163837432861328,0.429500013589859,13.75035572052002
552,0.9921000003814697,0.028605667874217033,0.44200000166893005,13.628551483154297
553,0.9932000041007996,0.031648699194192886,0.4325000047683716,13.48749828338623
554,0.991599977016449,0.031290341168642044,0.4424999952316284,13.532235145568848
555,0.9921000003814697,0.03189654275774956,0.4404999911785126,13.552140235900879
556,0.9937000274658203,0.027247082442045212,0.4255000054836273,13.490025520324707
557,0.9912999868392944,0.036498062312603,0.43149998784065247,13.67221736907959
558,0.9927999973297119,0.025611037388443947,0.43700000643730164,14.149788856506348
559,0.9926000237464905,0.02952614054083824,0.42899999022483826,13.33506965637207
560,0.9921000003814697,0.029583724215626717,0.4480000138282776,13.863977432250977
561,0.9923999905586243,0.03177447244524956,0.4309999942779541,13.593385696411133
562,0.9933000206947327,0.023757711052894592,0.4259999990463257,14.567249298095703
563,0.9932000041007996,0.03607449308037758,0.4300000071525574,13.60242748260498
564,0.9932000041007996,0.027271900326013565,0.4325000047683716,13.102601051330566
565,0.992900013923645,0.027836740016937256,0.4375,13.6084623336792
566,0.9936000108718872,0.0247185118496418,0.4059999883174896,14.30775260925293
567,0.9937000274658203,0.023982957005500793,0.4339999854564667,13.876142501831055
568,0.9904999732971191,0.035577353090047836,0.4269999861717224,14.052281379699707
569,0.9951000213623047,0.02498539350926876,0.42800000309944153,13.442572593688965
570,0.9936000108718872,0.03024434484541416,0.4309999942779541,14.030098915100098
571,0.9940999746322632,0.026775356382131577,0.4235000014305115,14.094849586486816
572,0.9919999837875366,0.030408892780542374,0.4269999861717224,14.829902648925781
573,0.991100013256073,0.03568100556731224,0.4399999976158142,13.905669212341309
574,0.9936000108718872,0.02453010529279709,0.42149999737739563,14.181123733520508
575,0.992900013923645,0.029011351987719536,0.4235000014305115,14.020312309265137
576,0.991599977016449,0.0335865244269371,0.41499999165534973,14.194137573242188
577,0.9940999746322632,0.025158554315567017,0.40299999713897705,14.799217224121094
578,0.9916999936103821,0.037554673850536346,0.44449999928474426,13.732234954833984
579,0.9929999709129333,0.025215648114681244,0.42899999022483826,14.026726722717285
580,0.9925000071525574,0.034739065915346146,0.4020000100135803,15.440237045288086
581,0.9933000206947327,0.03526800870895386,0.4350000023841858,13.773075103759766
582,0.9927999973297119,0.029972705990076065,0.4205000102519989,14.23633098602295
583,0.9926000237464905,0.03048785775899887,0.4359999895095825,13.474352836608887
584,0.9909999966621399,0.032676756381988525,0.4429999887943268,14.069038391113281
585,0.9943000078201294,0.01970062404870987,0.4339999854564667,13.8417329788208
586,0.9944999814033508,0.020066874101758003,0.4194999933242798,13.420361518859863
587,0.9927999973297119,0.024616863578557968,0.4269999861717224,13.954723358154297
588,0.9930999875068665,0.027086367830634117,0.4284999966621399,15.104473114013672
589,0.9943000078201294,0.021966997534036636,0.42750000953674316,13.714311599731445
590,0.9930999875068665,0.02732027880847454,0.43650001287460327,14.168522834777832
591,0.9926000237464905,0.028889965265989304,0.445499986410141,14.30636978149414
592,0.9934999942779541,0.025018848478794098,0.445499986410141,14.077770233154297
593,0.9937999844551086,0.026674926280975342,0.4350000023841858,14.739506721496582
594,0.9936000108718872,0.02695615217089653,0.4244999885559082,14.996689796447754
595,0.9921000003814697,0.033197853714227676,0.4230000078678131,14.835206031799316
596,0.9943000078201294,0.028525335714221,0.4415000081062317,14.419981002807617
597,0.9926999807357788,0.03492998704314232,0.4244999885559082,15.181070327758789
598,0.9922999739646912,0.03600480780005455,0.4334999918937683,14.904912948608398
599,0.9944000244140625,0.02300233207643032,0.4169999957084656,14.424494743347168
600,0.992900013923645,0.03349726274609566,0.43050000071525574,14.612332344055176
601,0.9927999973297119,0.03311777487397194,0.42800000309944153,14.177486419677734
602,0.9945999979972839,0.022223392501473427,0.4320000112056732,14.0675687789917
603,0.9925000071525574,0.03340160474181175,0.42399999499320984,14.497385025024414
604,0.9929999709129333,0.02583395317196846,0.4255000054836273,14.963277816772461
605,0.9940000176429749,0.022821635007858276,0.42250001430511475,14.92653751373291
606,0.9930999875068665,0.030128030106425285,0.4399999976158142,14.338431358337402
607,0.9933000206947327,0.02980157546699047,0.4334999918937683,15.662830352783203
608,0.9934999942779541,0.024289177730679512,0.44350001215934753,14.386569023132324
609,0.9932000041007996,0.02632608637213707,0.42649999260902405,14.363426208496094
610,0.9933000206947327,0.030944015830755234,0.43799999356269836,14.252971649169922
611,0.9947999715805054,0.021418167278170586,0.42800000309944153,14.882500648498535
612,0.9927999973297119,0.0282585509121418,0.4309999942779541,14.14002799987793
613,0.9936000108718872,0.03460100293159485,0.4269999861717224,14.147521018981934
614,0.9939000010490417,0.030283398926258087,0.4399999976158142,15.008378028869629
615,0.993399977684021,0.0333138108253479,0.4309999942779541,14.79577922821045
616,0.9937000274658203,0.024280820041894913,0.42750000953674316,14.555133819580078
617,0.9939000010490417,0.03090357594192028,0.4255000054836273,14.859907150268555
618,0.9930999875068665,0.028560016304254532,0.4230000078678131,14.628083229064941
619,0.992900013923645,0.028540674597024918,0.4284999966621399,14.41075325012207
620,0.9929999709129333,0.03020181879401207,0.4189999997615814,14.741976737976074
621,0.9937999844551086,0.028489243239164352,0.429500013589859,15.28031063079834
622,0.9922000169754028,0.03487379848957062,0.4194999933242798,14.657692909240723
623,0.9948999881744385,0.023226972669363022,0.4300000071525574,14.781950950622559
624,0.9926000237464905,0.026677215471863747,0.4269999861717224,14.536046981811523
625,0.9933000206947327,0.028164813295006752,0.42649999260902405,14.965645790100098
626,0.9936000108718872,0.026384994387626648,0.43650001287460327,15.197495460510254
627,0.991599977016449,0.028055019676685333,0.4230000078678131,15.195273399353027
628,0.9937999844551086,0.024479912593960762,0.4424999952316284,15.500436782836914
629,0.9932000041007996,0.029957788065075874,0.421999990940094,15.529176712036133
630,0.9943000078201294,0.02677784115076065,0.4309999942779541,15.798405647277832
631,0.9922000169754028,0.03640066087245941,0.4505000114440918,14.783734321594238
632,0.9950000047683716,0.026778042316436768,0.4269999861717224,14.410000801086426
633,0.9943000078201294,0.026619622483849525,0.44699999690055847,15.162487983703613
634,0.9941999912261963,0.0248393677175045,0.4309999942779541,14.721948623657227
635,0.9923999905586243,0.03198298066854477,0.4334999918937683,14.570754051208496
636,0.9937999844551086,0.02537076734006405,0.4350000023841858,14.954291343688965
637,0.9948999881744385,0.02438230998814106,0.4230000078678131,15.08364486694336
638,0.9930999875068665,0.027778295800089836,0.42149999737739563,14.595824241638184
639,0.9940999746322632,0.021876735612750053,0.4300000071525574,14.598471641540527
640,0.9927999973297119,0.0336710661649704,0.4505000114440918,15.270345687866211
641,0.9934999942779541,0.024821782484650612,0.4205000102519989,14.937283515930176
642,0.994700014591217,0.021033640950918198,0.4345000088214874,14.94175910949707
643,0.9948999881744385,0.02275351993739605,0.42649999260902405,14.902528762817383
644,0.9927999973297119,0.03646382316946983,0.4189999997615814,15.55008602142334
645,0.9936000108718872,0.03134438395500183,0.4165000021457672,15.324745178222656
646,0.9943000078201294,0.027212228626012802,0.4259999990463257,15.299274444580078
647,0.9944999814033508,0.02436218038201332,0.43050000071525574,15.540404319763184
648,0.9919000267982483,0.03967604786157608,0.41850000619888306,15.563910484313965
649,0.993399977684021,0.038289885967969894,0.4169999957084656,16.388656616210938
650,0.9941999912261963,0.02581683360040188,0.42800000309944153,15.489217758178711
651,0.9927999973297119,0.036748915910720825,0.4269999861717224,15.55496597290039
652,0.9932000041007996,0.03207678720355034,0.4189999997615814,16.258838653564453
653,0.992900013923645,0.028636779636144638,0.4345000088214874,14.945322036743164
654,0.9944000244140625,0.028186889365315437,0.4309999942779541,14.906118392944336
655,0.9940000176429749,0.03008335269987583,0.4255000054836273,15.504467964172363
656,0.9937000274658203,0.029518743976950645,0.41600000858306885,15.455763816833496
657,0.9944999814033508,0.023829879239201546,0.43650001287460327,15.119335174560547
658,0.994700014591217,0.026285726577043533,0.4350000023841858,15.618269920349121
659,0.9952999949455261,0.017296331003308296,0.4339999854564667,15.349621772766113
660,0.9926999807357788,0.02843436971306801,0.4339999854564667,15.131178855895996
661,0.9937999844551086,0.03878895565867424,0.4235000014305115,15.86063003540039
662,0.9933000206947327,0.03917169198393822,0.4180000126361847,15.447269439697266
663,0.9933000206947327,0.033852070569992065,0.4300000071525574,15.672385215759277
664,0.9937999844551086,0.029566055163741112,0.41999998688697815,15.696284294128418
665,0.9943000078201294,0.026984646916389465,0.4284999966621399,14.695274353027344
666,0.9922999739646912,0.04229826480150223,0.43700000643730164,15.376233100891113
667,0.9936000108718872,0.02670901268720627,0.4345000088214874,15.21010971069336
668,0.9936000108718872,0.028116527944803238,0.43549999594688416,14.98070240020752
669,0.9923999905586243,0.03604358062148094,0.42750000953674316,15.113201141357422
670,0.994700014591217,0.0225937869399786,0.4230000078678131,14.799921035766602
671,0.9929999709129333,0.02584860846400261,0.4375,15.051329612731934
672,0.9941999912261963,0.022384215146303177,0.43549999594688416,15.25028133392334
673,0.9936000108718872,0.03202558681368828,0.41999998688697815,15.729570388793945
674,0.9940000176429749,0.024087952449917793,0.44600000977516174,15.371901512145996
675,0.9937999844551086,0.02756677195429802,0.4189999997615814,15.432193756103516
676,0.9939000010490417,0.028871865943074226,0.4359999895095825,15.71122932434082
677,0.9955000281333923,0.03242279589176178,0.4259999990463257,15.699244499206543
678,0.9937000274658203,0.03274194523692131,0.42800000309944153,16.311006546020508
679,0.992900013923645,0.03685446456074715,0.429500013589859,16.120267868041992
680,0.9940000176429749,0.026750097051262856,0.429500013589859,15.653972625732422
681,0.9944999814033508,0.026928408071398735,0.4320000112056732,15.269207000732422
682,0.9940000176429749,0.030306201428174973,0.4320000112056732,15.625076293945312
683,0.992900013923645,0.027470117434859276,0.43149998784065247,15.507737159729004
684,0.9921000003814697,0.03657891973853111,0.4359999895095825,15.384599685668945
685,0.9944000244140625,0.021027494221925735,0.445499986410141,15.688616752624512
686,0.9945999979972839,0.029418500140309334,0.4375,16.077566146850586
687,0.992900013923645,0.0327397920191288,0.429500013589859,15.936441421508789
688,0.9932000041007996,0.024975702166557312,0.41100001335144043,15.906557083129883
689,0.9933000206947327,0.03714040666818619,0.4244999885559082,15.859631538391113
690,0.9936000108718872,0.025011947378516197,0.4269999861717224,15.401552200317383
691,0.9926000237464905,0.03974192962050438,0.41600000858306885,15.096442222595215
692,0.9957000017166138,0.023350359871983528,0.4320000112056732,15.442314147949219
693,0.9925000071525574,0.035964030772447586,0.42649999260902405,15.784517288208008
694,0.9921000003814697,0.032134197652339935,0.4339999854564667,15.72373104095459
695,0.9937000274658203,0.030809130519628525,0.4345000088214874,15.244650840759277
696,0.9927999973297119,0.03179699555039406,0.44200000166893005,15.742871284484863
697,0.9939000010490417,0.02511066198348999,0.4320000112056732,16.065324783325195
698,0.9945999979972839,0.020087948068976402,0.421999990940094,16.230148315429688
699,0.9940000176429749,0.029986495152115822,0.4255000054836273,16.10503578186035
700,0.993399977684021,0.025881478562951088,0.4309999942779541,15.119342803955078
701,0.9944999814033508,0.023214537650346756,0.43700000643730164,15.379476547241211
702,0.9944999814033508,0.025857839733362198,0.4269999861717224,15.297554016113281
703,0.9940999746322632,0.022096024826169014,0.4334999918937683,15.686101913452148
704,0.9947999715805054,0.024947838857769966,0.4309999942779541,15.295917510986328
705,0.9941999912261963,0.020774392411112785,0.41499999165534973,15.702597618103027
706,0.9940000176429749,0.03429839387536049,0.4205000102519989,15.248564720153809
707,0.9952999949455261,0.017741531133651733,0.4300000071525574,15.56248664855957
708,0.9927999973297119,0.0327196829020977,0.41499999165534973,16.706274032592773
709,0.9940999746322632,0.028522027656435966,0.43149998784065247,15.98705768585205
710,0.9940999746322632,0.025300296023488045,0.43650001287460327,16.022666931152344
711,0.9929999709129333,0.03680039569735527,0.445499986410141,16.286602020263672
712,0.9944000244140625,0.02644972875714302,0.43700000643730164,15.802618026733398
713,0.9929999709129333,0.03208652138710022,0.4399999976158142,15.442673683166504
714,0.9944999814033508,0.028346622362732887,0.42399999499320984,15.97395133972168
715,0.9944999814033508,0.028192386031150818,0.4334999918937683,15.518085479736328
716,0.9940999746322632,0.02950400300323963,0.4205000102519989,15.656460762023926
717,0.9948999881744385,0.02376192808151245,0.4325000047683716,14.911867141723633
718,0.9937000274658203,0.025739269331097603,0.43950000405311584,15.446171760559082
719,0.9939000010490417,0.023463724181056023,0.4345000088214874,15.59567642211914
720,0.9937000274658203,0.02860526740550995,0.43849998712539673,15.444564819335938
721,0.9944000244140625,0.029636573046445847,0.4325000047683716,15.11047077178955
722,0.9944999814033508,0.031502705067396164,0.42399999499320984,15.11842155456543
723,0.9958999752998352,0.01526734884828329,0.4259999990463257,15.472249031066895
724,0.9944000244140625,0.02732250653207302,0.4339999854564667,15.565515518188477
725,0.9932000041007996,0.032399311661720276,0.4334999918937683,15.588261604309082
726,0.993399977684021,0.024495860561728477,0.42399999499320984,16.04177474975586
727,0.9932000041007996,0.03598831221461296,0.4309999942779541,15.704036712646484
728,0.9952999949455261,0.019461840391159058,0.4244999885559082,17.026565551757812
729,0.9940000176429749,0.02555915154516697,0.4309999942779541,16.100126266479492
730,0.9940000176429749,0.03117925487458706,0.43650001287460327,15.585192680358887
731,0.9950000047683716,0.026178497821092606,0.4480000138282776,15.74183464050293
732,0.993399977684021,0.029651956632733345,0.43799999356269836,15.996221542358398
733,0.9943000078201294,0.036090750247240067,0.44600000977516174,15.531424522399902
734,0.9933000206947327,0.02977004460990429,0.4440000057220459,15.63261604309082
735,0.9934999942779541,0.029229817911982536,0.44699999690055847,15.814218521118164
736,0.9941999912261963,0.0225443746894598,0.4359999895095825,15.409845352172852
737,0.9947999715805054,0.022824443876743317,0.43149998784065247,16.319442749023438
738,0.9954000115394592,0.016578644514083862,0.43950000405311584,16.412418365478516
739,0.9926999807357788,0.03096291795372963,0.4334999918937683,16.097383499145508
740,0.9939000010490417,0.03440403565764427,0.42250001430511475,16.031614303588867
741,0.9940999746322632,0.02735353447496891,0.4339999854564667,16.03028106689453
742,0.9939000010490417,0.02997729741036892,0.4375,15.998416900634766
743,0.9951000213623047,0.025119207799434662,0.4205000102519989,16.070899963378906
744,0.9941999912261963,0.027043918147683144,0.42800000309944153,16.511232376098633
745,0.9937999844551086,0.02976449951529503,0.42149999737739563,16.411170959472656
746,0.9944000244140625,0.03223183751106262,0.4205000102519989,16.446191787719727
747,0.994700014591217,0.02233409695327282,0.4165000021457672,16.60839080810547
748,0.9936000108718872,0.03181181102991104,0.4465000033378601,16.329553604125977
749,0.9947999715805054,0.028828058391809464,0.4339999854564667,16.482582092285156
750,0.9952999949455261,0.025367528200149536,0.43149998784065247,17.081815719604492
751,0.9929999709129333,0.031928736716508865,0.4345000088214874,16.504451751708984
752,0.9945999979972839,0.028169991448521614,0.4309999942779541,16.170028686523438
753,0.9943000078201294,0.030080905184149742,0.41600000858306885,17.071794509887695
754,0.9944000244140625,0.036055125296115875,0.4235000014305115,16.534610748291016
755,0.9952999949455261,0.020769352093338966,0.4065000116825104,16.631816864013672
756,0.9941999912261963,0.023542357608675957,0.429500013589859,16.678627014160156
757,0.9944999814033508,0.02410859428346157,0.41850000619888306,17.062606811523438
758,0.993399977684021,0.029405636712908745,0.4255000054836273,16.721006393432617
759,0.9934999942779541,0.027950476855039597,0.414000004529953,16.566455841064453
760,0.9954000115394592,0.02312709204852581,0.42399999499320984,17.177566528320312
761,0.9936000108718872,0.03490922227501869,0.42100000381469727,16.90260887145996
762,0.9940000176429749,0.032745201140642166,0.4154999852180481,16.95758056640625
763,0.9950000047683716,0.0280817449092865,0.4169999957084656,15.683882713317871
764,0.9941999912261963,0.025072552263736725,0.41850000619888306,15.892291069030762
765,0.9932000041007996,0.027341585606336594,0.43299999833106995,15.342402458190918
766,0.9940999746322632,0.024309828877449036,0.43549999594688416,16.453113555908203
767,0.995199978351593,0.025980962440371513,0.4194999933242798,16.335268020629883
768,0.993399977684021,0.033782780170440674,0.4284999966621399,15.954216957092285
769,0.994700014591217,0.021460849791765213,0.42399999499320984,17.283100128173828
770,0.9929999709129333,0.03099612146615982,0.4205000102519989,16.201688766479492
771,0.995199978351593,0.021872857585549355,0.42149999737739563,16.541410446166992
772,0.9944999814033508,0.02312411554157734,0.4449999928474426,15.985051155090332
773,0.9944999814033508,0.020850472152233124,0.4259999990463257,16.716415405273438
774,0.9932000041007996,0.02988613024353981,0.43299999833106995,15.916179656982422
775,0.9952999949455261,0.021121807396411896,0.4325000047683716,16.36860466003418
776,0.9944000244140625,0.02489977888762951,0.40849998593330383,17.46653938293457
777,0.993399977684021,0.037882398813962936,0.43549999594688416,16.17896842956543
778,0.9961000084877014,0.020020311698317528,0.4325000047683716,17.413816452026367
779,0.9948999881744385,0.023499639704823494,0.4320000112056732,16.05229377746582
780,0.9944000244140625,0.024564096704125404,0.4180000126361847,16.67089080810547
781,0.9954000115394592,0.02440030127763748,0.43799999356269836,16.54743003845215
782,0.9943000078201294,0.022325152531266212,0.4345000088214874,17.362451553344727
783,0.9948999881744385,0.022919267416000366,0.43050000071525574,16.706510543823242
784,0.9941999912261963,0.02814456820487976,0.42149999737739563,17.062089920043945
785,0.9951000213623047,0.027488263323903084,0.4259999990463257,17.09447479248047
786,0.9936000108718872,0.04258611425757408,0.4350000023841858,15.696988105773926
787,0.994700014591217,0.02669178694486618,0.4269999861717224,16.570581436157227
788,0.9932000041007996,0.030627287924289703,0.43799999356269836,16.965564727783203
789,0.9944999814033508,0.028661908581852913,0.4244999885559082,16.670211791992188
790,0.9945999979972839,0.0259234718978405,0.43650001287460327,16.841564178466797
791,0.9947999715805054,0.030179345980286598,0.4300000071525574,15.994527816772461
792,0.9925000071525574,0.028414469212293625,0.4325000047683716,16.239835739135742
793,0.9947999715805054,0.026729784905910492,0.4424999952316284,16.466388702392578
794,0.9941999912261963,0.023743098601698875,0.429500013589859,16.8289737701416
795,0.9940999746322632,0.03377876430749893,0.43149998784065247,17.309751510620117
796,0.9954000115394592,0.02258041687309742,0.43650001287460327,16.88669204711914
797,0.9955000281333923,0.02085389383137226,0.4309999942779541,17.529098510742188
798,0.9939000010490417,0.033381588757038116,0.4325000047683716,17.64086151123047
799,0.994700014591217,0.03285246714949608,0.429500013589859,17.35527992248535
800,0.995199978351593,0.02316949889063835,0.4359999895095825,16.87278175354004
801,0.9941999912261963,0.028719665482640266,0.43549999594688416,17.12698745727539
802,0.9936000108718872,0.03771314397454262,0.4350000023841858,17.85557746887207
803,0.9934999942779541,0.03113626129925251,0.42800000309944153,17.406917572021484
804,0.9958999752998352,0.022140884771943092,0.43950000405311584,17.189983367919922
805,0.9937999844551086,0.027172576636075974,0.4334999918937683,17.675458908081055
806,0.9943000078201294,0.032882530242204666,0.414000004529953,18.60592269897461
807,0.9945999979972839,0.029483700171113014,0.4230000078678131,18.082870483398438
808,0.9944000244140625,0.030774954706430435,0.42500001192092896,17.92296600341797
809,0.9945999979972839,0.027486471459269524,0.4230000078678131,16.950904846191406
810,0.9930999875068665,0.0370485782623291,0.4404999911785126,17.755897521972656
811,0.9950000047683716,0.02194632962346077,0.43650001287460327,17.505664825439453
812,0.9944000244140625,0.02777082845568657,0.4345000088214874,17.21751594543457
813,0.9954000115394592,0.022148502990603447,0.4320000112056732,17.58268165588379
814,0.9936000108718872,0.02519693784415722,0.429500013589859,18.04119873046875
815,0.9943000078201294,0.02415653131902218,0.4320000112056732,18.37259292602539
816,0.9943000078201294,0.02788231521844864,0.4284999966621399,17.720035552978516
817,0.9944999814033508,0.025451697409152985,0.43650001287460327,17.970067977905273
818,0.9939000010490417,0.03528939187526703,0.43149998784065247,17.666179656982422
819,0.9936000108718872,0.03189367800951004,0.4345000088214874,18.11905860900879
820,0.9945999979972839,0.032586704939603806,0.421999990940094,18.700931549072266
821,0.9954000115394592,0.028341876342892647,0.4065000116825104,18.36225128173828
822,0.9940000176429749,0.024831216782331467,0.4345000088214874,18.81622886657715
823,0.9961000084877014,0.022449271753430367,0.421999990940094,18.526500701904297
824,0.9937999844551086,0.03330788016319275,0.43299999833106995,18.200504302978516
825,0.995199978351593,0.024304557591676712,0.41749998927116394,18.60605812072754
826,0.9944999814033508,0.028751324862241745,0.4350000023841858,18.870994567871094
827,0.9941999912261963,0.0395897701382637,0.40700000524520874,20.443870544433594
828,0.9936000108718872,0.025343595072627068,0.42399999499320984,19.329057693481445
829,0.994700014591217,0.02699403092265129,0.4259999990463257,18.315580368041992
830,0.9945999979972839,0.0278686061501503,0.4410000145435333,18.766260147094727
831,0.9940000176429749,0.02714483067393303,0.4410000145435333,17.922128677368164
832,0.9947999715805054,0.024888070300221443,0.43549999594688416,19.075206756591797
833,0.9945999979972839,0.028365090489387512,0.42750000953674316,18.78752899169922
834,0.995199978351593,0.03333570435643196,0.4244999885559082,18.090272903442383
835,0.9958000183105469,0.022910933941602707,0.4375,17.796472549438477
836,0.9945999979972839,0.02440440095961094,0.4390000104904175,18.210229873657227
837,0.9940000176429749,0.031682588160037994,0.42750000953674316,18.648645401000977
838,0.994700014591217,0.03387293219566345,0.4404999911785126,17.643829345703125
839,0.9961000084877014,0.022395582869648933,0.4399999976158142,17.957185745239258
840,0.9943000078201294,0.02755836397409439,0.42399999499320984,18.686870574951172
841,0.995199978351593,0.021961461752653122,0.42750000953674316,17.535335540771484
842,0.9937999844551086,0.029041778296232224,0.4399999976158142,17.637739181518555
843,0.9947999715805054,0.03140726685523987,0.4309999942779541,18.693178176879883
844,0.995199978351593,0.024051468819379807,0.4424999952316284,19.047679901123047
845,0.9941999912261963,0.03492679446935654,0.4424999952316284,19.01407814025879
846,0.9927999973297119,0.030248230323195457,0.429500013589859,18.60365867614746
847,0.9950000047683716,0.026966385543346405,0.42750000953674316,19.55912971496582
848,0.9936000108718872,0.03175411745905876,0.4424999952316284,17.87277603149414
849,0.994700014591217,0.024110477417707443,0.4359999895095825,19.443235397338867
850,0.9932000041007996,0.037558332085609436,0.43050000071525574,19.112279891967773
851,0.9955999851226807,0.019450334832072258,0.43799999356269836,19.18703269958496
852,0.9948999881744385,0.028633758425712585,0.429500013589859,18.569290161132812
853,0.9941999912261963,0.032542634755373,0.4230000078678131,18.71350860595703
854,0.9950000047683716,0.028638336807489395,0.43549999594688416,18.812847137451172
855,0.9958000183105469,0.02117292955517769,0.42500001192092896,18.794864654541016
856,0.9934999942779541,0.031720034778118134,0.4189999997615814,18.589218139648438
857,0.994700014591217,0.02764790691435337,0.4230000078678131,18.242826461791992
858,0.9941999912261963,0.02376561053097248,0.4284999966621399,18.59853172302246
859,0.9940999746322632,0.03562641143798828,0.43299999833106995,18.30910873413086
860,0.9951000213623047,0.025161001831293106,0.4255000054836273,18.720766067504883
861,0.9944999814033508,0.02789267525076866,0.43149998784065247,19.006351470947266
862,0.9937000274658203,0.03489496558904648,0.4334999918937683,18.70612144470215
863,0.9950000047683716,0.025671880692243576,0.414000004529953,19.230607986450195
864,0.9965999722480774,0.01856677606701851,0.4259999990463257,18.87505340576172
865,0.9940999746322632,0.03546915203332901,0.4269999861717224,18.310985565185547
866,0.9945999979972839,0.032696545124053955,0.4345000088214874,18.336435317993164
867,0.9950000047683716,0.02136722020804882,0.43050000071525574,18.707910537719727
868,0.9959999918937683,0.022540409117937088,0.43950000405311584,19.263084411621094
869,0.9941999912261963,0.0243948083370924,0.42899999022483826,19.160472869873047
870,0.9941999912261963,0.02884041517972946,0.41449999809265137,19.057336807250977
871,0.9958999752998352,0.022382324561476707,0.42250001430511475,19.631195068359375
872,0.9950000047683716,0.035615548491477966,0.43799999356269836,18.428688049316406
873,0.9947999715805054,0.034562431275844574,0.4320000112056732,18.839277267456055
874,0.9958000183105469,0.02768033742904663,0.4320000112056732,19.769201278686523
875,0.9947999715805054,0.03256991505622864,0.4259999990463257,18.917173385620117
876,0.9968000054359436,0.018751714378595352,0.43849998712539673,18.781766891479492
877,0.9951000213623047,0.02936101146042347,0.4255000054836273,19.940174102783203
878,0.995199978351593,0.016704924404621124,0.42399999499320984,19.341447830200195
879,0.9947999715805054,0.028291428461670876,0.42800000309944153,19.680152893066406
880,0.9944999814033508,0.03028143011033535,0.4309999942779541,18.908456802368164
881,0.9962000250816345,0.021915053948760033,0.4375,20.0913028717041
882,0.9957000017166138,0.02486538141965866,0.43950000405311584,18.74837303161621
883,0.9948999881744385,0.02264900878071785,0.4284999966621399,19.936676025390625
884,0.9958000183105469,0.0248190239071846,0.43050000071525574,19.145633697509766
885,0.9943000078201294,0.037202395498752594,0.43700000643730164,19.834571838378906
886,0.9940999746322632,0.03271779790520668,0.43050000071525574,19.767086029052734
887,0.9958999752998352,0.023270804435014725,0.4339999854564667,20.032501220703125
888,0.9950000047683716,0.02708861604332924,0.4375,19.45747184753418
889,0.9955000281333923,0.018458034843206406,0.42899999022483826,20.792095184326172
890,0.9940999746322632,0.029386017471551895,0.42500001192092896,20.69120979309082
891,0.9944999814033508,0.026182495057582855,0.4259999990463257,20.754358291625977
892,0.9941999912261963,0.028551755473017693,0.4399999976158142,21.51129150390625
893,0.995199978351593,0.03013843297958374,0.4345000088214874,20.209619522094727
894,0.9959999918937683,0.025243956595659256,0.41749998927116394,21.27735137939453
895,0.9940999746322632,0.03404663875699043,0.429500013589859,20.546188354492188
896,0.9940999746322632,0.03444112837314606,0.4440000057220459,19.458120346069336
897,0.9950000047683716,0.024779828265309334,0.4404999911785126,20.414165496826172
898,0.992900013923645,0.043299540877342224,0.44350001215934753,20.423004150390625
899,0.9950000047683716,0.03066347725689411,0.42800000309944153,19.963655471801758
900,0.9944000244140625,0.034987643361091614,0.42649999260902405,20.195581436157227
901,0.9950000047683716,0.02307761460542679,0.4399999976158142,19.273893356323242
902,0.9940000176429749,0.034842509776353836,0.44200000166893005,19.23248863220215
903,0.995199978351593,0.025539740920066833,0.4300000071525574,19.555320739746094
904,0.9937000274658203,0.03416735678911209,0.4404999911785126,20.064525604248047
905,0.9940000176429749,0.038271769881248474,0.4350000023841858,20.222259521484375
906,0.9945999979972839,0.040671706199645996,0.4309999942779541,19.928905487060547
907,0.9940000176429749,0.026759307831525803,0.41350001096725464,21.149734497070312
908,0.9955999851226807,0.02519295923411846,0.42649999260902405,20.0130672454834
909,0.9940000176429749,0.02818414568901062,0.4320000112056732,20.47274398803711
910,0.9941999912261963,0.03519356995820999,0.4345000088214874,20.437536239624023
911,0.9950000047683716,0.029858779162168503,0.4404999911785126,19.527986526489258
912,0.9952999949455261,0.03129018470644951,0.4325000047683716,19.887798309326172
913,0.9930999875068665,0.03788970783352852,0.4235000014305115,19.682098388671875
914,0.9970999956130981,0.01781868375837803,0.4404999911785126,19.92501449584961
915,0.9952999949455261,0.02185763232409954,0.42800000309944153,21.19214630126953
916,0.9944999814033508,0.02900106832385063,0.429500013589859,21.288524627685547
917,0.9933000206947327,0.03274083137512207,0.4309999942779541,20.782915115356445
918,0.9950000047683716,0.027362531051039696,0.4300000071525574,21.337228775024414
919,0.9952999949455261,0.024439124390482903,0.4300000071525574,21.229970932006836
920,0.9958000183105469,0.027746904641389847,0.421999990940094,21.12769317626953
921,0.9952999949455261,0.02878432348370552,0.429500013589859,20.56649398803711
922,0.9943000078201294,0.0336955226957798,0.42250001430511475,21.246049880981445
923,0.9940000176429749,0.035909947007894516,0.4235000014305115,20.3828182220459
924,0.9944999814033508,0.024695713073015213,0.41850000619888306,20.634292602539062
925,0.9961000084877014,0.023406872525811195,0.429500013589859,20.335588455200195
926,0.9941999912261963,0.02719336934387684,0.4269999861717224,21.21697998046875
927,0.9950000047683716,0.026358578354120255,0.4205000102519989,20.3122615814209
928,0.9950000047683716,0.03328222781419754,0.41999998688697815,21.246347427368164
929,0.9941999912261963,0.026993831619620323,0.429500013589859,20.440568923950195
930,0.9954000115394592,0.027396121993660927,0.42149999737739563,21.42302703857422
931,0.9943000078201294,0.03633171319961548,0.43149998784065247,20.452070236206055
932,0.995199978351593,0.02278141677379608,0.4255000054836273,21.021818161010742
933,0.9951000213623047,0.02698381617665291,0.4359999895095825,21.146814346313477
934,0.9952999949455261,0.030728664249181747,0.4424999952316284,21.504051208496094
935,0.9947999715805054,0.0262469332665205,0.43650001287460327,21.725847244262695
936,0.995199978351593,0.025352761149406433,0.429500013589859,21.14291763305664
937,0.9930999875068665,0.046561356633901596,0.42500001192092896,21.95546531677246
938,0.9955000281333923,0.035874225199222565,0.429500013589859,21.11771011352539
939,0.9952999949455261,0.021483324468135834,0.43050000071525574,21.50694465637207
940,0.9954000115394592,0.023320889100432396,0.43799999356269836,21.35503578186035
941,0.9957000017166138,0.025640832260251045,0.4189999997615814,21.320791244506836
942,0.994700014591217,0.035840120166540146,0.43299999833106995,20.61665153503418
943,0.993399977684021,0.03267712891101837,0.4339999854564667,20.920562744140625
944,0.9939000010490417,0.039195604622364044,0.4300000071525574,21.982271194458008
945,0.9948999881744385,0.024318868294358253,0.4300000071525574,20.993959426879883
946,0.994700014591217,0.028181755915284157,0.4325000047683716,21.12257957458496
947,0.9952999949455261,0.02485072985291481,0.43050000071525574,21.687986373901367
948,0.9944000244140625,0.03098111040890217,0.42649999260902405,21.971769332885742
949,0.9945999979972839,0.040603797882795334,0.414000004529953,20.882980346679688
950,0.9944000244140625,0.03200957924127579,0.4284999966621399,22.26999282836914
951,0.9941999912261963,0.02883809246122837,0.4205000102519989,22.5034236907959
952,0.9937999844551086,0.03818581625819206,0.4339999854564667,21.60309410095215
953,0.9947999715805054,0.02936561033129692,0.429500013589859,22.330381393432617
954,0.9961000084877014,0.01926502026617527,0.42649999260902405,20.50882339477539
955,0.9954000115394592,0.023397622630000114,0.42899999022483826,22.110437393188477
956,0.9947999715805054,0.02956320531666279,0.43849998712539673,21.90682601928711
957,0.9947999715805054,0.027231913059949875,0.4424999952316284,22.403202056884766
958,0.9955999851226807,0.021101484075188637,0.42649999260902405,21.763601303100586
959,0.9958000183105469,0.02465362288057804,0.4300000071525574,22.468873977661133
960,0.9958000183105469,0.022620541974902153,0.4334999918937683,21.55830192565918
961,0.9948999881744385,0.03584716469049454,0.4104999899864197,21.067598342895508
962,0.9947999715805054,0.030527668073773384,0.42649999260902405,21.15755844116211
963,0.9954000115394592,0.02451089210808277,0.4465000033378601,23.08401870727539
964,0.9948999881744385,0.03169978782534599,0.4399999976158142,22.103254318237305
965,0.9944000244140625,0.032619453966617584,0.4309999942779541,21.799278259277344
966,0.996399998664856,0.026189764961600304,0.4334999918937683,21.914278030395508
967,0.9955000281333923,0.02536693587899208,0.4300000071525574,21.764310836791992
968,0.9933000206947327,0.03567444905638695,0.4390000104904175,21.556835174560547
969,0.9943000078201294,0.03298003971576691,0.4255000054836273,20.907499313354492
970,0.995199978351593,0.028981665149331093,0.43149998784065247,21.770347595214844
971,0.9937000274658203,0.03486218675971031,0.42750000953674316,22.4110164642334
972,0.9954000115394592,0.023120881989598274,0.4350000023841858,22.100318908691406
973,0.9929999709129333,0.044960569590330124,0.4269999861717224,22.474519729614258
974,0.9950000047683716,0.022870944812893867,0.42899999022483826,22.290176391601562
975,0.9961000084877014,0.025136673822999,0.42149999737739563,21.193626403808594
976,0.9958000183105469,0.01758219487965107,0.42800000309944153,21.947025299072266
977,0.9930999875068665,0.0430486798286438,0.41449999809265137,22.923473358154297
978,0.995199978351593,0.029101556167006493,0.42899999022483826,22.838550567626953
979,0.9930999875068665,0.04208815097808838,0.42750000953674316,22.595659255981445
980,0.995199978351593,0.026193106546998024,0.43299999833106995,22.18829917907715
981,0.994700014591217,0.029629796743392944,0.42800000309944153,22.28398323059082
982,0.9950000047683716,0.026171179488301277,0.43299999833106995,23.31725311279297
983,0.9941999912261963,0.032707590609788895,0.4334999918937683,21.703086853027344
984,0.9948999881744385,0.029832076281309128,0.429500013589859,21.676105499267578
985,0.9937999844551086,0.035031598061323166,0.43299999833106995,22.052433013916016
986,0.9958999752998352,0.026516033336520195,0.43849998712539673,21.905263900756836
987,0.9936000108718872,0.038110993802547455,0.4410000145435333,21.461729049682617
988,0.9962000250816345,0.02186989039182663,0.4375,22.03767204284668
989,0.9944000244140625,0.03233911842107773,0.43149998784065247,21.55970573425293
990,0.9968000054359436,0.016764676198363304,0.4390000104904175,21.35155487060547
991,0.9955999851226807,0.031919825822114944,0.4339999854564667,22.062082290649414
992,0.9951000213623047,0.029226645827293396,0.4390000104904175,21.604860305786133
993,0.9957000017166138,0.02360755391418934,0.44200000166893005,22.44622802734375
994,0.9948999881744385,0.025640500709414482,0.4410000145435333,22.17877769470215
995,0.9961000084877014,0.022743243724107742,0.44200000166893005,21.930843353271484
996,0.9940999746322632,0.03965580835938454,0.44350001215934753,21.906700134277344
997,0.9966999888420105,0.019405031576752663,0.44449999928474426,22.032217025756836
998,0.9922999739646912,0.04697490856051445,0.43799999356269836,22.355770111083984
999,0.9959999918937683,0.020700903609395027,0.4350000023841858,21.643335342407227
