epoch,accuracy,loss,val_accuracy,val_loss
0,0.22429999709129333,2.1075198650360107,0.22949999570846558,2.224696397781372
1,0.3264000117778778,1.871475338935852,0.34549999237060547,1.8488746881484985
2,0.3723999857902527,1.7606699466705322,0.3580000102519989,1.7974728345870972
3,0.3837999999523163,1.7259107828140259,0.3490000069141388,1.8144924640655518
4,0.40950000286102295,1.657638430595398,0.42399999499320984,1.6186877489089966
5,0.41519999504089355,1.6204771995544434,0.4154999852180481,1.6557238101959229
6,0.4375,1.5787923336029053,0.4514999985694885,1.598129391670227
7,0.44429999589920044,1.5516345500946045,0.46299999952316284,1.5949115753173828
8,0.4611000120639801,1.5157866477966309,0.45350000262260437,1.5443753004074097
9,0.4708000123500824,1.4745736122131348,0.429500013589859,1.5914092063903809
10,0.47769999504089355,1.4565880298614502,0.44699999690055847,1.5779848098754883
11,0.48489999771118164,1.4349570274353027,0.46700000762939453,1.5665403604507446
12,0.5070000290870667,1.392652988433838,0.4320000112056732,1.6898348331451416
13,0.5127999782562256,1.3681434392929077,0.4684999883174896,1.5204826593399048
14,0.527400016784668,1.336082100868225,0.46050000190734863,1.5409969091415405
15,0.5335999727249146,1.3067944049835205,0.44200000166893005,1.6365684270858765
16,0.5414999723434448,1.2839875221252441,0.4724999964237213,1.5151963233947754
17,0.5437999963760376,1.2785184383392334,0.46549999713897705,1.5040522813796997
18,0.5565999746322632,1.239470362663269,0.47999998927116394,1.5292319059371948
19,0.5651999711990356,1.2214106321334839,0.476500004529953,1.5460718870162964
20,0.5722000002861023,1.1945030689239502,0.47749999165534973,1.5589652061462402
21,0.5817000269889832,1.1662651300430298,0.48750001192092896,1.4914488792419434
22,0.5856000185012817,1.14460289478302,0.47699999809265137,1.5283349752426147
23,0.6022999882698059,1.1133674383163452,0.47749999165534973,1.5625301599502563
24,0.6100999712944031,1.095516562461853,0.46700000762939453,1.576383352279663
25,0.6065999865531921,1.084705114364624,0.48100000619888306,1.5675618648529053
26,0.6309999823570251,1.0391762256622314,0.48750001192092896,1.5721744298934937
27,0.6377999782562256,1.016910195350647,0.47850000858306885,1.5885027647018433
28,0.635200023651123,1.0124741792678833,0.4684999883174896,1.5888653993606567
29,0.6535999774932861,0.9671670794487,0.4779999852180481,1.6678218841552734
30,0.6585999727249146,0.9502730369567871,0.46399998664855957,1.7130422592163086
31,0.6646000146865845,0.9260855317115784,0.47699999809265137,1.723980188369751
32,0.6744999885559082,0.9043057560920715,0.4584999978542328,1.7158606052398682
33,0.6775000095367432,0.9042186737060547,0.4675000011920929,1.6996945142745972
34,0.6916999816894531,0.8580042719841003,0.47350001335144043,1.797056794166565
35,0.691100001335144,0.8549052476882935,0.4595000147819519,1.773378610610962
36,0.6915000081062317,0.8531801700592041,0.4749999940395355,1.8362727165222168
37,0.6996999979019165,0.840298056602478,0.46149998903274536,1.8509842157363892
38,0.7098000049591064,0.8040733337402344,0.4699999988079071,1.8920836448669434
39,0.7242000102996826,0.7706183791160583,0.45899999141693115,1.9443050622940063
40,0.7305999994277954,0.7577491402626038,0.4465000033378601,2.09431791305542
41,0.7343000173568726,0.7365880012512207,0.46000000834465027,2.032200336456299
42,0.7347999811172485,0.7368348240852356,0.4410000145435333,2.0282132625579834
43,0.742900013923645,0.7189986705780029,0.4659999907016754,2.0168051719665527
44,0.7519999742507935,0.6914393305778503,0.4569999873638153,2.064312696456909
45,0.7594000101089478,0.6775760650634766,0.4544999897480011,2.137697696685791
46,0.7760999798774719,0.6357072591781616,0.4580000042915344,2.2775588035583496
47,0.7567999958992004,0.6694561243057251,0.4429999887943268,2.2757368087768555
48,0.7530999779701233,0.6848883628845215,0.4410000145435333,2.3006460666656494
49,0.7872999906539917,0.5987359881401062,0.453000009059906,2.271087169647217
50,0.7713000178337097,0.6344739198684692,0.45350000262260437,2.3462772369384766
51,0.794700026512146,0.5891038775444031,0.4514999985694885,2.451134204864502
52,0.800599992275238,0.5676048994064331,0.445499986410141,2.397216320037842
53,0.8041999936103821,0.5488042235374451,0.4449999928474426,2.467381000518799
54,0.8133000135421753,0.5246977210044861,0.4339999854564667,2.616455554962158
55,0.8131999969482422,0.5253472924232483,0.43549999594688416,2.7139251232147217
56,0.8029999732971191,0.5397971868515015,0.43149998784065247,2.7762794494628906
57,0.8149999976158142,0.5275074243545532,0.43700000643730164,2.668515682220459
58,0.8133000135421753,0.5289170145988464,0.43650001287460327,2.716048240661621
59,0.8353000283241272,0.46214044094085693,0.42399999499320984,2.949951171875
60,0.8245000243186951,0.488510400056839,0.44449999928474426,2.8773715496063232
61,0.8314999938011169,0.4713036119937897,0.4345000088214874,2.9695487022399902
62,0.8393999934196472,0.44000980257987976,0.4399999976158142,2.999938488006592
63,0.8440999984741211,0.4355097711086273,0.4255000054836273,3.122545003890991
64,0.8341000080108643,0.45900073647499084,0.42649999260902405,3.0788135528564453
65,0.8140000104904175,0.5146364569664001,0.44850000739097595,3.0023415088653564
66,0.8428999781608582,0.44162803888320923,0.4189999997615814,3.2266600131988525
67,0.866100013256073,0.38753318786621094,0.4320000112056732,3.2076854705810547
68,0.8694999814033508,0.37594419717788696,0.4339999854564667,3.3271145820617676
69,0.8761000037193298,0.35680824518203735,0.42750000953674316,3.2997682094573975
70,0.8671000003814697,0.37790629267692566,0.42399999499320984,3.406359910964966
71,0.8569999933242798,0.39429715275764465,0.4300000071525574,3.4402899742126465
72,0.8668000102043152,0.37374502420425415,0.4339999854564667,3.361328363418579
73,0.8321999907493591,0.4544932246208191,0.4429999887943268,3.5129082202911377
74,0.890500009059906,0.3243001103401184,0.43149998784065247,3.507873058319092
75,0.8914999961853027,0.3096625804901123,0.4339999854564667,3.5812907218933105
76,0.8831999897956848,0.32221677899360657,0.43050000071525574,3.8529040813446045
77,0.8845999836921692,0.3260217308998108,0.4255000054836273,3.87406063079834
78,0.887499988079071,0.30992382764816284,0.4235000014305115,3.865330219268799
79,0.8876000046730042,0.3150326609611511,0.4399999976158142,3.837754964828491
80,0.9064000248908997,0.2627883553504944,0.4230000078678131,4.127465724945068
81,0.9065999984741211,0.27169132232666016,0.4205000102519989,4.022005081176758
82,0.8748000264167786,0.34080174565315247,0.4230000078678131,4.216556072235107
83,0.8816999793052673,0.3263501822948456,0.4020000100135803,4.413948059082031
84,0.8629999756813049,0.3792561888694763,0.41350001096725464,4.392979145050049
85,0.8903999924659729,0.304728627204895,0.4350000023841858,4.240738391876221
86,0.8988000154495239,0.2790411412715912,0.43149998784065247,4.242076873779297
87,0.9186999797821045,0.22889387607574463,0.42800000309944153,4.446747303009033
88,0.9180999994277954,0.22486908733844757,0.42100000381469727,4.492306709289551
89,0.9172000288963318,0.23527075350284576,0.4205000102519989,4.416401386260986
90,0.8942999839782715,0.29190948605537415,0.4205000102519989,4.7679290771484375
91,0.9014999866485596,0.2672577500343323,0.4230000078678131,4.734223365783691
92,0.9078999757766724,0.2564287781715393,0.43549999594688416,4.6805949211120605
93,0.9329000115394592,0.1968364119529724,0.4165000021457672,4.987829685211182
94,0.9186000227928162,0.23162028193473816,0.4180000126361847,4.952932357788086
95,0.9254999756813049,0.21145480871200562,0.4165000021457672,4.93174934387207
96,0.9350000023841858,0.1855221390724182,0.4124999940395355,5.197744846343994
97,0.911300003528595,0.24672789871692657,0.4194999933242798,5.106456756591797
98,0.9175000190734863,0.22414705157279968,0.4255000054836273,5.046195030212402
99,0.9438999891281128,0.1647927314043045,0.43549999594688416,5.169012546539307
100,0.9453999996185303,0.15821179747581482,0.4269999861717224,5.3485307693481445
101,0.9430999755859375,0.16121506690979004,0.4189999997615814,5.51995849609375
102,0.9434999823570251,0.16283667087554932,0.4059999883174896,5.413122177124023
103,0.9186999797821045,0.22315780818462372,0.42100000381469727,5.5528459548950195
104,0.8514000177383423,0.44853344559669495,0.39649999141693115,5.7200517654418945
105,0.8579999804496765,0.41279032826423645,0.41600000858306885,5.4822001457214355
106,0.9118000268936157,0.23479856550693512,0.4090000092983246,5.360508441925049
107,0.9340000152587891,0.184724822640419,0.429500013589859,5.407830238342285
108,0.9415000081062317,0.16344863176345825,0.4244999885559082,5.3279643058776855
109,0.9567999839782715,0.12786611914634705,0.42100000381469727,5.66751766204834
110,0.9708999991416931,0.10245154052972794,0.42399999499320984,5.6761088371276855
111,0.9606000185012817,0.1161726713180542,0.40950000286102295,6.031671524047852
112,0.9581000208854675,0.1239687129855156,0.40799999237060547,5.857745170593262
113,0.9358000159263611,0.1758127510547638,0.42100000381469727,5.921013355255127
114,0.9197999835014343,0.22133398056030273,0.4230000078678131,5.914905548095703
115,0.9284999966621399,0.2011331170797348,0.429500013589859,5.948060512542725
116,0.9265000224113464,0.20793205499649048,0.42100000381469727,6.172336101531982
117,0.9124000072479248,0.2404766082763672,0.4154999852180481,6.102380275726318
118,0.9398000240325928,0.16782888770103455,0.4104999899864197,6.296390533447266
119,0.9391999840736389,0.16735869646072388,0.4300000071525574,6.121405124664307
120,0.9363999962806702,0.1866878718137741,0.41850000619888306,6.400485992431641
121,0.9642000198364258,0.10568848997354507,0.41499999165534973,6.698309898376465
122,0.9498999714851379,0.1420450657606125,0.4194999933242798,6.48001766204834
123,0.9132999777793884,0.247320294380188,0.4025000035762787,6.6248650550842285
124,0.9498999714851379,0.13905616104602814,0.42500001192092896,6.567956924438477
125,0.9596999883651733,0.11650971323251724,0.4189999997615814,6.475395679473877
126,0.9103000164031982,0.2610679268836975,0.42500001192092896,6.673524379730225
127,0.942799985408783,0.15535283088684082,0.42100000381469727,6.748154163360596
128,0.9465000033378601,0.14824046194553375,0.414000004529953,6.612901210784912
129,0.9318000078201294,0.1872013360261917,0.4189999997615814,6.686961650848389
130,0.9627000093460083,0.10401899367570877,0.4115000069141388,6.983434200286865
131,0.8985000252723694,0.29700422286987305,0.41600000858306885,6.761974334716797
132,0.9225999712944031,0.22102542221546173,0.40950000286102295,6.5195136070251465
133,0.9557999968528748,0.1221294030547142,0.42750000953674316,6.568018436431885
134,0.9782000184059143,0.07300381362438202,0.4230000078678131,6.6661152839660645
135,0.9835000038146973,0.060892701148986816,0.4235000014305115,6.799350261688232
136,0.9767000079154968,0.0738590657711029,0.4300000071525574,6.899880409240723
137,0.9825999736785889,0.05987076461315155,0.41449999809265137,7.215672969818115
138,0.982699990272522,0.05326755344867706,0.42250001430511475,7.121302604675293
139,0.9793000221252441,0.06473241001367569,0.414000004529953,7.195101261138916
140,0.9782999753952026,0.06812424212694168,0.42500001192092896,7.234163284301758
141,0.9567000269889832,0.12405175715684891,0.41999998688697815,7.35532283782959
142,0.9286999702453613,0.20341987907886505,0.38749998807907104,7.363827705383301
143,0.8859999775886536,0.3650645613670349,0.41499999165534973,7.151146411895752
144,0.9172000288963318,0.244627445936203,0.40450000762939453,7.549012660980225
145,0.9315000176429749,0.193316251039505,0.414000004529953,7.152161598205566
146,0.964900016784668,0.09730108827352524,0.4244999885559082,7.195323944091797
147,0.9771999716758728,0.07034774124622345,0.40549999475479126,7.4228515625
148,0.9735000133514404,0.0778927430510521,0.42149999737739563,7.24299955368042
149,0.9714999794960022,0.08088821172714233,0.41999998688697815,7.366143226623535
150,0.9629999995231628,0.10298466682434082,0.4124999940395355,7.531333923339844
151,0.9818999767303467,0.05946870148181915,0.40700000524520874,7.638304233551025
152,0.9156000018119812,0.2438669204711914,0.4154999852180481,7.524499416351318
153,0.9110000133514404,0.2741720378398895,0.4104999899864197,7.395617961883545
154,0.9372000098228455,0.18084228038787842,0.40400001406669617,7.697640419006348
155,0.9592000246047974,0.1170264184474945,0.40849998593330383,7.5677103996276855
156,0.977400004863739,0.06830234080553055,0.41749998927116394,7.59743070602417
157,0.9836000204086304,0.052985429763793945,0.4205000102519989,7.560123443603516
158,0.9922000169754028,0.034938372671604156,0.4154999852180481,7.715082168579102
159,0.994700014591217,0.027364730834960938,0.42500001192092896,7.6659746170043945
160,0.9975000023841858,0.020558521151542664,0.42100000381469727,7.8376688957214355
161,0.9983000159263611,0.014596370048820972,0.42250001430511475,7.924624443054199
162,0.9988999962806702,0.012659730389714241,0.4244999885559082,8.016593933105469
163,0.9990000128746033,0.010818849317729473,0.4259999990463257,8.073946952819824
164,0.9991999864578247,0.012320315465331078,0.41999998688697815,8.177721977233887
165,0.9995999932289124,0.009493141435086727,0.4180000126361847,8.289889335632324
166,0.9995999932289124,0.008398559875786304,0.4205000102519989,8.259435653686523
167,0.9998999834060669,0.007227970752865076,0.4169999957084656,8.389291763305664
168,0.9998000264167786,0.007137245964258909,0.4189999997615814,8.406512260437012
169,0.9998000264167786,0.00742077874019742,0.4165000021457672,8.434316635131836
170,0.9998999834060669,0.006057446356862783,0.4169999957084656,8.590829849243164
171,0.9998999834060669,0.00562978396192193,0.4189999997615814,8.591080665588379
172,0.9998999834060669,0.005582055542618036,0.42100000381469727,8.627419471740723
173,0.9998999834060669,0.005104302428662777,0.41749998927116394,8.69954776763916
174,0.9998999834060669,0.005019622854888439,0.42100000381469727,8.827299118041992
175,0.9998999834060669,0.004444347694516182,0.4169999957084656,8.76086139678955
176,0.9998999834060669,0.004677619785070419,0.41600000858306885,8.91179084777832
177,0.9997000098228455,0.004875923041254282,0.4230000078678131,8.910601615905762
178,0.9998999834060669,0.004060755483806133,0.41350001096725464,9.029873847961426
179,0.9998999834060669,0.0035463180392980576,0.4169999957084656,9.064289093017578
180,0.9998999834060669,0.0031646559946238995,0.4180000126361847,9.119279861450195
181,0.9998999834060669,0.003059966955333948,0.4124999940395355,9.182687759399414
182,0.9998999834060669,0.0033406116999685764,0.4189999997615814,9.206697463989258
183,1.0,0.0025886769872158766,0.4129999876022339,9.31611156463623
184,1.0,0.002627579728141427,0.4194999933242798,9.36412525177002
185,1.0,0.002681241137906909,0.41749998927116394,9.423003196716309
186,1.0,0.0022938218899071217,0.42250001430511475,9.460110664367676
187,1.0,0.0020015868358314037,0.4180000126361847,9.57986831665039
188,1.0,0.0019806164782494307,0.4205000102519989,9.572376251220703
189,1.0,0.0019394230330362916,0.42149999737739563,9.678478240966797
190,1.0,0.0021426102612167597,0.41850000619888306,9.700970649719238
191,0.7077999711036682,1.7200713157653809,0.296999990940094,3.99285888671875
192,0.585099995136261,1.5406901836395264,0.4059999883174896,4.289728164672852
193,0.772599995136261,0.7037633657455444,0.4180000126361847,4.656437873840332
194,0.8741000294685364,0.34693241119384766,0.43050000071525574,4.817230701446533
195,0.9189000129699707,0.22242890298366547,0.4230000078678131,5.10658597946167
196,0.9272000193595886,0.20046460628509521,0.4235000014305115,5.14483118057251
197,0.9567999839782715,0.1381031572818756,0.4065000116825104,5.383945941925049
198,0.9646999835968018,0.11836673319339752,0.4169999957084656,5.470587730407715
199,0.9714000225067139,0.10756346583366394,0.4205000102519989,5.719216823577881
200,0.9765999913215637,0.08742976933717728,0.4284999966621399,5.7102274894714355
201,0.9815999865531921,0.07149477303028107,0.4169999957084656,5.963033199310303
202,0.9861000180244446,0.06494677066802979,0.41999998688697815,6.245164394378662
203,0.9896000027656555,0.05277765542268753,0.41749998927116394,6.261605739593506
204,0.992900013923645,0.04417896270751953,0.4180000126361847,6.3441619873046875
205,0.975600004196167,0.07968343049287796,0.41449999809265137,6.364962100982666
206,0.9685999751091003,0.09330079704523087,0.4244999885559082,6.581745147705078
207,0.9193999767303467,0.22723059356212616,0.4129999876022339,6.604188442230225
208,0.9193000197410583,0.22999124228954315,0.40400001406669617,6.785921096801758
209,0.9002000093460083,0.2834455370903015,0.40400001406669617,7.2381672859191895
210,0.9041000008583069,0.27801087498664856,0.4165000021457672,6.383974075317383
211,0.9531999826431274,0.14065228402614594,0.41749998927116394,6.542778491973877
212,0.9527999758720398,0.1353011280298233,0.4259999990463257,6.615880012512207
213,0.9811000227928162,0.06537820398807526,0.4205000102519989,6.586315631866455
214,0.9921000003814697,0.03983740508556366,0.421999990940094,6.873489856719971
215,0.9957000017166138,0.030422884970903397,0.4255000054836273,6.899046897888184
216,0.9970999956130981,0.024452803656458855,0.42149999737739563,7.031470775604248
217,0.9983999729156494,0.020856589078903198,0.41449999809265137,7.3052077293396
218,0.9983000159263611,0.020436003804206848,0.4244999885559082,7.311805725097656
219,0.9987999796867371,0.018268974497914314,0.4255000054836273,7.338506698608398
220,0.9994000196456909,0.013995747081935406,0.4124999940395355,7.4717817306518555
221,0.9987999796867371,0.014702259562909603,0.4235000014305115,7.593245029449463
222,0.9958999752998352,0.026005111634731293,0.4205000102519989,7.932894706726074
223,0.9904000163078308,0.03905068710446358,0.4065000116825104,8.189666748046875
224,0.9721999764442444,0.08838040381669998,0.41499999165534973,7.962372779846191
225,0.8708000183105469,0.4606419801712036,0.4180000126361847,7.209104537963867
226,0.8341000080108643,0.6010167598724365,0.40049999952316284,6.846037864685059
227,0.9157999753952026,0.25938111543655396,0.4129999876022339,6.924108505249023
228,0.9632999897003174,0.10671950876712799,0.4104999899864197,6.967706203460693
229,0.9815999865531921,0.0629643052816391,0.4124999940395355,7.254638671875
230,0.9922000169754028,0.03749306499958038,0.41749998927116394,7.232361793518066
231,0.9976000189781189,0.023303594440221786,0.4244999885559082,7.339933395385742
232,0.9984999895095825,0.018649494275450706,0.4154999852180481,7.503696441650391
233,0.9994000196456909,0.015393001958727837,0.4154999852180481,7.569088935852051
234,0.9994000196456909,0.01408962532877922,0.41600000858306885,7.668352127075195
235,0.9994000196456909,0.013767058961093426,0.4169999957084656,7.730463027954102
236,0.9995999932289124,0.011369220912456512,0.41499999165534973,7.809354305267334
237,0.9995999932289124,0.010186298750340939,0.4169999957084656,7.864950656890869
238,0.9997000098228455,0.009174673818051815,0.4169999957084656,8.011402130126953
239,0.9998000264167786,0.00847642682492733,0.4189999997615814,8.099980354309082
240,0.9998999834060669,0.007429760880768299,0.4189999997615814,8.170214653015137
241,0.9998000264167786,0.007393466308712959,0.4194999933242798,8.20102310180664
242,0.9998000264167786,0.007339301984757185,0.41850000619888306,8.274357795715332
243,0.9998000264167786,0.006524291820824146,0.4205000102519989,8.361503601074219
244,0.9998000264167786,0.005881378892809153,0.41600000858306885,8.38815689086914
245,0.9998999834060669,0.006010819226503372,0.4165000021457672,8.504439353942871
246,0.9998999834060669,0.005073160398751497,0.414000004529953,8.593168258666992
247,0.9998999834060669,0.004895104095339775,0.42250001430511475,8.665556907653809
248,0.9998999834060669,0.005018013995140791,0.41850000619888306,8.714836120605469
249,0.9998999834060669,0.004988047759979963,0.41749998927116394,8.795060157775879
250,0.9998999834060669,0.003962709102779627,0.42149999737739563,8.8732271194458
251,0.9998000264167786,0.0038405521772801876,0.4205000102519989,8.934725761413574
252,1.0,0.0034987819381058216,0.42149999737739563,8.99042797088623
253,0.9998000264167786,0.0034022624604403973,0.41999998688697815,9.077132225036621
254,1.0,0.0030468918848782778,0.41999998688697815,9.112573623657227
255,1.0,0.002826699987053871,0.4189999997615814,9.249665260314941
256,0.9998999834060669,0.002841024426743388,0.41850000619888306,9.244782447814941
257,1.0,0.0023900719825178385,0.41999998688697815,9.34461498260498
258,0.8446000218391418,0.924805760383606,0.3334999978542328,6.425398349761963
259,0.5785999894142151,1.6919363737106323,0.3880000114440918,3.8596887588500977
260,0.7663000226020813,0.6801568269729614,0.4020000100135803,4.0938615798950195
261,0.8744999766349792,0.33837082982063293,0.41999998688697815,4.520534038543701
262,0.9175000190734863,0.2288997322320938,0.4255000054836273,4.823757648468018
263,0.9584000110626221,0.13483189046382904,0.40849998593330383,5.207313060760498
264,0.9785000085830688,0.08779239654541016,0.4269999861717224,5.309838771820068
265,0.9850000143051147,0.06609693169593811,0.42100000381469727,5.624929428100586
266,0.9918000102043152,0.053435131907463074,0.4244999885559082,5.756219863891602
267,0.9977999925613403,0.03636671230196953,0.42750000953674316,5.9272565841674805
268,0.9980999827384949,0.030209869146347046,0.42100000381469727,6.060667991638184
269,0.9987999796867371,0.026355475187301636,0.42100000381469727,6.310365676879883
270,0.9975000023841858,0.026745649054646492,0.42500001192092896,6.370160102844238
271,0.9997000098228455,0.017942465841770172,0.4205000102519989,6.5795979499816895
272,0.9994999766349792,0.015563426539301872,0.42149999737739563,6.694642066955566
273,0.9994999766349792,0.014647433534264565,0.4235000014305115,6.784954071044922
274,0.9998000264167786,0.013865374960005283,0.42399999499320984,6.955392360687256
275,0.9997000098228455,0.011735630221664906,0.42100000381469727,7.072051048278809
276,0.9995999932289124,0.012621387839317322,0.41999998688697815,7.137650489807129
277,0.9997000098228455,0.009874607436358929,0.4259999990463257,7.311960220336914
278,0.9997000098228455,0.008783256635069847,0.42500001192092896,7.375762462615967
279,0.9998000264167786,0.00794018991291523,0.4284999966621399,7.520490646362305
280,0.9998000264167786,0.006899482104927301,0.4255000054836273,7.655697822570801
281,0.9998999834060669,0.006063736975193024,0.421999990940094,7.719725608825684
282,0.9998999834060669,0.006314360070973635,0.42250001430511475,7.771416664123535
283,0.9998999834060669,0.005252797156572342,0.42399999499320984,7.88501501083374
284,1.0,0.004776061046868563,0.4255000054836273,7.981206893920898
285,1.0,0.004192023072391748,0.42500001192092896,8.108528137207031
286,1.0,0.004097965080291033,0.42649999260902405,8.185606956481934
287,1.0,0.0036380989477038383,0.421999990940094,8.248859405517578
288,1.0,0.0036367455031722784,0.4235000014305115,8.431488037109375
289,1.0,0.0033335010521113873,0.42500001192092896,8.4322509765625
290,1.0,0.0029864052776247263,0.4230000078678131,8.491788864135742
291,1.0,0.0027769682928919792,0.4180000126361847,8.673789978027344
292,0.75,1.2230864763259888,0.39649999141693115,5.116559028625488
293,0.814300000667572,0.6259610652923584,0.4124999940395355,5.165157794952393
294,0.9077000021934509,0.2620747685432434,0.4154999852180481,5.569859504699707
295,0.9541000127792358,0.14027296006679535,0.42500001192092896,5.594396591186523
296,0.983299970626831,0.06787965446710587,0.41600000858306885,5.832453727722168
297,0.991100013256073,0.0493793748319149,0.4189999997615814,6.034163475036621
298,0.9983000159263611,0.030639098957180977,0.4189999997615814,6.3447394371032715
299,0.9990000128746033,0.023625284433364868,0.4194999933242798,6.469766616821289
300,0.9998000264167786,0.017684796825051308,0.414000004529953,6.63230562210083
301,0.9984999895095825,0.02107251062989235,0.414000004529953,6.844232559204102
302,0.9990000128746033,0.017630724236369133,0.41600000858306885,6.916015625
303,0.9990000128746033,0.015726104378700256,0.4115000069141388,7.015054702758789
304,0.9998000264167786,0.011540927924215794,0.41200000047683716,7.193698406219482
305,0.9998000264167786,0.009317808784544468,0.41499999165534973,7.299737453460693
306,0.9998999834060669,0.008673767559230328,0.414000004529953,7.400205135345459
307,0.9998999834060669,0.007876421324908733,0.4169999957084656,7.454965591430664
308,0.9998999834060669,0.006683068815618753,0.41499999165534973,7.650394439697266
309,0.9998999834060669,0.005939822643995285,0.41499999165534973,7.710085868835449
310,0.9998999834060669,0.005694888066500425,0.41350001096725464,7.777101039886475
311,0.9998999834060669,0.00552733987569809,0.41499999165534973,7.854618072509766
312,0.9998999834060669,0.004965229891240597,0.41449999809265137,7.977317810058594
313,1.0,0.004526687785983086,0.41449999809265137,8.09227466583252
314,1.0,0.004100283142179251,0.41499999165534973,8.114108085632324
315,1.0,0.003745423397049308,0.414000004529953,8.239615440368652
316,1.0,0.003499772632494569,0.414000004529953,8.287947654724121
317,1.0,0.0032235076650977135,0.41499999165534973,8.371026992797852
318,1.0,0.0030573573894798756,0.4129999876022339,8.495410919189453
319,1.0,0.0028404092881828547,0.41600000858306885,8.525553703308105
320,1.0,0.0028955398593097925,0.41449999809265137,8.6173095703125
321,1.0,0.002595586236566305,0.4099999964237213,8.759583473205566
322,1.0,0.0023495331406593323,0.414000004529953,8.75736141204834
323,1.0,0.002171105472370982,0.41350001096725464,8.85625171661377
324,1.0,0.00209412700496614,0.41499999165534973,8.93439769744873
325,1.0,0.0020061165560036898,0.41350001096725464,9.020159721374512
326,1.0,0.0018475685501471162,0.41200000047683716,9.086616516113281
327,1.0,0.001722765970043838,0.4099999964237213,9.144580841064453
328,1.0,0.0016301025170832872,0.4154999852180481,9.183906555175781
329,1.0,0.0015027057379484177,0.41200000047683716,9.293896675109863
330,1.0,0.0013977009803056717,0.41200000047683716,9.398588180541992
331,1.0,0.0013989228755235672,0.41449999809265137,9.42297649383545
332,1.0,0.0012323069386184216,0.4169999957084656,9.468509674072266
333,1.0,0.0011764068622142076,0.41749998927116394,9.544561386108398
334,1.0,0.0011466301511973143,0.41499999165534973,9.647018432617188
335,1.0,0.0010706176981329918,0.41499999165534973,9.685196876525879
336,1.0,0.00101129908580333,0.41600000858306885,9.722373008728027
337,1.0,0.0009304378763772547,0.4194999933242798,9.778729438781738
338,1.0,0.0009059549192897975,0.41749998927116394,9.868548393249512
339,1.0,0.0008591384976170957,0.4129999876022339,9.939858436584473
340,1.0,0.000813824764918536,0.41499999165534973,10.006606101989746
341,1.0,0.000794614024925977,0.41499999165534973,10.032021522521973
342,1.0,0.000749064318370074,0.41350001096725464,10.116405487060547
343,1.0,0.0006833997904323041,0.4169999957084656,10.152459144592285
344,1.0,0.0006621775100938976,0.4154999852180481,10.199675559997559
345,1.0,0.0006534318090416491,0.4194999933242798,10.235234260559082
346,1.0,0.0006214529275894165,0.4124999940395355,10.369728088378906
347,1.0,0.0005796798504889011,0.41850000619888306,10.407757759094238
348,1.0,0.0005564866005443037,0.4129999876022339,10.496100425720215
349,1.0,0.0005068664322607219,0.4169999957084656,10.51236343383789
350,1.0,0.0004872291174251586,0.414000004529953,10.566614151000977
351,1.0,0.0004619437677320093,0.4154999852180481,10.637775421142578
352,1.0,0.000464056123746559,0.414000004529953,10.70217227935791
353,1.0,0.00041758507722988725,0.41449999809265137,10.784076690673828
354,1.0,0.0004012504650745541,0.41449999809265137,10.849913597106934
355,1.0,0.0003784704313147813,0.4124999940395355,10.904766082763672
356,1.0,0.000357592711225152,0.4169999957084656,10.924215316772461
357,1.0,0.000343677937053144,0.4154999852180481,11.018099784851074
358,1.0,0.00032377088791690767,0.4165000021457672,11.033459663391113
359,1.0,0.0003089797974098474,0.4165000021457672,11.133222579956055
360,1.0,0.00029902352252975106,0.4189999997615814,11.121386528015137
361,1.0,0.0002761971263680607,0.41449999809265137,11.260387420654297
362,1.0,0.00026429782155901194,0.41449999809265137,11.321124076843262
363,1.0,0.00026224678731523454,0.4124999940395355,11.367854118347168
364,1.0,0.00024126631615217775,0.4154999852180481,11.40169906616211
365,1.0,0.00023057525686454028,0.41499999165534973,11.463492393493652
366,1.0,0.0002200937451561913,0.41600000858306885,11.5180025100708
367,1.0,0.00021110665693413466,0.41600000858306885,11.600811958312988
368,1.0,0.00019888214592356235,0.41749998927116394,11.632290840148926
369,1.0,0.00019134589820168912,0.4165000021457672,11.681707382202148
370,1.0,0.00018334228661842644,0.41749998927116394,11.729338645935059
371,1.0,0.00016985849651973695,0.4154999852180481,11.805929183959961
372,1.0,0.0001728410425130278,0.41499999165534973,11.840461730957031
373,1.0,0.00016281592252198607,0.4154999852180481,11.932474136352539
374,1.0,0.00014769629342481494,0.4165000021457672,11.984556198120117
375,1.0,0.00014392525190487504,0.4154999852180481,12.012175559997559
376,1.0,0.00013769308861810714,0.41350001096725464,12.149591445922852
377,1.0,0.0001327784702880308,0.4124999940395355,12.162959098815918
378,1.0,0.00012621231144294143,0.41600000858306885,12.184699058532715
379,1.0,0.00011902902042493224,0.41449999809265137,12.268486022949219
380,0.8629000186920166,1.0525246858596802,0.1185000017285347,3.318498134613037
381,0.1152999997138977,2.3928604125976562,0.10000000149011612,2.3360328674316406
382,0.10819999873638153,2.2984750270843506,0.10100000351667404,2.3053815364837646
383,0.1062999963760376,2.293464422225952,0.10199999809265137,2.3035056591033936
384,0.10509999841451645,2.2881948947906494,0.10050000250339508,2.3050453662872314
385,0.10740000009536743,2.287590265274048,0.10100000351667404,2.307635545730591
386,0.11020000278949738,2.283252716064453,0.10249999910593033,2.316955804824829
387,0.11490000039339066,2.2789885997772217,0.10700000077486038,2.324205160140991
388,0.1274999976158142,2.2728049755096436,0.12150000035762787,2.307037591934204
389,0.13130000233650208,2.263925313949585,0.10300000011920929,2.31329345703125
390,0.11219999939203262,2.277543544769287,0.10100000351667404,2.304901361465454
391,0.11330000311136246,2.273341178894043,0.10100000351667404,2.31284236907959
392,0.11479999870061874,2.271191358566284,0.10350000113248825,2.3231699466705322
393,0.13279999792575836,2.256284475326538,0.14550000429153442,2.320740222930908
394,0.243599995970726,2.091027021408081,0.24549999833106995,2.1336729526519775
395,0.3158000111579895,1.8829970359802246,0.3165000081062317,2.1645212173461914
396,0.3763999938964844,1.743952751159668,0.3425000011920929,1.9860119819641113
397,0.45100000500679016,1.5532642602920532,0.37299999594688416,1.9315171241760254
398,0.5239999890327454,1.3532501459121704,0.3779999911785126,2.230922222137451
399,0.6265000104904175,1.0518418550491333,0.41449999809265137,2.5079140663146973
400,0.7541999816894531,0.6899823546409607,0.42399999499320984,3.001065492630005
401,0.8288000226020813,0.4647681713104248,0.43149998784065247,3.254045248031616
402,0.8970999717712402,0.2873269021511078,0.4129999876022339,3.6902031898498535
403,0.9315000176429749,0.2014770805835724,0.40049999952316284,4.3208208084106445
404,0.9399999976158142,0.17547252774238586,0.40299999713897705,4.54672384262085
405,0.9624000191688538,0.12710492312908173,0.4284999966621399,4.82796049118042
406,0.9607999920845032,0.12844058871269226,0.414000004529953,5.045446872711182
407,0.9825000166893005,0.07782521843910217,0.42250001430511475,5.346383571624756
408,0.9937000274658203,0.04750865697860718,0.4194999933242798,5.5667500495910645
409,0.9901000261306763,0.05142321065068245,0.41449999809265137,5.679647922515869
410,0.994700014591217,0.0377463772892952,0.4180000126361847,6.020390033721924
411,0.9983999729156494,0.025149192661046982,0.4230000078678131,6.127396106719971
412,0.9995999932289124,0.015709033235907555,0.4180000126361847,6.390449047088623
413,1.0,0.01343499030917883,0.4189999997615814,6.482515335083008
414,1.0,0.010111869312822819,0.42250001430511475,6.612527847290039
415,1.0,0.008204757235944271,0.4205000102519989,6.76671028137207
416,1.0,0.00698593957349658,0.4255000054836273,6.8666768074035645
417,1.0,0.006153071764856577,0.4255000054836273,6.922970294952393
418,1.0,0.005839139688760042,0.421999990940094,7.048375129699707
419,1.0,0.005306779406964779,0.4284999966621399,7.108152866363525
420,1.0,0.00465811975300312,0.42800000309944153,7.259994029998779
421,1.0,0.0041635846719145775,0.4194999933242798,7.345119476318359
422,1.0,0.004018484149128199,0.4259999990463257,7.403906345367432
423,1.0,0.0036332339514046907,0.42250001430511475,7.5138397216796875
424,1.0,0.0032716584391891956,0.42399999499320984,7.597173690795898
425,1.0,0.002946714637801051,0.42149999737739563,7.6735100746154785
426,1.0,0.0030044279992580414,0.42399999499320984,7.778835296630859
427,1.0,0.0024828393943607807,0.4244999885559082,7.83134126663208
428,1.0,0.0023441126104444265,0.4235000014305115,7.892605304718018
429,1.0,0.002416515490040183,0.4259999990463257,7.948670387268066
430,1.0,0.00212112651206553,0.42399999499320984,7.998915195465088
431,1.0,0.0018579013412818313,0.42250001430511475,8.116092681884766
432,1.0,0.0017542970599606633,0.42500001192092896,8.214396476745605
433,1.0,0.0016208305023610592,0.42500001192092896,8.23790454864502
434,1.0,0.0015000913990661502,0.4255000054836273,8.322347640991211
435,1.0,0.0014098994433879852,0.42500001192092896,8.3880615234375
436,1.0,0.0013418339658528566,0.4255000054836273,8.443920135498047
437,1.0,0.001247659558430314,0.4255000054836273,8.510425567626953
438,1.0,0.0011953396024182439,0.4269999861717224,8.58089828491211
439,1.0,0.0011091040214523673,0.42800000309944153,8.643453598022461
440,1.0,0.001024033990688622,0.42800000309944153,8.699422836303711
441,1.0,0.000979545176960528,0.42649999260902405,8.751090049743652
442,1.0,0.0009435966494493186,0.4269999861717224,8.793094635009766
443,1.0,0.0009015484829433262,0.4255000054836273,8.842711448669434
444,1.0,0.0008490338223055005,0.42750000953674316,8.920869827270508
445,1.0,0.0007882580976001918,0.42750000953674316,9.027853012084961
446,1.0,0.0007481033680960536,0.42800000309944153,9.042881965637207
447,1.0,0.0006988777895458043,0.4269999861717224,9.125555038452148
448,1.0,0.0006703988765366375,0.4269999861717224,9.166404724121094
449,1.0,0.0006410145433619618,0.42899999022483826,9.194406509399414
450,1.0,0.0006014161626808345,0.4259999990463257,9.283084869384766
451,1.0,0.0005626386846415699,0.429500013589859,9.352048873901367
452,1.0,0.0005305621889419854,0.429500013589859,9.402839660644531
453,1.0,0.0005071321502327919,0.42750000953674316,9.457775115966797
454,1.0,0.0004873210855294019,0.42899999022483826,9.471105575561523
455,1.0,0.0004564673872664571,0.42899999022483826,9.546637535095215
456,1.0,0.0004346319765318185,0.4284999966621399,9.614962577819824
457,1.0,0.0004139952070545405,0.429500013589859,9.685565948486328
458,1.0,0.000394442118704319,0.429500013589859,9.701581001281738
459,1.0,0.00037105183582752943,0.429500013589859,9.77841567993164
460,1.0,0.0003463334869593382,0.42899999022483826,9.814772605895996
461,1.0,0.0003347480669617653,0.42649999260902405,9.892119407653809
462,1.0,0.00032410092535428703,0.43050000071525574,9.905014038085938
463,1.0,0.00030547683127224445,0.4284999966621399,10.005899429321289
464,1.0,0.0002876318176276982,0.42649999260902405,10.079426765441895
465,1.0,0.00027560489252209663,0.429500013589859,10.104736328125
466,1.0,0.0002596955746412277,0.42750000953674316,10.130109786987305
467,1.0,0.0002486293378751725,0.43299999833106995,10.174154281616211
468,1.0,0.00023480365052819252,0.4300000071525574,10.258821487426758
469,1.0,0.0002202467730967328,0.42899999022483826,10.264774322509766
470,1.0,0.00021697285410482436,0.4309999942779541,10.316373825073242
471,1.0,0.00020337224123068154,0.42899999022483826,10.382452964782715
472,1.0,0.00019340217113494873,0.42899999022483826,10.449532508850098
473,1.0,0.00018058987916447222,0.43149998784065247,10.49818229675293
474,1.0,0.0001745952758938074,0.42800000309944153,10.565388679504395
475,1.0,0.00016618748486507684,0.4284999966621399,10.598084449768066
476,1.0,0.00015717485803179443,0.42750000953674316,10.65685749053955
477,1.0,0.00015018669364508241,0.42649999260902405,10.727144241333008
478,1.0,0.0001469389389967546,0.42750000953674316,10.73015022277832
479,1.0,0.00013775871775578707,0.42649999260902405,10.82234001159668
480,1.0,0.0001294937974307686,0.42899999022483826,10.835351943969727
481,1.0,0.000130974585772492,0.4269999861717224,10.88172435760498
482,1.0,0.00011877036013174802,0.42800000309944153,10.941020965576172
483,1.0,0.00011422955867601559,0.4244999885559082,10.999390602111816
484,1.0,0.00010905043018283322,0.42750000953674316,11.046170234680176
485,1.0,0.0001034353845170699,0.4255000054836273,11.097429275512695
486,1.0,9.83127611107193e-05,0.4300000071525574,11.155805587768555
487,1.0,9.501453314442188e-05,0.429500013589859,11.206031799316406
488,1.0,8.725748193683103e-05,0.4269999861717224,11.219228744506836
489,1.0,8.745161903789267e-05,0.4300000071525574,11.257820129394531
490,1.0,8.185538172256202e-05,0.43050000071525574,11.316162109375
491,1.0,7.728985656285658e-05,0.42800000309944153,11.377869606018066
492,1.0,7.269469642778859e-05,0.4284999966621399,11.407864570617676
493,1.0,6.974826828809455e-05,0.4284999966621399,11.449524879455566
494,1.0,6.691272574244067e-05,0.42750000953674316,11.529847145080566
495,1.0,6.485531775979325e-05,0.4269999861717224,11.579339027404785
496,1.0,6.187176040839404e-05,0.4269999861717224,11.624874114990234
497,1.0,5.806634362670593e-05,0.4269999861717224,11.676762580871582
498,1.0,5.527014218387194e-05,0.42899999022483826,11.714150428771973
499,1.0,5.3015173762105405e-05,0.4269999861717224,11.779709815979004
500,1.0,5.0429523980710655e-05,0.42800000309944153,11.824878692626953
501,1.0,5.014183989260346e-05,0.42899999022483826,11.865368843078613
502,1.0,4.616510705091059e-05,0.42649999260902405,11.895329475402832
503,1.0,4.4166390580357984e-05,0.4255000054836273,11.96298599243164
504,1.0,4.1915231122402474e-05,0.4269999861717224,11.984179496765137
505,1.0,4.000783883384429e-05,0.42750000953674316,12.035477638244629
506,1.0,3.876747359754518e-05,0.4255000054836273,12.088250160217285
507,1.0,3.626248872024007e-05,0.42800000309944153,12.115751266479492
508,1.0,3.605954771046527e-05,0.4259999990463257,12.184610366821289
509,1.0,3.430189462960698e-05,0.42750000953674316,12.224322319030762
510,1.0,3.258804281358607e-05,0.42800000309944153,12.266745567321777
511,1.0,3.0314989999169484e-05,0.42500001192092896,12.33382797241211
512,1.0,2.9622433430631645e-05,0.4255000054836273,12.370709419250488
513,1.0,2.7888887416338548e-05,0.4235000014305115,12.407081604003906
514,1.0,2.6416328182676807e-05,0.42800000309944153,12.478243827819824
515,1.0,2.616058372950647e-05,0.42750000953674316,12.512561798095703
516,1.0,2.4877443138393573e-05,0.4284999966621399,12.562143325805664
517,1.0,2.7157249860465527e-05,0.42899999022483826,12.62839412689209
518,1.0,2.3038917788653634e-05,0.4269999861717224,12.653687477111816
519,1.0,2.1032808945165016e-05,0.42399999499320984,12.703807830810547
520,1.0,2.0353516447357833e-05,0.4255000054836273,12.753548622131348
521,1.0,1.957255335582886e-05,0.4300000071525574,12.759193420410156
522,1.0,1.8653376173460856e-05,0.42750000953674316,12.846372604370117
523,1.0,1.7667207430349663e-05,0.4259999990463257,12.911664962768555
524,1.0,1.6970612705335952e-05,0.42500001192092896,12.965387344360352
525,1.0,1.650584272283595e-05,0.4269999861717224,12.960187911987305
526,1.0,1.5417854228871875e-05,0.4244999885559082,13.025626182556152
527,1.0,1.5057767996040639e-05,0.4235000014305115,13.091845512390137
528,1.0,1.4692272088723257e-05,0.4284999966621399,13.100632667541504
529,1.0,1.363906903861789e-05,0.42800000309944153,13.172313690185547
530,1.0,1.2980340216017794e-05,0.4255000054836273,13.231817245483398
531,1.0,1.2354139471426606e-05,0.4255000054836273,13.279634475708008
532,1.0,1.1884233572345693e-05,0.4269999861717224,13.333919525146484
533,1.0,1.1188614735146984e-05,0.4255000054836273,13.372404098510742
534,1.0,1.0854570973606315e-05,0.42399999499320984,13.404729843139648
535,1.0,1.0486070095794275e-05,0.42500001192092896,13.43509578704834
536,1.0,9.930702617566567e-06,0.4259999990463257,13.503731727600098
537,1.0,9.398751899425406e-06,0.4244999885559082,13.561884880065918
538,1.0,9.103388947551139e-06,0.4244999885559082,13.594086647033691
539,1.0,8.519854418409523e-06,0.4235000014305115,13.641453742980957
540,1.0,8.178651114576496e-06,0.4269999861717224,13.683389663696289
541,1.0,7.860974619688932e-06,0.42399999499320984,13.690118789672852
542,1.0,7.667154932278208e-06,0.42500001192092896,13.758739471435547
543,1.0,7.258553068822948e-06,0.4255000054836273,13.822617530822754
544,1.0,6.9374978011182975e-06,0.4284999966621399,13.831999778747559
545,1.0,6.6251031967112795e-06,0.4244999885559082,13.89135456085205
546,1.0,6.389269401552156e-06,0.42399999499320984,13.948725700378418
547,1.0,6.0645306803053245e-06,0.4259999990463257,13.987878799438477
548,1.0,5.727643838326912e-06,0.42649999260902405,14.028244972229004
549,1.0,5.667869572789641e-06,0.42649999260902405,14.064310073852539
550,1.0,5.287331532599637e-06,0.42649999260902405,14.148382186889648
551,1.0,5.2230375331419054e-06,0.42500001192092896,14.186614036560059
552,1.0,4.86334647575859e-06,0.42750000953674316,14.195629119873047
553,1.0,4.654570147977211e-06,0.42649999260902405,14.272870063781738
554,1.0,4.4787630031351e-06,0.4259999990463257,14.309471130371094
555,1.0,4.246811386110494e-06,0.4244999885559082,14.348013877868652
556,1.0,3.999827640654985e-06,0.4269999861717224,14.38996696472168
557,1.0,3.931723313144175e-06,0.42500001192092896,14.463165283203125
558,1.0,3.7121340028534178e-06,0.4269999861717224,14.477069854736328
559,1.0,3.6375445233716164e-06,0.42649999260902405,14.545018196105957
560,1.0,3.420516122787376e-06,0.42500001192092896,14.586864471435547
561,1.0,3.358479261805769e-06,0.42399999499320984,14.633613586425781
562,1.0,3.2600003123661736e-06,0.4259999990463257,14.68052864074707
563,1.0,3.0298247111204546e-06,0.4235000014305115,14.720824241638184
564,1.0,2.9201664801803418e-06,0.42649999260902405,14.739853858947754
565,1.0,2.787475978038856e-06,0.4259999990463257,14.7970552444458
566,1.0,2.681249043234857e-06,0.42500001192092896,14.831255912780762
567,1.0,2.5609454041841673e-06,0.4255000054836273,14.897726058959961
568,1.0,2.38886946135608e-06,0.42649999260902405,14.970211029052734
569,1.0,2.321039801245206e-06,0.4255000054836273,14.992405891418457
570,1.0,2.2767176233173814e-06,0.42800000309944153,15.051898956298828
571,1.0,2.1199598450039048e-06,0.42800000309944153,15.066327095031738
572,1.0,2.052296622423455e-06,0.4269999861717224,15.1113862991333
573,1.0,1.9429000985837774e-06,0.4259999990463257,15.159993171691895
574,1.0,1.8904715943790507e-06,0.4259999990463257,15.223228454589844
575,1.0,1.8186012766818749e-06,0.4255000054836273,15.246143341064453
576,1.0,1.708154513835325e-06,0.42649999260902405,15.316527366638184
577,1.0,1.6783997125457972e-06,0.4269999861717224,15.340052604675293
578,1.0,1.5427888229169184e-06,0.42649999260902405,15.382796287536621
579,1.0,1.529008159195655e-06,0.4259999990463257,15.430577278137207
580,1.0,1.4253208746595192e-06,0.4259999990463257,15.490172386169434
581,1.0,1.371927510263049e-06,0.4255000054836273,15.549408912658691
582,1.0,1.3415648254522239e-06,0.4259999990463257,15.543971061706543
583,1.0,1.2777289839505102e-06,0.4244999885559082,15.617423057556152
584,1.0,1.1964290251853527e-06,0.421999990940094,15.670230865478516
585,1.0,1.178845991489652e-06,0.42649999260902405,15.698410987854004
586,1.0,1.108572178054601e-06,0.4230000078678131,15.717778205871582
587,1.0,1.0738943956312141e-06,0.42500001192092896,15.813937187194824
588,1.0,1.0378694241808262e-06,0.4259999990463257,15.825469017028809
589,1.0,9.97111783362925e-07,0.42750000953674316,15.899712562561035
590,1.0,9.416203852197214e-07,0.42649999260902405,15.936936378479004
591,1.0,9.059174885805987e-07,0.42399999499320984,15.978594779968262
592,1.0,8.478866106997884e-07,0.42750000953674316,16.007854461669922
593,1.0,8.237229849328287e-07,0.4259999990463257,16.05068016052246
594,1.0,7.812607805135485e-07,0.42750000953674316,16.090084075927734
595,1.0,7.587898380734259e-07,0.4259999990463257,16.14390754699707
596,1.0,7.218710038614518e-07,0.4259999990463257,16.18449592590332
597,1.0,6.892554438309162e-07,0.42500001192092896,16.182222366333008
598,1.0,6.698005563521292e-07,0.42500001192092896,16.28569984436035
599,1.0,6.510847470053704e-07,0.4269999861717224,16.31723976135254
600,1.0,6.103630312281894e-07,0.4269999861717224,16.337675094604492
601,1.0,5.810136940453958e-07,0.42649999260902405,16.407865524291992
602,1.0,5.698557288269512e-07,0.42500001192092896,16.442296981811523
603,1.0,5.389448460846324e-07,0.4255000054836273,16.490398406982422
604,1.0,5.329366103978828e-07,0.4259999990463257,16.531387329101562
605,1.0,5.121347044223512e-07,0.4255000054836273,16.588411331176758
606,1.0,4.87017302930326e-07,0.42649999260902405,16.612089157104492
607,1.0,4.7129364588727185e-07,0.4235000014305115,16.656471252441406
608,1.0,4.4853663894173224e-07,0.42500001192092896,16.709949493408203
609,1.0,4.245874833941343e-07,0.42750000953674316,16.752370834350586
610,1.0,4.0442924387207313e-07,0.42649999260902405,16.764116287231445
611,1.0,3.9603690993317286e-07,0.42750000953674316,16.836576461791992
612,1.0,3.8318617612276284e-07,0.42500001192092896,16.899141311645508
613,1.0,3.60727170800601e-07,0.42399999499320984,16.889774322509766
614,1.0,3.3949606859096093e-07,0.42649999260902405,16.930599212646484
615,1.0,3.356694264766702e-07,0.4244999885559082,17.001800537109375
616,1.0,3.2025565133153577e-07,0.4259999990463257,17.05622100830078
617,1.0,3.008246096669609e-07,0.42399999499320984,17.068843841552734
618,1.0,2.861856955860276e-07,0.4259999990463257,17.140817642211914
619,1.0,2.7887816145266697e-07,0.42500001192092896,17.137958526611328
620,1.0,2.6707644451562373e-07,0.42750000953674316,17.233230590820312
621,1.0,4.217614844037598e-07,0.42649999260902405,17.22136878967285
622,1.0,3.0742864964850014e-07,0.4230000078678131,17.325929641723633
623,1.0,2.412080277736095e-07,0.4235000014305115,17.339941024780273
624,1.0,2.2535319033067935e-07,0.42649999260902405,17.380325317382812
625,1.0,2.1421904250473744e-07,0.4255000054836273,17.42609214782715
626,1.0,2.0303721726122603e-07,0.42500001192092896,17.48090934753418
627,1.0,1.9499061920669192e-07,0.4244999885559082,17.495241165161133
628,1.0,1.9024608377549157e-07,0.42500001192092896,17.548667907714844
629,1.0,1.8213985697457247e-07,0.42500001192092896,17.615083694458008
630,1.0,1.7818210551467928e-07,0.42500001192092896,17.62252426147461
631,1.0,1.7100570914863056e-07,0.4244999885559082,17.66699981689453
632,1.0,1.6745327968692436e-07,0.42750000953674316,17.695789337158203
633,1.0,1.5686748611187795e-07,0.4235000014305115,17.742204666137695
634,1.0,1.5074013504090544e-07,0.4255000054836273,17.775737762451172
635,1.0,1.4106034029737202e-07,0.4255000054836273,17.82498550415039
636,1.0,1.3900994133564382e-07,0.4244999885559082,17.83759117126465
637,1.0,1.3337134419089125e-07,0.42399999499320984,17.905912399291992
638,1.0,1.2718437858438847e-07,0.4230000078678131,17.924606323242188
639,1.0,1.2453793374334055e-07,0.42399999499320984,17.97206687927246
640,1.0,1.2145041239364218e-07,0.4259999990463257,18.053178787231445
641,1.0,1.1967419766278908e-07,0.4269999861717224,18.028339385986328
642,1.0,1.0887383439239784e-07,0.42649999260902405,18.098342895507812
643,1.0,1.097082957812745e-07,0.4235000014305115,18.1250057220459
644,1.0,1.0676382800056672e-07,0.42500001192092896,18.171812057495117
645,1.0,9.979008552818414e-08,0.4235000014305115,18.17195701599121
646,1.0,9.552239532695239e-08,0.42399999499320984,18.228866577148438
647,1.0,9.449719584608829e-08,0.42399999499320984,18.255552291870117
648,1.0,8.600949996662166e-08,0.4230000078678131,18.252206802368164
649,1.0,8.753537628081176e-08,0.42399999499320984,18.302005767822266
650,1.0,8.406638585256587e-08,0.42649999260902405,18.326099395751953
651,1.0,7.855891936969783e-08,0.4235000014305115,18.336942672729492
652,1.0,7.908343491180858e-08,0.42250001430511475,18.429956436157227
653,1.0,7.430314497014479e-08,0.4235000014305115,18.453081130981445
654,1.0,7.654428202386043e-08,0.4235000014305115,18.49171257019043
655,1.0,6.908177851983055e-08,0.4230000078678131,18.495399475097656
656,1.0,6.5279003536034e-08,0.4255000054836273,18.55079460144043
657,1.0,6.384848916241026e-08,0.42500001192092896,18.55704116821289
658,1.0,6.107091365947781e-08,0.42399999499320984,18.591764450073242
659,1.0,5.9366218607692645e-08,0.42399999499320984,18.647613525390625
660,1.0,6.024836807227985e-08,0.42399999499320984,18.648330688476562
661,1.0,5.576610107027591e-08,0.4244999885559082,18.678260803222656
662,1.0,5.806683844866711e-08,0.4230000078678131,18.710975646972656
663,1.0,5.363225241694636e-08,0.42500001192092896,18.74553680419922
664,1.0,4.9507612231991516e-08,0.42399999499320984,18.776145935058594
665,1.0,5.037783878947266e-08,0.42399999499320984,18.810230255126953
666,1.0,4.600286018785482e-08,0.4244999885559082,18.789297103881836
667,1.0,4.597902147907007e-08,0.4255000054836273,18.839309692382812
668,1.0,4.5156475891872105e-08,0.4235000014305115,18.863759994506836
669,1.0,4.328488856231161e-08,0.42649999260902405,18.89315414428711
670,1.0,4.253387331232261e-08,0.42399999499320984,18.921438217163086
671,1.0,4.0757651476042156e-08,0.42399999499320984,18.953325271606445
672,1.0,3.9851663302670204e-08,0.4205000102519989,18.982563018798828
673,1.0,3.8301941174267995e-08,0.4235000014305115,18.998218536376953
674,1.0,3.7240980077513086e-08,0.4244999885559082,19.021820068359375
675,1.0,3.571510021060931e-08,0.421999990940094,19.012434005737305
676,1.0,3.5572050194332405e-08,0.4244999885559082,19.043113708496094
677,1.0,4.055499758237602e-08,0.4259999990463257,19.03148651123047
678,1.0,3.421306260520396e-08,0.4244999885559082,19.10028648376465
679,1.0,3.2603736599412514e-08,0.4244999885559082,19.1088924407959
680,1.0,3.356933220288738e-08,0.42149999737739563,19.126758575439453
681,1.0,3.256797498352171e-08,0.4269999861717224,19.088836669921875
682,1.0,3.094672962333789e-08,0.4255000054836273,19.187480926513672
683,1.0,2.9301640225298797e-08,0.42250001430511475,19.16423225402832
684,1.0,3.0243395343632073e-08,0.4269999861717224,19.20966339111328
685,1.0,3.0267234052416825e-08,0.4235000014305115,19.22136878967285
686,1.0,2.7346608533207473e-08,0.4255000054836273,19.21831512451172
687,1.0,2.8061863943662502e-08,0.421999990940094,19.231035232543945
688,1.0,2.8061863943662502e-08,0.4255000054836273,19.25840187072754
689,1.0,2.872943660747751e-08,0.4230000078678131,19.279277801513672
690,0.6238999962806702,2.36177921295166,0.10000000149011612,2.327188730239868
691,0.09889999777078629,2.308377981185913,0.10000000149011612,2.3046159744262695
692,0.10249999910593033,2.3014941215515137,0.10000000149011612,2.304832935333252
693,0.10320000350475311,2.2985801696777344,0.10100000351667404,2.3050575256347656
694,0.09910000115633011,2.298172950744629,0.10100000351667404,2.3029613494873047
695,0.10520000010728836,2.297290086746216,0.1014999970793724,2.3038127422332764
696,0.10140000283718109,2.2972817420959473,0.10100000351667404,2.301650285720825
697,0.10289999842643738,2.2968530654907227,0.1014999970793724,2.302086114883423
698,0.10119999945163727,2.2962844371795654,0.1014999970793724,2.3018417358398438
699,0.10270000249147415,2.2967770099639893,0.10100000351667404,2.3017616271972656
700,0.09870000183582306,2.295290946960449,0.10100000351667404,2.3022170066833496
701,0.09889999777078629,2.295515537261963,0.10000000149011612,2.3029215335845947
702,0.10920000076293945,2.2936229705810547,0.10100000351667404,2.3016469478607178
703,0.10130000114440918,2.294280767440796,0.10100000351667404,2.3015778064727783
704,0.10239999741315842,2.2929351329803467,0.10100000351667404,2.3011317253112793
705,0.0997999981045723,2.2940139770507812,0.10000000149011612,2.3033406734466553
706,0.10279999673366547,2.294077157974243,0.10100000351667404,2.3031187057495117
707,0.10830000042915344,2.2917916774749756,0.10050000250339508,2.303375005722046
708,0.10459999740123749,2.2923436164855957,0.10199999809265137,2.305011749267578
709,0.11140000075101852,2.2909276485443115,0.10100000351667404,2.303384304046631
710,0.10589999705553055,2.294931411743164,0.10100000351667404,2.303511619567871
711,0.10419999808073044,2.291585683822632,0.10050000250339508,2.3030290603637695
712,0.10849999636411667,2.293468475341797,0.10050000250339508,2.3053746223449707
713,0.1014999970793724,2.2947185039520264,0.10050000250339508,2.3052687644958496
714,0.10010000318288803,2.292832612991333,0.10050000250339508,2.3059239387512207
715,0.10480000078678131,2.2894275188446045,0.10249999910593033,2.3073737621307373
716,0.1103999987244606,2.286473274230957,0.10249999910593033,2.3107759952545166
717,0.10570000112056732,2.284621477127075,0.10199999809265137,2.3128697872161865
718,0.10920000076293945,2.284771680831909,0.10249999910593033,2.3053462505340576
719,0.10689999908208847,2.285813808441162,0.10199999809265137,2.3036887645721436
720,0.10760000348091125,2.2833330631256104,0.10300000011920929,2.3098459243774414
721,0.10899999737739563,2.2812840938568115,0.10249999910593033,2.3081014156341553
722,0.10570000112056732,2.2829270362854004,0.10199999809265137,2.303100109100342
723,0.10899999737739563,2.2774362564086914,0.1054999977350235,2.3233468532562256
724,0.11460000276565552,2.279611110687256,0.10199999809265137,2.30892276763916
725,0.11810000240802765,2.2771472930908203,0.10450000315904617,2.325760841369629
726,0.1177000030875206,2.2744686603546143,0.11400000005960464,2.328693151473999
727,0.1160999983549118,2.2782206535339355,0.10249999910593033,2.303386688232422
728,0.1137000024318695,2.2756593227386475,0.10450000315904617,2.3129687309265137
729,0.11630000174045563,2.2685697078704834,0.10499999672174454,2.3040480613708496
730,0.14030000567436218,2.2603671550750732,0.16699999570846558,2.2874224185943604
731,0.13030000030994415,2.269681930541992,0.11550000309944153,2.3104629516601562
732,0.17249999940395355,2.214216709136963,0.15600000321865082,2.216803789138794
733,0.2012999951839447,2.1661980152130127,0.17249999940395355,2.174342632293701
734,0.23340000212192535,2.062544345855713,0.23100000619888306,2.054792642593384
735,0.2782000005245209,1.944381833076477,0.2070000022649765,2.136545181274414
736,0.28529998660087585,1.9096310138702393,0.2919999957084656,1.9652302265167236
737,0.3109999895095825,1.856431007385254,0.30000001192092896,1.9220554828643799
738,0.32249999046325684,1.8267170190811157,0.273499995470047,1.964392900466919
739,0.33559998869895935,1.7985453605651855,0.3190000057220459,1.9537122249603271
740,0.3409999907016754,1.7854390144348145,0.3230000138282776,1.886008858680725
741,0.35370001196861267,1.760196328163147,0.30000001192092896,1.9311065673828125
742,0.350600004196167,1.7613344192504883,0.33649998903274536,1.8862569332122803
743,0.366100013256073,1.719160556793213,0.33649998903274536,1.881272315979004
744,0.37560001015663147,1.7107189893722534,0.34049999713897705,1.8739502429962158
745,0.3801000118255615,1.6988593339920044,0.3465000092983246,1.930312156677246
746,0.38909998536109924,1.6773868799209595,0.3334999978542328,1.874352216720581
747,0.38339999318122864,1.6806600093841553,0.3140000104904175,1.9417555332183838
748,0.3928999900817871,1.6509917974472046,0.34150001406669617,1.869757890701294
749,0.39890000224113464,1.649501919746399,0.34299999475479126,1.8805527687072754
750,0.4106000065803528,1.6287907361984253,0.32899999618530273,1.9040093421936035
751,0.40209999680519104,1.6316336393356323,0.3490000069141388,1.9092360734939575
752,0.4090999960899353,1.6214923858642578,0.34549999237060547,1.8588329553604126
753,0.4174000024795532,1.6016840934753418,0.3564999997615814,1.8967701196670532
754,0.43220001459121704,1.5651755332946777,0.35100001096725464,1.8393702507019043
755,0.4253999888896942,1.5696957111358643,0.34200000762939453,1.9201347827911377
756,0.43459999561309814,1.5560197830200195,0.3425000011920929,1.9069528579711914
757,0.4447000026702881,1.523919939994812,0.3409999907016754,1.8756392002105713
758,0.44200000166893005,1.5263841152191162,0.3564999997615814,1.8629707098007202
759,0.44600000977516174,1.5223644971847534,0.3580000102519989,1.8899781703948975
760,0.4514999985694885,1.5043845176696777,0.3544999957084656,1.9407756328582764
761,0.45570001006126404,1.4832043647766113,0.3179999887943268,1.9711052179336548
762,0.4620000123977661,1.490608811378479,0.3499999940395355,1.9358925819396973
763,0.46959999203681946,1.4609533548355103,0.3605000078678131,1.9333033561706543
764,0.4675000011920929,1.449975848197937,0.3490000069141388,1.9251211881637573
765,0.47519999742507935,1.4381171464920044,0.36250001192092896,2.0120859146118164
766,0.4844000041484833,1.427443504333496,0.34599998593330383,2.0118370056152344
767,0.48330000042915344,1.4173495769500732,0.36399999260902405,2.005594253540039
768,0.486299991607666,1.399985909461975,0.3529999852180481,1.9653534889221191
769,0.4991999864578247,1.3733566999435425,0.3474999964237213,2.0741231441497803
770,0.4975000023841858,1.380203366279602,0.34599998593330383,2.0447726249694824
771,0.5062000155448914,1.3493716716766357,0.351500004529953,2.148630380630493
772,0.5121999979019165,1.3418903350830078,0.35350000858306885,2.0693359375
773,0.5199999809265137,1.3151159286499023,0.34450000524520874,2.100975751876831
774,0.5238000154495239,1.3100535869598389,0.34700000286102295,2.082317590713501
775,0.5145000219345093,1.3257383108139038,0.35499998927116394,2.1241557598114014
776,0.5299000144004822,1.2979296445846558,0.33550000190734863,2.0917482376098633
777,0.5333999991416931,1.2898794412612915,0.35350000858306885,2.269782543182373
778,0.5361999869346619,1.2733455896377563,0.34299999475479126,2.395643472671509
779,0.5364999771118164,1.2764949798583984,0.3540000021457672,2.3353793621063232
780,0.551800012588501,1.231998324394226,0.35350000858306885,2.2281203269958496
781,0.5547999739646912,1.2211350202560425,0.34150001406669617,2.1841084957122803
782,0.5608000159263611,1.2045674324035645,0.34599998593330383,2.336873769760132
783,0.5637999773025513,1.198271632194519,0.3490000069141388,2.2051663398742676
784,0.5730999708175659,1.177615761756897,0.34150001406669617,2.323749303817749
785,0.5683000087738037,1.1821770668029785,0.3479999899864197,2.3454809188842773
786,0.5781000256538391,1.1584433317184448,0.35350000858306885,2.2696900367736816
787,0.5831999778747559,1.1454660892486572,0.35350000858306885,2.3894457817077637
788,0.5888000130653381,1.142412543296814,0.34700000286102295,2.3883628845214844
789,0.5938000082969666,1.1136480569839478,0.35749998688697815,2.5860493183135986
790,0.5942999720573425,1.0999369621276855,0.3569999933242798,2.367828845977783
791,0.5999000072479248,1.104323387145996,0.3474999964237213,2.490222692489624
792,0.6001999974250793,1.090630292892456,0.3490000069141388,2.5102224349975586
793,0.6087999939918518,1.0731981992721558,0.3370000123977661,2.586341142654419
794,0.6053000092506409,1.0840353965759277,0.3384999930858612,2.6356253623962402
795,0.6115000247955322,1.0728275775909424,0.3499999940395355,2.60432767868042
796,0.6162999868392944,1.0612248182296753,0.35600000619888306,2.6870391368865967
797,0.6141999959945679,1.0755325555801392,0.351500004529953,2.617058753967285
798,0.6305000185966492,1.017001748085022,0.36149999499320984,2.736112594604492
799,0.6373999714851379,1.0002294778823853,0.3499999940395355,2.8024537563323975
800,0.6330999732017517,1.0088270902633667,0.35600000619888306,2.6756489276885986
801,0.6256999969482422,1.0256061553955078,0.3330000042915344,2.697178602218628
802,0.642300009727478,0.9846358299255371,0.34549999237060547,2.75075626373291
803,0.6525999903678894,0.9588644504547119,0.35249999165534973,2.8595681190490723
804,0.640500009059906,0.9894903302192688,0.3659999966621399,2.752270221710205
805,0.6348000168800354,1.0014734268188477,0.359499990940094,2.751706600189209
806,0.6583999991416931,0.9494287967681885,0.3465000092983246,2.7776265144348145
807,0.6680999994277954,0.9285544753074646,0.3490000069141388,3.2223453521728516
808,0.6636000275611877,0.935462236404419,0.3409999907016754,2.936357021331787
809,0.6571999788284302,0.9625493288040161,0.34299999475479126,3.0248453617095947
810,0.6656000018119812,0.930587112903595,0.35350000858306885,3.171321153640747
811,0.670799970626831,0.9029191136360168,0.35100001096725464,3.1623551845550537
812,0.6764000058174133,0.8905367255210876,0.35499998927116394,3.030346155166626
813,0.6754999756813049,0.9076780080795288,0.34150001406669617,2.8309481143951416
814,0.6845999956130981,0.8827104568481445,0.34450000524520874,3.203782796859741
815,0.6829000115394592,0.8828896284103394,0.33649998903274536,3.1287965774536133
816,0.6967999935150146,0.8459564447402954,0.32749998569488525,3.2017383575439453
817,0.6912999749183655,0.8536413908004761,0.335999995470047,3.3819193840026855
818,0.697700023651123,0.841246485710144,0.33649998903274536,3.4160244464874268
819,0.7046999931335449,0.8191004991531372,0.351500004529953,3.413485288619995
820,0.7074999809265137,0.8203426003456116,0.33500000834465027,3.6093480587005615
821,0.7014999985694885,0.8333843946456909,0.328000009059906,3.4362761974334717
822,0.6955000162124634,0.8469268679618835,0.3449999988079071,3.580050230026245
823,0.7075999975204468,0.8260495066642761,0.3334999978542328,3.585296630859375
824,0.7123000025749207,0.8029618859291077,0.3330000042915344,3.642698287963867
825,0.7085999846458435,0.8087301850318909,0.33550000190734863,3.5945112705230713
826,0.7131999731063843,0.7889171242713928,0.3330000042915344,3.6203360557556152
827,0.7184000015258789,0.7944332957267761,0.34049999713897705,3.8329694271087646
828,0.7200999855995178,0.7800704836845398,0.33149999380111694,3.962338924407959
829,0.7286999821662903,0.7593448758125305,0.3240000009536743,3.6431989669799805
830,0.7225000262260437,0.7741183042526245,0.3434999883174896,3.871429920196533
831,0.730400025844574,0.7642088532447815,0.33399999141693115,3.6471564769744873
832,0.73089998960495,0.7557852268218994,0.3330000042915344,4.033699989318848
833,0.7156999707221985,0.7986840009689331,0.33399999141693115,3.88211727142334
834,0.7303000092506409,0.7643188238143921,0.34599998593330383,4.029102325439453
835,0.7329999804496765,0.7376750111579895,0.320499986410141,3.8830018043518066
836,0.7476000189781189,0.7220543622970581,0.3400000035762787,3.907784938812256
837,0.7423999905586243,0.7154073119163513,0.31850001215934753,4.138033866882324
838,0.7523000240325928,0.7091339230537415,0.33000001311302185,4.227635860443115
839,0.7495999932289124,0.7048724889755249,0.33250001072883606,4.467491626739502
840,0.7366999983787537,0.7394934296607971,0.31049999594688416,3.946881055831909
841,0.7487999796867371,0.7061766386032104,0.3305000066757202,4.531628131866455
842,0.7522000074386597,0.6995833516120911,0.328000009059906,4.65427303314209
843,0.7314000129699707,0.7609111070632935,0.32350000739097595,4.083141326904297
844,0.7559000253677368,0.6924691796302795,0.3334999978542328,4.479658603668213
845,0.7633000016212463,0.6723958849906921,0.3345000147819519,4.461272716522217
846,0.7595000267028809,0.6777182817459106,0.33899998664855957,4.143027305603027
847,0.7584999799728394,0.6818233132362366,0.3255000114440918,4.644254207611084
848,0.7630000114440918,0.6743297576904297,0.3190000057220459,4.57188081741333
849,0.7610999941825867,0.6765207052230835,0.3059999942779541,4.319879055023193
850,0.7486000061035156,0.7116515040397644,0.30149999260902405,4.746249198913574
851,0.7631999850273132,0.6723044514656067,0.320499986410141,4.262545108795166
852,0.7728000283241272,0.6495092511177063,0.3269999921321869,5.019474506378174
853,0.769599974155426,0.6501978635787964,0.3319999873638153,4.623355388641357
854,0.7652999758720398,0.6602626442909241,0.32249999046325684,4.8689799308776855
855,0.7692999839782715,0.6415252685546875,0.3345000147819519,4.661691188812256
856,0.7746999859809875,0.6320417523384094,0.31349998712539673,4.868635177612305
857,0.7767999768257141,0.6327347159385681,0.3215000033378601,4.825148105621338
858,0.765999972820282,0.6522431969642639,0.3174999952316284,5.051143169403076
859,0.784600019454956,0.6103448271751404,0.328000009059906,5.181457996368408
860,0.7878999710083008,0.6161089539527893,0.31700000166893005,4.910833835601807
861,0.7717000246047974,0.6452043652534485,0.31049999594688416,5.636679172515869
862,0.774399995803833,0.634045422077179,0.32850000262260437,4.608679294586182
863,0.7775999903678894,0.6319748163223267,0.3294999897480011,5.097777843475342
864,0.7857999801635742,0.6112853288650513,0.32899999618530273,5.362745761871338
865,0.7868000268936157,0.6177141070365906,0.30649998784065247,5.372666835784912
866,0.7594000101089478,0.6819462180137634,0.3240000009536743,4.682548522949219
867,0.7590000033378601,0.671159565448761,0.328000009059906,5.301167964935303
868,0.7806000113487244,0.6185943484306335,0.31949999928474426,5.174843788146973
869,0.7889000177383423,0.5864893198013306,0.31049999594688416,4.889233589172363
870,0.7782999873161316,0.615032434463501,0.33149999380111694,4.8197526931762695
871,0.795799970626831,0.5783108472824097,0.32249999046325684,5.126010417938232
872,0.7689999938011169,0.649014413356781,0.3345000147819519,4.974206447601318
873,0.7872999906539917,0.6028091311454773,0.3330000042915344,4.9808669090271
874,0.7785000205039978,0.6438910365104675,0.3269999921321869,5.1736602783203125
875,0.800000011920929,0.5722610950469971,0.3269999921321869,5.32605504989624
876,0.8082000017166138,0.5451170802116394,0.32499998807907104,5.330052852630615
877,0.8195000290870667,0.5306705832481384,0.3244999945163727,5.550856590270996
878,0.8123999834060669,0.5423509478569031,0.335999995470047,5.353673458099365
879,0.8145999908447266,0.5305887460708618,0.31949999928474426,5.9369072914123535
880,0.8055999875068665,0.5588334202766418,0.3240000009536743,5.463517189025879
881,0.8090000152587891,0.5490567088127136,0.3269999921321869,5.535437107086182
882,0.810699999332428,0.5367865562438965,0.32249999046325684,5.727419853210449
883,0.8201000094413757,0.5223004817962646,0.33550000190734863,5.636352062225342
884,0.808899998664856,0.5462517738342285,0.3230000138282776,5.348278045654297
885,0.7702000141143799,0.6384490132331848,0.335999995470047,5.448002815246582
886,0.7827000021934509,0.6045040488243103,0.31850001215934753,6.068583965301514
887,0.8037999868392944,0.5550014972686768,0.31850001215934753,5.4799885749816895
888,0.7656999826431274,0.6738404631614685,0.3294999897480011,5.460418224334717
889,0.7829999923706055,0.6114398241043091,0.3305000066757202,5.634975910186768
890,0.8055999875068665,0.549115002155304,0.3190000057220459,6.034214973449707
891,0.8043000102043152,0.5502046346664429,0.3140000104904175,5.969445705413818
892,0.8259000182151794,0.5073974132537842,0.3269999921321869,6.214241027832031
893,0.8276000022888184,0.49557730555534363,0.3179999887943268,5.836465358734131
894,0.8281999826431274,0.4944368600845337,0.3330000042915344,6.180598735809326
895,0.8264999985694885,0.5009739398956299,0.3319999873638153,5.882213592529297
896,0.8270999789237976,0.5013135671615601,0.33000001311302185,5.325395584106445
897,0.8172000050544739,0.5184474587440491,0.29750001430511475,5.680911064147949
898,0.8147000074386597,0.5319112539291382,0.3174999952316284,5.834484100341797
899,0.8227999806404114,0.507239818572998,0.3240000009536743,6.350727558135986
900,0.8202999830245972,0.5133643746376038,0.3199999928474426,6.293094158172607
901,0.8155999779701233,0.517448902130127,0.33149999380111694,6.1429009437561035
902,0.8219000101089478,0.5059804916381836,0.3149999976158142,6.19101095199585
903,0.82669997215271,0.4964398443698883,0.31949999928474426,5.803414344787598
904,0.8294000029563904,0.48756274580955505,0.3240000009536743,6.553386688232422
905,0.8241000175476074,0.5028636455535889,0.3294999897480011,5.987019062042236
906,0.7921000123023987,0.5874457359313965,0.3305000066757202,6.351362228393555
907,0.8205999732017517,0.5132693648338318,0.33250001072883606,7.196256160736084
908,0.8241000175476074,0.49738144874572754,0.3294999897480011,6.6536736488342285
909,0.8338000178337097,0.4795364737510681,0.3190000057220459,6.162699222564697
910,0.8327000141143799,0.4758124053478241,0.33500000834465027,6.738446235656738
911,0.8299000263214111,0.48462533950805664,0.3384999930858612,6.848384380340576
912,0.8335000276565552,0.47434383630752563,0.32850000262260437,6.394679546356201
913,0.8384000062942505,0.45936742424964905,0.320499986410141,6.81392240524292
914,0.8282999992370605,0.483791708946228,0.3125,7.727510452270508
915,0.8095999956130981,0.5402271747589111,0.3179999887943268,6.4843268394470215
916,0.8291000127792358,0.4914341866970062,0.3240000009536743,6.185629367828369
917,0.7972999811172485,0.5746228694915771,0.33000001311302185,6.532160758972168
918,0.8237000107765198,0.49880149960517883,0.32350000739097595,6.746242046356201
919,0.8349000215530396,0.4689945876598358,0.32249999046325684,6.9853835105896
920,0.8317000269889832,0.4818779230117798,0.3230000138282776,6.151106357574463
921,0.8296999931335449,0.4848467707633972,0.32600000500679016,6.1508660316467285
922,0.8295000195503235,0.4999617040157318,0.32850000262260437,6.921823024749756
923,0.8258000016212463,0.4929203987121582,0.33000001311302185,6.575900554656982
924,0.8324999809265137,0.485798180103302,0.3240000009536743,6.955658912658691
925,0.8355000019073486,0.4597707986831665,0.34049999713897705,6.210232257843018
926,0.8424000144004822,0.4526604115962982,0.3310000002384186,6.735388278961182
927,0.8507999777793884,0.4363533556461334,0.335999995470047,6.984639644622803
928,0.8407999873161316,0.46124404668807983,0.32899999618530273,7.272193431854248
929,0.8422999978065491,0.4528307616710663,0.3384999930858612,6.754919528961182
930,0.8540999889373779,0.4278218746185303,0.33649998903274536,7.198694705963135
931,0.8578000068664551,0.41124752163887024,0.3294999897480011,7.012770175933838
932,0.8445000052452087,0.4475867748260498,0.3240000009536743,7.735497951507568
933,0.847100019454956,0.44395145773887634,0.3240000009536743,7.498937606811523
934,0.8384000062942505,0.4590305685997009,0.3264999985694885,7.178853511810303
935,0.852400004863739,0.4216097593307495,0.3240000009536743,7.632324695587158
936,0.8560000061988831,0.41237905621528625,0.3319999873638153,7.713079929351807
937,0.857200026512146,0.411624550819397,0.32199999690055847,7.063218116760254
938,0.8345999717712402,0.4733133316040039,0.3345000147819519,7.3510847091674805
939,0.8360999822616577,0.460460364818573,0.3215000033378601,7.81845760345459
940,0.8270000219345093,0.4849092364311218,0.3264999985694885,7.656529426574707
941,0.8203999996185303,0.498950719833374,0.33799999952316284,7.048867225646973
942,0.8345999717712402,0.4703889787197113,0.3240000009536743,7.557400226593018
943,0.8504999876022339,0.4364415407180786,0.3319999873638153,6.626011371612549
944,0.8429999947547913,0.4497509300708771,0.3230000138282776,6.964401721954346
945,0.8497999906539917,0.43093785643577576,0.3305000066757202,7.783659934997559
946,0.859499990940094,0.39978620409965515,0.32899999618530273,8.062037467956543
947,0.86080002784729,0.4068872034549713,0.3305000066757202,7.865682125091553
948,0.8604000210762024,0.40269967913627625,0.32350000739097595,7.564905643463135
949,0.8673999905586243,0.3815673887729645,0.31850001215934753,8.067290306091309
950,0.8543000221252441,0.42403486371040344,0.32350000739097595,7.137297630310059
951,0.8048999905586243,0.5498420000076294,0.31349998712539673,6.868298530578613
952,0.849399983882904,0.4285354018211365,0.3294999897480011,7.356672763824463
953,0.8592000007629395,0.40814390778541565,0.3310000002384186,7.410317897796631
954,0.8626000285148621,0.3963380455970764,0.3264999985694885,7.339413642883301
955,0.8636999726295471,0.39184102416038513,0.30799999833106995,7.7646565437316895
956,0.8334000110626221,0.47817838191986084,0.3215000033378601,7.657747745513916
957,0.8277000188827515,0.4924638271331787,0.3140000104904175,8.690223693847656
958,0.8069000244140625,0.5613293051719666,0.3190000057220459,7.247986793518066
959,0.833299994468689,0.472615122795105,0.32899999618530273,7.288042068481445
960,0.8478000164031982,0.42858052253723145,0.3305000066757202,6.999932289123535
961,0.8543999791145325,0.414158433675766,0.32350000739097595,8.45776653289795
962,0.8574000000953674,0.4193213880062103,0.3190000057220459,7.999518394470215
963,0.8677999973297119,0.38227561116218567,0.3174999952316284,8.203716278076172
964,0.8600000143051147,0.3982984125614166,0.3294999897480011,7.665709972381592
965,0.8604000210762024,0.3951433002948761,0.32249999046325684,7.544149398803711
966,0.8445000052452087,0.44187119603157043,0.3165000081062317,8.298736572265625
967,0.8615999817848206,0.397781640291214,0.3269999921321869,7.89970588684082
968,0.8726000189781189,0.3653201162815094,0.3005000054836273,8.00634479522705
969,0.8525000214576721,0.4239795506000519,0.31949999928474426,8.18575382232666
970,0.8762999773025513,0.3607455790042877,0.32249999046325684,7.977684020996094
971,0.8791000247001648,0.35866299271583557,0.3160000145435333,7.85123348236084
972,0.8637999892234802,0.3851059377193451,0.328000009059906,7.993802070617676
973,0.8575000166893005,0.4046637713909149,0.32100000977516174,7.729887962341309
974,0.8654000163078308,0.3935692012310028,0.3174999952316284,8.76466178894043
975,0.8503000140190125,0.4297681152820587,0.31949999928474426,8.94070816040039
976,0.8651999831199646,0.3930145502090454,0.3149999976158142,8.110021591186523
977,0.8769999742507935,0.36146917939186096,0.3230000138282776,8.844650268554688
978,0.8702999949455261,0.3698136508464813,0.3050000071525574,8.444377899169922
979,0.8709999918937683,0.3708566427230835,0.3215000033378601,8.501655578613281
980,0.8662999868392944,0.38105928897857666,0.3179999887943268,8.78075885772705
981,0.8697999715805054,0.3778265416622162,0.328000009059906,8.618389129638672
982,0.8708000183105469,0.3775770366191864,0.3305000066757202,8.529461860656738
983,0.8420000076293945,0.44873398542404175,0.3310000002384186,7.883924961090088
984,0.847100019454956,0.4374687969684601,0.31949999928474426,8.90103816986084
985,0.8472999930381775,0.4299207031726837,0.31349998712539673,8.362595558166504
986,0.8528000116348267,0.41402173042297363,0.32899999618530273,7.593132495880127
987,0.8644000291824341,0.39254510402679443,0.3269999921321869,8.764951705932617
988,0.8686000108718872,0.3850863575935364,0.3334999978542328,8.944948196411133
989,0.8801000118255615,0.34884709119796753,0.3215000033378601,8.75255012512207
990,0.8769999742507935,0.3523173928260803,0.3269999921321869,8.600493431091309
991,0.875,0.3646250367164612,0.32499998807907104,9.193668365478516
992,0.878600001335144,0.3522983491420746,0.3190000057220459,8.33206558227539
993,0.8774999976158142,0.35397741198539734,0.3269999921321869,9.080096244812012
994,0.8888000249862671,0.32609808444976807,0.32899999618530273,9.225290298461914
995,0.8877000212669373,0.32896292209625244,0.3215000033378601,8.863065719604492
996,0.8894000053405762,0.32501769065856934,0.3140000104904175,8.551204681396484
997,0.8808000087738037,0.3438096344470978,0.3165000081062317,9.433286666870117
998,0.8615000247955322,0.3935929834842682,0.3154999911785126,10.184160232543945
999,0.7925999760627747,0.6104313731193542,0.3230000138282776,8.5966215133667
