epoch,accuracy,loss,val_accuracy,val_loss
0,0.09989999979734421,2.3033971786499023,0.1185000017285347,2.2959964275360107
1,0.13169999420642853,2.2928695678710938,0.1599999964237213,2.2888824939727783
2,0.1632000058889389,2.286386489868164,0.1770000010728836,2.2831532955169678
3,0.17569999396800995,2.280752420425415,0.18549999594688416,2.277627468109131
4,0.18649999797344208,2.2749342918395996,0.20100000500679016,2.2713866233825684
5,0.2046000063419342,2.2682366371154785,0.20100000500679016,2.2645106315612793
6,0.21160000562667847,2.261153221130371,0.21299999952316284,2.2574472427368164
7,0.21950000524520874,2.253577709197998,0.23149999976158142,2.2496790885925293
8,0.2282000035047531,2.2450482845306396,0.23600000143051147,2.240638256072998
9,0.2240000069141388,2.23559832572937,0.23100000619888306,2.2304444313049316
10,0.22450000047683716,2.2250306606292725,0.24199999868869781,2.2204389572143555
11,0.2313999980688095,2.213625431060791,0.23549999296665192,2.2085139751434326
12,0.23399999737739563,2.2012152671813965,0.24300000071525574,2.194688081741333
13,0.23749999701976776,2.18786883354187,0.24050000309944153,2.181189775466919
14,0.24089999496936798,2.1741127967834473,0.24500000476837158,2.166975975036621
15,0.24660000205039978,2.159747838973999,0.25200000405311584,2.152647018432617
16,0.24819999933242798,2.145508289337158,0.25,2.1385350227355957
17,0.25029999017715454,2.1319596767425537,0.26899999380111694,2.125431537628174
18,0.2572000026702881,2.119457483291626,0.2590000033378601,2.112952709197998
19,0.25850000977516174,2.1073031425476074,0.25999999046325684,2.100661039352417
20,0.25699999928474426,2.095914125442505,0.265500009059906,2.0894134044647217
21,0.2621000111103058,2.0855815410614014,0.25049999356269836,2.0810749530792236
22,0.2667999863624573,2.0756916999816895,0.2549999952316284,2.0696802139282227
23,0.2651999890804291,2.06661319732666,0.2669999897480011,2.0594613552093506
24,0.26669999957084656,2.057504892349243,0.25450000166893005,2.054736614227295
25,0.27129998803138733,2.048680543899536,0.2639999985694885,2.040761709213257
26,0.2736999988555908,2.039715528488159,0.26649999618530273,2.0389068126678467
27,0.2793999910354614,2.031432628631592,0.2745000123977661,2.0264506340026855
28,0.2768000066280365,2.0223326683044434,0.2840000092983246,2.0182387828826904
29,0.2842000126838684,2.0140867233276367,0.2809999883174896,2.0062432289123535
30,0.28999999165534973,2.005851984024048,0.2824999988079071,1.9983694553375244
31,0.2915000021457672,1.9970439672470093,0.2865000069141388,1.9882956743240356
32,0.29670000076293945,1.988905668258667,0.2784999907016754,1.989048719406128
33,0.29670000076293945,1.9808759689331055,0.2980000078678131,1.9728682041168213
34,0.30250000953674316,1.9731699228286743,0.2824999988079071,1.9755284786224365
35,0.30550000071525574,1.9647042751312256,0.2770000100135803,1.972974419593811
36,0.3070000112056732,1.958391547203064,0.3005000054836273,1.9557892084121704
37,0.3052999973297119,1.950945258140564,0.3034999966621399,1.9457075595855713
38,0.3142000138759613,1.9430350065231323,0.3100000023841858,1.9375407695770264
39,0.31450000405311584,1.9359910488128662,0.2874999940395355,1.9538041353225708
40,0.3154999911785126,1.9281765222549438,0.2985000014305115,1.937416911125183
41,0.3172000050544739,1.9246560335159302,0.3100000023841858,1.9276014566421509
42,0.32249999046325684,1.9173089265823364,0.3125,1.9135531187057495
43,0.3203999996185303,1.9118869304656982,0.3140000104904175,1.9112483263015747
44,0.3239000141620636,1.9065274000167847,0.31700000166893005,1.9089692831039429
45,0.3244999945163727,1.9016624689102173,0.31299999356269836,1.8998559713363647
46,0.3271999955177307,1.8959884643554688,0.2930000126361847,1.9316132068634033
47,0.3294999897480011,1.8909623622894287,0.30649998784065247,1.9181938171386719
48,0.32820001244544983,1.8871920108795166,0.3244999945163727,1.881118893623352
49,0.3319000005722046,1.8808974027633667,0.3215000033378601,1.8967756032943726
50,0.3346000015735626,1.8772376775741577,0.3174999952316284,1.8864840269088745
51,0.3359000086784363,1.8729068040847778,0.3330000042915344,1.8791874647140503
52,0.33820000290870667,1.8677024841308594,0.33550000190734863,1.8722975254058838
53,0.3402999937534332,1.865473985671997,0.3264999985694885,1.8761470317840576
54,0.3400000035762787,1.8615251779556274,0.3264999985694885,1.8704112768173218
55,0.3424000144004822,1.8573083877563477,0.32749998569488525,1.880921483039856
56,0.34279999136924744,1.8532215356826782,0.3230000138282776,1.870095133781433
57,0.3440999984741211,1.8492143154144287,0.32100000977516174,1.8880103826522827
58,0.34700000286102295,1.8465689420700073,0.3179999887943268,1.894686222076416
59,0.3449000120162964,1.8446675539016724,0.33000001311302185,1.8677364587783813
60,0.3495999872684479,1.8389354944229126,0.3140000104904175,1.9027341604232788
61,0.3495999872684479,1.836242437362671,0.33250001072883606,1.8567414283752441
62,0.3504999876022339,1.8313570022583008,0.3100000023841858,1.8985333442687988
63,0.35350000858306885,1.829071044921875,0.3305000066757202,1.8670116662979126
64,0.3546000123023987,1.8265533447265625,0.32350000739097595,1.8819690942764282
65,0.35929998755455017,1.820824384689331,0.3474999964237213,1.840325117111206
66,0.3564000129699707,1.820342779159546,0.33899998664855957,1.8470892906188965
67,0.358599990606308,1.817126989364624,0.359499990940094,1.8224798440933228
68,0.3555999994277954,1.8130582571029663,0.3465000092983246,1.8428635597229004
69,0.36090001463890076,1.8100723028182983,0.3499999940395355,1.8200894594192505
70,0.36039999127388,1.80660080909729,0.3370000123977661,1.842883825302124
71,0.3630000054836273,1.804029107093811,0.3479999899864197,1.8380616903305054
72,0.3653999865055084,1.8005998134613037,0.3409999907016754,1.8480350971221924
73,0.36800000071525574,1.7974005937576294,0.3474999964237213,1.8198084831237793
74,0.3659999966621399,1.7950048446655273,0.3449999988079071,1.83327054977417
75,0.36820000410079956,1.790869951248169,0.36250001192092896,1.8206067085266113
76,0.3668000102043152,1.7884416580200195,0.3334999978542328,1.8320972919464111
77,0.3675999939441681,1.7864347696304321,0.3605000078678131,1.8090496063232422
78,0.36899998784065247,1.7821236848831177,0.34700000286102295,1.8251897096633911
79,0.37139999866485596,1.778071641921997,0.3644999861717224,1.7991366386413574
80,0.37059998512268066,1.777217149734497,0.3310000002384186,1.877500295639038
81,0.37560001015663147,1.7753838300704956,0.36500000953674316,1.784609079360962
82,0.37720000743865967,1.771692156791687,0.3305000066757202,1.8471068143844604
83,0.37279999256134033,1.768843412399292,0.3440000116825104,1.8474857807159424
84,0.37400001287460327,1.7677017450332642,0.3544999957084656,1.80277681350708
85,0.3785000145435333,1.7614339590072632,0.32899999618530273,1.8554573059082031
86,0.3799000084400177,1.759825348854065,0.36550000309944153,1.8028775453567505
87,0.3767000138759613,1.7574800252914429,0.36899998784065247,1.785178542137146
88,0.3801000118255615,1.7576733827590942,0.33500000834465027,1.85006582736969
89,0.3792000114917755,1.7521699666976929,0.3684999942779541,1.7943718433380127
90,0.38029998540878296,1.7505161762237549,0.3125,1.8738561868667603
91,0.3813999891281128,1.7484056949615479,0.3684999942779541,1.7932461500167847
92,0.3856000006198883,1.7459605932235718,0.33399999141693115,1.9079397916793823
93,0.3837999999523163,1.742519497871399,0.3479999899864197,1.8223891258239746
94,0.38190001249313354,1.7382923364639282,0.3644999861717224,1.7752585411071777
95,0.385699987411499,1.7368513345718384,0.3720000088214874,1.7770159244537354
96,0.38679999113082886,1.7334332466125488,0.3140000104904175,1.948584794998169
97,0.3912000060081482,1.7320293188095093,0.382999986410141,1.7507561445236206
98,0.39089998602867126,1.7264394760131836,0.3465000092983246,1.859525203704834
99,0.38999998569488525,1.7261782884597778,0.34950000047683716,1.8207134008407593
100,0.39169999957084656,1.723993182182312,0.35850000381469727,1.7950160503387451
101,0.3955000042915344,1.7206435203552246,0.3310000002384186,1.8234343528747559
102,0.3944000005722046,1.7184484004974365,0.3179999887943268,1.839661955833435
103,0.3910999894142151,1.719105839729309,0.3700000047683716,1.7735990285873413
104,0.39469999074935913,1.7138863801956177,0.3375000059604645,1.824793815612793
105,0.39629998803138733,1.7123810052871704,0.4000000059604645,1.7293701171875
106,0.39399999380111694,1.7096837759017944,0.3440000116825104,1.8175681829452515
107,0.3977999985218048,1.707106590270996,0.38850000500679016,1.7363675832748413
108,0.39750000834465027,1.7041364908218384,0.3930000066757202,1.7226102352142334
109,0.39590001106262207,1.7013517618179321,0.38600000739097595,1.7239000797271729
110,0.4002000093460083,1.6998000144958496,0.375,1.7685248851776123
111,0.3993000090122223,1.6979769468307495,0.36899998784065247,1.7494038343429565
112,0.4016999900341034,1.6962000131607056,0.38199999928474426,1.7640818357467651
113,0.3977999985218048,1.6931045055389404,0.3894999921321869,1.7276772260665894
114,0.4065000116825104,1.6882097721099854,0.3434999883174896,1.8659111261367798
115,0.4050000011920929,1.6912732124328613,0.38449999690055847,1.7366657257080078
116,0.4027000069618225,1.6864875555038452,0.37400001287460327,1.7369182109832764
117,0.4074999988079071,1.6829546689987183,0.38100001215934753,1.7442800998687744
118,0.4075999855995178,1.6829301118850708,0.3804999887943268,1.7467511892318726
119,0.4101000130176544,1.6812505722045898,0.3824999928474426,1.7150298357009888
120,0.41190001368522644,1.6753525733947754,0.3540000021457672,1.7794032096862793
121,0.40709999203681946,1.6761304140090942,0.3959999978542328,1.7049576044082642
122,0.41119998693466187,1.6687716245651245,0.3930000066757202,1.7050132751464844
123,0.41449999809265137,1.6689765453338623,0.3824999928474426,1.7814863920211792
124,0.413100004196167,1.6680171489715576,0.4000000059604645,1.702691912651062
125,0.4146000146865845,1.6665916442871094,0.39149999618530273,1.7146364450454712
126,0.41530001163482666,1.663786768913269,0.3970000147819519,1.7135310173034668
127,0.4171999990940094,1.6607939004898071,0.382999986410141,1.73540461063385
128,0.41620001196861267,1.6605539321899414,0.359499990940094,1.846419334411621
129,0.4133000075817108,1.6605488061904907,0.40700000524520874,1.6858534812927246
130,0.41620001196861267,1.6554546356201172,0.40799999237060547,1.6891108751296997
131,0.4212000072002411,1.6550357341766357,0.382999986410141,1.7195956707000732
132,0.4189999997615814,1.6533160209655762,0.414000004529953,1.672762155532837
133,0.4205999970436096,1.648369312286377,0.3869999945163727,1.7087750434875488
134,0.42149999737739563,1.6491484642028809,0.4165000021457672,1.6947795152664185
135,0.4205999970436096,1.6476188898086548,0.4009999930858612,1.691040277481079
136,0.41780000925064087,1.6443144083023071,0.3785000145435333,1.7584149837493896
137,0.42179998755455017,1.6425859928131104,0.4059999883174896,1.6921051740646362
138,0.42179998755455017,1.6432634592056274,0.3840000033378601,1.7057430744171143
139,0.4212999939918518,1.6359003782272339,0.4115000069141388,1.6732014417648315
140,0.42750000953674316,1.6339894533157349,0.3930000066757202,1.7389804124832153
141,0.4268999993801117,1.6344486474990845,0.37049999833106995,1.776611089706421
142,0.4271000027656555,1.633200764656067,0.40950000286102295,1.6927177906036377
143,0.4244000017642975,1.6317998170852661,0.40450000762939453,1.6696072816848755
144,0.4284000098705292,1.627151608467102,0.4115000069141388,1.7070890665054321
145,0.4246000051498413,1.629058837890625,0.3944999873638153,1.685225248336792
146,0.42809998989105225,1.6236228942871094,0.4000000059604645,1.6888021230697632
147,0.43230000138282776,1.6223680973052979,0.3684999942779541,1.7463620901107788
148,0.4302000105381012,1.621817946434021,0.32100000977516174,1.9529818296432495
149,0.4307999908924103,1.6241891384124756,0.36649999022483826,1.8251839876174927
150,0.4316999912261963,1.6170482635498047,0.40299999713897705,1.6928449869155884
151,0.43209999799728394,1.615501880645752,0.3840000033378601,1.6790651082992554
152,0.4336000084877014,1.6135084629058838,0.390500009059906,1.7498706579208374
153,0.4357999861240387,1.6124252080917358,0.4180000126361847,1.6777265071868896
154,0.4332999885082245,1.6094328165054321,0.42250001430511475,1.6431530714035034
155,0.43799999356269836,1.604845404624939,0.390500009059906,1.6945139169692993
156,0.435699999332428,1.6077827215194702,0.3970000147819519,1.691357135772705
157,0.4374000132083893,1.603451132774353,0.4099999964237213,1.650172233581543
158,0.43880000710487366,1.6007288694381714,0.41600000858306885,1.6816000938415527
159,0.44020000100135803,1.6016663312911987,0.3995000123977661,1.7088321447372437
160,0.4422000050544739,1.5980327129364014,0.36550000309944153,1.7399530410766602
161,0.4399000108242035,1.5944353342056274,0.4090000092983246,1.6887705326080322
162,0.4397999942302704,1.5958977937698364,0.38199999928474426,1.7797971963882446
163,0.4399999976158142,1.59335458278656,0.4000000059604645,1.6786437034606934
164,0.4424000084400177,1.5935286283493042,0.40950000286102295,1.656571388244629
165,0.44519999623298645,1.5897845029830933,0.42750000953674316,1.6482839584350586
166,0.4415999948978424,1.5865851640701294,0.4025000035762787,1.6598275899887085
167,0.4465999901294708,1.5857592821121216,0.41100001335144043,1.669681429862976
168,0.4456999897956848,1.5817317962646484,0.4034999907016754,1.703055500984192
169,0.44600000977516174,1.5836173295974731,0.42899999022483826,1.6202409267425537
170,0.44589999318122864,1.5808823108673096,0.4169999957084656,1.6234835386276245
171,0.44589999318122864,1.5821276903152466,0.28850001096725464,2.1207571029663086
172,0.44850000739097595,1.5829733610153198,0.3970000147819519,1.7352124452590942
173,0.44920000433921814,1.5791447162628174,0.40950000286102295,1.6645492315292358
174,0.4472000002861023,1.5742099285125732,0.36399999260902405,1.8808799982070923
175,0.4465000033378601,1.5756080150604248,0.4074999988079071,1.6817080974578857
176,0.453900009393692,1.5720340013504028,0.38999998569488525,1.6903012990951538
177,0.453000009059906,1.56902277469635,0.4189999997615814,1.6418755054473877
178,0.4505999982357025,1.56925630569458,0.42750000953674316,1.6140031814575195
179,0.450300008058548,1.569190502166748,0.3865000009536743,1.6942768096923828
180,0.45320001244544983,1.5640290975570679,0.3995000123977661,1.7182716131210327
181,0.4560999870300293,1.5636440515518188,0.39750000834465027,1.7000782489776611
182,0.4514000117778778,1.5653159618377686,0.4124999940395355,1.6251623630523682
183,0.45260000228881836,1.5596027374267578,0.3824999928474426,1.7301801443099976
184,0.45500001311302185,1.5591871738433838,0.375,1.732613444328308
185,0.45840001106262207,1.5578402280807495,0.40950000286102295,1.6545928716659546
186,0.460099995136261,1.5561480522155762,0.3919999897480011,1.68837571144104
187,0.45660001039505005,1.5576525926589966,0.41499999165534973,1.6528370380401611
188,0.46050000190734863,1.5523428916931152,0.4440000057220459,1.5933496952056885
189,0.45899999141693115,1.5531251430511475,0.3865000009536743,1.7256048917770386
190,0.460099995136261,1.5494048595428467,0.44200000166893005,1.6007720232009888
191,0.4584999978542328,1.547701120376587,0.4269999861717224,1.6215697526931763
192,0.45570001006126404,1.5468173027038574,0.4339999854564667,1.6119825839996338
193,0.4618000090122223,1.5431842803955078,0.4350000023841858,1.5951262712478638
194,0.4668000042438507,1.5411369800567627,0.4390000104904175,1.596024513244629
195,0.45899999141693115,1.5416011810302734,0.40700000524520874,1.637493371963501
196,0.4629000127315521,1.539621114730835,0.4284999966621399,1.617781162261963
197,0.4611999988555908,1.5361026525497437,0.4415000081062317,1.604562520980835
198,0.4657999873161316,1.535277009010315,0.43700000643730164,1.6270968914031982
199,0.4634999930858612,1.5313127040863037,0.43700000643730164,1.5886964797973633
200,0.4666999876499176,1.5298186540603638,0.4415000081062317,1.614173412322998
201,0.46369999647140503,1.5321189165115356,0.44850000739097595,1.5897760391235352
202,0.46709999442100525,1.530124306678772,0.43700000643730164,1.6151580810546875
203,0.4661000072956085,1.529470682144165,0.4375,1.5830729007720947
204,0.46700000762939453,1.5252556800842285,0.4154999852180481,1.614539623260498
205,0.46619999408721924,1.527018666267395,0.4375,1.598319411277771
206,0.4700999855995178,1.524947166442871,0.429500013589859,1.6111772060394287
207,0.4641999900341034,1.5216416120529175,0.3970000147819519,1.6826335191726685
208,0.4697999954223633,1.521674394607544,0.4129999876022339,1.6029444932937622
209,0.4706000089645386,1.51667058467865,0.4465000033378601,1.5872448682785034
210,0.47269999980926514,1.5200989246368408,0.35199999809265137,1.8723183870315552
211,0.46810001134872437,1.518744945526123,0.4269999861717224,1.6413261890411377
212,0.47189998626708984,1.5161689519882202,0.3695000112056732,1.798995852470398
213,0.4715999960899353,1.5148104429244995,0.4259999990463257,1.6085878610610962
214,0.4733999967575073,1.5134247541427612,0.4429999887943268,1.6088618040084839
215,0.4763000011444092,1.5091640949249268,0.36649999022483826,1.8701245784759521
216,0.4722999930381775,1.5158473253250122,0.42899999022483826,1.5977975130081177
217,0.4767000079154968,1.5069695711135864,0.44600000977516174,1.5926663875579834
218,0.4745999872684479,1.5084360837936401,0.4129999876022339,1.6848652362823486
219,0.47600001096725464,1.5058406591415405,0.45249998569488525,1.5624250173568726
220,0.47760000824928284,1.5036224126815796,0.4544999897480011,1.5575511455535889
221,0.47440001368522644,1.5019758939743042,0.4059999883174896,1.6359156370162964
222,0.4742000102996826,1.4997700452804565,0.4325000047683716,1.5712594985961914
223,0.476500004529953,1.5016847848892212,0.4320000112056732,1.5802170038223267
224,0.4740000069141388,1.4988033771514893,0.37549999356269836,1.7561252117156982
225,0.47589999437332153,1.4975457191467285,0.43799999356269836,1.5793098211288452
226,0.48010000586509705,1.4930390119552612,0.40049999952316284,1.7173333168029785
227,0.48010000586509705,1.4955482482910156,0.45249998569488525,1.564503788948059
228,0.47850000858306885,1.4929462671279907,0.38850000500679016,1.7688181400299072
229,0.48260000348091125,1.4887609481811523,0.4189999997615814,1.6560540199279785
230,0.4812000095844269,1.4910558462142944,0.4284999966621399,1.6335545778274536
231,0.4781000018119812,1.486844778060913,0.390500009059906,1.7629145383834839
232,0.4832000136375427,1.488688588142395,0.4154999852180481,1.6134191751480103
233,0.48510000109672546,1.483571171760559,0.38499999046325684,1.6757102012634277
234,0.4837000072002411,1.4852758646011353,0.37700000405311584,1.8478546142578125
235,0.4810999929904938,1.4878318309783936,0.45500001311302185,1.55482017993927
236,0.4837999939918518,1.480338454246521,0.42250001430511475,1.589469075202942
237,0.48660001158714294,1.480513334274292,0.39750000834465027,1.6822896003723145
238,0.48649999499320984,1.4798152446746826,0.4449999928474426,1.5823153257369995
239,0.48910000920295715,1.4757180213928223,0.4020000100135803,1.6600518226623535
240,0.486299991607666,1.4741699695587158,0.3529999852180481,1.8644119501113892
241,0.4869999885559082,1.4768948554992676,0.44749999046325684,1.567543387413025
242,0.48730000853538513,1.471280813217163,0.4580000042915344,1.570200800895691
243,0.48809999227523804,1.4734094142913818,0.414000004529953,1.6607592105865479
244,0.49059998989105225,1.470137119293213,0.44350001215934753,1.5757266283035278
245,0.4902999997138977,1.4728844165802002,0.46000000834465027,1.5432157516479492
246,0.4884999990463257,1.4668986797332764,0.4169999957084656,1.6476818323135376
247,0.49129998683929443,1.4653890132904053,0.42750000953674316,1.6019096374511719
248,0.48989999294281006,1.4666156768798828,0.3970000147819519,1.7039066553115845
249,0.4909000098705292,1.4623439311981201,0.4424999952316284,1.5821754932403564
250,0.4918999969959259,1.4638562202453613,0.38100001215934753,1.8002926111221313
251,0.49059998989105225,1.4664332866668701,0.4544999897480011,1.561423897743225
252,0.49380001425743103,1.4579094648361206,0.4490000009536743,1.5641125440597534
253,0.4878999888896942,1.4596587419509888,0.42149999737739563,1.6567180156707764
254,0.49399998784065247,1.4572978019714355,0.43549999594688416,1.5916314125061035
255,0.49720001220703125,1.454250454902649,0.4230000078678131,1.639596939086914
256,0.49779999256134033,1.4542514085769653,0.40149998664855957,1.6390111446380615
257,0.49059998989105225,1.4568877220153809,0.39250001311302185,1.7389651536941528
258,0.4925999939441681,1.4543230533599854,0.4429999887943268,1.5637896060943604
259,0.49570000171661377,1.452868938446045,0.45249998569488525,1.5494811534881592
260,0.49810001254081726,1.4490984678268433,0.45750001072883606,1.5282952785491943
261,0.4986000061035156,1.4463179111480713,0.4230000078678131,1.6354230642318726
262,0.4977000057697296,1.4477730989456177,0.4580000042915344,1.5304479598999023
263,0.498199999332428,1.444759488105774,0.38850000500679016,1.7462587356567383
264,0.4964999854564667,1.4491875171661377,0.4334999918937683,1.5606194734573364
265,0.4943999946117401,1.4467133283615112,0.4325000047683716,1.6061455011367798
266,0.49790000915527344,1.4424439668655396,0.4359999895095825,1.6027082204818726
267,0.5006999969482422,1.4406073093414307,0.4544999897480011,1.5429950952529907
268,0.5016000270843506,1.4402525424957275,0.4650000035762787,1.5170001983642578
269,0.49720001220703125,1.437584638595581,0.4595000147819519,1.530611515045166
270,0.5019999742507935,1.4372106790542603,0.4560000002384186,1.55010986328125
271,0.49880000948905945,1.4380931854248047,0.39149999618530273,1.738646149635315
272,0.5033000111579895,1.4381425380706787,0.43950000405311584,1.5462288856506348
273,0.5037999749183655,1.4316015243530273,0.46799999475479126,1.5161232948303223
274,0.5006999969482422,1.4328720569610596,0.40299999713897705,1.7026666402816772
275,0.5008000135421753,1.4333335161209106,0.41100001335144043,1.718402624130249
276,0.5034999847412109,1.4320932626724243,0.4715000092983246,1.5243711471557617
277,0.5013999938964844,1.4290891885757446,0.4255000054836273,1.6214251518249512
278,0.505299985408783,1.429274082183838,0.4390000104904175,1.5774141550064087
279,0.5037000179290771,1.4273414611816406,0.42399999499320984,1.607045292854309
280,0.5031999945640564,1.427024245262146,0.4410000145435333,1.614296793937683
281,0.5023999810218811,1.4236197471618652,0.4690000116825104,1.5618067979812622
282,0.5067999958992004,1.4265598058700562,0.45899999141693115,1.5286091566085815
283,0.5077000260353088,1.4208457469940186,0.4309999942779541,1.611742377281189
284,0.508899986743927,1.4210994243621826,0.43050000071525574,1.603884220123291
285,0.5080000162124634,1.4203444719314575,0.41499999165534973,1.6143813133239746
286,0.5073000192642212,1.4175384044647217,0.4359999895095825,1.5786194801330566
287,0.5098000168800354,1.420745849609375,0.3824999928474426,1.7528905868530273
288,0.5062000155448914,1.4180641174316406,0.476500004529953,1.5318061113357544
289,0.5098999738693237,1.4119216203689575,0.4595000147819519,1.5123471021652222
290,0.5062000155448914,1.4147242307662964,0.44999998807907104,1.5534672737121582
291,0.5098000168800354,1.4115511178970337,0.45399999618530273,1.5630537271499634
292,0.5065000057220459,1.4168026447296143,0.4359999895095825,1.5754996538162231
293,0.513700008392334,1.4091681241989136,0.4625000059604645,1.5255426168441772
294,0.5152999758720398,1.4095219373703003,0.3959999978542328,1.712540626525879
295,0.5098999738693237,1.411085605621338,0.4659999907016754,1.5240815877914429
296,0.5116000175476074,1.4041540622711182,0.4625000059604645,1.5330684185028076
297,0.5110999941825867,1.405202031135559,0.44749999046325684,1.5732905864715576
298,0.513700008392334,1.4045355319976807,0.46799999475479126,1.5296040773391724
299,0.5145999789237976,1.4061362743377686,0.460999995470047,1.5309430360794067
300,0.5146999955177307,1.4008501768112183,0.47350001335144043,1.523033857345581
301,0.5113999843597412,1.4052566289901733,0.3605000078678131,1.8550653457641602
302,0.5142999887466431,1.4029179811477661,0.43799999356269836,1.5930681228637695
303,0.5127999782562256,1.3996186256408691,0.42800000309944153,1.682037353515625
304,0.5195000171661377,1.4010874032974243,0.4449999928474426,1.5580908060073853
305,0.515500009059906,1.3968526124954224,0.375,1.7611438035964966
306,0.5175999999046326,1.3965435028076172,0.4690000116825104,1.5034433603286743
307,0.517300009727478,1.3952115774154663,0.47350001335144043,1.5284403562545776
308,0.5175999999046326,1.3925607204437256,0.4555000066757202,1.52701735496521
309,0.5184000134468079,1.3913971185684204,0.47049999237060547,1.4906535148620605
310,0.5199999809265137,1.3904409408569336,0.453000009059906,1.5466089248657227
311,0.5163000226020813,1.3906813859939575,0.4404999911785126,1.5507725477218628
312,0.519599974155426,1.3903440237045288,0.46299999952316284,1.5218390226364136
313,0.5256999731063843,1.3837578296661377,0.4729999899864197,1.5027786493301392
314,0.5180000066757202,1.388249397277832,0.4814999997615814,1.5005128383636475
315,0.5227000117301941,1.3876135349273682,0.44200000166893005,1.5884535312652588
316,0.5169000029563904,1.3862966299057007,0.4480000138282776,1.5357270240783691
317,0.5189999938011169,1.386050820350647,0.4715000092983246,1.5266144275665283
318,0.5217000246047974,1.3835954666137695,0.47200000286102295,1.523573637008667
319,0.5213000178337097,1.3849149942398071,0.4519999921321869,1.5475561618804932
320,0.5246000289916992,1.377219796180725,0.43849998712539673,1.5899136066436768
321,0.5241000056266785,1.3791437149047852,0.47999998927116394,1.4926350116729736
322,0.5218999981880188,1.378119945526123,0.44699999690055847,1.5365759134292603
323,0.5227000117301941,1.3786760568618774,0.45899999141693115,1.5267112255096436
324,0.5235999822616577,1.3748393058776855,0.390500009059906,1.753129005432129
325,0.5203999876976013,1.3801004886627197,0.4000000059604645,1.7247405052185059
326,0.5241000056266785,1.3756349086761475,0.4650000035762787,1.5734976530075073
327,0.5238000154495239,1.3741273880004883,0.45100000500679016,1.554806113243103
328,0.5266000032424927,1.3722461462020874,0.4749999940395355,1.511865496635437
329,0.5295000076293945,1.368140459060669,0.47200000286102295,1.5130717754364014
330,0.5241000056266785,1.3674898147583008,0.42899999022483826,1.6271476745605469
331,0.5259000062942505,1.368314504623413,0.43299999833106995,1.6633403301239014
332,0.5254999995231628,1.3717929124832153,0.46700000762939453,1.5106948614120483
333,0.52920001745224,1.3642839193344116,0.44999998807907104,1.5518804788589478
334,0.5306000113487244,1.3643443584442139,0.4230000078678131,1.6212409734725952
335,0.525600016117096,1.366609811782837,0.476500004529953,1.4810636043548584
336,0.5327000021934509,1.3615018129348755,0.43950000405311584,1.5502660274505615
337,0.5282999873161316,1.363649606704712,0.46650001406669617,1.5369147062301636
338,0.5259000062942505,1.3623892068862915,0.4480000138282776,1.5400480031967163
339,0.5327000021934509,1.3603456020355225,0.46650001406669617,1.5047547817230225
340,0.52920001745224,1.3573578596115112,0.45750001072883606,1.559216022491455
341,0.5342000126838684,1.3579940795898438,0.48750001192092896,1.4772828817367554
342,0.5335999727249146,1.3578866720199585,0.4359999895095825,1.6007834672927856
343,0.5331000089645386,1.3553828001022339,0.4814999997615814,1.4796110391616821
344,0.5318999886512756,1.3549758195877075,0.4424999952316284,1.5865205526351929
345,0.5314000248908997,1.3569713830947876,0.4814999997615814,1.4998962879180908
346,0.5331000089645386,1.3537476062774658,0.4544999897480011,1.5329023599624634
347,0.5328999757766724,1.3520936965942383,0.4625000059604645,1.562256097793579
348,0.5332000255584717,1.3496516942977905,0.4855000078678131,1.4845572710037231
349,0.5371000170707703,1.347497820854187,0.43950000405311584,1.5494232177734375
350,0.534600019454956,1.3489607572555542,0.42800000309944153,1.6671775579452515
351,0.5351999998092651,1.3474949598312378,0.44600000977516174,1.5426770448684692
352,0.5368000268936157,1.3451544046401978,0.47600001096725464,1.4921821355819702
353,0.5357000231742859,1.3452144861221313,0.4675000011920929,1.5193780660629272
354,0.5335000157356262,1.3479186296463013,0.4650000035762787,1.5119459629058838
355,0.5354999899864197,1.3416743278503418,0.4625000059604645,1.5174574851989746
356,0.5350000262260437,1.3406028747558594,0.45750001072883606,1.622519850730896
357,0.5357999801635742,1.3439592123031616,0.47749999165534973,1.5020332336425781
358,0.5393000245094299,1.3405485153198242,0.47749999165534973,1.4861167669296265
359,0.5371000170707703,1.340121865272522,0.4205000102519989,1.637543797492981
360,0.5371999740600586,1.342666745185852,0.4675000011920929,1.4960017204284668
361,0.5432000160217285,1.3334628343582153,0.46000000834465027,1.553027629852295
362,0.5425999760627747,1.3328819274902344,0.4675000011920929,1.4942885637283325
363,0.5372999906539917,1.3350430727005005,0.45750001072883606,1.561142086982727
364,0.5410000085830688,1.3347216844558716,0.4729999899864197,1.4906519651412964
365,0.5400000214576721,1.3326493501663208,0.4544999897480011,1.5260984897613525
366,0.5385000109672546,1.3319858312606812,0.4715000092983246,1.4849687814712524
367,0.5443000197410583,1.329387903213501,0.4259999990463257,1.6763248443603516
368,0.541700005531311,1.3321027755737305,0.4794999957084656,1.5028983354568481
369,0.5400999784469604,1.327255129814148,0.4869999885559082,1.4679197072982788
370,0.5414000153541565,1.327410101890564,0.46549999713897705,1.5296416282653809
371,0.5394999980926514,1.3331984281539917,0.47200000286102295,1.4937124252319336
372,0.5437999963760376,1.3235366344451904,0.41600000858306885,1.6622995138168335
373,0.5400999784469604,1.3231563568115234,0.42800000309944153,1.6162606477737427
374,0.5418999791145325,1.325279951095581,0.4634999930858612,1.5034315586090088
375,0.5444999933242798,1.3240885734558105,0.4415000081062317,1.5330146551132202
376,0.5419999957084656,1.3239976167678833,0.39100000262260437,1.7832300662994385
377,0.5424000024795532,1.3249205350875854,0.4794999957084656,1.4765236377716064
378,0.544700026512146,1.3159245252609253,0.4300000071525574,1.6214607954025269
379,0.5479000210762024,1.3187681436538696,0.46650001406669617,1.5068415403366089
380,0.5458999872207642,1.317636489868164,0.48100000619888306,1.492011547088623
381,0.5485000014305115,1.3114018440246582,0.4699999988079071,1.4785228967666626
382,0.54830002784729,1.3143068552017212,0.4650000035762787,1.562750220298767
383,0.5482000112533569,1.3152517080307007,0.4699999988079071,1.5059940814971924
384,0.5461000204086304,1.3122929334640503,0.4650000035762787,1.4934450387954712
385,0.5479000210762024,1.3142536878585815,0.46549999713897705,1.5551166534423828
386,0.54830002784729,1.3113764524459839,0.4625000059604645,1.5579144954681396
387,0.5475999712944031,1.3102182149887085,0.47350001335144043,1.495455265045166
388,0.5522000193595886,1.3089287281036377,0.484499990940094,1.507752776145935
389,0.5547000169754028,1.3062902688980103,0.453000009059906,1.5863875150680542
390,0.5482000112533569,1.3072669506072998,0.4645000100135803,1.513091802597046
391,0.5493000149726868,1.3075497150421143,0.48100000619888306,1.5305933952331543
392,0.5519999861717224,1.3053791522979736,0.4869999885559082,1.4633874893188477
393,0.5536999702453613,1.3001307249069214,0.47999998927116394,1.4915857315063477
394,0.550599992275238,1.30563223361969,0.421999990940094,1.6603327989578247
395,0.5504999756813049,1.3043369054794312,0.4684999883174896,1.528527021408081
396,0.550599992275238,1.3060932159423828,0.47450000047683716,1.4967834949493408
397,0.5503000020980835,1.3035309314727783,0.4074999988079071,1.6668347120285034
398,0.5515000224113464,1.3033463954925537,0.46700000762939453,1.5388810634613037
399,0.5587999820709229,1.296526551246643,0.44749999046325684,1.5498731136322021
400,0.5522000193595886,1.299145221710205,0.4814999997615814,1.5083768367767334
401,0.552299976348877,1.298058271408081,0.49000000953674316,1.4807358980178833
402,0.554099977016449,1.2932178974151611,0.46650001406669617,1.52015221118927
403,0.5579000115394592,1.2926244735717773,0.4494999945163727,1.5902389287948608
404,0.553600013256073,1.2987619638442993,0.4494999945163727,1.6005586385726929
405,0.5544000267982483,1.295121431350708,0.38350000977516174,1.902019739151001
406,0.5547999739646912,1.2952061891555786,0.43050000071525574,1.6197034120559692
407,0.5540000200271606,1.293906807899475,0.4320000112056732,1.5834134817123413
408,0.5558000206947327,1.291219711303711,0.4945000112056732,1.4612205028533936
409,0.5586000084877014,1.2866311073303223,0.42899999022483826,1.645647406578064
410,0.5558000206947327,1.284631371498108,0.48649999499320984,1.4774636030197144
411,0.5587999820709229,1.2856316566467285,0.46000000834465027,1.524787187576294
412,0.5569000244140625,1.2854105234146118,0.4000000059604645,1.7457804679870605
413,0.5587000250816345,1.286318302154541,0.47699999809265137,1.5110328197479248
414,0.5547000169754028,1.2837024927139282,0.46950000524520874,1.504779577255249
415,0.5623000264167786,1.284118413925171,0.4339999854564667,1.5989984273910522
416,0.559499979019165,1.2802181243896484,0.4754999876022339,1.4958688020706177
417,0.5598000288009644,1.2785382270812988,0.47350001335144043,1.502037525177002
418,0.5613999962806702,1.2770346403121948,0.40149998664855957,1.7216887474060059
419,0.5573999881744385,1.2827551364898682,0.46399998664855957,1.5315006971359253
420,0.5616999864578247,1.2773693799972534,0.4244999885559082,1.6751043796539307
421,0.559499979019165,1.277204155921936,0.41999998688697815,1.7087477445602417
422,0.5598000288009644,1.2796112298965454,0.4429999887943268,1.6186068058013916
423,0.5620999932289124,1.271589994430542,0.48350000381469727,1.4932502508163452
424,0.5649999976158142,1.2693226337432861,0.4675000011920929,1.5380374193191528
425,0.5629000067710876,1.2711262702941895,0.42399999499320984,1.6358507871627808
426,0.5619000196456909,1.2709624767303467,0.4715000092983246,1.4969923496246338
427,0.5626000165939331,1.269710659980774,0.49000000953674316,1.4688671827316284
428,0.564300000667572,1.2684195041656494,0.4860000014305115,1.4749321937561035
429,0.5649999976158142,1.2675139904022217,0.39500001072883606,1.7993143796920776
430,0.5634999871253967,1.2726775407791138,0.46000000834465027,1.5759062767028809
431,0.5651000142097473,1.263750433921814,0.49149999022483826,1.4520184993743896
432,0.5677000284194946,1.262164831161499,0.3684999942779541,1.8212040662765503
433,0.5667999982833862,1.2651894092559814,0.4819999933242798,1.475282073020935
434,0.569100022315979,1.2607182264328003,0.429500013589859,1.610573649406433
435,0.5669000148773193,1.2586625814437866,0.46000000834465027,1.542961597442627
436,0.5691999793052673,1.260818362236023,0.48500001430511475,1.4586553573608398
437,0.5688999891281128,1.2581826448440552,0.44850000739097595,1.5758198499679565
438,0.5656999945640564,1.2582612037658691,0.44850000739097595,1.6151669025421143
439,0.5680999755859375,1.2575812339782715,0.4675000011920929,1.502416968345642
440,0.567300021648407,1.2574502229690552,0.4754999876022339,1.469111680984497
441,0.569599986076355,1.2576555013656616,0.4855000078678131,1.4602628946304321
442,0.5726000070571899,1.253114104270935,0.4950000047683716,1.4340198040008545
443,0.5708000063896179,1.2516708374023438,0.4945000112056732,1.4470912218093872
444,0.5734999775886536,1.2495719194412231,0.4415000081062317,1.5715337991714478
445,0.5716999769210815,1.2504092454910278,0.4675000011920929,1.5421797037124634
446,0.5723000168800354,1.2502280473709106,0.38350000977516174,1.8083672523498535
447,0.5720000267028809,1.2488644123077393,0.48100000619888306,1.479477882385254
448,0.5715000033378601,1.249069333076477,0.44200000166893005,1.5728400945663452
449,0.5717999935150146,1.2506240606307983,0.49000000953674316,1.448937177658081
450,0.574999988079071,1.2448551654815674,0.48649999499320984,1.467451810836792
451,0.5730999708175659,1.2459317445755005,0.45750001072883606,1.548751711845398
452,0.5724999904632568,1.2448848485946655,0.4729999899864197,1.500190019607544
453,0.5740000009536743,1.2398736476898193,0.4320000112056732,1.6220275163650513
454,0.572700023651123,1.242048740386963,0.48399999737739563,1.4909615516662598
455,0.5763000249862671,1.2405366897583008,0.43799999356269836,1.5637625455856323
456,0.573199987411499,1.2425068616867065,0.4950000047683716,1.4607990980148315
457,0.5763999819755554,1.2369743585586548,0.4790000021457672,1.5270617008209229
458,0.573199987411499,1.2414427995681763,0.4814999997615814,1.4617350101470947
459,0.5770000219345093,1.2373905181884766,0.4950000047683716,1.4538381099700928
460,0.5734999775886536,1.2358484268188477,0.4399999976158142,1.61155366897583
461,0.5746999979019165,1.2360771894454956,0.46799999475479126,1.5172189474105835
462,0.5756999850273132,1.2362169027328491,0.47749999165534973,1.48831307888031
463,0.5789999961853027,1.2340636253356934,0.46549999713897705,1.5072585344314575
464,0.5796999931335449,1.2291879653930664,0.4884999990463257,1.4615992307662964
465,0.5724999904632568,1.2363896369934082,0.492000013589859,1.4545432329177856
466,0.5791000127792358,1.2302589416503906,0.4869999885559082,1.4888521432876587
467,0.580299973487854,1.2309280633926392,0.45500001311302185,1.5195664167404175
468,0.582099974155426,1.227976679801941,0.4945000112056732,1.4466503858566284
469,0.5805000066757202,1.2269209623336792,0.47749999165534973,1.505871295928955
470,0.5781999826431274,1.226798176765442,0.45500001311302185,1.546360731124878
471,0.5759999752044678,1.225392460823059,0.4690000116825104,1.5043684244155884
472,0.5799999833106995,1.2252453565597534,0.4884999990463257,1.4496798515319824
473,0.5785999894142151,1.225584626197815,0.49000000953674316,1.4903888702392578
474,0.5805000066757202,1.2227401733398438,0.48399999737739563,1.4721696376800537
475,0.5776000022888184,1.2279503345489502,0.48899999260902405,1.470482587814331
476,0.5825999975204468,1.2201770544052124,0.4339999854564667,1.573997974395752
477,0.5814999938011169,1.2192221879959106,0.45100000500679016,1.5555546283721924
478,0.579800009727478,1.218886137008667,0.47200000286102295,1.5527175664901733
479,0.5824999809265137,1.2183966636657715,0.4675000011920929,1.549518346786499
480,0.5834000110626221,1.2155985832214355,0.4855000078678131,1.4528894424438477
481,0.5837000012397766,1.2129384279251099,0.45249998569488525,1.5993226766586304
482,0.5827999711036682,1.2141520977020264,0.43650001287460327,1.6114064455032349
483,0.582099974155426,1.2144111394882202,0.4805000126361847,1.4844974279403687
484,0.5856000185012817,1.2102893590927124,0.49549999833106995,1.443307638168335
485,0.5831000208854675,1.2132290601730347,0.492000013589859,1.4675759077072144
486,0.5806000232696533,1.213959813117981,0.4645000100135803,1.5152817964553833
487,0.5875999927520752,1.2078287601470947,0.48649999499320984,1.4685442447662354
488,0.5846999883651733,1.2090771198272705,0.4359999895095825,1.641656756401062
489,0.5828999876976013,1.2113573551177979,0.4909999966621399,1.4453480243682861
490,0.583899974822998,1.2078043222427368,0.4584999978542328,1.6075397729873657
491,0.5861999988555908,1.213250994682312,0.49950000643730164,1.4270039796829224
492,0.585099995136261,1.2047640085220337,0.48500001430511475,1.4631388187408447
493,0.5900999903678894,1.2017463445663452,0.46050000190734863,1.5346472263336182
494,0.5843999981880188,1.2068393230438232,0.4754999876022339,1.514225959777832
495,0.5875999927520752,1.2049190998077393,0.4814999997615814,1.4614046812057495
496,0.5899999737739563,1.200240135192871,0.4399999976158142,1.608628749847412
497,0.5877000093460083,1.1985390186309814,0.48500001430511475,1.4824421405792236
498,0.5910000205039978,1.1987407207489014,0.4749999940395355,1.4919167757034302
499,0.5881999731063843,1.196559190750122,0.4790000021457672,1.4760819673538208
500,0.5961999893188477,1.1952614784240723,0.4699999988079071,1.5079787969589233
501,0.5888000130653381,1.1964126825332642,0.49050000309944153,1.469199538230896
502,0.5895000100135803,1.1993130445480347,0.45399999618530273,1.602413535118103
503,0.5896999835968018,1.195886254310608,0.5,1.4417589902877808
504,0.5891000032424927,1.1943076848983765,0.44749999046325684,1.6244444847106934
505,0.590399980545044,1.1977287530899048,0.4909999966621399,1.4719963073730469
506,0.5924000144004822,1.1913206577301025,0.46799999475479126,1.52703058719635
507,0.5950999855995178,1.1926504373550415,0.4625000059604645,1.5394431352615356
508,0.5888000130653381,1.1915310621261597,0.48350000381469727,1.5371490716934204
509,0.590399980545044,1.1928555965423584,0.5034999847412109,1.4380686283111572
510,0.5938000082969666,1.1870129108428955,0.45649999380111694,1.5213288068771362
511,0.595300018787384,1.1852900981903076,0.4894999861717224,1.4503881931304932
512,0.5920000076293945,1.18173348903656,0.4805000126361847,1.4680198431015015
513,0.5938000082969666,1.1817485094070435,0.5074999928474426,1.430778980255127
514,0.593500018119812,1.1851288080215454,0.48399999737739563,1.5526745319366455
515,0.5913000106811523,1.186775803565979,0.4634999930858612,1.534603238105774
516,0.5929999947547913,1.1847172975540161,0.33899998664855957,2.157597303390503
517,0.5882999897003174,1.1867369413375854,0.43849998712539673,1.7178865671157837
518,0.5950999855995178,1.183557391166687,0.47200000286102295,1.4820119142532349
519,0.5952000021934509,1.1772595643997192,0.46299999952316284,1.5336933135986328
520,0.5950000286102295,1.1757360696792603,0.41999998688697815,1.6701366901397705
521,0.5952000021934509,1.1802352666854858,0.47999998927116394,1.4959731101989746
522,0.5949000120162964,1.1762655973434448,0.45750001072883606,1.5536044836044312
523,0.5978000164031982,1.1744455099105835,0.4675000011920929,1.5404844284057617
524,0.5968999862670898,1.1756489276885986,0.4580000042915344,1.5445832014083862
525,0.5967000126838684,1.1734074354171753,0.4104999899864197,1.7413867712020874
526,0.5950999855995178,1.1749991178512573,0.4754999876022339,1.506157398223877
527,0.6003000140190125,1.1682182550430298,0.4424999952316284,1.594036340713501
528,0.5978999733924866,1.170858383178711,0.48100000619888306,1.4882973432540894
529,0.5974000096321106,1.1685442924499512,0.4729999899864197,1.5184565782546997
530,0.599399983882904,1.1677842140197754,0.48500001430511475,1.4718601703643799
531,0.6000999808311462,1.1640527248382568,0.4945000112056732,1.4342528581619263
532,0.604200005531311,1.1613465547561646,0.4869999885559082,1.4452850818634033
533,0.5992000102996826,1.162230134010315,0.46950000524520874,1.4775549173355103
534,0.6001999974250793,1.163596272468567,0.4880000054836273,1.4380971193313599
535,0.6004999876022339,1.1627963781356812,0.4880000054836273,1.464304804801941
536,0.6054999828338623,1.15749990940094,0.46299999952316284,1.5211279392242432
537,0.6008999943733215,1.1624888181686401,0.4300000071525574,1.6164486408233643
538,0.602400004863739,1.1599012613296509,0.4984999895095825,1.4451043605804443
539,0.6043999791145325,1.1547268629074097,0.3955000042915344,1.8318743705749512
540,0.6025000214576721,1.1605254411697388,0.4690000116825104,1.4896771907806396
541,0.6033999919891357,1.155328631401062,0.48100000619888306,1.5109142065048218
542,0.602400004863739,1.156467318534851,0.4169999957084656,1.6345716714859009
543,0.6019999980926514,1.1607215404510498,0.4794999957084656,1.4860926866531372
544,0.6062999963760376,1.1517596244812012,0.49300000071525574,1.4342845678329468
545,0.6075000166893005,1.1539936065673828,0.4009999930858612,1.7565058469772339
546,0.6014000177383423,1.1547553539276123,0.4779999852180481,1.5112513303756714
547,0.6017000079154968,1.15351402759552,0.4625000059604645,1.5380196571350098
548,0.6060000061988831,1.148804783821106,0.4830000102519989,1.5315656661987305
549,0.6061000227928162,1.148561954498291,0.4350000023841858,1.7762045860290527
550,0.6065999865531921,1.1523058414459229,0.4754999876022339,1.5378412008285522
551,0.608299970626831,1.1493630409240723,0.48399999737739563,1.4875168800354004
552,0.607699990272522,1.1469470262527466,0.5015000104904175,1.4267852306365967
553,0.6065000295639038,1.1446943283081055,0.4684999883174896,1.5409742593765259
554,0.6064000129699707,1.147714376449585,0.49549999833106995,1.4629820585250854
555,0.609499990940094,1.144987940788269,0.49000000953674316,1.4691096544265747
556,0.6069999933242798,1.147340178489685,0.48899999260902405,1.4675178527832031
557,0.6075000166893005,1.1410397291183472,0.45350000262260437,1.5221256017684937
558,0.6119999885559082,1.1388250589370728,0.4855000078678131,1.481706142425537
559,0.6080999970436096,1.1362338066101074,0.4715000092983246,1.4920856952667236
560,0.6096000075340271,1.1414991617202759,0.4424999952316284,1.6412513256072998
561,0.6140999794006348,1.1402714252471924,0.4814999997615814,1.4873729944229126
562,0.6080999970436096,1.1408942937850952,0.5005000233650208,1.4222036600112915
563,0.6151999831199646,1.129718542098999,0.5065000057220459,1.4243561029434204
564,0.6150000095367432,1.13052237033844,0.4975000023841858,1.4417922496795654
565,0.613099992275238,1.132960319519043,0.39649999141693115,1.8689121007919312
566,0.6093999743461609,1.141036868095398,0.4505000114440918,1.562853217124939
567,0.6100000143051147,1.1309274435043335,0.4909999966621399,1.4684135913848877
568,0.61080002784729,1.1297552585601807,0.44749999046325684,1.5859984159469604
569,0.6097000241279602,1.1353214979171753,0.48100000619888306,1.4754258394241333
570,0.616599977016449,1.1238460540771484,0.4855000078678131,1.468868613243103
571,0.616100013256073,1.1248224973678589,0.5070000290870667,1.4209907054901123
572,0.6162999868392944,1.1263172626495361,0.49399998784065247,1.462613821029663
573,0.6166999936103821,1.1249288320541382,0.4884999990463257,1.4704740047454834
574,0.6122000217437744,1.1220992803573608,0.48399999737739563,1.511392593383789
575,0.6154000163078308,1.1226986646652222,0.4819999933242798,1.4780265092849731
576,0.6158999800682068,1.1268962621688843,0.39500001072883606,1.9503697156906128
577,0.6141999959945679,1.1262160539627075,0.47749999165534973,1.5059173107147217
578,0.6154999732971191,1.1233688592910767,0.4945000112056732,1.4880974292755127
579,0.6166999936103821,1.116312026977539,0.4410000145435333,1.6965768337249756
580,0.617900013923645,1.1242088079452515,0.4909999966621399,1.459143042564392
581,0.6169000267982483,1.117951512336731,0.47850000858306885,1.5042892694473267
582,0.616599977016449,1.1131771802902222,0.48750001192092896,1.4960532188415527
583,0.6187000274658203,1.114180564880371,0.49399998784065247,1.4420524835586548
584,0.6194000244140625,1.112749695777893,0.5080000162124634,1.4327737092971802
585,0.6198999881744385,1.1127671003341675,0.43799999356269836,1.667920708656311
586,0.617900013923645,1.1163477897644043,0.49950000643730164,1.473554253578186
587,0.6187000274658203,1.1140085458755493,0.4959999918937683,1.4648526906967163
588,0.6183000206947327,1.1123849153518677,0.45399999618530273,1.6044682264328003
589,0.6201000213623047,1.1091886758804321,0.49149999022483826,1.4312894344329834
590,0.6212999820709229,1.106931209564209,0.5009999871253967,1.4415751695632935
591,0.6241000294685364,1.105738878250122,0.5044999718666077,1.4251511096954346
592,0.6247000098228455,1.1046781539916992,0.47999998927116394,1.498367190361023
593,0.6194000244140625,1.1079015731811523,0.44200000166893005,1.5596197843551636
594,0.6152999997138977,1.1154236793518066,0.4659999907016754,1.583475112915039
595,0.6237999796867371,1.1051503419876099,0.43700000643730164,1.6238170862197876
596,0.6208999752998352,1.1105754375457764,0.4819999933242798,1.5078898668289185
597,0.6195999979972839,1.104830026626587,0.49000000953674316,1.4825401306152344
598,0.6238999962806702,1.0989607572555542,0.5134999752044678,1.4119387865066528
599,0.6205999851226807,1.1025171279907227,0.4894999861717224,1.4438642263412476
600,0.6226999759674072,1.097814917564392,0.5070000290870667,1.4303617477416992
601,0.6245999932289124,1.097578763961792,0.46299999952316284,1.5830148458480835
602,0.619700014591217,1.0990668535232544,0.49900001287460327,1.4431465864181519
603,0.6254000067710876,1.0975816249847412,0.4934999942779541,1.4386025667190552
604,0.6248000264167786,1.0963013172149658,0.48649999499320984,1.464106798171997
605,0.6244000196456909,1.0939373970031738,0.49149999022483826,1.4307388067245483
606,0.6255000233650208,1.0948323011398315,0.47099998593330383,1.5598150491714478
607,0.6283000111579895,1.0934937000274658,0.47999998927116394,1.4914957284927368
608,0.6269000172615051,1.0922443866729736,0.4429999887943268,1.705346941947937
609,0.6244000196456909,1.0917308330535889,0.4424999952316284,1.6035128831863403
610,0.6272000074386597,1.0917677879333496,0.4634999930858612,1.5770628452301025
611,0.6284000277519226,1.0904213190078735,0.4645000100135803,1.5588794946670532
612,0.6220999956130981,1.0922800302505493,0.46549999713897705,1.5264517068862915
613,0.6323000192642212,1.0838361978530884,0.4494999945163727,1.5927691459655762
614,0.629800021648407,1.0817421674728394,0.4059999883174896,1.7865897417068481
615,0.6284999847412109,1.092358946800232,0.49799999594688416,1.4437298774719238
616,0.6276000142097473,1.0824840068817139,0.5059999823570251,1.4348077774047852
617,0.6272000074386597,1.082885980606079,0.5055000185966492,1.4691191911697388
618,0.6326000094413757,1.0799564123153687,0.48350000381469727,1.5140275955200195
619,0.6306999921798706,1.0810582637786865,0.30300000309944153,2.8157031536102295
620,0.6274999976158142,1.0934417247772217,0.44350001215934753,1.651755690574646
621,0.6312000155448914,1.083560824394226,0.4724999964237213,1.491047739982605
622,0.6294999718666077,1.078524112701416,0.4645000100135803,1.5409220457077026
623,0.630299985408783,1.0767180919647217,0.4884999990463257,1.447424054145813
624,0.6326000094413757,1.0771371126174927,0.47999998927116394,1.4772809743881226
625,0.6359000205993652,1.072978138923645,0.453000009059906,1.5704667568206787
626,0.6322000026702881,1.073024034500122,0.5095000267028809,1.4342223405838013
627,0.6333000063896179,1.070096731185913,0.48500001430511475,1.4830269813537598
628,0.6351000070571899,1.0738670825958252,0.4819999933242798,1.477602243423462
629,0.6348999738693237,1.070434808731079,0.45500001311302185,1.5953818559646606
630,0.6363000273704529,1.0702372789382935,0.43849998712539673,1.6793729066848755
631,0.6310999989509583,1.076383113861084,0.4894999861717224,1.4472672939300537
632,0.6359000205993652,1.064406394958496,0.4514999985694885,1.5713201761245728
633,0.6363000273704529,1.0654850006103516,0.45899999141693115,1.5497416257858276
634,0.6330000162124634,1.0713307857513428,0.47600001096725464,1.569387435913086
635,0.6359000205993652,1.0653650760650635,0.5049999952316284,1.445346474647522
636,0.6345000267028809,1.06631338596344,0.5040000081062317,1.4184633493423462
637,0.6370999813079834,1.0602190494537354,0.4390000104904175,1.7006804943084717
638,0.6360999941825867,1.0608783960342407,0.5024999976158142,1.4511213302612305
639,0.6370000243186951,1.058712363243103,0.4404999911785126,1.628835678100586
640,0.6377000212669373,1.0631064176559448,0.42399999499320984,1.6372374296188354
641,0.6345000267028809,1.0625735521316528,0.49799999594688416,1.4469237327575684
642,0.6385999917984009,1.0596389770507812,0.44699999690055847,1.6761270761489868
643,0.6363000273704529,1.0616099834442139,0.4154999852180481,1.6723213195800781
644,0.6406000256538391,1.0584259033203125,0.45350000262260437,1.5545824766159058
645,0.642799973487854,1.0556124448776245,0.5015000104904175,1.445535659790039
646,0.6435999870300293,1.0532004833221436,0.47200000286102295,1.5336031913757324
647,0.6399000287055969,1.0531423091888428,0.460999995470047,1.5605978965759277
648,0.6370000243186951,1.0524557828903198,0.42399999499320984,1.727484941482544
649,0.637499988079071,1.053358554840088,0.5109999775886536,1.4143564701080322
650,0.6427000164985657,1.0500006675720215,0.47699999809265137,1.5131101608276367
651,0.6381000280380249,1.050512671470642,0.4620000123977661,1.5345280170440674
652,0.6435999870300293,1.0487043857574463,0.4625000059604645,1.5106515884399414
653,0.64410001039505,1.0420091152191162,0.4634999930858612,1.5541001558303833
654,0.642300009727478,1.042724370956421,0.4465000033378601,1.6247628927230835
655,0.6470000147819519,1.0443644523620605,0.4819999933242798,1.5542666912078857
656,0.642300009727478,1.0458112955093384,0.44699999690055847,1.6500475406646729
657,0.6407999992370605,1.0468614101409912,0.5070000290870667,1.41853928565979
658,0.6438999772071838,1.0381596088409424,0.48249998688697815,1.4623481035232544
659,0.6427000164985657,1.0401113033294678,0.5040000081062317,1.4335432052612305
660,0.6480000019073486,1.0392206907272339,0.49549999833106995,1.459881067276001
661,0.6453999876976013,1.0417073965072632,0.4869999885559082,1.4823657274246216
662,0.6430000066757202,1.042937994003296,0.4975000023841858,1.484102725982666
663,0.6421999931335449,1.0417828559875488,0.4350000023841858,1.6495779752731323
664,0.6416000127792358,1.0423483848571777,0.4724999964237213,1.5333796739578247
665,0.6485000252723694,1.0374798774719238,0.49900001287460327,1.4292277097702026
666,0.6452999711036682,1.0358812808990479,0.4934999942779541,1.4719501733779907
667,0.646399974822998,1.034581184387207,0.4690000116825104,1.547663688659668
668,0.6486999988555908,1.0351046323776245,0.48750001192092896,1.4475085735321045
669,0.6484000086784363,1.0277701616287231,0.4104999899864197,1.74554443359375
670,0.6452000141143799,1.0395877361297607,0.4860000014305115,1.517237901687622
671,0.6467000246047974,1.0324159860610962,0.49000000953674316,1.485885739326477
672,0.6495000123977661,1.029147982597351,0.48750001192092896,1.4637569189071655
673,0.6498000025749207,1.029229760169983,0.49300000071525574,1.4860440492630005
674,0.6477000117301941,1.0287672281265259,0.39649999141693115,1.8088327646255493
675,0.6507999897003174,1.0272752046585083,0.47200000286102295,1.5270746946334839
676,0.6498000025749207,1.026636004447937,0.49000000953674316,1.479062557220459
677,0.6539999842643738,1.0194511413574219,0.4894999861717224,1.5136768817901611
678,0.6485000252723694,1.0229177474975586,0.44449999928474426,1.6101343631744385
679,0.6488999724388123,1.026165246963501,0.4684999883174896,1.5637683868408203
680,0.6516000032424927,1.0225666761398315,0.4115000069141388,1.7769792079925537
681,0.6521999835968018,1.019709587097168,0.4659999907016754,1.5768855810165405
682,0.650600016117096,1.0163516998291016,0.47450000047683716,1.5172889232635498
683,0.647599995136261,1.019269585609436,0.47749999165534973,1.5580308437347412
684,0.6531000137329102,1.01571786403656,0.46050000190734863,1.5950970649719238
685,0.6524999737739563,1.0176078081130981,0.38499999046325684,1.8462275266647339
686,0.652999997138977,1.0191142559051514,0.47749999165534973,1.5532513856887817
687,0.6531999707221985,1.0149834156036377,0.4855000078678131,1.4919013977050781
688,0.6539999842643738,1.0125722885131836,0.45350000262260437,1.6776169538497925
689,0.651199996471405,1.0160518884658813,0.4975000023841858,1.4366873502731323
690,0.6593000292778015,1.0105328559875488,0.4205000102519989,1.7935315370559692
691,0.6521000266075134,1.0130271911621094,0.4169999957084656,1.8774839639663696
692,0.6542999744415283,1.014511227607727,0.4860000014305115,1.5037882328033447
693,0.6599000096321106,1.0045772790908813,0.4749999940395355,1.5658282041549683
694,0.6597999930381775,1.0061923265457153,0.41100001335144043,1.843442440032959
695,0.6570000052452087,1.015114665031433,0.4860000014305115,1.555118203163147
696,0.6554999947547913,1.0093166828155518,0.5044999718666077,1.4760252237319946
697,0.6590999960899353,1.0092815160751343,0.4699999988079071,1.5398658514022827
698,0.65829998254776,1.0007696151733398,0.4415000081062317,1.6784104108810425
699,0.6552000045776367,1.0080925226211548,0.4729999899864197,1.5418944358825684
700,0.6608999967575073,1.0024398565292358,0.46549999713897705,1.5777332782745361
701,0.6603999733924866,1.0001366138458252,0.46399998664855957,1.5917348861694336
702,0.6586999893188477,1.0009468793869019,0.4794999957084656,1.505096673965454
703,0.6549999713897705,1.0042648315429688,0.484499990940094,1.4920650720596313
704,0.6600000262260437,0.9986867904663086,0.460999995470047,1.592922568321228
705,0.6638000011444092,0.9951494932174683,0.46700000762939453,1.5393437147140503
706,0.6635000109672546,0.9959020614624023,0.46149998903274536,1.5866034030914307
707,0.6603000164031982,0.9950767755508423,0.5105000138282776,1.4231324195861816
708,0.6628999710083008,0.9887925982475281,0.4970000088214874,1.476119875907898
709,0.6662999987602234,0.992796778678894,0.4909999966621399,1.4762791395187378
710,0.6629999876022339,0.9916641712188721,0.4794999957084656,1.514764428138733
711,0.6682999730110168,0.9859212040901184,0.49149999022483826,1.4789848327636719
712,0.6672000288963318,0.9882797598838806,0.4830000102519989,1.490182638168335
713,0.6611999869346619,0.9898983240127563,0.49300000071525574,1.45624577999115
714,0.6660000085830688,0.9872444272041321,0.4869999885559082,1.482706069946289
715,0.6635000109672546,0.9828659892082214,0.5005000233650208,1.5090433359146118
716,0.6665999889373779,0.9812264442443848,0.46399998664855957,1.517822027206421
717,0.6668999791145325,0.9839396476745605,0.47049999237060547,1.5200732946395874
718,0.6636000275611877,0.9832607507705688,0.5095000267028809,1.4239864349365234
719,0.6650999784469604,0.9825960993766785,0.47699999809265137,1.5389231443405151
720,0.6672000288963318,0.9812834858894348,0.4399999976158142,1.7037855386734009
721,0.6656000018119812,0.984265923500061,0.503000020980835,1.4503731727600098
722,0.6697999835014343,0.9793694615364075,0.4934999942779541,1.4913890361785889
723,0.6708999872207642,0.9738706350326538,0.4645000100135803,1.6347347497940063
724,0.6693000197410583,0.9774771332740784,0.47350001335144043,1.5110795497894287
725,0.6672000288963318,0.9753779172897339,0.49000000953674316,1.4807053804397583
726,0.6693999767303467,0.9766079783439636,0.453000009059906,1.645241141319275
727,0.6669999957084656,0.9791944622993469,0.47850000858306885,1.4826350212097168
728,0.6708999872207642,0.9715836048126221,0.5080000162124634,1.4558274745941162
729,0.6693000197410583,0.974090039730072,0.4945000112056732,1.4785706996917725
730,0.6700999736785889,0.9692767858505249,0.5049999952316284,1.4390313625335693
731,0.675000011920929,0.9679070115089417,0.4645000100135803,1.5915074348449707
732,0.6689000129699707,0.973727822303772,0.44699999690055847,1.7105364799499512
733,0.66839998960495,0.9745518565177917,0.46399998664855957,1.5664628744125366
734,0.6735000014305115,0.9636383056640625,0.4779999852180481,1.5221790075302124
735,0.6721000075340271,0.9674323201179504,0.46000000834465027,1.5876834392547607
736,0.6730999946594238,0.964469850063324,0.47749999165534973,1.5099369287490845
737,0.6759999990463257,0.9617485404014587,0.4580000042915344,1.5853543281555176
738,0.6722000241279602,0.9655048847198486,0.4830000102519989,1.4800429344177246
739,0.671500027179718,0.9618743062019348,0.4855000078678131,1.5156515836715698
740,0.6769000291824341,0.9566563367843628,0.4505000114440918,1.6574336290359497
741,0.6747000217437744,0.9639165997505188,0.45649999380111694,1.6239426136016846
742,0.6729999780654907,0.9603514671325684,0.4860000014305115,1.5264910459518433
743,0.6730999946594238,0.9599639773368835,0.48899999260902405,1.4552088975906372
744,0.6797999739646912,0.9502031207084656,0.4620000123977661,1.6366270780563354
745,0.6725000143051147,0.96231609582901,0.503000020980835,1.4401615858078003
746,0.6758999824523926,0.9526062607765198,0.4675000011920929,1.6339586973190308
747,0.6786999702453613,0.957796573638916,0.47850000858306885,1.5864737033843994
748,0.6761999726295471,0.9568115472793579,0.48350000381469727,1.490710735321045
749,0.6830000281333923,0.9485765695571899,0.48399999737739563,1.5402231216430664
750,0.6754999756813049,0.9535306692123413,0.4754999876022339,1.5671734809875488
751,0.6816999912261963,0.9460210204124451,0.49300000071525574,1.4824870824813843
752,0.6812000274658203,0.9449377059936523,0.4880000054836273,1.518681526184082
753,0.6783999800682068,0.949013888835907,0.4894999861717224,1.4853368997573853
754,0.6829000115394592,0.938912570476532,0.49399998784065247,1.504109263420105
755,0.683899998664856,0.9485374093055725,0.46149998903274536,1.620975375175476
756,0.6812000274658203,0.9463053941726685,0.47999998927116394,1.4749133586883545
757,0.6836000084877014,0.9396553635597229,0.48750001192092896,1.5026248693466187
758,0.682699978351593,0.9396443367004395,0.4359999895095825,1.7151356935501099
759,0.6758000254631042,0.9439966678619385,0.4740000069141388,1.534710168838501
760,0.6794000267982483,0.9490513801574707,0.49799999594688416,1.45829176902771
761,0.682699978351593,0.9355902075767517,0.49050000309944153,1.4612464904785156
762,0.6802999973297119,0.9366838932037354,0.46950000524520874,1.5570182800292969
763,0.6820999979972839,0.936445415019989,0.4584999978542328,1.6687709093093872
764,0.6789000034332275,0.9437161087989807,0.4925000071525574,1.4565452337265015
765,0.6859999895095825,0.9319021701812744,0.48350000381469727,1.5068358182907104
766,0.676800012588501,0.937514066696167,0.4925000071525574,1.492308497428894
767,0.6866999864578247,0.9340652227401733,0.4855000078678131,1.4871553182601929
768,0.6851999759674072,0.9307383894920349,0.5,1.456707239151001
769,0.6863999962806702,0.9268506765365601,0.4560000002384186,1.7129709720611572
770,0.6859999895095825,0.9329391717910767,0.49549999833106995,1.44168221950531
771,0.6888999938964844,0.9289100766181946,0.4645000100135803,1.5891937017440796
772,0.6862000226974487,0.9281483292579651,0.4569999873638153,1.6228151321411133
773,0.6904000043869019,0.9263914227485657,0.4975000023841858,1.482387661933899
774,0.6920999884605408,0.9250398278236389,0.4194999933242798,1.8503607511520386
775,0.6883999705314636,0.9278266429901123,0.5,1.4571537971496582
776,0.6909000277519226,0.9273216724395752,0.48649999499320984,1.5496318340301514
777,0.6883000135421753,0.9253518581390381,0.49399998784065247,1.4937688112258911
778,0.6873999834060669,0.924400806427002,0.48500001430511475,1.5429060459136963
779,0.6883000135421753,0.9198991060256958,0.4950000047683716,1.4946234226226807
780,0.6890000104904175,0.9196583032608032,0.46299999952316284,1.708862543106079
781,0.685699999332428,0.9251567125320435,0.49549999833106995,1.49211585521698
782,0.6912999749183655,0.9143571257591248,0.4805000126361847,1.5482112169265747
783,0.6898999810218811,0.9157742261886597,0.4659999907016754,1.5834999084472656
784,0.6916000247001648,0.9177777171134949,0.4884999990463257,1.5486377477645874
785,0.6895999908447266,0.9168455004692078,0.503000020980835,1.4604531526565552
786,0.6935999989509583,0.9079934358596802,0.4375,1.7332251071929932
787,0.6880999803543091,0.9191025495529175,0.4490000009536743,1.7161357402801514
788,0.6888999938964844,0.9197275638580322,0.4375,1.771064043045044
789,0.694599986076355,0.915594220161438,0.460999995470047,1.6343445777893066
790,0.6913999915122986,0.9081478714942932,0.4964999854564667,1.4646930694580078
791,0.6966000199317932,0.9049844741821289,0.5040000081062317,1.445834755897522
792,0.6958000063896179,0.9077988266944885,0.47099998593330383,1.5632498264312744
793,0.6990000009536743,0.9104124903678894,0.4830000102519989,1.5628405809402466
794,0.6934999823570251,0.9068624973297119,0.46399998664855957,1.644433617591858
795,0.6944000124931335,0.9063544869422913,0.46950000524520874,1.588259220123291
796,0.696399986743927,0.9039947986602783,0.46149998903274536,1.6667823791503906
797,0.6984000205993652,0.9035565257072449,0.4880000054836273,1.4934020042419434
798,0.6995000243186951,0.8980899453163147,0.4830000102519989,1.5312950611114502
799,0.6930000185966492,0.9030120372772217,0.4699999988079071,1.5272680521011353
800,0.6987000107765198,0.896240234375,0.39750000834465027,1.9538079500198364
801,0.6930000185966492,0.8981849551200867,0.46700000762939453,1.5520648956298828
802,0.6972000002861023,0.8996272683143616,0.4884999990463257,1.4811874628067017
803,0.7001000046730042,0.894487202167511,0.45350000262260437,1.6690181493759155
804,0.699400007724762,0.9004591703414917,0.4684999883174896,1.664060115814209
805,0.699999988079071,0.893717885017395,0.47450000047683716,1.55573308467865
806,0.7020999789237976,0.8928274512290955,0.45750001072883606,1.7218002080917358
807,0.6959999799728394,0.90045166015625,0.48249998688697815,1.491644263267517
808,0.703000009059906,0.8861529231071472,0.44850000739097595,1.6499546766281128
809,0.6953999996185303,0.894473135471344,0.4925000071525574,1.5904841423034668
810,0.6996999979019165,0.8925023674964905,0.4959999918937683,1.557637095451355
811,0.6988000273704529,0.8965160250663757,0.4975000023841858,1.488126516342163
812,0.7014999985694885,0.8859193325042725,0.4345000088214874,1.8128957748413086
813,0.7002999782562256,0.8878409266471863,0.47999998927116394,1.5570356845855713
814,0.6990000009536743,0.8864570260047913,0.3580000102519989,2.2493410110473633
815,0.698199987411499,0.8904914259910583,0.4814999997615814,1.5103960037231445
816,0.7013999819755554,0.8845910429954529,0.4595000147819519,1.6048222780227661
817,0.7102000117301941,0.8786516785621643,0.47699999809265137,1.5520075559616089
818,0.7009000182151794,0.8841826319694519,0.4740000069141388,1.540195107460022
819,0.7021999955177307,0.8847495317459106,0.4869999885559082,1.5068193674087524
820,0.7017999887466431,0.883263885974884,0.38749998807907104,2.079763412475586
821,0.7042999863624573,0.8862711787223816,0.4790000021457672,1.583828091621399
822,0.7027999758720398,0.8813977241516113,0.5044999718666077,1.4483610391616821
823,0.7078999876976013,0.8724720478057861,0.4884999990463257,1.5547151565551758
824,0.7044000029563904,0.8817211985588074,0.4945000112056732,1.560736060142517
825,0.7123000025749207,0.8745434284210205,0.47699999809265137,1.550426959991455
826,0.7070000171661377,0.8697364330291748,0.4945000112056732,1.5272831916809082
827,0.7073000073432922,0.8740867972373962,0.4230000078678131,1.8696062564849854
828,0.7070000171661377,0.8749638795852661,0.5034999847412109,1.4498345851898193
829,0.7045000195503235,0.8691595792770386,0.49549999833106995,1.5277397632598877
830,0.7099999785423279,0.8639965653419495,0.5090000033378601,1.467355489730835
831,0.7106999754905701,0.8676888942718506,0.4645000100135803,1.6583143472671509
832,0.7117000222206116,0.8661771416664124,0.45899999141693115,1.6557117700576782
833,0.7103000283241272,0.8698257803916931,0.4724999964237213,1.5313317775726318
834,0.7124000191688538,0.8641553521156311,0.47850000858306885,1.5697846412658691
835,0.7096999883651733,0.8641592860221863,0.5059999823570251,1.5050408840179443
836,0.7120000123977661,0.8605691194534302,0.46000000834465027,1.658255934715271
837,0.7121000289916992,0.8639838695526123,0.49050000309944153,1.5474320650100708
838,0.7103000283241272,0.8631749749183655,0.41749998927116394,1.890045404434204
839,0.7139999866485596,0.8626693487167358,0.46050000190734863,1.6109563112258911
840,0.7135999798774719,0.8615639805793762,0.4690000116825104,1.6535334587097168
841,0.7135000228881836,0.8545522689819336,0.4975000023841858,1.5360310077667236
842,0.7160999774932861,0.8554534912109375,0.4880000054836273,1.5247889757156372
843,0.7121000289916992,0.8581125140190125,0.4690000116825104,1.6435284614562988
844,0.7159000039100647,0.8553157448768616,0.47200000286102295,1.5808418989181519
845,0.7153000235557556,0.8509413003921509,0.4659999907016754,1.7038984298706055
846,0.7160999774932861,0.8519272208213806,0.5024999976158142,1.4932372570037842
847,0.7168999910354614,0.8514307737350464,0.4950000047683716,1.5053061246871948
848,0.7161999940872192,0.8487353324890137,0.460999995470047,1.670168399810791
849,0.7149999737739563,0.8557190299034119,0.4884999990463257,1.4803770780563354
850,0.7190999984741211,0.8447964787483215,0.4830000102519989,1.5538790225982666
851,0.7163000106811523,0.8463044166564941,0.49050000309944153,1.5354336500167847
852,0.715399980545044,0.8515403270721436,0.49300000071525574,1.495343804359436
853,0.7214999794960022,0.8443678617477417,0.5024999976158142,1.4788514375686646
854,0.7206000089645386,0.8383265733718872,0.4934999942779541,1.516129970550537
855,0.7171000242233276,0.8461716771125793,0.4830000102519989,1.6176698207855225
856,0.7184000015258789,0.8406974673271179,0.4894999861717224,1.4877427816390991
857,0.7199000120162964,0.837913453578949,0.49399998784065247,1.5169074535369873
858,0.7275999784469604,0.8376122117042542,0.47850000858306885,1.5972683429718018
859,0.7242000102996826,0.8389528393745422,0.4345000088214874,1.7768875360488892
860,0.7163000106811523,0.8472071290016174,0.4830000102519989,1.540284276008606
861,0.7208999991416931,0.8334492444992065,0.4749999940395355,1.53825843334198
862,0.7204999923706055,0.8333926796913147,0.48500001430511475,1.53691565990448
863,0.7228000164031982,0.8303124308586121,0.484499990940094,1.5575892925262451
864,0.7214000225067139,0.8392927646636963,0.4925000071525574,1.4972813129425049
865,0.7181000113487244,0.8344738483428955,0.45350000262260437,1.671204924583435
866,0.7168999910354614,0.8418270349502563,0.5005000233650208,1.5007381439208984
867,0.7210999727249146,0.8388046622276306,0.49799999594688416,1.5442806482315063
868,0.7229999899864197,0.830512285232544,0.4894999861717224,1.528455376625061
869,0.7258999943733215,0.826988935470581,0.4794999957084656,1.5797747373580933
870,0.7246999740600586,0.8255928754806519,0.5055000185966492,1.4863524436950684
871,0.7231000065803528,0.8250085115432739,0.4950000047683716,1.489200234413147
872,0.7253999710083008,0.8260629177093506,0.4514999985694885,1.6410914659500122
873,0.7249000072479248,0.8246924877166748,0.46650001406669617,1.7045680284500122
874,0.7239999771118164,0.8258460164070129,0.4754999876022339,1.5887585878372192
875,0.7276999950408936,0.8172036409378052,0.4984999895095825,1.5251554250717163
876,0.7303000092506409,0.8205698132514954,0.43799999356269836,1.7397425174713135
877,0.7232000231742859,0.824094831943512,0.492000013589859,1.5173672437667847
878,0.7322999835014343,0.815819501876831,0.4645000100135803,1.5829262733459473
879,0.728600025177002,0.815680980682373,0.4494999945163727,1.675194501876831
880,0.7293999791145325,0.8205644488334656,0.44449999928474426,1.7735530138015747
881,0.7272999882698059,0.8183543682098389,0.4300000071525574,1.8238465785980225
882,0.7193999886512756,0.8266154527664185,0.4555000066757202,1.7160871028900146
883,0.727400004863739,0.8166581392288208,0.48500001430511475,1.5567735433578491
884,0.7293000221252441,0.8095719218254089,0.4959999918937683,1.4885993003845215
885,0.7275999784469604,0.8129182457923889,0.49000000953674316,1.5124138593673706
886,0.7305999994277954,0.8110918402671814,0.4415000081062317,1.745345950126648
887,0.7282000184059143,0.8107234835624695,0.48899999260902405,1.603498935699463
888,0.7307999730110168,0.8116784691810608,0.3765000104904175,2.1921210289001465
889,0.7282000184059143,0.8233039975166321,0.48100000619888306,1.545606255531311
890,0.7336999773979187,0.7998971343040466,0.4350000023841858,1.8439692258834839
891,0.7304999828338623,0.8094592094421387,0.476500004529953,1.6402798891067505
892,0.7312999963760376,0.8070893883705139,0.460999995470047,1.741227149963379
893,0.7364000082015991,0.8037123084068298,0.4970000088214874,1.5606821775436401
894,0.7354000210762024,0.8019780516624451,0.44449999928474426,1.7292213439941406
895,0.7339000105857849,0.8023198843002319,0.44999998807907104,1.679338812828064
896,0.737500011920929,0.7985995411872864,0.47099998593330383,1.5536975860595703
897,0.7376999855041504,0.7969520092010498,0.4560000002384186,1.6729576587677002
898,0.7384999990463257,0.7969178557395935,0.46950000524520874,1.5974997282028198
899,0.7369999885559082,0.794478714466095,0.4620000123977661,1.6767935752868652
900,0.7379999756813049,0.7967957854270935,0.4794999957084656,1.6039581298828125
901,0.7368999719619751,0.7932186126708984,0.45399999618530273,1.7173781394958496
902,0.7314000129699707,0.7978670597076416,0.41100001335144043,2.09311842918396
903,0.7335000038146973,0.8030687570571899,0.48350000381469727,1.5596786737442017
904,0.7384999990463257,0.7911894917488098,0.476500004529953,1.6907371282577515
905,0.7350000143051147,0.798515260219574,0.49149999022483826,1.5663492679595947
906,0.739300012588501,0.7861302495002747,0.4595000147819519,1.753773808479309
907,0.7383999824523926,0.795691967010498,0.4009999930858612,2.1531646251678467
908,0.7364000082015991,0.7958152294158936,0.4909999966621399,1.5230658054351807
909,0.7402999997138977,0.7834296226501465,0.476500004529953,1.589878797531128
910,0.7411999702453613,0.784017026424408,0.46799999475479126,1.6124829053878784
911,0.7415000200271606,0.7822215557098389,0.4860000014305115,1.5759197473526
912,0.7383000254631042,0.7902352213859558,0.4255000054836273,1.8610570430755615
913,0.7376000285148621,0.7900555729866028,0.49149999022483826,1.5242764949798584
914,0.742900013923645,0.7781128287315369,0.46950000524520874,1.6238385438919067
915,0.7404000163078308,0.7832390069961548,0.4884999990463257,1.554578423500061
916,0.7411999702453613,0.7827311754226685,0.48100000619888306,1.583718180656433
917,0.742900013923645,0.7767026424407959,0.3869999945163727,2.0766355991363525
918,0.7379000186920166,0.7837988138198853,0.43799999356269836,1.7603152990341187
919,0.7402999997138977,0.7822878360748291,0.4724999964237213,1.6076303720474243
920,0.7437000274658203,0.7792640924453735,0.4560000002384186,1.7466537952423096
921,0.7470999956130981,0.7692605257034302,0.47350001335144043,1.6356648206710815
922,0.7459999918937683,0.7712751030921936,0.48399999737739563,1.5905940532684326
923,0.7444999814033508,0.7718448638916016,0.47049999237060547,1.6269054412841797
924,0.7458999752998352,0.7760640382766724,0.43849998712539673,1.8639966249465942
925,0.7458000183105469,0.7742670178413391,0.48350000381469727,1.5803183317184448
926,0.7498000264167786,0.7675689458847046,0.47600001096725464,1.6419416666030884
927,0.744700014591217,0.7693783044815063,0.4645000100135803,1.7083234786987305
928,0.7475000023841858,0.7674542665481567,0.48399999737739563,1.5987024307250977
929,0.7493000030517578,0.7596966624259949,0.47999998927116394,1.6162787675857544
930,0.75,0.7612859606742859,0.46650001406669617,1.643494725227356
931,0.7462999820709229,0.766059935092926,0.47699999809265137,1.6100214719772339
932,0.7473999857902527,0.7615660429000854,0.5109999775886536,1.5088746547698975
933,0.7537000179290771,0.7618927359580994,0.4620000123977661,1.644303321838379
934,0.7505000233650208,0.759428858757019,0.445499986410141,1.8637120723724365
935,0.7480000257492065,0.7643110156059265,0.44850000739097595,1.7825770378112793
936,0.7490000128746033,0.760819137096405,0.48750001192092896,1.5852961540222168
937,0.7495999932289124,0.7602179050445557,0.4819999933242798,1.5724177360534668
938,0.7549999952316284,0.7562025189399719,0.43799999356269836,1.787463665008545
939,0.753600001335144,0.7546447515487671,0.4830000102519989,1.5507663488388062
940,0.7548999786376953,0.7476791739463806,0.503000020980835,1.5052443742752075
941,0.7506999969482422,0.753801167011261,0.4399999976158142,1.790510892868042
942,0.7537999749183655,0.7555668950080872,0.43650001287460327,1.7556382417678833
943,0.7567999958992004,0.7497243881225586,0.49000000953674316,1.589277744293213
944,0.7529000043869019,0.7543954253196716,0.4620000123977661,1.7549809217453003
945,0.7555999755859375,0.7449761629104614,0.4465000033378601,1.8072201013565063
946,0.7552000284194946,0.7479991912841797,0.46050000190734863,1.7422906160354614
947,0.7559999823570251,0.743074357509613,0.47850000858306885,1.6329388618469238
948,0.7523000240325928,0.7528757452964783,0.48750001192092896,1.5870749950408936
949,0.7548999786376953,0.7418588399887085,0.429500013589859,1.893080234527588
950,0.7506999969482422,0.7501415610313416,0.44449999928474426,1.7971330881118774
951,0.757099986076355,0.7409402132034302,0.5049999952316284,1.5330592393875122
952,0.7599999904632568,0.7412823438644409,0.46149998903274536,1.6719871759414673
953,0.7549999952316284,0.7393835783004761,0.4625000059604645,1.7341794967651367
954,0.7620000243186951,0.7374716401100159,0.48249998688697815,1.570978045463562
955,0.758400022983551,0.7362645268440247,0.484499990940094,1.5464762449264526
956,0.7609999775886536,0.7365115284919739,0.47350001335144043,1.6579495668411255
957,0.760699987411499,0.7309516072273254,0.4779999852180481,1.6494351625442505
958,0.7613999843597412,0.7343944907188416,0.4715000092983246,1.6989003419876099
959,0.7642999887466431,0.7306782603263855,0.5024999976158142,1.5439461469650269
960,0.7574999928474426,0.7311221957206726,0.47350001335144043,1.6198831796646118
961,0.760200023651123,0.7317960858345032,0.4244999885559082,1.8845326900482178
962,0.7591999769210815,0.7329088449478149,0.4909999966621399,1.5922324657440186
963,0.7646999955177307,0.7275094985961914,0.4880000054836273,1.586875319480896
964,0.7631999850273132,0.724918007850647,0.44749999046325684,1.6917082071304321
965,0.761900007724762,0.7298627495765686,0.4860000014305115,1.5997711420059204
966,0.7649000287055969,0.7256816625595093,0.49799999594688416,1.5661380290985107
967,0.7634999752044678,0.723481297492981,0.48899999260902405,1.5827383995056152
968,0.7660999894142151,0.7201579213142395,0.4429999887943268,1.831193208694458
969,0.7609000205993652,0.7277203798294067,0.47350001335144043,1.6454650163650513
970,0.7617999911308289,0.7242304682731628,0.4925000071525574,1.5891896486282349
971,0.7663999795913696,0.7146140336990356,0.4715000092983246,1.665746808052063
972,0.7657999992370605,0.7194144129753113,0.5009999871253967,1.5652378797531128
973,0.767300009727478,0.7168749570846558,0.4699999988079071,1.7476547956466675
974,0.76419997215271,0.7185832858085632,0.49000000953674316,1.5634474754333496
975,0.7674000263214111,0.7114242911338806,0.4830000102519989,1.607800006866455
976,0.7634999752044678,0.7188735604286194,0.4860000014305115,1.6186281442642212
977,0.761900007724762,0.7212907075881958,0.4830000102519989,1.6423492431640625
978,0.765999972820282,0.7130935788154602,0.49399998784065247,1.5884671211242676
979,0.7671999931335449,0.7146035432815552,0.4684999883174896,1.7045906782150269
980,0.7696999907493591,0.7132949829101562,0.4749999940395355,1.6638829708099365
981,0.7723000049591064,0.7098448872566223,0.4404999911785126,1.881907343864441
982,0.7633000016212463,0.7182915806770325,0.49799999594688416,1.6214896440505981
983,0.7724000215530396,0.7010480761528015,0.4830000102519989,1.613749623298645
984,0.7702000141143799,0.7061108946800232,0.48249998688697815,1.63571035861969
985,0.7756999731063843,0.7033191323280334,0.4975000023841858,1.5530468225479126
986,0.7720999717712402,0.700747549533844,0.47749999165534973,1.7377828359603882
987,0.7724000215530396,0.7013031244277954,0.49549999833106995,1.5529906749725342
988,0.7732999920845032,0.6970475912094116,0.4724999964237213,1.6900581121444702
989,0.7735000252723694,0.7051045298576355,0.4869999885559082,1.5986791849136353
990,0.7767999768257141,0.6965159177780151,0.4934999942779541,1.5703778266906738
991,0.7664999961853027,0.7009592652320862,0.3580000102519989,2.656100273132324
992,0.7652000188827515,0.7268334031105042,0.4934999942779541,1.5903855562210083
993,0.7735999822616577,0.6934051513671875,0.47999998927116394,1.6805298328399658
994,0.7748000025749207,0.6936485171318054,0.49000000953674316,1.6402621269226074
995,0.7767000198364258,0.6935649514198303,0.4970000088214874,1.579551339149475
996,0.7728000283241272,0.6946871876716614,0.4625000059604645,1.6915926933288574
997,0.7700999975204468,0.698191225528717,0.49549999833106995,1.6203597784042358
998,0.7756999731063843,0.6949260234832764,0.4514999985694885,1.8037983179092407
999,0.777999997138977,0.6908883452415466,0.4724999964237213,1.6947293281555176
