epoch,accuracy,loss,val_accuracy,val_loss
0,0.09839999675750732,2.3111534118652344,0.1054999977350235,2.3040881156921387
1,0.11580000072717667,2.301558494567871,0.11900000274181366,2.2958109378814697
2,0.1242000013589859,2.2937581539154053,0.125,2.288797378540039
3,0.12939999997615814,2.2867019176483154,0.1379999965429306,2.282479763031006
4,0.13609999418258667,2.2802906036376953,0.14100000262260437,2.2765262126922607
5,0.13979999721050262,2.274000644683838,0.1445000022649765,2.270169734954834
6,0.14489999413490295,2.267226219177246,0.15600000321865082,2.26318097114563
7,0.1526000052690506,2.2597103118896484,0.15399999916553497,2.2556426525115967
8,0.15919999778270721,2.2510952949523926,0.1704999953508377,2.2461302280426025
9,0.16899999976158142,2.2412092685699463,0.17249999940395355,2.2357661724090576
10,0.17810000479221344,2.229851484298706,0.18449999392032623,2.2241201400756836
11,0.1867000013589859,2.217104911804199,0.19249999523162842,2.210765838623047
12,0.19990000128746033,2.2027645111083984,0.18250000476837158,2.195356845855713
13,0.20329999923706055,2.186795949935913,0.2029999941587448,2.179111957550049
14,0.211899995803833,2.1701371669769287,0.21250000596046448,2.1622188091278076
15,0.2257000058889389,2.152573823928833,0.21799999475479126,2.145108699798584
16,0.23029999434947968,2.135082721710205,0.22450000047683716,2.1282002925872803
17,0.2370000034570694,2.117912769317627,0.23749999701976776,2.1113851070404053
18,0.24729999899864197,2.102012872695923,0.23999999463558197,2.0958750247955322
19,0.24639999866485596,2.086094856262207,0.2485000044107437,2.081186056137085
20,0.25209999084472656,2.0726490020751953,0.24199999868869781,2.06815242767334
21,0.2524999976158142,2.0606844425201416,0.24650000035762787,2.058013677597046
22,0.25780001282691956,2.0492851734161377,0.23549999296665192,2.057293176651001
23,0.25850000977516174,2.040066719055176,0.24650000035762787,2.0404744148254395
24,0.2639999985694885,2.0310277938842773,0.24799999594688416,2.044370412826538
25,0.26750001311302185,2.0237693786621094,0.25600001215934753,2.0214297771453857
26,0.2696000039577484,2.015765428543091,0.25850000977516174,2.016422748565674
27,0.274399995803833,2.0093741416931152,0.265500009059906,2.0106401443481445
28,0.27390000224113464,2.0031840801239014,0.25999999046325684,2.0072021484375
29,0.27630001306533813,1.9973530769348145,0.273499995470047,1.999183177947998
30,0.2809999883174896,1.9920814037322998,0.2705000042915344,1.9911946058273315
31,0.2840000092983246,1.9861454963684082,0.2705000042915344,1.991499662399292
32,0.28769999742507935,1.9812895059585571,0.27900001406669617,1.9792933464050293
33,0.28690001368522644,1.9759927988052368,0.2775000035762787,1.976826786994934
34,0.2897999882698059,1.9715903997421265,0.28200000524520874,1.9738037586212158
35,0.29429998993873596,1.965598225593567,0.2815000116825104,1.9733647108078003
36,0.2971000075340271,1.961578369140625,0.28450000286102295,1.9731450080871582
37,0.2964000105857849,1.9567240476608276,0.2854999899864197,1.9564374685287476
38,0.3009999990463257,1.9516760110855103,0.28999999165534973,1.9516332149505615
39,0.302700012922287,1.946300745010376,0.2944999933242798,1.9514812231063843
40,0.30480000376701355,1.9403982162475586,0.2939999997615814,1.9492206573486328
41,0.30709999799728394,1.9370300769805908,0.2874999940395355,1.9556002616882324
42,0.30889999866485596,1.9315036535263062,0.3100000023841858,1.9355762004852295
43,0.3091999888420105,1.9259274005889893,0.2994999885559082,1.9285942316055298
44,0.31060001254081726,1.9210349321365356,0.3075000047683716,1.9232897758483887
45,0.3138999938964844,1.915545105934143,0.31150001287460327,1.9153105020523071
46,0.31459999084472656,1.9100072383880615,0.2915000021457672,1.933781385421753
47,0.31850001215934753,1.9046411514282227,0.30649998784065247,1.9084054231643677
48,0.3190000057220459,1.8990074396133423,0.3179999887943268,1.8983709812164307
49,0.32170000672340393,1.8923386335372925,0.3125,1.896859049797058
50,0.32269999384880066,1.8867055177688599,0.3149999976158142,1.8928331136703491
51,0.3262999951839447,1.8803881406784058,0.32100000977516174,1.8838766813278198
52,0.3312000036239624,1.8737722635269165,0.3255000114440918,1.878771185874939
53,0.3312999904155731,1.8685170412063599,0.3255000114440918,1.8782545328140259
54,0.3327000141143799,1.8628333806991577,0.32749998569488525,1.8715193271636963
55,0.33480000495910645,1.8557517528533936,0.3174999952316284,1.8801727294921875
56,0.33970001339912415,1.8496708869934082,0.3244999945163727,1.8579787015914917
57,0.34209999442100525,1.8432488441467285,0.3310000002384186,1.8522207736968994
58,0.3431999981403351,1.8377937078475952,0.32199999690055847,1.8552610874176025
59,0.3463999927043915,1.8326537609100342,0.3190000057220459,1.8584280014038086
60,0.34709998965263367,1.8246954679489136,0.33799999952316284,1.8550320863723755
61,0.3513000011444092,1.8195890188217163,0.34150001406669617,1.8343110084533691
62,0.35120001435279846,1.8127038478851318,0.3095000088214874,1.8787448406219482
63,0.3547999858856201,1.8082960844039917,0.30799999833106995,1.8673229217529297
64,0.3546000123023987,1.80372953414917,0.33000001311302185,1.8328900337219238
65,0.35850000381469727,1.7959789037704468,0.3440000116825104,1.809522271156311
66,0.3587999939918518,1.7919068336486816,0.34700000286102295,1.8110517263412476
67,0.36090001463890076,1.7872614860534668,0.35100001096725464,1.8074711561203003
68,0.36489999294281006,1.7813023328781128,0.34850001335144043,1.8089653253555298
69,0.3675000071525574,1.7767544984817505,0.34450000524520874,1.8105956315994263
70,0.3666999936103821,1.773057222366333,0.33649998903274536,1.8278424739837646
71,0.36570000648498535,1.7691322565078735,0.35850000381469727,1.782087802886963
72,0.3741999864578247,1.7634696960449219,0.3499999940395355,1.8000470399856567
73,0.3702999949455261,1.7585283517837524,0.35249999165534973,1.7790143489837646
74,0.37070000171661377,1.7544796466827393,0.35249999165534973,1.789129614830017
75,0.3734000027179718,1.7503888607025146,0.35749998688697815,1.765222430229187
76,0.3718999922275543,1.7463458776474,0.3564999997615814,1.7811297178268433
77,0.37610000371932983,1.7426033020019531,0.3634999990463257,1.7688847780227661
78,0.3772999942302704,1.7379769086837769,0.3544999957084656,1.812886118888855
79,0.3815999925136566,1.7333284616470337,0.36550000309944153,1.7668399810791016
80,0.3817000091075897,1.731301188468933,0.36250001192092896,1.7825939655303955
81,0.3799999952316284,1.7280499935150146,0.367000013589859,1.738901972770691
82,0.38350000977516174,1.7247103452682495,0.36649999022483826,1.7736691236495972
83,0.38339999318122864,1.7204418182373047,0.36500000953674316,1.7803350687026978
84,0.3824999928474426,1.718672513961792,0.3709999918937683,1.7433961629867554
85,0.3880000114440918,1.7124525308609009,0.3434999883174896,1.8001344203948975
86,0.3862000107765198,1.7097021341323853,0.37549999356269836,1.7256667613983154
87,0.38940000534057617,1.7063924074172974,0.36899998784065247,1.730920433998108
88,0.38909998536109924,1.7045631408691406,0.3684999942779541,1.7260178327560425
89,0.3926999866962433,1.7000105381011963,0.38499999046325684,1.7194551229476929
90,0.3903999924659729,1.6978904008865356,0.32899999618530273,1.8137211799621582
91,0.3910999894142151,1.6938247680664062,0.3889999985694885,1.7379549741744995
92,0.3919000029563904,1.6917716264724731,0.3720000088214874,1.805246114730835
93,0.3928000032901764,1.6878974437713623,0.38499999046325684,1.7301626205444336
94,0.3971000015735626,1.6831917762756348,0.38850000500679016,1.7063931226730347
95,0.3950999975204468,1.6808907985687256,0.3785000145435333,1.722618579864502
96,0.3993000090122223,1.6773558855056763,0.36000001430511475,1.8193669319152832
97,0.3946000039577484,1.675277590751648,0.390500009059906,1.7064729928970337
98,0.4016999900341034,1.6703088283538818,0.37400001287460327,1.7425878047943115
99,0.4034999907016754,1.667875051498413,0.39899998903274536,1.6975245475769043
100,0.4034999907016754,1.6649062633514404,0.38600000739097595,1.7010051012039185
101,0.40709999203681946,1.6622262001037598,0.35749998688697815,1.7604540586471558
102,0.40400001406669617,1.6593247652053833,0.35199999809265137,1.7763252258300781
103,0.40139999985694885,1.657961368560791,0.37950000166893005,1.7147997617721558
104,0.4074999988079071,1.6536656618118286,0.3815000057220459,1.7052347660064697
105,0.40459999442100525,1.6510034799575806,0.3869999945163727,1.687925100326538
106,0.4052000045776367,1.6482551097869873,0.38100001215934753,1.6958190202713013
107,0.4065999984741211,1.6443586349487305,0.40049999952316284,1.6750293970108032
108,0.4097999930381775,1.6415845155715942,0.4050000011920929,1.663559079170227
109,0.41200000047683716,1.6386849880218506,0.40400001406669617,1.6562129259109497
110,0.41100001335144043,1.6353853940963745,0.3880000114440918,1.7214715480804443
111,0.4106000065803528,1.6335549354553223,0.3799999952316284,1.6833264827728271
112,0.4124000072479248,1.6304738521575928,0.3919999897480011,1.6856849193572998
113,0.413100004196167,1.6276166439056396,0.3865000009536743,1.6863431930541992
114,0.41359999775886536,1.624057412147522,0.38499999046325684,1.8075662851333618
115,0.4115000069141388,1.625075340270996,0.3880000114440918,1.7284868955612183
116,0.41339999437332153,1.6219600439071655,0.38749998807907104,1.6873314380645752
117,0.4187999963760376,1.6169527769088745,0.39649999141693115,1.6822994947433472
118,0.4147000014781952,1.6157478094100952,0.4154999852180481,1.645906686782837
119,0.4178999960422516,1.612330436706543,0.41850000619888306,1.6277658939361572
120,0.41940000653266907,1.6087546348571777,0.40400001406669617,1.6490305662155151
121,0.4214000105857849,1.6075389385223389,0.4059999883174896,1.6358479261398315
122,0.42100000381469727,1.602595567703247,0.4059999883174896,1.6275793313980103
123,0.41850000619888306,1.602400302886963,0.4124999940395355,1.6649370193481445
124,0.4203999936580658,1.5987311601638794,0.42399999499320984,1.623840093612671
125,0.42579999566078186,1.5953904390335083,0.40400001406669617,1.6836374998092651
126,0.4255000054836273,1.5931695699691772,0.41600000858306885,1.6525553464889526
127,0.42170000076293945,1.590620756149292,0.40799999237060547,1.6419004201889038
128,0.42559999227523804,1.5874751806259155,0.39649999141693115,1.7628194093704224
129,0.42250001430511475,1.5895309448242188,0.4230000078678131,1.606048345565796
130,0.42579999566078186,1.5824859142303467,0.4244999885559082,1.6077606678009033
131,0.4277999997138977,1.5825275182724,0.40700000524520874,1.6314653158187866
132,0.4260999858379364,1.579530119895935,0.4180000126361847,1.6033482551574707
133,0.4318999946117401,1.575046181678772,0.41749998927116394,1.626932978630066
134,0.4325999915599823,1.5737487077713013,0.4269999861717224,1.5910446643829346
135,0.43220001459121704,1.5720396041870117,0.4115000069141388,1.6325829029083252
136,0.43149998784065247,1.5710926055908203,0.39899998903274536,1.6192551851272583
137,0.4341999888420105,1.567363977432251,0.42250001430511475,1.602681279182434
138,0.43380001187324524,1.566665768623352,0.429500013589859,1.585640549659729
139,0.43529999256134033,1.5635013580322266,0.4255000054836273,1.5883246660232544
140,0.43860000371932983,1.5588397979736328,0.4129999876022339,1.6474226713180542
141,0.4341999888420105,1.5582808256149292,0.4269999861717224,1.6249463558197021
142,0.43939998745918274,1.5563313961029053,0.42149999737739563,1.6303952932357788
143,0.43849998712539673,1.5552831888198853,0.4350000023841858,1.5795831680297852
144,0.4383000135421753,1.5538748502731323,0.4259999990463257,1.5847305059432983
145,0.4408000111579895,1.5513701438903809,0.4255000054836273,1.59629225730896
146,0.43849998712539673,1.5471227169036865,0.4180000126361847,1.5879008769989014
147,0.4375999867916107,1.5455567836761475,0.4154999852180481,1.608171820640564
148,0.4449000060558319,1.5437192916870117,0.3815000057220459,1.7764885425567627
149,0.4399999976158142,1.5455942153930664,0.3605000078678131,1.9239305257797241
150,0.44209998846054077,1.542817234992981,0.42800000309944153,1.5716196298599243
151,0.44200000166893005,1.5369333028793335,0.4065000116825104,1.603187084197998
152,0.44449999928474426,1.5367491245269775,0.38350000977516174,1.7088960409164429
153,0.447299987077713,1.5355021953582764,0.4124999940395355,1.6366175413131714
154,0.4447000026702881,1.5346623659133911,0.44200000166893005,1.5529074668884277
155,0.4505999982357025,1.529447317123413,0.40950000286102295,1.6100835800170898
156,0.4449000060558319,1.5318094491958618,0.42100000381469727,1.6148251295089722
157,0.448199987411499,1.5286515951156616,0.4429999887943268,1.5576122999191284
158,0.451200008392334,1.5234291553497314,0.43299999833106995,1.5682283639907837
159,0.44920000433921814,1.5235774517059326,0.4359999895095825,1.6059908866882324
160,0.453900009393692,1.5220582485198975,0.3944999873638153,1.6463408470153809
161,0.4537999927997589,1.5188297033309937,0.4235000014305115,1.6065802574157715
162,0.4510999917984009,1.5187287330627441,0.40299999713897705,1.6566317081451416
163,0.45170000195503235,1.5163978338241577,0.4259999990463257,1.5828114748001099
164,0.4519999921321869,1.5160741806030273,0.4300000071525574,1.5897170305252075
165,0.45399999618530273,1.5143486261367798,0.4544999897480011,1.5541692972183228
166,0.4528000056743622,1.5119173526763916,0.4415000081062317,1.5567671060562134
167,0.4560000002384186,1.5090112686157227,0.4359999895095825,1.5497157573699951
168,0.45730000734329224,1.5056359767913818,0.4345000088214874,1.6535536050796509
169,0.4551999866962433,1.5094406604766846,0.4505000114440918,1.5365508794784546
170,0.4553000032901764,1.5058643817901611,0.4325000047683716,1.5747544765472412
171,0.45559999346733093,1.5072091817855835,0.28049999475479126,2.3707754611968994
172,0.45579999685287476,1.5160926580429077,0.42649999260902405,1.6247336864471436
173,0.4546999931335449,1.5042033195495605,0.44200000166893005,1.5621461868286133
174,0.46209999918937683,1.5000592470169067,0.43149998784065247,1.6162936687469482
175,0.46219998598098755,1.4979132413864136,0.4404999911785126,1.5650326013565063
176,0.462799996137619,1.496276617050171,0.43849998712539673,1.5509155988693237
177,0.4634999930858612,1.4934990406036377,0.43650001287460327,1.57554030418396
178,0.4593999981880188,1.4927306175231934,0.44699999690055847,1.538998007774353
179,0.46050000190734863,1.4924763441085815,0.41850000619888306,1.5765572786331177
180,0.461899995803833,1.4899522066116333,0.43849998712539673,1.5999606847763062
181,0.46700000762939453,1.489624261856079,0.43799999356269836,1.558786153793335
182,0.4641000032424927,1.48884916305542,0.44449999928474426,1.5414220094680786
183,0.4668999910354614,1.4836031198501587,0.4334999918937683,1.576849341392517
184,0.4684000015258789,1.4826580286026,0.421999990940094,1.5896559953689575
185,0.4661000072956085,1.4838932752609253,0.44449999928474426,1.5468462705612183
186,0.4675999879837036,1.481753945350647,0.4284999966621399,1.583189845085144
187,0.46779999136924744,1.483048915863037,0.42800000309944153,1.6166638135910034
188,0.46619999408721924,1.4778856039047241,0.46799999475479126,1.505218744277954
189,0.47040000557899475,1.481158971786499,0.4465000033378601,1.5766264200210571
190,0.4717000126838684,1.4740689992904663,0.4514999985694885,1.5401949882507324
191,0.46880000829696655,1.4738447666168213,0.4300000071525574,1.5796374082565308
192,0.46959999203681946,1.4753855466842651,0.45750001072883606,1.5402040481567383
193,0.47510001063346863,1.471295952796936,0.4675000011920929,1.5178638696670532
194,0.47380000352859497,1.469332218170166,0.46950000524520874,1.5110572576522827
195,0.4697999954223633,1.4704487323760986,0.4424999952316284,1.5303884744644165
196,0.4738999903202057,1.4689282178878784,0.44449999928474426,1.5475353002548218
197,0.46970000863075256,1.4676697254180908,0.45249998569488525,1.5465023517608643
198,0.47589999437332153,1.463782787322998,0.4584999978542328,1.5402261018753052
199,0.47760000824928284,1.4633795022964478,0.4650000035762787,1.5085490942001343
200,0.4787999987602234,1.4614676237106323,0.42899999022483826,1.6214442253112793
201,0.4754999876022339,1.464205026626587,0.453000009059906,1.5554234981536865
202,0.48010000586509705,1.4601107835769653,0.45750001072883606,1.5278425216674805
203,0.4772999882698059,1.4590580463409424,0.45649999380111694,1.4979921579360962
204,0.47510001063346863,1.4588112831115723,0.4505000114440918,1.5118921995162964
205,0.4772999882698059,1.4558935165405273,0.43549999594688416,1.536341667175293
206,0.47600001096725464,1.4573044776916504,0.46000000834465027,1.5075757503509521
207,0.48100000619888306,1.4528990983963013,0.4514999985694885,1.5327935218811035
208,0.477400004863739,1.4552323818206787,0.4490000009536743,1.5171213150024414
209,0.48249998688697815,1.4486254453659058,0.4715000092983246,1.4919344186782837
210,0.47760000824928284,1.4525483846664429,0.45500001311302185,1.5502557754516602
211,0.47859999537467957,1.450132966041565,0.4690000116825104,1.5363081693649292
212,0.48500001430511475,1.4456263780593872,0.3970000147819519,1.6445162296295166
213,0.48100000619888306,1.4468034505844116,0.46000000834465027,1.5016419887542725
214,0.48069998621940613,1.4459885358810425,0.45500001311302185,1.5281182527542114
215,0.4855000078678131,1.4425591230392456,0.45249998569488525,1.538726568222046
216,0.4803999960422516,1.4450669288635254,0.45750001072883606,1.5025440454483032
217,0.4832000136375427,1.4379667043685913,0.4334999918937683,1.6837602853775024
218,0.47909998893737793,1.444345235824585,0.45100000500679016,1.5707616806030273
219,0.48559999465942383,1.438758134841919,0.4645000100135803,1.510210394859314
220,0.48559999465942383,1.435980200767517,0.4715000092983246,1.4949396848678589
221,0.4864000082015991,1.437311053276062,0.45399999618530273,1.5159697532653809
222,0.4869000017642975,1.435489535331726,0.4625000059604645,1.4850162267684937
223,0.4844000041484833,1.435361385345459,0.4519999921321869,1.496330976486206
224,0.48429998755455017,1.4332019090652466,0.4505000114440918,1.4984893798828125
225,0.4878999888896942,1.4297410249710083,0.43700000643730164,1.6033573150634766
226,0.4880000054836273,1.428801417350769,0.46299999952316284,1.512918472290039
227,0.48969998955726624,1.4284778833389282,0.47350001335144043,1.4877299070358276
228,0.4867999851703644,1.428475022315979,0.3824999928474426,1.8667073249816895
229,0.48980000615119934,1.4283910989761353,0.4490000009536743,1.587058424949646
230,0.4862000048160553,1.4277682304382324,0.44699999690055847,1.528572678565979
231,0.4927000105381012,1.4228878021240234,0.4650000035762787,1.4994328022003174
232,0.49230000376701355,1.4214004278182983,0.4569999873638153,1.527327537536621
233,0.492000013589859,1.4200925827026367,0.4480000138282776,1.5047693252563477
234,0.49399998784065247,1.4229682683944702,0.42399999499320984,1.692732572555542
235,0.4950999915599823,1.4205306768417358,0.48100000619888306,1.4770320653915405
236,0.49149999022483826,1.4156736135482788,0.46799999475479126,1.4834486246109009
237,0.4948999881744385,1.4182978868484497,0.45899999141693115,1.4849824905395508
238,0.49300000071525574,1.416963815689087,0.4699999988079071,1.52944815158844
239,0.4959000051021576,1.4119393825531006,0.42750000953674316,1.5319360494613647
240,0.4968999922275543,1.411868691444397,0.33899998664855957,2.011686086654663
241,0.492900013923645,1.414796233177185,0.4724999964237213,1.4929783344268799
242,0.49790000915527344,1.4106276035308838,0.4855000078678131,1.4790068864822388
243,0.4997999966144562,1.410216212272644,0.46700000762939453,1.485754370689392
244,0.49619999527931213,1.40604829788208,0.46149998903274536,1.4997187852859497
245,0.4984999895095825,1.4096635580062866,0.48399999737739563,1.4471404552459717
246,0.4975999891757965,1.405077338218689,0.45750001072883606,1.5097854137420654
247,0.4975999891757965,1.40413236618042,0.4465000033378601,1.5049800872802734
248,0.5008999705314636,1.40703547000885,0.4569999873638153,1.4981330633163452
249,0.4999000132083893,1.400031328201294,0.4449999928474426,1.520168662071228
250,0.4999000132083893,1.4009289741516113,0.44999998807907104,1.541659951210022
251,0.499099999666214,1.40422785282135,0.47600001096725464,1.4564436674118042
252,0.5019999742507935,1.3981677293777466,0.46700000762939453,1.477188229560852
253,0.5031999945640564,1.398019790649414,0.47200000286102295,1.472745418548584
254,0.5030999779701233,1.395363450050354,0.4684999883174896,1.5073097944259644
255,0.5033000111579895,1.3945798873901367,0.44200000166893005,1.5602797269821167
256,0.5008999705314636,1.3937854766845703,0.4059999883174896,1.6177006959915161
257,0.5019000172615051,1.3989417552947998,0.453000009059906,1.5156328678131104
258,0.5037000179290771,1.3926314115524292,0.4794999957084656,1.4659690856933594
259,0.5023000240325928,1.391783356666565,0.4814999997615814,1.4508674144744873
260,0.5059999823570251,1.3879690170288086,0.4740000069141388,1.4656236171722412
261,0.503600001335144,1.3861149549484253,0.4794999957084656,1.5315080881118774
262,0.506600022315979,1.3870651721954346,0.4959999918937683,1.443485975265503
263,0.5120000243186951,1.385271430015564,0.48399999737739563,1.4714480638504028
264,0.5063999891281128,1.385463833808899,0.46700000762939453,1.4672045707702637
265,0.5059999823570251,1.387978434562683,0.47600001096725464,1.4830067157745361
266,0.5074999928474426,1.3829799890518188,0.503000020980835,1.438475489616394
267,0.5026000142097473,1.382320761680603,0.476500004529953,1.4904030561447144
268,0.507099986076355,1.3814451694488525,0.4964999854564667,1.4358972311019897
269,0.5101000070571899,1.379453182220459,0.47099998593330383,1.462942123413086
270,0.5145000219345093,1.3779598474502563,0.49300000071525574,1.4519537687301636
271,0.5088000297546387,1.375557541847229,0.4690000116825104,1.4585050344467163
272,0.5105999708175659,1.3779714107513428,0.4814999997615814,1.4393032789230347
273,0.5098999738693237,1.371719479560852,0.492000013589859,1.4319932460784912
274,0.5101000070571899,1.3745001554489136,0.4659999907016754,1.502732276916504
275,0.5112000107765198,1.3755078315734863,0.4690000116825104,1.4860132932662964
276,0.5123000144958496,1.371646523475647,0.48249998688697815,1.512325406074524
277,0.5110999941825867,1.3696963787078857,0.4819999933242798,1.4495975971221924
278,0.5134999752044678,1.3700016736984253,0.48500001430511475,1.4587846994400024
279,0.5131000280380249,1.3670814037322998,0.4650000035762787,1.462084174156189
280,0.5145000219345093,1.3648290634155273,0.4754999876022339,1.4601186513900757
281,0.5177000164985657,1.362581491470337,0.48899999260902405,1.4598227739334106
282,0.5166000127792358,1.3666101694107056,0.4884999990463257,1.4450294971466064
283,0.5139999985694885,1.3635516166687012,0.48399999737739563,1.4382479190826416
284,0.5210000276565552,1.3576949834823608,0.5059999823570251,1.4209610223770142
285,0.5184999704360962,1.35953688621521,0.4440000057220459,1.5084346532821655
286,0.5152999758720398,1.3577278852462769,0.43149998784065247,1.5668344497680664
287,0.5171999931335449,1.363174557685852,0.40799999237060547,1.6993242502212524
288,0.5157999992370605,1.3607330322265625,0.4950000047683716,1.4334583282470703
289,0.5210000276565552,1.3538196086883545,0.4894999861717224,1.427605390548706
290,0.5187000036239624,1.3540644645690918,0.5005000233650208,1.4150158166885376
291,0.5205000042915344,1.351028323173523,0.492000013589859,1.4331645965576172
292,0.516700029373169,1.35480535030365,0.47850000858306885,1.4331691265106201
293,0.5210999846458435,1.3503503799438477,0.5,1.4223220348358154
294,0.5188000202178955,1.3509365320205688,0.4259999990463257,1.6876214742660522
295,0.517300009727478,1.3544862270355225,0.4790000021457672,1.4719960689544678
296,0.5199999809265137,1.3472962379455566,0.49549999833106995,1.4296225309371948
297,0.5217999815940857,1.3469760417938232,0.5024999976158142,1.4254133701324463
298,0.5246000289916992,1.3473913669586182,0.4925000071525574,1.4532817602157593
299,0.5230000019073486,1.3473533391952515,0.4830000102519989,1.4424099922180176
300,0.5227000117301941,1.3418556451797485,0.4934999942779541,1.423609972000122
301,0.5241000056266785,1.347165584564209,0.45500001311302185,1.4938924312591553
302,0.5241000056266785,1.3407777547836304,0.48350000381469727,1.4602633714675903
303,0.5253000259399414,1.3414170742034912,0.4124999940395355,1.8139981031417847
304,0.5230000019073486,1.3438633680343628,0.48399999737739563,1.4299439191818237
305,0.5224000215530396,1.3395445346832275,0.4350000023841858,1.5451276302337646
306,0.524399995803833,1.3404500484466553,0.49050000309944153,1.4287773370742798
307,0.5292999744415283,1.3358826637268066,0.46700000762939453,1.5698102712631226
308,0.5270000100135803,1.3358393907546997,0.4754999876022339,1.4451485872268677
309,0.5257999897003174,1.3311306238174438,0.49149999022483826,1.4485886096954346
310,0.5271000266075134,1.3316622972488403,0.484499990940094,1.429441213607788
311,0.5288000106811523,1.3323469161987305,0.4620000123977661,1.4677369594573975
312,0.527400016784668,1.3375805616378784,0.5024999976158142,1.4059654474258423
313,0.5317999720573425,1.3263506889343262,0.49000000953674316,1.442592740058899
314,0.5271999835968018,1.3289321660995483,0.5019999742507935,1.4000324010849
315,0.5329999923706055,1.3266828060150146,0.47699999809265137,1.4863762855529785
316,0.531499981880188,1.3319900035858154,0.47850000858306885,1.4514094591140747
317,0.5260000228881836,1.3293812274932861,0.5095000267028809,1.3945391178131104
318,0.5350000262260437,1.3225127458572388,0.49900001287460327,1.4060815572738647
319,0.5360000133514404,1.3254451751708984,0.49799999594688416,1.4361251592636108
320,0.534600019454956,1.3191142082214355,0.5005000233650208,1.422055721282959
321,0.531499981880188,1.321932077407837,0.4945000112056732,1.407556176185608
322,0.5332000255584717,1.3207119703292847,0.46000000834465027,1.5110323429107666
323,0.5307000279426575,1.3219022750854492,0.4729999899864197,1.4547770023345947
324,0.5299000144004822,1.3224775791168213,0.4794999957084656,1.442633867263794
325,0.534500002861023,1.3195385932922363,0.43799999356269836,1.5759817361831665
326,0.536899983882904,1.31573486328125,0.4894999861717224,1.4660956859588623
327,0.5336999893188477,1.3152486085891724,0.4964999854564667,1.5067585706710815
328,0.5332000255584717,1.3155076503753662,0.5120000243186951,1.4018311500549316
329,0.5389000177383423,1.3128817081451416,0.5080000162124634,1.4160635471343994
330,0.536300003528595,1.3102688789367676,0.4779999852180481,1.4647313356399536
331,0.5396000146865845,1.311400055885315,0.4964999854564667,1.4563854932785034
332,0.5350000262260437,1.3141183853149414,0.4894999861717224,1.4246103763580322
333,0.5412999987602234,1.307926058769226,0.4945000112056732,1.4076372385025024
334,0.5382999777793884,1.3078993558883667,0.44850000739097595,1.5615190267562866
335,0.5382999777793884,1.3098384141921997,0.5084999799728394,1.3955590724945068
336,0.536899983882904,1.3054286241531372,0.4645000100135803,1.4573864936828613
337,0.5392000079154968,1.3058298826217651,0.4894999861717224,1.4228867292404175
338,0.5379999876022339,1.3046643733978271,0.5040000081062317,1.3912395238876343
339,0.5425999760627747,1.3011112213134766,0.4975000023841858,1.4067497253417969
340,0.5408999919891357,1.3000495433807373,0.48899999260902405,1.4561047554016113
341,0.5415999889373779,1.3023507595062256,0.5040000081062317,1.4168826341629028
342,0.5424000024795532,1.30073881149292,0.5015000104904175,1.4332979917526245
343,0.5425000190734863,1.2994863986968994,0.5019999742507935,1.4029717445373535
344,0.5389999747276306,1.3002376556396484,0.5105000138282776,1.4142251014709473
345,0.5418999791145325,1.2985551357269287,0.5080000162124634,1.3996872901916504
346,0.5444999933242798,1.2949508428573608,0.49300000071525574,1.419058084487915
347,0.5422999858856201,1.2942345142364502,0.5040000081062317,1.4165639877319336
348,0.5436000227928162,1.2951111793518066,0.5015000104904175,1.4028801918029785
349,0.5418999791145325,1.2974400520324707,0.429500013589859,1.590766429901123
350,0.5450000166893005,1.2920904159545898,0.4104999899864197,1.7188403606414795
351,0.5461999773979187,1.2927528619766235,0.44850000739097595,1.5204012393951416
352,0.5491999983787537,1.2894781827926636,0.49950000643730164,1.3910226821899414
353,0.5440999865531921,1.28960120677948,0.5059999823570251,1.3997758626937866
354,0.542900025844574,1.2887972593307495,0.5055000185966492,1.40183424949646
355,0.5501999855041504,1.28693425655365,0.4964999854564667,1.421269178390503
356,0.5491999983787537,1.2838746309280396,0.45649999380111694,1.6211352348327637
357,0.5457000136375427,1.2888375520706177,0.48899999260902405,1.440725326538086
358,0.5480999946594238,1.2869561910629272,0.5009999871253967,1.3914426565170288
359,0.5482000112533569,1.2874606847763062,0.4959999918937683,1.4067120552062988
360,0.5468000173568726,1.284389853477478,0.5044999718666077,1.4395782947540283
361,0.5497999787330627,1.2811484336853027,0.4880000054836273,1.4615706205368042
362,0.5508000254631042,1.277867317199707,0.5095000267028809,1.380881667137146
363,0.5486000180244446,1.2774215936660767,0.5070000290870667,1.4139562845230103
364,0.5504000186920166,1.2769663333892822,0.48899999260902405,1.4044575691223145
365,0.5491999983787537,1.2768381834030151,0.4740000069141388,1.4341702461242676
366,0.5486000180244446,1.2756609916687012,0.5015000104904175,1.3847172260284424
367,0.5494999885559082,1.273850679397583,0.4645000100135803,1.495736002922058
368,0.552299976348877,1.27538001537323,0.49799999594688416,1.4160126447677612
369,0.5507000088691711,1.2721954584121704,0.5149999856948853,1.3702949285507202
370,0.5509999990463257,1.2705905437469482,0.5084999799728394,1.3889635801315308
371,0.5507000088691711,1.277784824371338,0.5019999742507935,1.4115924835205078
372,0.5525000095367432,1.2703304290771484,0.47450000047683716,1.4752131700515747
373,0.5544999837875366,1.2682740688323975,0.5019999742507935,1.3765732049942017
374,0.5509999990463257,1.2673381567001343,0.47749999165534973,1.459829330444336
375,0.5559999942779541,1.2671055793762207,0.4959999918937683,1.404233455657959
376,0.5515000224113464,1.2703813314437866,0.44600000977516174,1.6792808771133423
377,0.5552999973297119,1.2707014083862305,0.5055000185966492,1.3982255458831787
378,0.5580999851226807,1.2626196146011353,0.42750000953674316,1.6289819478988647
379,0.5558000206947327,1.2672905921936035,0.49399998784065247,1.391800045967102
380,0.5561000108718872,1.2638059854507446,0.4925000071525574,1.4209377765655518
381,0.5598000288009644,1.2575980424880981,0.5189999938011169,1.359473705291748
382,0.5598999857902527,1.2607767581939697,0.5115000009536743,1.399367094039917
383,0.5569999814033508,1.258742332458496,0.5065000057220459,1.393096923828125
384,0.5595999956130981,1.2567499876022339,0.5205000042915344,1.3726905584335327
385,0.555899977684021,1.2616345882415771,0.5120000243186951,1.398351788520813
386,0.5587000250816345,1.2532811164855957,0.5139999985694885,1.3682020902633667
387,0.5570999979972839,1.2550756931304932,0.515999972820282,1.3731151819229126
388,0.5559999942779541,1.255128264427185,0.4645000100135803,1.4859970808029175
389,0.5575000047683716,1.2565306425094604,0.4699999988079071,1.4937845468521118
390,0.5572999715805054,1.255678653717041,0.5249999761581421,1.346280813217163
391,0.5623999834060669,1.2547547817230225,0.5109999775886536,1.410175085067749
392,0.5568000078201294,1.2488216161727905,0.5239999890327454,1.3612760305404663
393,0.566100001335144,1.247989535331726,0.4894999861717224,1.418424129486084
394,0.5587999820709229,1.2537779808044434,0.4790000021457672,1.4556940793991089
395,0.5583999752998352,1.2505539655685425,0.503000020980835,1.379103183746338
396,0.5620999932289124,1.2503951787948608,0.49300000071525574,1.4273898601531982
397,0.5572999715805054,1.253394365310669,0.4729999899864197,1.4731879234313965
398,0.5633999705314636,1.2474312782287598,0.42100000381469727,1.672776699066162
399,0.5608999729156494,1.2517627477645874,0.5170000195503235,1.3635303974151611
400,0.566100001335144,1.2429075241088867,0.49149999022483826,1.4159573316574097
401,0.5641999840736389,1.2449111938476562,0.5095000267028809,1.3812137842178345
402,0.5591999888420105,1.2408394813537598,0.5189999938011169,1.3794047832489014
403,0.5658000111579895,1.2402325868606567,0.49300000071525574,1.4095076322555542
404,0.5638999938964844,1.2442375421524048,0.5105000138282776,1.3754796981811523
405,0.5647000074386597,1.2390472888946533,0.4300000071525574,1.6904783248901367
406,0.5648999810218811,1.2441565990447998,0.4894999861717224,1.4389972686767578
407,0.5651999711990356,1.2392767667770386,0.5019999742507935,1.4052895307540894
408,0.5651000142097473,1.2364431619644165,0.5189999938011169,1.3616729974746704
409,0.5677000284194946,1.2346394062042236,0.5090000033378601,1.3701696395874023
410,0.5698999762535095,1.2289966344833374,0.476500004529953,1.521447777748108
411,0.5665000081062317,1.2321721315383911,0.5214999914169312,1.3519865274429321
412,0.5648000240325928,1.236998200416565,0.4284999966621399,1.616182804107666
413,0.5684999823570251,1.2376474142074585,0.5005000233650208,1.42693293094635
414,0.5698999762535095,1.2299915552139282,0.4934999942779541,1.4045010805130005
415,0.5655999779701233,1.2339626550674438,0.45750001072883606,1.5412477254867554
416,0.5708000063896179,1.2282313108444214,0.4964999854564667,1.4055994749069214
417,0.5683000087738037,1.2270008325576782,0.5184999704360962,1.3692848682403564
418,0.5654000043869019,1.2276426553726196,0.4129999876022339,1.6726164817810059
419,0.5698000192642212,1.2330304384231567,0.5065000057220459,1.3956387042999268
420,0.5681999921798706,1.22367525100708,0.47099998593330383,1.4998003244400024
421,0.5695000290870667,1.2243398427963257,0.34450000524520874,2.0975944995880127
422,0.5703999996185303,1.2308592796325684,0.5055000185966492,1.419326663017273
423,0.5697000026702881,1.2211432456970215,0.484499990940094,1.5335029363632202
424,0.5716999769210815,1.2177200317382812,0.48399999737739563,1.4417400360107422
425,0.5702999830245972,1.2209858894348145,0.5115000009536743,1.377651572227478
426,0.5758000016212463,1.218271255493164,0.5295000076293945,1.3433231115341187
427,0.5740000009536743,1.2175688743591309,0.5090000033378601,1.377258539199829
428,0.5723999738693237,1.2165007591247559,0.5254999995231628,1.3340013027191162
429,0.5720999836921692,1.2177698612213135,0.3774999976158142,1.880070447921753
430,0.5724999904632568,1.2262372970581055,0.5095000267028809,1.4286909103393555
431,0.5716999769210815,1.2135423421859741,0.5224999785423279,1.3635265827178955
432,0.5722000002861023,1.2149895429611206,0.4429999887943268,1.5245153903961182
433,0.5722000002861023,1.214477777481079,0.5224999785423279,1.3416917324066162
434,0.5756999850273132,1.208448052406311,0.5095000267028809,1.382330060005188
435,0.5771999955177307,1.2089786529541016,0.5180000066757202,1.3669413328170776
436,0.5752000212669373,1.2085539102554321,0.512499988079071,1.4131572246551514
437,0.5781000256538391,1.2078578472137451,0.5,1.3784340620040894
438,0.5767999887466431,1.2072107791900635,0.5199999809265137,1.3841391801834106
439,0.5735999941825867,1.2041380405426025,0.5335000157356262,1.3271911144256592
440,0.5781999826431274,1.205371618270874,0.5105000138282776,1.367944598197937
441,0.5781000256538391,1.2062897682189941,0.5260000228881836,1.3365294933319092
442,0.5767999887466431,1.207940936088562,0.5360000133514404,1.3309483528137207
443,0.5771999955177307,1.204301357269287,0.5189999938011169,1.4197934865951538
444,0.5758000016212463,1.202404260635376,0.47350001335144043,1.4698069095611572
445,0.5784000158309937,1.2023767232894897,0.5074999928474426,1.3829209804534912
446,0.5759999752044678,1.2037827968597412,0.45750001072883606,1.4823212623596191
447,0.5800999999046326,1.1966971158981323,0.4740000069141388,1.5450886487960815
448,0.5820000171661377,1.1997780799865723,0.4699999988079071,1.4570680856704712
449,0.5794000029563904,1.2018173933029175,0.5335000157356262,1.3262965679168701
450,0.5795000195503235,1.1985946893692017,0.5109999775886536,1.3801171779632568
451,0.5769000053405762,1.2014870643615723,0.46149998903274536,1.4872750043869019
452,0.5785999894142151,1.1999479532241821,0.5254999995231628,1.3260629177093506
453,0.5839999914169312,1.1900798082351685,0.4975000023841858,1.4131108522415161
454,0.5842999815940857,1.1910314559936523,0.5149999856948853,1.3597134351730347
455,0.574999988079071,1.191172480583191,0.5139999985694885,1.3916993141174316
456,0.5810999870300293,1.195945143699646,0.5184999704360962,1.3750087022781372
457,0.5825999975204468,1.1890875101089478,0.4595000147819519,1.5412956476211548
458,0.5856999754905701,1.193817138671875,0.5095000267028809,1.3942396640777588
459,0.5835000276565552,1.188170075416565,0.5370000004768372,1.3295924663543701
460,0.5831999778747559,1.1884708404541016,0.5099999904632568,1.413451910018921
461,0.5827000141143799,1.1909122467041016,0.43799999356269836,1.5789421796798706
462,0.579800009727478,1.1934285163879395,0.5105000138282776,1.4242287874221802
463,0.5845000147819519,1.1876966953277588,0.515500009059906,1.3960204124450684
464,0.5875999927520752,1.1860830783843994,0.5120000243186951,1.369860053062439
465,0.5824000239372253,1.1879935264587402,0.5115000009536743,1.3837109804153442
466,0.5839999914169312,1.1832678318023682,0.5239999890327454,1.364629864692688
467,0.5856999754905701,1.1826869249343872,0.4544999897480011,1.5330716371536255
468,0.5863999724388123,1.1826435327529907,0.527999997138977,1.3764514923095703
469,0.5838000178337097,1.184884786605835,0.45399999618530273,1.5561180114746094
470,0.5855000019073486,1.18326735496521,0.5174999833106995,1.3679242134094238
471,0.5853999853134155,1.1851087808609009,0.5375000238418579,1.3226370811462402
472,0.5871000289916992,1.1775051355361938,0.5404999852180481,1.3165435791015625
473,0.5841000080108643,1.181835412979126,0.5239999890327454,1.372098445892334
474,0.5891000032424927,1.1789891719818115,0.5249999761581421,1.3372180461883545
475,0.583899974822998,1.179133415222168,0.5170000195503235,1.3481947183609009
476,0.5864999890327454,1.173384666442871,0.48500001430511475,1.4369421005249023
477,0.5878999829292297,1.1748284101486206,0.5005000233650208,1.401921272277832
478,0.5870000123977661,1.1729099750518799,0.46050000190734863,1.5787932872772217
479,0.5864999890327454,1.1761962175369263,0.47699999809265137,1.4601713418960571
480,0.5849000215530396,1.1735624074935913,0.5210000276565552,1.3723384141921997
481,0.5928000211715698,1.169172763824463,0.5120000243186951,1.3705273866653442
482,0.5878000259399414,1.1724228858947754,0.4909999966621399,1.433375597000122
483,0.588100016117096,1.1712241172790527,0.5145000219345093,1.3719772100448608
484,0.590499997138977,1.1719673871994019,0.5394999980926514,1.3216499090194702
485,0.5898000001907349,1.1703706979751587,0.5320000052452087,1.319967269897461
486,0.5946000218391418,1.1659047603607178,0.534500002861023,1.3253724575042725
487,0.5922999978065491,1.165040373802185,0.5364999771118164,1.3176758289337158
488,0.5928000211715698,1.166779637336731,0.5180000066757202,1.3846827745437622
489,0.5910000205039978,1.1692065000534058,0.531000018119812,1.3324410915374756
490,0.5914000272750854,1.1645312309265137,0.515500009059906,1.4093064069747925
491,0.5922999978065491,1.166019082069397,0.5364999771118164,1.3205169439315796
492,0.5931000113487244,1.161181092262268,0.476500004529953,1.5253733396530151
493,0.5927000045776367,1.1629074811935425,0.5320000052452087,1.343271255493164
494,0.5968999862670898,1.1638047695159912,0.49399998784065247,1.5023212432861328
495,0.5920000076293945,1.1665807962417603,0.4975000023841858,1.4226205348968506
496,0.590499997138977,1.1610137224197388,0.4970000088214874,1.4215762615203857
497,0.5935999751091003,1.1603680849075317,0.5385000109672546,1.3160593509674072
498,0.5975000262260437,1.1568008661270142,0.5245000123977661,1.3520373106002808
499,0.5952000021934509,1.1550167798995972,0.5440000295639038,1.3233776092529297
500,0.5954999923706055,1.1564935445785522,0.5435000061988831,1.3141334056854248
501,0.59579998254776,1.1579166650772095,0.515500009059906,1.4181867837905884
502,0.5936999917030334,1.1558159589767456,0.531000018119812,1.3711493015289307
503,0.5946999788284302,1.1587404012680054,0.5015000104904175,1.446008324623108
504,0.5940999984741211,1.1555907726287842,0.5145000219345093,1.3885302543640137
505,0.5961999893188477,1.1559901237487793,0.5584999918937683,1.2965532541275024
506,0.5957000255584717,1.1522908210754395,0.5419999957084656,1.3214383125305176
507,0.5964000225067139,1.150041103363037,0.5410000085830688,1.3115715980529785
508,0.5949000120162964,1.1562529802322388,0.5339999794960022,1.3479139804840088
509,0.5964999794960022,1.1549938917160034,0.5385000109672546,1.3296403884887695
510,0.5945000052452087,1.1510698795318604,0.5174999833106995,1.352712631225586
511,0.5986999869346619,1.145318865776062,0.5095000267028809,1.3678010702133179
512,0.5968999862670898,1.145685076713562,0.5285000205039978,1.3263293504714966
513,0.597599983215332,1.1460844278335571,0.5245000123977661,1.332544207572937
514,0.59579998254776,1.1471478939056396,0.460999995470047,1.7256451845169067
515,0.6018999814987183,1.1526519060134888,0.5149999856948853,1.3910354375839233
516,0.5992000102996826,1.1439476013183594,0.40400001406669617,1.6847699880599976
517,0.5975000262260437,1.1451016664505005,0.4959999918937683,1.4905943870544434
518,0.5946999788284302,1.145493507385254,0.5055000185966492,1.3910750150680542
519,0.5996000170707703,1.143183708190918,0.4909999966621399,1.453979730606079
520,0.5986999869346619,1.1414387226104736,0.4894999861717224,1.4299635887145996
521,0.5996000170707703,1.1395349502563477,0.5184999704360962,1.3689355850219727
522,0.6018000245094299,1.1393249034881592,0.527999997138977,1.3563282489776611
523,0.605400025844574,1.1332595348358154,0.5019999742507935,1.4451229572296143
524,0.6028000116348267,1.136688470840454,0.5034999847412109,1.3989263772964478
525,0.6017000079154968,1.1368767023086548,0.42500001192092896,1.700474500656128
526,0.6018999814987183,1.1375211477279663,0.5195000171661377,1.3762938976287842
527,0.6008999943733215,1.1357052326202393,0.5005000233650208,1.4333652257919312
528,0.5999000072479248,1.1353108882904053,0.5214999914169312,1.3674489259719849
529,0.6044999957084656,1.1332783699035645,0.4869999885559082,1.5495980978012085
530,0.6010000109672546,1.136257290840149,0.5205000042915344,1.3550963401794434
531,0.603600025177002,1.1295650005340576,0.5425000190734863,1.307227611541748
532,0.6078000068664551,1.128080129623413,0.531000018119812,1.3394948244094849
533,0.6050000190734863,1.1311054229736328,0.5095000267028809,1.3810875415802002
534,0.6057000160217285,1.1332566738128662,0.5254999995231628,1.3430451154708862
535,0.6074000000953674,1.1272245645523071,0.4740000069141388,1.5061997175216675
536,0.604200005531311,1.131618857383728,0.4805000126361847,1.5869418382644653
537,0.6013000011444092,1.1331392526626587,0.4645000100135803,1.5176626443862915
538,0.6061000227928162,1.1259291172027588,0.5419999957084656,1.3081225156784058
539,0.6079000234603882,1.1184241771697998,0.5134999752044678,1.3877979516983032
540,0.6062999963760376,1.1269551515579224,0.531499981880188,1.3411146402359009
541,0.6039999723434448,1.1250152587890625,0.5264999866485596,1.3711870908737183
542,0.6044999957084656,1.121999979019165,0.4984999895095825,1.4052188396453857
543,0.6078000068664551,1.1234954595565796,0.5419999957084656,1.3140690326690674
544,0.6090999841690063,1.1205412149429321,0.5385000109672546,1.320792317390442
545,0.6061999797821045,1.1248947381973267,0.4754999876022339,1.5276505947113037
546,0.6093999743461609,1.126723289489746,0.5090000033378601,1.3837709426879883
547,0.6101999878883362,1.119222640991211,0.5515000224113464,1.300983190536499
548,0.6092000007629395,1.1151429414749146,0.5425000190734863,1.3270310163497925
549,0.6075999736785889,1.1169824600219727,0.4805000126361847,1.5878400802612305
550,0.6096000075340271,1.1186169385910034,0.527999997138977,1.395397424697876
551,0.612500011920929,1.1152297258377075,0.5525000095367432,1.3063510656356812
552,0.6126999855041504,1.1188770532608032,0.48500001430511475,1.4650360345840454
553,0.6115999817848206,1.111818552017212,0.5084999799728394,1.3944755792617798
554,0.6097000241279602,1.1195775270462036,0.5090000033378601,1.4141892194747925
555,0.6132000088691711,1.114709734916687,0.5414999723434448,1.3103982210159302
556,0.6111999750137329,1.1160310506820679,0.5274999737739563,1.3837403059005737
557,0.6104000210762024,1.1097644567489624,0.527999997138977,1.3469765186309814
558,0.6086999773979187,1.1130715608596802,0.5005000233650208,1.434561014175415
559,0.6154999732971191,1.1071451902389526,0.4950000047683716,1.459679365158081
560,0.6136000156402588,1.1136945486068726,0.5285000205039978,1.343847393989563
561,0.6146000027656555,1.1081215143203735,0.4975000023841858,1.4450321197509766
562,0.6093000173568726,1.111331582069397,0.5419999957084656,1.3121652603149414
563,0.6144999861717224,1.107387900352478,0.5375000238418579,1.3170117139816284
564,0.6129000186920166,1.1072118282318115,0.5504999756813049,1.3078621625900269
565,0.6123999953269958,1.1062432527542114,0.4569999873638153,1.6400501728057861
566,0.6110000014305115,1.1122992038726807,0.4934999942779541,1.417288899421692
567,0.6136000156402588,1.1068198680877686,0.5444999933242798,1.3090548515319824
568,0.6154000163078308,1.1020206212997437,0.5149999856948853,1.3850512504577637
569,0.614799976348877,1.1056486368179321,0.5440000295639038,1.3174278736114502
570,0.6164000034332275,1.0977985858917236,0.49549999833106995,1.4786756038665771
571,0.619700014591217,1.0976518392562866,0.5400000214576721,1.3012357950210571
572,0.616100013256073,1.0977768898010254,0.5534999966621399,1.2975401878356934
573,0.6169000267982483,1.0994584560394287,0.5364999771118164,1.3267605304718018
574,0.6157000064849854,1.1004120111465454,0.5214999914169312,1.3661372661590576
575,0.6158000230789185,1.0966496467590332,0.5145000219345093,1.3488215208053589
576,0.6158999800682068,1.09867525100708,0.48350000381469727,1.4959603548049927
577,0.6119999885559082,1.109408974647522,0.546500027179718,1.3110219240188599
578,0.6183000206947327,1.0960263013839722,0.5320000052452087,1.3541772365570068
579,0.6194999814033508,1.094390869140625,0.43299999833106995,1.6894932985305786
580,0.6151999831199646,1.1038358211517334,0.515500009059906,1.3890637159347534
581,0.6162999868392944,1.0951385498046875,0.5245000123977661,1.3638725280761719
582,0.617900013923645,1.0935564041137695,0.5350000262260437,1.351715087890625
583,0.6205000281333923,1.0915099382400513,0.546500027179718,1.292837142944336
584,0.6208999752998352,1.0887346267700195,0.5195000171661377,1.3806591033935547
585,0.6180999875068665,1.0928066968917847,0.5174999833106995,1.3828307390213013
586,0.6166999936103821,1.0918598175048828,0.5425000190734863,1.3309061527252197
587,0.6169000267982483,1.0911527872085571,0.5550000071525574,1.3058737516403198
588,0.6187999844551086,1.0900037288665771,0.4584999978542328,1.6248570680618286
589,0.617900013923645,1.0897473096847534,0.5529999732971191,1.3016422986984253
590,0.6223999857902527,1.0840479135513306,0.5444999933242798,1.295559287071228
591,0.6229000091552734,1.0805915594100952,0.5364999771118164,1.3492021560668945
592,0.6230999827384949,1.0852776765823364,0.5394999980926514,1.3212288618087769
593,0.6197999715805054,1.0832347869873047,0.46050000190734863,1.5645651817321777
594,0.6218000054359436,1.0938059091567993,0.5055000185966492,1.457777500152588
595,0.6194000244140625,1.0846954584121704,0.531499981880188,1.35435152053833
596,0.6233000159263611,1.0846182107925415,0.546500027179718,1.3015835285186768
597,0.6193000078201294,1.0844908952713013,0.5254999995231628,1.3390779495239258
598,0.6252999901771545,1.0782225131988525,0.5494999885559082,1.2874692678451538
599,0.6229000091552734,1.0821608304977417,0.5485000014305115,1.3190397024154663
600,0.6205000281333923,1.0803600549697876,0.5329999923706055,1.3348489999771118
601,0.6237000226974487,1.076697587966919,0.5019999742507935,1.473860263824463
602,0.6255000233650208,1.081236481666565,0.5479999780654907,1.296048641204834
603,0.6261000037193298,1.075705647468567,0.5189999938011169,1.348912000656128
604,0.6255000233650208,1.077786922454834,0.5139999985694885,1.391585350036621
605,0.6241000294685364,1.0768483877182007,0.484499990940094,1.486349105834961
606,0.6244000196456909,1.0796163082122803,0.5485000014305115,1.3001620769500732
607,0.6248000264167786,1.0783675909042358,0.5274999737739563,1.3529554605484009
608,0.6233000159263611,1.0741108655929565,0.47999998927116394,1.5519070625305176
609,0.6237999796867371,1.0750563144683838,0.5139999985694885,1.3864648342132568
610,0.6255999803543091,1.0708658695220947,0.5615000128746033,1.2714757919311523
611,0.6248000264167786,1.0729066133499146,0.5375000238418579,1.3226122856140137
612,0.6255000233650208,1.070030689239502,0.5519999861717224,1.3002755641937256
613,0.6309000253677368,1.0695526599884033,0.5299999713897705,1.345470666885376
614,0.628000020980835,1.0679069757461548,0.48750001192092896,1.4962327480316162
615,0.6274999976158142,1.0680402517318726,0.5435000061988831,1.3304779529571533
616,0.6244000196456909,1.0670629739761353,0.5440000295639038,1.3103463649749756
617,0.6313999891281128,1.066939115524292,0.5329999923706055,1.3418775796890259
618,0.6291999816894531,1.0668796300888062,0.5379999876022339,1.3488320112228394
619,0.6330000162124634,1.066115379333496,0.4519999921321869,1.5969393253326416
620,0.6287999749183655,1.0663402080535889,0.5389999747276306,1.318392276763916
621,0.6291000247001648,1.0636175870895386,0.5584999918937683,1.299185037612915
622,0.628600001335144,1.0631425380706787,0.5515000224113464,1.30101478099823
623,0.6304000020027161,1.062767505645752,0.5040000081062317,1.4125959873199463
624,0.6284000277519226,1.0594457387924194,0.49050000309944153,1.4530658721923828
625,0.6349999904632568,1.0578111410140991,0.5419999957084656,1.316504955291748
626,0.6313999891281128,1.0580618381500244,0.5600000023841858,1.2864733934402466
627,0.6312999725341797,1.058333158493042,0.5479999780654907,1.296648383140564
628,0.6331999897956848,1.0575096607208252,0.5270000100135803,1.3421870470046997
629,0.6381999850273132,1.0576432943344116,0.5109999775886536,1.4147374629974365
630,0.6284000277519226,1.0602493286132812,0.5425000190734863,1.3120001554489136
631,0.6292999982833862,1.0608173608779907,0.5375000238418579,1.31648588180542
632,0.6345000267028809,1.0546855926513672,0.5320000052452087,1.338173508644104
633,0.6344000101089478,1.0539454221725464,0.5149999856948853,1.3919821977615356
634,0.6333000063896179,1.056382656097412,0.5325000286102295,1.3745250701904297
635,0.6342999935150146,1.0522063970565796,0.5575000047683716,1.276241421699524
636,0.6363000273704529,1.0542805194854736,0.5584999918937683,1.269925594329834
637,0.635200023651123,1.0492956638336182,0.5149999856948853,1.3934326171875
638,0.6380000114440918,1.0505752563476562,0.5525000095367432,1.29340398311615
639,0.6352999806404114,1.048523187637329,0.5389999747276306,1.3355677127838135
640,0.6340000033378601,1.0496704578399658,0.492000013589859,1.4229745864868164
641,0.6319000124931335,1.052504539489746,0.5414999723434448,1.3125613927841187
642,0.6349999904632568,1.0509542226791382,0.47749999165534973,1.5199226140975952
643,0.6305999755859375,1.055006980895996,0.5040000081062317,1.4354923963546753
644,0.6366000175476074,1.0493091344833374,0.5515000224113464,1.306635856628418
645,0.6366999745368958,1.0482434034347534,0.5615000128746033,1.277775526046753
646,0.6406000256538391,1.040602684020996,0.5450000166893005,1.318023920059204
647,0.6363999843597412,1.0462188720703125,0.5214999914169312,1.3830219507217407
648,0.6380000114440918,1.045292615890503,0.47049999237060547,1.563535213470459
649,0.6388999819755554,1.043628454208374,0.5600000023841858,1.2802062034606934
650,0.6381000280380249,1.0451290607452393,0.5425000190734863,1.3303576707839966
651,0.6381000280380249,1.040207862854004,0.5519999861717224,1.2846812009811401
652,0.6383000016212463,1.0411816835403442,0.546500027179718,1.3106188774108887
653,0.6388999819755554,1.0423320531845093,0.515500009059906,1.384845495223999
654,0.6367999911308289,1.0380035638809204,0.531000018119812,1.3707629442214966
655,0.6391000151634216,1.0391277074813843,0.5425000190734863,1.328742504119873
656,0.6363999843597412,1.040845274925232,0.4884999990463257,1.478168249130249
657,0.6377999782562256,1.0391727685928345,0.5485000014305115,1.3024085760116577
658,0.6435999870300293,1.0363420248031616,0.5130000114440918,1.3818472623825073
659,0.6406000256538391,1.0386805534362793,0.5425000190734863,1.306557297706604
660,0.6417999863624573,1.0355353355407715,0.5479999780654907,1.3253412246704102
661,0.6413000226020813,1.040995478630066,0.5479999780654907,1.3221561908721924
662,0.6395000219345093,1.0396606922149658,0.5565000176429749,1.2900669574737549
663,0.6402000188827515,1.034279704093933,0.5385000109672546,1.3423124551773071
664,0.6421999931335449,1.0372501611709595,0.5260000228881836,1.392693042755127
665,0.6431999802589417,1.0324549674987793,0.5494999885559082,1.3071203231811523
666,0.6432999968528748,1.0311404466629028,0.512499988079071,1.3673863410949707
667,0.6419000029563904,1.0310214757919312,0.5130000114440918,1.4022382497787476
668,0.6412000060081482,1.02926766872406,0.5339999794960022,1.3296082019805908
669,0.6442000269889832,1.0291695594787598,0.460999995470047,1.5862921476364136
670,0.6425999999046326,1.0356526374816895,0.5540000200271606,1.2917009592056274
671,0.6403999924659729,1.0298140048980713,0.5289999842643738,1.327985405921936
672,0.646399974822998,1.0265088081359863,0.5680000185966492,1.27519690990448
673,0.6420000195503235,1.0309579372406006,0.5515000224113464,1.3112218379974365
674,0.6438999772071838,1.0253044366836548,0.5295000076293945,1.3769235610961914
675,0.6485000252723694,1.0242007970809937,0.5090000033378601,1.4408341646194458
676,0.6449000239372253,1.022334098815918,0.5559999942779541,1.2923517227172852
677,0.6486999988555908,1.0199333429336548,0.5080000162124634,1.4839081764221191
678,0.6435999870300293,1.0241186618804932,0.5289999842643738,1.3551057577133179
679,0.6442000269889832,1.023049235343933,0.5394999980926514,1.3290663957595825
680,0.6466000080108643,1.021347165107727,0.5,1.4562797546386719
681,0.6438000202178955,1.0195525884628296,0.5429999828338623,1.3548082113265991
682,0.6452999711036682,1.0196847915649414,0.5350000262260437,1.3628721237182617
683,0.6452999711036682,1.021697759628296,0.5715000033378601,1.2765237092971802
684,0.645799994468689,1.0158007144927979,0.5109999775886536,1.412915825843811
685,0.6491000056266785,1.0180453062057495,0.4894999861717224,1.4697093963623047
686,0.6434999704360962,1.0227504968643188,0.5210000276565552,1.3999519348144531
687,0.6474000215530396,1.0170241594314575,0.5450000166893005,1.3258167505264282
688,0.6452999711036682,1.0177628993988037,0.45899999141693115,1.642946720123291
689,0.6492000222206116,1.0170671939849854,0.5619999766349792,1.2816120386123657
690,0.6513000130653381,1.0123956203460693,0.4975000023841858,1.48137629032135
691,0.6503999829292297,1.016128659248352,0.4814999997615814,1.554379940032959
692,0.6484000086784363,1.0152071714401245,0.5210000276565552,1.404738426208496
693,0.6478999853134155,1.0125652551651,0.5525000095367432,1.3015981912612915
694,0.6495000123977661,1.0103082656860352,0.5479999780654907,1.30608332157135
695,0.6492999792098999,1.012682557106018,0.5239999890327454,1.4017605781555176
696,0.6510000228881836,1.0124380588531494,0.527999997138977,1.434365153312683
697,0.6496999859809875,1.0132362842559814,0.5084999799728394,1.4682226181030273
698,0.6550999879837036,1.0072438716888428,0.4950000047683716,1.5120651721954346
699,0.651199996471405,1.0107228755950928,0.5485000014305115,1.3065096139907837
700,0.6528000235557556,1.0048683881759644,0.5070000290870667,1.383942723274231
701,0.6532999873161316,1.0025707483291626,0.5565000176429749,1.2950433492660522
702,0.650600016117096,1.0069929361343384,0.531000018119812,1.350028395652771
703,0.6534000039100647,1.0086429119110107,0.5370000004768372,1.3458524942398071
704,0.6484000086784363,1.0078338384628296,0.5525000095367432,1.3079502582550049
705,0.6589000225067139,1.0010071992874146,0.5184999704360962,1.4004147052764893
706,0.6510999798774719,1.0056649446487427,0.5254999995231628,1.3802696466445923
707,0.6521999835968018,1.0057448148727417,0.5615000128746033,1.2745211124420166
708,0.6546000242233276,0.9978781342506409,0.5640000104904175,1.2839345932006836
709,0.6535000205039978,1.002174735069275,0.5554999709129333,1.2885085344314575
710,0.6539000272750854,1.003456473350525,0.5485000014305115,1.318095326423645
711,0.656000018119812,0.9973421692848206,0.5460000038146973,1.3498742580413818
712,0.6571000218391418,0.9994242191314697,0.5435000061988831,1.3227802515029907
713,0.652899980545044,1.0000661611557007,0.5609999895095825,1.2994731664657593
714,0.6579999923706055,0.9958702325820923,0.5559999942779541,1.28733491897583
715,0.65420001745224,0.9981251955032349,0.5540000200271606,1.3103265762329102
716,0.6539999842643738,0.9965364336967468,0.5634999871253967,1.2952187061309814
717,0.6535999774932861,0.996067464351654,0.5205000042915344,1.3998665809631348
718,0.65420001745224,0.9987677931785583,0.5490000247955322,1.3042250871658325
719,0.6549000144004822,0.9953417778015137,0.5049999952316284,1.485049843788147
720,0.6570000052452087,0.9974039196968079,0.5074999928474426,1.4312585592269897
721,0.6567000150680542,0.9935895800590515,0.5695000290870667,1.2682085037231445
722,0.6581000089645386,0.9922861456871033,0.5559999942779541,1.302404761314392
723,0.6582000255584717,0.9878057837486267,0.5289999842643738,1.427524209022522
724,0.6589000225067139,0.9902176856994629,0.5105000138282776,1.406339168548584
725,0.656499981880188,0.9956691265106201,0.5429999828338623,1.3388608694076538
726,0.6570000052452087,0.993762195110321,0.5274999737739563,1.3905913829803467
727,0.6553000211715698,0.9948453307151794,0.5550000071525574,1.2857025861740112
728,0.6572999954223633,0.9889518618583679,0.5394999980926514,1.3432791233062744
729,0.6567000150680542,0.9887480735778809,0.5580000281333923,1.2895710468292236
730,0.6596999764442444,0.9865989089012146,0.5404999852180481,1.3603323698043823
731,0.6604999899864197,0.9842856526374817,0.47699999809265137,1.5097136497497559
732,0.6556000113487244,0.988414466381073,0.5320000052452087,1.364111304283142
733,0.6604999899864197,0.9824301600456238,0.5230000019073486,1.405984878540039
734,0.6620000004768372,0.9853633046150208,0.5525000095367432,1.304695725440979
735,0.6610000133514404,0.9855077862739563,0.5584999918937683,1.309868335723877
736,0.657800018787384,0.9817654490470886,0.5425000190734863,1.328825831413269
737,0.6626999974250793,0.9808680415153503,0.5680000185966492,1.2684060335159302
738,0.6618000268936157,0.982179582118988,0.5674999952316284,1.2754790782928467
739,0.6628999710083008,0.9820458889007568,0.5619999766349792,1.299669623374939
740,0.6614999771118164,0.9800060391426086,0.5419999957084656,1.3353009223937988
741,0.6607999801635742,0.9820594787597656,0.531499981880188,1.3714301586151123
742,0.6632000207901001,0.9788140654563904,0.5544999837875366,1.3235111236572266
743,0.6625999808311462,0.981972336769104,0.5544999837875366,1.2866942882537842
744,0.6650000214576721,0.9720034003257751,0.45750001072883606,1.7074599266052246
745,0.6601999998092651,0.9849595427513123,0.5584999918937683,1.3105725049972534
746,0.6621000170707703,0.9746415019035339,0.5195000171661377,1.4423346519470215
747,0.6592000126838684,0.9780120849609375,0.5325000286102295,1.4030672311782837
748,0.6615999937057495,0.9782719016075134,0.5515000224113464,1.2960219383239746
749,0.6664999723434448,0.9707011580467224,0.5099999904632568,1.4158072471618652
750,0.6665999889373779,0.9726247787475586,0.4984999895095825,1.4872829914093018
751,0.666100025177002,0.971773624420166,0.5515000224113464,1.3160723447799683
752,0.6657000184059143,0.9719485640525818,0.5354999899864197,1.3704713582992554
753,0.6657000184059143,0.9747764468193054,0.5444999933242798,1.3305968046188354
754,0.6658999919891357,0.9661207795143127,0.5264999866485596,1.4223896265029907
755,0.6607000231742859,0.9749462008476257,0.5534999966621399,1.3240803480148315
756,0.6654000282287598,0.9723671078681946,0.5429999828338623,1.3241543769836426
757,0.6661999821662903,0.9669334888458252,0.5479999780654907,1.29710054397583
758,0.6682000160217285,0.9678774476051331,0.5404999852180481,1.3549968004226685
759,0.6629999876022339,0.9668941497802734,0.5730000138282776,1.2580897808074951
760,0.6628999710083008,0.9702614545822144,0.5619999766349792,1.2902309894561768
761,0.6672999858856201,0.9648783206939697,0.5174999833106995,1.383577823638916
762,0.6664000153541565,0.9654433727264404,0.531499981880188,1.348049521446228
763,0.6674000024795532,0.9628428816795349,0.534500002861023,1.370396614074707
764,0.6675000190734863,0.9632512927055359,0.5630000233650208,1.3035703897476196
765,0.6672999858856201,0.9615804553031921,0.5115000009536743,1.4026386737823486
766,0.6650000214576721,0.9649427533149719,0.5249999761581421,1.4191867113113403
767,0.6668000221252441,0.9623984098434448,0.559499979019165,1.2753697633743286
768,0.6687999963760376,0.9609514474868774,0.5634999871253967,1.2704260349273682
769,0.6690999865531921,0.9583069086074829,0.5414999723434448,1.4043272733688354
770,0.6654999852180481,0.9599584937095642,0.5525000095367432,1.2873070240020752
771,0.6704999804496765,0.95986407995224,0.5339999794960022,1.3847206830978394
772,0.6715999841690063,0.9546018838882446,0.5444999933242798,1.3373069763183594
773,0.6703000068664551,0.9567745327949524,0.5584999918937683,1.296289324760437
774,0.6715999841690063,0.9574837684631348,0.5394999980926514,1.3836090564727783
775,0.6718000173568726,0.9566532969474792,0.5640000104904175,1.2761541604995728
776,0.6692000031471252,0.9580739140510559,0.5404999852180481,1.3661136627197266
777,0.6729999780654907,0.9571073055267334,0.5699999928474426,1.2651177644729614
778,0.6669999957084656,0.960244357585907,0.5410000085830688,1.3465070724487305
779,0.6707000136375427,0.9519897699356079,0.5419999957084656,1.3471598625183105
780,0.6722000241279602,0.952890157699585,0.4970000088214874,1.4911062717437744
781,0.6728000044822693,0.9526192545890808,0.5370000004768372,1.3636727333068848
782,0.6714000105857849,0.9507129788398743,0.5354999899864197,1.353386640548706
783,0.6732000112533569,0.9499609470367432,0.5435000061988831,1.381280541419983
784,0.6714000105857849,0.9521178007125854,0.5440000295639038,1.3757200241088867
785,0.675000011920929,0.9498589038848877,0.5724999904632568,1.2497062683105469
786,0.6747000217437744,0.9459816217422485,0.5339999794960022,1.3426302671432495
787,0.6717000007629395,0.9513745307922363,0.515999972820282,1.4178156852722168
788,0.6733999848365784,0.94882732629776,0.5479999780654907,1.3326966762542725
789,0.6765999794006348,0.9461120963096619,0.5285000205039978,1.3705092668533325
790,0.67330002784729,0.9474983215332031,0.5630000233650208,1.3080312013626099
791,0.6765000224113464,0.9457909464836121,0.5515000224113464,1.320798397064209
792,0.6715999841690063,0.9485726356506348,0.5210000276565552,1.3858222961425781
793,0.6718000173568726,0.9530399441719055,0.5720000267028809,1.2870351076126099
794,0.6782000064849854,0.9421399235725403,0.5090000033378601,1.4906275272369385
795,0.6693000197410583,0.9506354331970215,0.5130000114440918,1.462616205215454
796,0.6703000068664551,0.9527018666267395,0.5619999766349792,1.2897485494613647
797,0.6787999868392944,0.9405309557914734,0.5615000128746033,1.2930622100830078
798,0.6718000173568726,0.9405367970466614,0.5490000247955322,1.318169116973877
799,0.6759999990463257,0.9380171895027161,0.5425000190734863,1.3702096939086914
800,0.675599992275238,0.9388071298599243,0.5019999742507935,1.4986445903778076
801,0.6751000285148621,0.9367492198944092,0.5450000166893005,1.341742992401123
802,0.6772000193595886,0.9390411972999573,0.5509999990463257,1.3039212226867676
803,0.678600013256073,0.9375544190406799,0.5519999861717224,1.3015390634536743
804,0.6761999726295471,0.9375221729278564,0.5329999923706055,1.37210214138031
805,0.676800012588501,0.9359757900238037,0.5559999942779541,1.2995193004608154
806,0.6809999942779541,0.9344422817230225,0.5360000133514404,1.412084937095642
807,0.673799991607666,0.9367899298667908,0.5634999871253967,1.2842624187469482
808,0.6796000003814697,0.9314041137695312,0.5534999966621399,1.2969168424606323
809,0.6776000261306763,0.9323986172676086,0.559499979019165,1.3091574907302856
810,0.679099977016449,0.9335636496543884,0.5354999899864197,1.4006869792938232
811,0.6726999878883362,0.9415061473846436,0.5519999861717224,1.3171519041061401
812,0.6800000071525574,0.9317782521247864,0.5195000171661377,1.465964436531067
813,0.677299976348877,0.9358457326889038,0.5404999852180481,1.3439390659332275
814,0.680400013923645,0.9281080365180969,0.5389999747276306,1.3603243827819824
815,0.679099977016449,0.9280697107315063,0.5289999842643738,1.3811675310134888
816,0.6819000244140625,0.92886883020401,0.5504999756813049,1.3129390478134155
817,0.6816999912261963,0.9275470972061157,0.5339999794960022,1.3893004655838013
818,0.6798999905586243,0.929160475730896,0.5389999747276306,1.3673521280288696
819,0.6751999855041504,0.9355237483978271,0.5540000200271606,1.2980669736862183
820,0.6769000291824341,0.9298075437545776,0.453000009059906,1.7636281251907349
821,0.6790000200271606,0.9329434633255005,0.5554999709129333,1.303511142730713
822,0.6833999752998352,0.9277247190475464,0.5789999961853027,1.2555922269821167
823,0.6782000064849854,0.9244937300682068,0.5425000190734863,1.3569278717041016
824,0.6789000034332275,0.9248785376548767,0.5665000081062317,1.3042141199111938
825,0.679099977016449,0.929154098033905,0.5450000166893005,1.332608699798584
826,0.6832000017166138,0.9195529222488403,0.565500020980835,1.281510591506958
827,0.6845999956130981,0.9237011671066284,0.5299999713897705,1.3841314315795898
828,0.6791999936103821,0.9245792031288147,0.5695000290870667,1.2579721212387085
829,0.6861000061035156,0.9195815324783325,0.5605000257492065,1.2943525314331055
830,0.6841999888420105,0.9196980595588684,0.5544999837875366,1.3031152486801147
831,0.6822999715805054,0.9207828044891357,0.5554999709129333,1.3315000534057617
832,0.6865000128746033,0.9148856401443481,0.5615000128746033,1.3168210983276367
833,0.6830000281333923,0.9235937595367432,0.531499981880188,1.4285035133361816
834,0.6823999881744385,0.9175633788108826,0.5734999775886536,1.2512699365615845
835,0.6819000244140625,0.9169674515724182,0.5559999942779541,1.3255990743637085
836,0.6869000196456909,0.9171227812767029,0.5220000147819519,1.3971182107925415
837,0.6827999949455261,0.9168049097061157,0.5509999990463257,1.3467756509780884
838,0.6840999722480774,0.9158334136009216,0.5044999718666077,1.4974058866500854
839,0.6826000213623047,0.9135066270828247,0.5394999980926514,1.3470820188522339
840,0.6834999918937683,0.9168375134468079,0.5260000228881836,1.4007519483566284
841,0.6858000159263611,0.9133415818214417,0.5485000014305115,1.3175339698791504
842,0.6884999871253967,0.9126219749450684,0.5625,1.3056780099868774
843,0.6858000159263611,0.9144110083580017,0.5504999756813049,1.3270550966262817
844,0.6873000264167786,0.9119882583618164,0.5454999804496765,1.342188835144043
845,0.6902999877929688,0.9098154306411743,0.5214999914169312,1.4325110912322998
846,0.6875,0.9098482131958008,0.5304999947547913,1.441220998764038
847,0.685699999332428,0.9105779528617859,0.5364999771118164,1.40308678150177
848,0.6877999901771545,0.9105066657066345,0.5630000233650208,1.3019460439682007
849,0.6844000220298767,0.9099547863006592,0.5684999823570251,1.2686201333999634
850,0.6875,0.9071675539016724,0.546999990940094,1.343774676322937
851,0.6840000152587891,0.9050527215003967,0.546500027179718,1.3105900287628174
852,0.6870999932289124,0.910464346408844,0.5519999861717224,1.343951940536499
853,0.6897000074386597,0.9069562554359436,0.5605000257492065,1.305631160736084
854,0.6891999840736389,0.9033218026161194,0.5659999847412109,1.2790517807006836
855,0.6858000159263611,0.9068431854248047,0.5609999895095825,1.304777979850769
856,0.692300021648407,0.9013673663139343,0.546500027179718,1.3255411386489868
857,0.6877999901771545,0.9031233191490173,0.5164999961853027,1.4248310327529907
858,0.6926000118255615,0.9020532965660095,0.5584999918937683,1.306286334991455
859,0.6891000270843506,0.8994286060333252,0.48249998688697815,1.6290781497955322
860,0.692300021648407,0.9028847813606262,0.5674999952316284,1.2546470165252686
861,0.6894000172615051,0.8999421000480652,0.5659999847412109,1.284214973449707
862,0.6883000135421753,0.8993712663650513,0.565500020980835,1.276617169380188
863,0.6931999921798706,0.8993532061576843,0.5674999952316284,1.268439531326294
864,0.6852999925613403,0.9030611515045166,0.546999990940094,1.368685245513916
865,0.6937000155448914,0.8989464640617371,0.5665000081062317,1.2622344493865967
866,0.6898999810218811,0.900951087474823,0.5740000009536743,1.2637743949890137
867,0.6927000284194946,0.898334264755249,0.5289999842643738,1.4174981117248535
868,0.6920999884605408,0.8984742164611816,0.5740000009536743,1.2905982732772827
869,0.6927000284194946,0.8929070234298706,0.531499981880188,1.4019514322280884
870,0.6916999816894531,0.9008464813232422,0.5705000162124634,1.3000645637512207
871,0.6948999762535095,0.8927216529846191,0.5759999752044678,1.2646739482879639
872,0.6941999793052673,0.8939931392669678,0.5444999933242798,1.350437879562378
873,0.6862999796867371,0.8956800699234009,0.503000020980835,1.5342909097671509
874,0.6920999884605408,0.8953242301940918,0.5584999918937683,1.3513097763061523
875,0.6959999799728394,0.8877852559089661,0.5640000104904175,1.31813645362854
876,0.694100022315979,0.8901798725128174,0.49950000643730164,1.5435236692428589
877,0.6897000074386597,0.8940544724464417,0.5644999742507935,1.290347695350647
878,0.6963000297546387,0.887769341468811,0.5454999804496765,1.3423784971237183
879,0.6937999725341797,0.8879056572914124,0.5254999995231628,1.4328573942184448
880,0.6951000094413757,0.8907318115234375,0.5584999918937683,1.2973322868347168
881,0.6966999769210815,0.8882042169570923,0.4950000047683716,1.603906512260437
882,0.6927000284194946,0.8951370120048523,0.5095000267028809,1.5665417909622192
883,0.6924999952316284,0.8927260041236877,0.5440000295639038,1.3437227010726929
884,0.6945000290870667,0.8872557878494263,0.5644999742507935,1.327017903327942
885,0.6963000297546387,0.8839932680130005,0.5674999952316284,1.2729281187057495
886,0.6934000253677368,0.8866454362869263,0.515999972820282,1.4496959447860718
887,0.6947000026702881,0.8832387924194336,0.559499979019165,1.3337576389312744
888,0.6990000009536743,0.8831948041915894,0.48750001192092896,1.6025714874267578
889,0.6949999928474426,0.8886306881904602,0.5644999742507935,1.2845699787139893
890,0.6973999738693237,0.8784051537513733,0.5565000176429749,1.3674272298812866
891,0.6988000273704529,0.8807038068771362,0.5659999847412109,1.3272120952606201
892,0.703499972820282,0.8818017840385437,0.5609999895095825,1.3220553398132324
893,0.6977999806404114,0.8800978660583496,0.5705000162124634,1.2797499895095825
894,0.6970000267028809,0.8812532424926758,0.5049999952316284,1.583977460861206
895,0.699400007724762,0.8799236416816711,0.5690000057220459,1.287752389907837
896,0.7006999850273132,0.8746787905693054,0.5584999918937683,1.3160427808761597
897,0.6990000009536743,0.8769941329956055,0.4855000078678131,1.5791926383972168
898,0.6948999762535095,0.8838827013969421,0.515999972820282,1.4635591506958008
899,0.7005000114440918,0.8779270648956299,0.5040000081062317,1.5538970232009888
900,0.6972000002861023,0.8778322339057922,0.5479999780654907,1.3629416227340698
901,0.7016000151634216,0.8759861588478088,0.5389999747276306,1.3824011087417603
902,0.6990000009536743,0.8772888779640198,0.5389999747276306,1.3969354629516602
903,0.7024000287055969,0.8736082911491394,0.5565000176429749,1.3106406927108765
904,0.7027999758720398,0.8718830347061157,0.534500002861023,1.3903168439865112
905,0.7009999752044678,0.8726540803909302,0.5590000152587891,1.3219510316848755
906,0.703000009059906,0.867783784866333,0.5059999823570251,1.5825141668319702
907,0.7009999752044678,0.8770428895950317,0.5164999961853027,1.4960293769836426
908,0.7013000249862671,0.8724302649497986,0.534500002861023,1.4242970943450928
909,0.7016000151634216,0.8708497285842896,0.559499979019165,1.3245792388916016
910,0.7009000182151794,0.8703618049621582,0.5410000085830688,1.4174774885177612
911,0.7019000053405762,0.8689332008361816,0.5680000185966492,1.2831580638885498
912,0.7014999985694885,0.8693361282348633,0.5360000133514404,1.383838415145874
913,0.7049999833106995,0.8677672743797302,0.5375000238418579,1.4225879907608032
914,0.7070000171661377,0.8649435639381409,0.5009999871253967,1.5114370584487915
915,0.6974999904632568,0.8717131018638611,0.5534999966621399,1.3073428869247437
916,0.7024999856948853,0.8671053647994995,0.5605000257492065,1.3137519359588623
917,0.7038999795913696,0.8666694164276123,0.48500001430511475,1.5745782852172852
918,0.7031000256538391,0.8656762838363647,0.5235000252723694,1.436874508857727
919,0.6996999979019165,0.8734028339385986,0.5705000162124634,1.320951223373413
920,0.703499972820282,0.8659700155258179,0.5724999904632568,1.2845594882965088
921,0.7017999887466431,0.8622918725013733,0.5720000267028809,1.2758793830871582
922,0.7078999876976013,0.8606342077255249,0.5609999895095825,1.29864501953125
923,0.704800009727478,0.8642014861106873,0.5665000081062317,1.2740837335586548
924,0.7049999833106995,0.8601999282836914,0.5274999737739563,1.4898432493209839
925,0.7056000232696533,0.8598728775978088,0.5764999985694885,1.2727882862091064
926,0.705299973487854,0.860618531703949,0.5720000267028809,1.2796964645385742
927,0.7110000252723694,0.8555718064308167,0.546500027179718,1.359997272491455
928,0.70660001039505,0.857515811920166,0.5669999718666077,1.3102788925170898
929,0.7116000056266785,0.8541600704193115,0.5544999837875366,1.3422884941101074
930,0.707099974155426,0.854235053062439,0.5705000162124634,1.2828927040100098
931,0.7077999711036682,0.8573773503303528,0.5640000104904175,1.2740274667739868
932,0.7044000029563904,0.8569502830505371,0.5740000009536743,1.2809154987335205
933,0.7060999870300293,0.859535276889801,0.5205000042915344,1.409462809562683
934,0.7075999975204468,0.8582616448402405,0.565500020980835,1.3229783773422241
935,0.708899974822998,0.8549100756645203,0.5109999775886536,1.4690457582473755
936,0.7071999907493591,0.8554682731628418,0.5515000224113464,1.3805941343307495
937,0.7070000171661377,0.8562280535697937,0.5304999947547913,1.4322855472564697
938,0.7049000263214111,0.8519859313964844,0.5544999837875366,1.332406759262085
939,0.710099995136261,0.8518097400665283,0.5435000061988831,1.3683245182037354
940,0.7135000228881836,0.8479354381561279,0.5799999833106995,1.2469394207000732
941,0.7113000154495239,0.8499289751052856,0.49000000953674316,1.6039782762527466
942,0.711899995803833,0.8539731502532959,0.5274999737739563,1.44896399974823
943,0.7132999897003174,0.8473763465881348,0.5715000033378601,1.2887345552444458
944,0.7089999914169312,0.8448303937911987,0.43149998784065247,2.061302900314331
945,0.7128000259399414,0.852250874042511,0.5009999871253967,1.5693424940109253
946,0.7103999853134155,0.8461030125617981,0.5040000081062317,1.5775490999221802
947,0.710099995136261,0.8455410003662109,0.5774999856948853,1.288303256034851
948,0.7102000117301941,0.8528688549995422,0.5519999861717224,1.3846100568771362
949,0.7124000191688538,0.8446050882339478,0.5554999709129333,1.3273438215255737
950,0.7081000208854675,0.8492682576179504,0.48399999737739563,1.5673662424087524
951,0.7128999829292297,0.8445581793785095,0.5680000185966492,1.3217320442199707
952,0.7096999883651733,0.8449240326881409,0.5625,1.319079875946045
953,0.708899974822998,0.8434356451034546,0.5375000238418579,1.4210959672927856
954,0.7152000069618225,0.8381401300430298,0.5699999928474426,1.3015888929367065
955,0.7145000100135803,0.8389708995819092,0.5640000104904175,1.279937982559204
956,0.7178000211715698,0.8378819227218628,0.5065000057220459,1.5475808382034302
957,0.7167999744415283,0.8386560678482056,0.559499979019165,1.3179388046264648
958,0.7160000205039978,0.8360459804534912,0.5304999947547913,1.4336415529251099
959,0.7134000062942505,0.8437567353248596,0.5724999904632568,1.2858248949050903
960,0.7172999978065491,0.8379723429679871,0.5575000047683716,1.3262790441513062
961,0.7131999731063843,0.8344965577125549,0.5634999871253967,1.3260728120803833
962,0.714900016784668,0.8345438241958618,0.5659999847412109,1.3156147003173828
963,0.7110000252723694,0.8366028070449829,0.559499979019165,1.3208160400390625
964,0.7146999835968018,0.8352893590927124,0.5544999837875366,1.3526294231414795
965,0.7139999866485596,0.8337870836257935,0.5394999980926514,1.4305243492126465
966,0.7106999754905701,0.838391125202179,0.5715000033378601,1.292553186416626
967,0.713699996471405,0.8326630592346191,0.5634999871253967,1.2967394590377808
968,0.7163000106811523,0.8351827263832092,0.5584999918937683,1.3475489616394043
969,0.7184000015258789,0.8315783143043518,0.4964999854564667,1.5944236516952515
970,0.7184000015258789,0.8375610113143921,0.574999988079071,1.26547110080719
971,0.7213000059127808,0.8276090025901794,0.559499979019165,1.3455253839492798
972,0.7139999866485596,0.8335526585578918,0.565500020980835,1.2888672351837158
973,0.7192000150680542,0.8287780284881592,0.5230000019073486,1.495304822921753
974,0.7157999873161316,0.8317996859550476,0.5400000214576721,1.381955623626709
975,0.7170000076293945,0.8257360458374023,0.5705000162124634,1.3073045015335083
976,0.7192999720573425,0.825146496295929,0.5485000014305115,1.3783100843429565
977,0.7160000205039978,0.8339308500289917,0.5720000267028809,1.3198941946029663
978,0.7215999960899353,0.8283873200416565,0.5759999752044678,1.278681993484497
979,0.7188000082969666,0.8287119269371033,0.5669999718666077,1.281692385673523
980,0.7245000004768372,0.8245558738708496,0.5325000286102295,1.4342917203903198
981,0.72079998254776,0.8231308460235596,0.5230000019073486,1.443260669708252
982,0.7204999923706055,0.8279761672019958,0.5544999837875366,1.346867561340332
983,0.7235999703407288,0.8170236349105835,0.5379999876022339,1.4493296146392822
984,0.7192999720573425,0.8240832090377808,0.5274999737739563,1.475482702255249
985,0.7197999954223633,0.823693037033081,0.5634999871253967,1.3006354570388794
986,0.7208999991416931,0.8218820095062256,0.531499981880188,1.5140571594238281
987,0.7202000021934509,0.823307991027832,0.5674999952316284,1.3055893182754517
988,0.722000002861023,0.8192389607429504,0.5575000047683716,1.4014818668365479
989,0.7196000218391418,0.8214036822319031,0.5625,1.3081303834915161
990,0.7228999733924866,0.8164921402931213,0.5625,1.3418768644332886
991,0.7224000096321106,0.8232879042625427,0.5084999799728394,1.6140516996383667
992,0.7188000082969666,0.8250126242637634,0.5669999718666077,1.3043951988220215
993,0.7253000140190125,0.8197776079177856,0.5659999847412109,1.2993141412734985
994,0.7232000231742859,0.8149649500846863,0.5354999899864197,1.4893890619277954
995,0.7261999845504761,0.8143132925033569,0.5795000195503235,1.2637159824371338
996,0.7226999998092651,0.8150085210800171,0.5559999942779541,1.3404414653778076
997,0.722100019454956,0.8195421695709229,0.5740000009536743,1.2729803323745728
998,0.7225000262260437,0.8142977356910706,0.5360000133514404,1.462259292602539
999,0.722100019454956,0.8173347115516663,0.5565000176429749,1.3263237476348877
