epoch,accuracy,loss,val_accuracy,val_loss
0,0.10050000250339508,2.301042318344116,0.12549999356269836,2.292400360107422
1,0.14100000262260437,2.286811113357544,0.1509999930858612,2.2813963890075684
2,0.1525000035762787,2.277385950088501,0.15449999272823334,2.272266387939453
3,0.16200000047683716,2.2682244777679443,0.16750000417232513,2.263115406036377
4,0.17579999566078186,2.2582974433898926,0.17949999868869781,2.252612590789795
5,0.18889999389648438,2.247269630432129,0.18199999630451202,2.2406294345855713
6,0.19699999690055847,2.2348804473876953,0.20149999856948853,2.2276008129119873
7,0.20999999344348907,2.2210330963134766,0.20200000703334808,2.2133655548095703
8,0.22120000422000885,2.205510139465332,0.2199999988079071,2.196317195892334
9,0.22789999842643738,2.1881489753723145,0.2224999964237213,2.178082227706909
10,0.23819999396800995,2.1694576740264893,0.22050000727176666,2.159562110900879
11,0.23829999566078186,2.1499977111816406,0.25049999356269836,2.140674352645874
12,0.24770000576972961,2.1300363540649414,0.2224999964237213,2.121917724609375
13,0.2485000044107437,2.1106560230255127,0.25850000977516174,2.100076198577881
14,0.2538999915122986,2.0923666954040527,0.24699999392032623,2.0827443599700928
15,0.26089999079704285,2.0758838653564453,0.2515000104904175,2.0678491592407227
16,0.26339998841285706,2.0614593029022217,0.25049999356269836,2.0560786724090576
17,0.26460000872612,2.048485040664673,0.25999999046325684,2.042402982711792
18,0.2702000141143799,2.0374250411987305,0.26600000262260437,2.031850576400757
19,0.2752000093460083,2.0263569355010986,0.26600000262260437,2.0228424072265625
20,0.2743000090122223,2.0176546573638916,0.27399998903274536,2.0144166946411133
21,0.27790001034736633,2.0097060203552246,0.27149999141693115,2.008387565612793
22,0.2815999984741211,2.001920461654663,0.2485000044107437,2.0163283348083496
23,0.27959999442100525,1.9954345226287842,0.2750000059604645,1.9975618124008179
24,0.2847999930381775,1.9882867336273193,0.2605000138282776,2.005200147628784
25,0.2856000065803528,1.9827176332473755,0.273499995470047,1.9821844100952148
26,0.2892000079154968,1.9753906726837158,0.2750000059604645,1.977391242980957
27,0.2946000099182129,1.9696115255355835,0.2809999883174896,1.9729697704315186
28,0.29409998655319214,1.9638501405715942,0.28600001335144043,1.970123291015625
29,0.29760000109672546,1.958226203918457,0.2874999940395355,1.9643436670303345
30,0.3009999990463257,1.9535795450210571,0.2849999964237213,1.9555751085281372
31,0.301800012588501,1.9476174116134644,0.304500013589859,1.9562216997146606
32,0.303600013256073,1.9427686929702759,0.296999990940094,1.9448422193527222
33,0.3084999918937683,1.937488079071045,0.2930000126361847,1.940008282661438
34,0.3098999857902527,1.9324076175689697,0.29899999499320984,1.9402039051055908
35,0.314300000667572,1.9265015125274658,0.304500013589859,1.9427920579910278
36,0.314300000667572,1.922363519668579,0.30000001192092896,1.9345194101333618
37,0.3165999948978424,1.9169557094573975,0.30399999022483826,1.9204227924346924
38,0.3197999894618988,1.9114689826965332,0.30799999833106995,1.9161787033081055
39,0.3239000141620636,1.9056874513626099,0.3149999976158142,1.9176087379455566
40,0.3257000148296356,1.8992888927459717,0.3075000047683716,1.9172226190567017
41,0.3314000070095062,1.8959228992462158,0.3095000088214874,1.9234044551849365
42,0.32989999651908875,1.8900947570800781,0.32499998807907104,1.8979049921035767
43,0.33239999413490295,1.8842852115631104,0.3160000145435333,1.8964723348617554
44,0.33469998836517334,1.8793187141418457,0.32499998807907104,1.888034701347351
45,0.33649998903274536,1.8737287521362305,0.3269999921321869,1.8817505836486816
46,0.34049999713897705,1.8678308725357056,0.3009999990463257,1.9179743528366089
47,0.3424000144004822,1.862748622894287,0.33399999141693115,1.8763476610183716
48,0.34220001101493835,1.8569636344909668,0.32749998569488525,1.8650649785995483
49,0.3481000065803528,1.8504308462142944,0.32749998569488525,1.862410068511963
50,0.3517000079154968,1.844712257385254,0.3345000147819519,1.8582038879394531
51,0.35280001163482666,1.839089274406433,0.33899998664855957,1.8531666994094849
52,0.35850000381469727,1.8324754238128662,0.33899998664855957,1.8447401523590088
53,0.35600000619888306,1.8279157876968384,0.3395000100135803,1.8487821817398071
54,0.3603000044822693,1.822333574295044,0.3400000035762787,1.8455368280410767
55,0.36309999227523804,1.8156548738479614,0.3375000059604645,1.8595576286315918
56,0.3625999987125397,1.8104591369628906,0.34450000524520874,1.8278281688690186
57,0.3659999966621399,1.803620457649231,0.3440000116825104,1.8248242139816284
58,0.3659000098705292,1.7990318536758423,0.34299999475479126,1.8318700790405273
59,0.3693000078201294,1.7937926054000854,0.33500000834465027,1.8320918083190918
60,0.3700000047683716,1.7866337299346924,0.359499990940094,1.8205844163894653
61,0.37380000948905945,1.7817103862762451,0.3580000102519989,1.8072501420974731
62,0.3774999976158142,1.7741894721984863,0.34049999713897705,1.8442310094833374
63,0.37959998846054077,1.7698140144348145,0.34450000524520874,1.84068763256073
64,0.3790999948978424,1.7652872800827026,0.35100001096725464,1.82276451587677
65,0.3804999887943268,1.7580186128616333,0.3700000047683716,1.7788476943969727
66,0.38339999318122864,1.7533185482025146,0.35600000619888306,1.7925519943237305
67,0.38749998807907104,1.7484562397003174,0.36800000071525574,1.7825628519058228
68,0.3889999985694885,1.7419828176498413,0.3659999966621399,1.789984107017517
69,0.3882000148296356,1.7367976903915405,0.36899998784065247,1.778833031654358
70,0.39239999651908875,1.7323049306869507,0.35199999809265137,1.8005856275558472
71,0.3928999900817871,1.727993369102478,0.3610000014305115,1.7535158395767212
72,0.39579999446868896,1.721798300743103,0.367000013589859,1.76466965675354
73,0.3986000120639801,1.7159448862075806,0.3785000145435333,1.7479908466339111
74,0.3995000123977661,1.7110646963119507,0.37950000166893005,1.743568778038025
75,0.4023999869823456,1.7059074640274048,0.38199999928474426,1.7349684238433838
76,0.4036000072956085,1.7005034685134888,0.3869999945163727,1.7425816059112549
77,0.4027999937534332,1.6964830160140991,0.375,1.7416194677352905
78,0.40790000557899475,1.6914994716644287,0.37950000166893005,1.7538450956344604
79,0.40630000829696655,1.6849759817123413,0.3880000114440918,1.7345380783081055
80,0.40950000286102295,1.6818904876708984,0.3695000112056732,1.7374944686889648
81,0.41110000014305115,1.6771436929702759,0.38850000500679016,1.6998932361602783
82,0.4138999879360199,1.6729565858840942,0.382999986410141,1.742519736289978
83,0.41589999198913574,1.667310357093811,0.37700000405311584,1.7600183486938477
84,0.41769999265670776,1.6647919416427612,0.38600000739097595,1.711081862449646
85,0.4185999929904938,1.6570576429367065,0.359499990940094,1.7831499576568604
86,0.41749998927116394,1.6542668342590332,0.398499995470047,1.6837376356124878
87,0.4226999878883362,1.6492252349853516,0.38199999928474426,1.7000354528427124
88,0.4163999855518341,1.64741849899292,0.3815000057220459,1.7075029611587524
89,0.42399999499320984,1.6400705575942993,0.4074999988079071,1.6785320043563843
90,0.4246000051498413,1.6369242668151855,0.3474999964237213,1.7544896602630615
91,0.4271000027656555,1.6325956583023071,0.4099999964237213,1.6781175136566162
92,0.4244999885559082,1.629130482673645,0.39149999618530273,1.7566028833389282
93,0.4311000108718872,1.6240242719650269,0.3930000066757202,1.694754719734192
94,0.43220001459121704,1.6185078620910645,0.40700000524520874,1.6593289375305176
95,0.42989999055862427,1.615680456161499,0.39800000190734863,1.6779636144638062
96,0.4359000027179718,1.6107717752456665,0.36149999499320984,1.8120371103286743
97,0.43220001459121704,1.607622504234314,0.4104999899864197,1.6443595886230469
98,0.4368000030517578,1.6016954183578491,0.38499999046325684,1.7002782821655273
99,0.4381999969482422,1.5988829135894775,0.4025000035762787,1.6762651205062866
100,0.43869999051094055,1.595848560333252,0.4074999988079071,1.6410245895385742
101,0.4390999972820282,1.591210126876831,0.38600000739097595,1.6955190896987915
102,0.43849998712539673,1.587354302406311,0.3695000112056732,1.7113248109817505
103,0.4426000118255615,1.5861707925796509,0.42100000381469727,1.638149380683899
104,0.4399999976158142,1.5804511308670044,0.3935000002384186,1.673382043838501
105,0.4440999925136566,1.5767714977264404,0.42649999260902405,1.6262222528457642
106,0.44359999895095825,1.575204849243164,0.4050000011920929,1.6427743434906006
107,0.44600000977516174,1.5698210000991821,0.42250001430511475,1.615337610244751
108,0.4465000033378601,1.5658153295516968,0.42800000309944153,1.600765347480774
109,0.44780001044273376,1.5638478994369507,0.43050000071525574,1.6020443439483643
110,0.44769999384880066,1.560357928276062,0.38850000500679016,1.7037545442581177
111,0.4496000111103058,1.5598506927490234,0.40799999237060547,1.6470016241073608
112,0.4487000107765198,1.554945945739746,0.4180000126361847,1.632037878036499
113,0.45419999957084656,1.551271915435791,0.42750000953674316,1.6011226177215576
114,0.44999998807907104,1.546406865119934,0.3840000033378601,1.7738412618637085
115,0.4537000060081482,1.5486314296722412,0.41449999809265137,1.6510378122329712
116,0.45419999957084656,1.5452269315719604,0.4165000021457672,1.6330749988555908
117,0.4580000042915344,1.5408457517623901,0.4339999854564667,1.6117347478866577
118,0.45579999685287476,1.5388790369033813,0.4230000078678131,1.5907255411148071
119,0.45730000734329224,1.535738468170166,0.43149998784065247,1.570927619934082
120,0.4586000144481659,1.5317530632019043,0.42100000381469727,1.609006643295288
121,0.4577000141143799,1.5321720838546753,0.42250001430511475,1.6165719032287598
122,0.4578000009059906,1.526413917541504,0.4300000071525574,1.5794570446014404
123,0.45590001344680786,1.5256762504577637,0.4424999952316284,1.5791594982147217
124,0.46209999918937683,1.521929144859314,0.4320000112056732,1.591651201248169
125,0.4641000032424927,1.518767237663269,0.4259999990463257,1.6452198028564453
126,0.46219998598098755,1.5171195268630981,0.4339999854564667,1.5727266073226929
127,0.4609000086784363,1.5144462585449219,0.42899999022483826,1.592214584350586
128,0.461899995803833,1.51246976852417,0.39500001072883606,1.7724900245666504
129,0.4641000032424927,1.5154244899749756,0.44350001215934753,1.5540404319763184
130,0.4661000072956085,1.5069553852081299,0.44449999928474426,1.5530256032943726
131,0.46709999442100525,1.5083287954330444,0.42899999022483826,1.5971219539642334
132,0.4659999907016754,1.505257248878479,0.44600000977516174,1.5455572605133057
133,0.4666999876499176,1.5010794401168823,0.4429999887943268,1.5662113428115845
134,0.46810001134872437,1.498495101928711,0.4440000057220459,1.5595591068267822
135,0.46959999203681946,1.497969150543213,0.4065000116825104,1.6529256105422974
136,0.4666999876499176,1.4982990026474,0.4115000069141388,1.5949469804763794
137,0.46970000863075256,1.493930697441101,0.43799999356269836,1.5808899402618408
138,0.4675999879837036,1.494271159172058,0.44699999690055847,1.5491026639938354
139,0.47099998593330383,1.4901293516159058,0.4390000104904175,1.5581454038619995
140,0.4715000092983246,1.4852761030197144,0.4259999990463257,1.61773681640625
141,0.47099998593330383,1.4868563413619995,0.4449999928474426,1.5575045347213745
142,0.4749000072479248,1.4835253953933716,0.44699999690055847,1.5801794528961182
143,0.47360000014305115,1.4829888343811035,0.4569999873638153,1.5287597179412842
144,0.474700003862381,1.4808098077774048,0.43799999356269836,1.5725873708724976
145,0.4756999909877777,1.4795433282852173,0.4244999885559082,1.584993600845337
146,0.47510001063346863,1.4763153791427612,0.43950000405311584,1.54984712600708
147,0.4796999990940094,1.4724199771881104,0.43650001287460327,1.5620840787887573
148,0.47780001163482666,1.4711745977401733,0.4154999852180481,1.6674920320510864
149,0.4763000011444092,1.4723724126815796,0.33550000190734863,2.1258809566497803
150,0.47380000352859497,1.4755678176879883,0.44200000166893005,1.5468313694000244
151,0.4790000021457672,1.466387152671814,0.4339999854564667,1.5586042404174805
152,0.47780001163482666,1.4657237529754639,0.4104999899864197,1.662582516670227
153,0.48249998688697815,1.4644447565078735,0.4555000066757202,1.5518766641616821
154,0.4837000072002411,1.4620834589004517,0.4620000123977661,1.51554274559021
155,0.48240000009536743,1.4603431224822998,0.421999990940094,1.572683572769165
156,0.48260000348091125,1.4632420539855957,0.44350001215934753,1.5628646612167358
157,0.48080000281333923,1.4591119289398193,0.4519999921321869,1.5372099876403809
158,0.48399999737739563,1.454380750656128,0.4560000002384186,1.544714093208313
159,0.4846999943256378,1.4540709257125854,0.4514999985694885,1.5826311111450195
160,0.48660001158714294,1.4537774324417114,0.41200000047683716,1.5838695764541626
161,0.48730000853538513,1.4485284090042114,0.41200000047683716,1.6241576671600342
162,0.48510000109672546,1.4504878520965576,0.41850000619888306,1.630220890045166
163,0.4880000054836273,1.4474236965179443,0.4440000057220459,1.5663108825683594
164,0.4902999997138977,1.4476953744888306,0.4189999997615814,1.5824987888336182
165,0.4887999892234802,1.4464945793151855,0.4675000011920929,1.5031907558441162
166,0.487199991941452,1.4426186084747314,0.46149998903274536,1.5061460733413696
167,0.49059998989105225,1.4413410425186157,0.45500001311302185,1.504514455795288
168,0.49300000071525574,1.4357388019561768,0.4449999928474426,1.629416584968567
169,0.49059998989105225,1.4410656690597534,0.4650000035762787,1.502015233039856
170,0.4941999912261963,1.436464786529541,0.445499986410141,1.5389668941497803
171,0.48730000853538513,1.4390779733657837,0.28949999809265137,2.4557301998138428
172,0.4862000048160553,1.447446346282959,0.4300000071525574,1.6117308139801025
173,0.490200012922287,1.4358166456222534,0.4429999887943268,1.551782488822937
174,0.4943999946117401,1.4342652559280396,0.45500001311302185,1.5751891136169434
175,0.4936000108718872,1.4300869703292847,0.45500001311302185,1.535340666770935
176,0.49300000071525574,1.428315281867981,0.4465000033378601,1.5411591529846191
177,0.492900013923645,1.4254330396652222,0.4514999985694885,1.545284628868103
178,0.4943999946117401,1.4238409996032715,0.4415000081062317,1.5358108282089233
179,0.4952000081539154,1.425432562828064,0.4404999911785126,1.5559967756271362
180,0.49410000443458557,1.4216772317886353,0.4359999895095825,1.591896653175354
181,0.4950999915599823,1.4217716455459595,0.46549999713897705,1.4983385801315308
182,0.49570000171661377,1.4210115671157837,0.45750001072883606,1.5103521347045898
183,0.4966999888420105,1.4154260158538818,0.453000009059906,1.52205491065979
184,0.5009999871253967,1.4141992330551147,0.46149998903274536,1.5121090412139893
185,0.5033000111579895,1.4151992797851562,0.4399999976158142,1.5393942594528198
186,0.5006999969482422,1.4134650230407715,0.4189999997615814,1.603311538696289
187,0.49950000643730164,1.4140413999557495,0.4560000002384186,1.5847917795181274
188,0.5008000135421753,1.4107297658920288,0.476500004529953,1.4625550508499146
189,0.5,1.4132349491119385,0.4625000059604645,1.5117032527923584
190,0.5026999711990356,1.4061044454574585,0.4634999930858612,1.5060127973556519
191,0.5031999945640564,1.406269907951355,0.42399999499320984,1.5859519243240356
192,0.5042999982833862,1.4093937873840332,0.4724999964237213,1.482102632522583
193,0.505299985408783,1.4028691053390503,0.47099998593330383,1.4772766828536987
194,0.5037000179290771,1.4015165567398071,0.47450000047683716,1.4823781251907349
195,0.5045999884605408,1.4031480550765991,0.46700000762939453,1.4990450143814087
196,0.5055999755859375,1.3996943235397339,0.45500001311302185,1.5186593532562256
197,0.5047000050544739,1.3995356559753418,0.4699999988079071,1.4929341077804565
198,0.5088000297546387,1.3958203792572021,0.4699999988079071,1.5120668411254883
199,0.5105000138282776,1.3957866430282593,0.48100000619888306,1.4710956811904907
200,0.510699987411499,1.3936235904693604,0.4544999897480011,1.554935336112976
201,0.5116000175476074,1.3955140113830566,0.4779999852180481,1.4772766828536987
202,0.508400022983551,1.3923871517181396,0.4754999876022339,1.494119644165039
203,0.5098000168800354,1.3903969526290894,0.4754999876022339,1.472709059715271
204,0.5044999718666077,1.3919962644577026,0.4650000035762787,1.4738503694534302
205,0.5083000063896179,1.3872013092041016,0.43650001287460327,1.5228667259216309
206,0.5090000033378601,1.3878799676895142,0.476500004529953,1.4861913919448853
207,0.5121999979019165,1.385567307472229,0.4480000138282776,1.5440398454666138
208,0.510200023651123,1.3863974809646606,0.4625000059604645,1.487128734588623
209,0.511900007724762,1.380678415298462,0.4855000078678131,1.449463963508606
210,0.5139999985694885,1.3836222887039185,0.4584999978542328,1.5195658206939697
211,0.515500009059906,1.3798836469650269,0.47699999809265137,1.4868663549423218
212,0.5159000158309937,1.3774577379226685,0.429500013589859,1.5937089920043945
213,0.5121999979019165,1.3773412704467773,0.4650000035762787,1.4735661745071411
214,0.5110999941825867,1.3779120445251465,0.4519999921321869,1.5181066989898682
215,0.517300009727478,1.3745228052139282,0.46700000762939453,1.4961283206939697
216,0.510699987411499,1.375412940979004,0.47049999237060547,1.484863519668579
217,0.5202999711036682,1.3694168329238892,0.4684999883174896,1.5681893825531006
218,0.5131999850273132,1.3764801025390625,0.45500001311302185,1.5490115880966187
219,0.5198000073432922,1.3710393905639648,0.48249998688697815,1.4593069553375244
220,0.5170000195503235,1.3667939901351929,0.4790000021457672,1.462324619293213
221,0.5185999870300293,1.3687171936035156,0.45249998569488525,1.4897871017456055
222,0.5188000202178955,1.3655118942260742,0.4855000078678131,1.4579230546951294
223,0.5202999711036682,1.3662645816802979,0.47999998927116394,1.4521958827972412
224,0.5205000042915344,1.3630237579345703,0.4465000033378601,1.5054157972335815
225,0.5220999717712402,1.3610813617706299,0.4684999883174896,1.5062813758850098
226,0.5220000147819519,1.3581483364105225,0.4659999907016754,1.5018069744110107
227,0.5184000134468079,1.36043381690979,0.47999998927116394,1.454261064529419
228,0.524399995803833,1.360121726989746,0.43799999356269836,1.6945916414260864
229,0.527999997138977,1.3573495149612427,0.4690000116825104,1.5261224508285522
230,0.5206000208854675,1.3581480979919434,0.4684999883174896,1.4746448993682861
231,0.5231999754905701,1.352843999862671,0.4519999921321869,1.483628273010254
232,0.5212000012397766,1.3535363674163818,0.4424999952316284,1.549562692642212
233,0.5236999988555908,1.3523095846176147,0.44850000739097595,1.5080348253250122
234,0.5252000093460083,1.3536676168441772,0.45249998569488525,1.5581637620925903
235,0.5245000123977661,1.351186990737915,0.49799999594688416,1.4422495365142822
236,0.5249000191688538,1.3459866046905518,0.47450000047683716,1.4750491380691528
237,0.5281000137329102,1.3488960266113281,0.4740000069141388,1.4672383069992065
238,0.5267999768257141,1.3459904193878174,0.4855000078678131,1.4800941944122314
239,0.5248000025749207,1.343064785003662,0.43799999356269836,1.5307905673980713
240,0.5271999835968018,1.343277931213379,0.3580000102519989,1.9136673212051392
241,0.5281999707221985,1.344376564025879,0.47600001096725464,1.4437602758407593
242,0.5271000266075134,1.3393464088439941,0.4950000047683716,1.4498670101165771
243,0.5311999917030334,1.339782953262329,0.4659999907016754,1.4810532331466675
244,0.5300999879837036,1.336948275566101,0.49300000071525574,1.4360750913619995
245,0.5297999978065491,1.3388313055038452,0.48249998688697815,1.4226564168930054
246,0.5315999984741211,1.3356455564498901,0.4740000069141388,1.462103009223938
247,0.5339000225067139,1.333188533782959,0.4404999911785126,1.5390995740890503
248,0.5306000113487244,1.3365014791488647,0.46149998903274536,1.4759376049041748
249,0.5327000021934509,1.3302420377731323,0.4729999899864197,1.4494258165359497
250,0.5356000065803528,1.330956220626831,0.42399999499320984,1.6410415172576904
251,0.5331000089645386,1.3344063758850098,0.48649999499320984,1.445141315460205
252,0.5382000207901001,1.3284693956375122,0.47450000047683716,1.4605498313903809
253,0.5335999727249146,1.3271551132202148,0.4465000033378601,1.5323264598846436
254,0.5336999893188477,1.3268376588821411,0.48649999499320984,1.4646097421646118
255,0.5401999950408936,1.3243529796600342,0.45350000262260437,1.5369670391082764
256,0.5360000133514404,1.323991060256958,0.43149998784065247,1.5549771785736084
257,0.5367000102996826,1.3270961046218872,0.46549999713897705,1.4823979139328003
258,0.5354999899864197,1.3228706121444702,0.47699999809265137,1.4506984949111938
259,0.5397999882698059,1.322204351425171,0.4790000021457672,1.433310866355896
260,0.5389999747276306,1.3170037269592285,0.49050000309944153,1.4289432764053345
261,0.5400000214576721,1.3152592182159424,0.48899999260902405,1.473829984664917
262,0.5421000123023987,1.3160520792007446,0.5074999928474426,1.4077003002166748
263,0.5396000146865845,1.3154175281524658,0.4950000047683716,1.4471399784088135
264,0.5396000146865845,1.3165364265441895,0.4790000021457672,1.4319998025894165
265,0.538100004196167,1.315976619720459,0.4779999852180481,1.4401230812072754
266,0.5435000061988831,1.3119268417358398,0.4819999933242798,1.4373775720596313
267,0.5442000031471252,1.3125425577163696,0.4975000023841858,1.4342594146728516
268,0.5406000018119812,1.309893250465393,0.4925000071525574,1.4118061065673828
269,0.5396000146865845,1.3089474439620972,0.46799999475479126,1.4734127521514893
270,0.5432999730110168,1.3074144124984741,0.5019999742507935,1.410524606704712
271,0.5411999821662903,1.3056303262710571,0.47049999237060547,1.4562771320343018
272,0.5454000234603882,1.3068811893463135,0.4934999942779541,1.4091694355010986
273,0.5450000166893005,1.3006190061569214,0.4970000088214874,1.4087510108947754
274,0.5421000123023987,1.3021657466888428,0.48399999737739563,1.4641120433807373
275,0.5461999773979187,1.3034882545471191,0.44600000977516174,1.5693340301513672
276,0.54339998960495,1.3020849227905273,0.4945000112056732,1.4537806510925293
277,0.5446000099182129,1.2983486652374268,0.484499990940094,1.4280190467834473
278,0.5440000295639038,1.2978837490081787,0.48100000619888306,1.436219573020935
279,0.5497999787330627,1.2958738803863525,0.4819999933242798,1.4373445510864258
280,0.546500027179718,1.294013500213623,0.476500004529953,1.4651020765304565
281,0.5494999885559082,1.2914423942565918,0.5,1.401732087135315
282,0.5462999939918518,1.29610013961792,0.48100000619888306,1.4372726678848267
283,0.5511999726295471,1.2916371822357178,0.4740000069141388,1.446129560470581
284,0.5501000285148621,1.287660002708435,0.49149999022483826,1.4078994989395142
285,0.5493999719619751,1.2870997190475464,0.45399999618530273,1.4837957620620728
286,0.5497999787330627,1.2870312929153442,0.46650001406669617,1.4844970703125
287,0.5480999946594238,1.2905964851379395,0.4424999952316284,1.6129274368286133
288,0.5503000020980835,1.2867062091827393,0.5065000057220459,1.4158068895339966
289,0.5523999929428101,1.2820491790771484,0.49050000309944153,1.4269146919250488
290,0.5550000071525574,1.2836271524429321,0.5055000185966492,1.384772777557373
291,0.5521000027656555,1.279348611831665,0.48399999737739563,1.422864556312561
292,0.552299976348877,1.2845791578292847,0.49000000953674316,1.3990899324417114
293,0.5539000034332275,1.2793506383895874,0.48399999737739563,1.422896146774292
294,0.5511000156402588,1.2781003713607788,0.4449999928474426,1.636601209640503
295,0.5491999983787537,1.2810026407241821,0.4819999933242798,1.4412856101989746
296,0.5516999959945679,1.273963212966919,0.5049999952316284,1.3983540534973145
297,0.5537999868392944,1.2735300064086914,0.49050000309944153,1.4019725322723389
298,0.5566999912261963,1.2750104665756226,0.5120000243186951,1.4098834991455078
299,0.5552999973297119,1.2735244035720825,0.4779999852180481,1.427718997001648
300,0.5577999949455261,1.2690244913101196,0.4830000102519989,1.4103606939315796
301,0.5579000115394592,1.2738958597183228,0.43149998784065247,1.5723265409469604
302,0.5580000281333923,1.2683404684066772,0.4964999854564667,1.414801001548767
303,0.5559999942779541,1.2680714130401611,0.43799999356269836,1.7631888389587402
304,0.5586000084877014,1.269910216331482,0.49399998784065247,1.3962349891662598
305,0.5566999912261963,1.2674739360809326,0.45350000262260437,1.4939171075820923
306,0.560699999332428,1.263911485671997,0.4970000088214874,1.3994126319885254
307,0.5569000244140625,1.2637540102005005,0.4984999895095825,1.4492976665496826
308,0.5618000030517578,1.2625118494033813,0.4925000071525574,1.4031444787979126
309,0.557699978351593,1.2582701444625854,0.492000013589859,1.4030444622039795
310,0.5605999827384949,1.2593413591384888,0.48899999260902405,1.39273202419281
311,0.5590999722480774,1.257483720779419,0.47099998593330383,1.4534413814544678
312,0.5587000250816345,1.2653288841247559,0.49149999022483826,1.4078559875488281
313,0.5611000061035156,1.2535513639450073,0.4984999895095825,1.4225564002990723
314,0.5630000233650208,1.2553092241287231,0.5109999775886536,1.3683956861495972
315,0.5640000104904175,1.2551804780960083,0.4869999885559082,1.418333649635315
316,0.5619999766349792,1.255955457687378,0.492000013589859,1.408155083656311
317,0.5619999766349792,1.254140019416809,0.515999972820282,1.3661116361618042
318,0.5655999779701233,1.2501099109649658,0.49549999833106995,1.3784302473068237
319,0.5625,1.2512903213500977,0.4950000047683716,1.4174875020980835
320,0.565500020980835,1.2453982830047607,0.4749999940395355,1.4554805755615234
321,0.5666000247001648,1.2487671375274658,0.49549999833106995,1.3957931995391846
322,0.564300000667572,1.2469515800476074,0.4740000069141388,1.4662410020828247
323,0.5645999908447266,1.2469494342803955,0.4790000021457672,1.441475749015808
324,0.5655999779701233,1.2469333410263062,0.47450000047683716,1.4393025636672974
325,0.5659000277519226,1.2437372207641602,0.4560000002384186,1.5380350351333618
326,0.5677000284194946,1.2416894435882568,0.49549999833106995,1.4364713430404663
327,0.5665000081062317,1.241126537322998,0.49900001287460327,1.477457046508789
328,0.5647000074386597,1.2404381036758423,0.5109999775886536,1.366544485092163
329,0.5698000192642212,1.2382111549377441,0.5195000171661377,1.3717039823532104
330,0.5697000026702881,1.2354736328125,0.45100000500679016,1.5448497533798218
331,0.5673999786376953,1.2375370264053345,0.503000020980835,1.419092059135437
332,0.569599986076355,1.2376688718795776,0.4934999942779541,1.4143471717834473
333,0.5698999762535095,1.234258770942688,0.5090000033378601,1.3697973489761353
334,0.5701000094413757,1.231782078742981,0.47450000047683716,1.513400912284851
335,0.5687999725341797,1.2328230142593384,0.49900001287460327,1.37851881980896
336,0.5706999897956848,1.228818416595459,0.4934999942779541,1.4032200574874878
337,0.572700023651123,1.2302701473236084,0.49399998784065247,1.4069828987121582
338,0.5695000290870667,1.230349063873291,0.5180000066757202,1.349940538406372
339,0.5738000273704529,1.2262325286865234,0.5139999985694885,1.3589988946914673
340,0.5727999806404114,1.2240405082702637,0.484499990940094,1.4565330743789673
341,0.5735999941825867,1.2257425785064697,0.5084999799728394,1.4004228115081787
342,0.5745999813079834,1.224923849105835,0.5034999847412109,1.4149531126022339
343,0.574999988079071,1.2222353219985962,0.49900001287460327,1.3970454931259155
344,0.5702999830245972,1.2266100645065308,0.5180000066757202,1.385926604270935
345,0.5748000144958496,1.2239294052124023,0.5134999752044678,1.379525899887085
346,0.5738000273704529,1.218372106552124,0.49799999594688416,1.3821980953216553
347,0.5748999714851379,1.2165287733078003,0.5139999985694885,1.4026739597320557
348,0.5777000188827515,1.2165234088897705,0.5189999938011169,1.3657550811767578
349,0.5751000046730042,1.2191927433013916,0.4684999883174896,1.4844186305999756
350,0.578000009059906,1.2169370651245117,0.4494999945163727,1.5614625215530396
351,0.5734000205993652,1.2146036624908447,0.4634999930858612,1.4800419807434082
352,0.5774999856948853,1.213108777999878,0.5195000171661377,1.3574987649917603
353,0.5813000202178955,1.2097527980804443,0.5180000066757202,1.3720147609710693
354,0.5777000188827515,1.211472511291504,0.4970000088214874,1.384719967842102
355,0.579800009727478,1.2082393169403076,0.4715000092983246,1.4750179052352905
356,0.579200029373169,1.2080507278442383,0.45750001072883606,1.6267997026443481
357,0.5795999765396118,1.2096986770629883,0.4724999964237213,1.4969533681869507
358,0.5769000053405762,1.2115517854690552,0.5044999718666077,1.3608806133270264
359,0.5760999917984009,1.2088207006454468,0.47600001096725464,1.452163577079773
360,0.5789999961853027,1.20737624168396,0.512499988079071,1.3704992532730103
361,0.5805000066757202,1.2015591859817505,0.5055000185966492,1.4035937786102295
362,0.5827000141143799,1.1990323066711426,0.5120000243186951,1.3687824010849
363,0.5813999772071838,1.1992419958114624,0.512499988079071,1.3992886543273926
364,0.5784000158309937,1.2015817165374756,0.48249998688697815,1.411002516746521
365,0.5799999833106995,1.2000441551208496,0.4749999940395355,1.4620780944824219
366,0.5848000049591064,1.1978659629821777,0.5170000195503235,1.3441563844680786
367,0.5846999883651733,1.1953853368759155,0.46050000190734863,1.571068286895752
368,0.5845000147819519,1.1960797309875488,0.5120000243186951,1.3721706867218018
369,0.58160001039505,1.194259524345398,0.5260000228881836,1.3363267183303833
370,0.5888000130653381,1.1931180953979492,0.5074999928474426,1.38661527633667
371,0.583899974822998,1.2000014781951904,0.5015000104904175,1.4032849073410034
372,0.5841000080108643,1.191641092300415,0.4819999933242798,1.4603829383850098
373,0.5856999754905701,1.1900080442428589,0.515500009059906,1.3505487442016602
374,0.5842000246047974,1.1894917488098145,0.4749999940395355,1.458877444267273
375,0.583899974822998,1.1896723508834839,0.49799999594688416,1.3886287212371826
376,0.5842000246047974,1.1916440725326538,0.4269999861717224,1.7745078802108765
377,0.583299994468689,1.1932435035705566,0.5009999871253967,1.40345299243927
378,0.5871000289916992,1.18388032913208,0.4715000092983246,1.5237233638763428
379,0.5863999724388123,1.186722993850708,0.531499981880188,1.3394951820373535
380,0.5861999988555908,1.182301640510559,0.49549999833106995,1.4223638772964478
381,0.5896999835968018,1.1776072978973389,0.5095000267028809,1.3629525899887085
382,0.5889000296592712,1.1818444728851318,0.5080000162124634,1.384361743927002
383,0.5929999947547913,1.1794112920761108,0.5070000290870667,1.3754788637161255
384,0.5916000008583069,1.176025629043579,0.5214999914169312,1.3459508419036865
385,0.590399980545044,1.179518699645996,0.5180000066757202,1.3748880624771118
386,0.5911999940872192,1.174393892288208,0.5059999823570251,1.371497631072998
387,0.5870000123977661,1.1753344535827637,0.5145000219345093,1.35732102394104
388,0.5910000205039978,1.1766154766082764,0.4650000035762787,1.5526498556137085
389,0.5906000137329102,1.1764730215072632,0.4964999854564667,1.4435570240020752
390,0.5888000130653381,1.1740343570709229,0.5230000019073486,1.3350683450698853
391,0.5927000045776367,1.1737455129623413,0.5184999704360962,1.3680304288864136
392,0.5924000144004822,1.169028639793396,0.531000018119812,1.335827350616455
393,0.5963000059127808,1.1659733057022095,0.49950000643730164,1.389792799949646
394,0.5939000248908997,1.1713173389434814,0.4544999897480011,1.5117884874343872
395,0.5911999940872192,1.1705604791641235,0.5040000081062317,1.3598774671554565
396,0.5921000242233276,1.1699118614196777,0.49149999022483826,1.4545918703079224
397,0.5936999917030334,1.1717102527618408,0.4934999942779541,1.41498601436615
398,0.5950000286102295,1.1642050743103027,0.46549999713897705,1.526956558227539
399,0.592199981212616,1.1682372093200684,0.5139999985694885,1.3569108247756958
400,0.5943999886512756,1.1604470014572144,0.5009999871253967,1.4252506494522095
401,0.597000002861023,1.1621211767196655,0.527999997138977,1.3422977924346924
402,0.5993000268936157,1.1576837301254272,0.5149999856948853,1.3687063455581665
403,0.6010000109672546,1.1574782133102417,0.5249999761581421,1.3365157842636108
404,0.5947999954223633,1.1609727144241333,0.5195000171661377,1.3740441799163818
405,0.5972999930381775,1.1589890718460083,0.4860000014305115,1.5238648653030396
406,0.5982999801635742,1.1586498022079468,0.4959999918937683,1.4005110263824463
407,0.6003000140190125,1.1557729244232178,0.5180000066757202,1.3547272682189941
408,0.5982999801635742,1.1533856391906738,0.531499981880188,1.329868197441101
409,0.6025999784469604,1.1501121520996094,0.5210000276565552,1.3597283363342285
410,0.6001999974250793,1.1481695175170898,0.5,1.422324776649475
411,0.5990999937057495,1.1514289379119873,0.5245000123977661,1.340543270111084
412,0.5974000096321106,1.1517001390457153,0.3675000071525574,1.8905457258224487
413,0.5996000170707703,1.160305380821228,0.5105000138282776,1.3741594552993774
414,0.6004999876022339,1.1467885971069336,0.5264999866485596,1.3293448686599731
415,0.6019999980926514,1.1516568660736084,0.49399998784065247,1.4141069650650024
416,0.6044999957084656,1.1441658735275269,0.5180000066757202,1.3597317934036255
417,0.6061999797821045,1.1438777446746826,0.5074999928474426,1.3739099502563477
418,0.6007000207901001,1.1452922821044922,0.40450000762939453,1.7039446830749512
419,0.6004999876022339,1.149474024772644,0.5115000009536743,1.3941420316696167
420,0.6029999852180481,1.1408286094665527,0.492000013589859,1.4406962394714355
421,0.605400025844574,1.140563726425171,0.4104999899864197,1.830306053161621
422,0.6040999889373779,1.1446304321289062,0.48350000381469727,1.5038959980010986
423,0.6097999811172485,1.1372127532958984,0.5249999761581421,1.390893578529358
424,0.6068000197410583,1.1310858726501465,0.4729999899864197,1.5311877727508545
425,0.6039000153541565,1.13864004611969,0.512499988079071,1.3721630573272705
426,0.6044999957084656,1.1325699090957642,0.5164999961853027,1.353789210319519
427,0.607200026512146,1.131644368171692,0.5245000123977661,1.3612334728240967
428,0.6047000288963318,1.13261878490448,0.5304999947547913,1.3205573558807373
429,0.6078000068664551,1.1332273483276367,0.4009999930858612,1.834403157234192
430,0.6050999760627747,1.1398345232009888,0.5,1.454757571220398
431,0.609499990940094,1.1294283866882324,0.531000018119812,1.3423365354537964
432,0.6108999848365784,1.1294783353805542,0.47749999165534973,1.466010570526123
433,0.6082000136375427,1.1268589496612549,0.5360000133514404,1.3132638931274414
434,0.6122000217437744,1.1225638389587402,0.5055000185966492,1.3736870288848877
435,0.6134999990463257,1.1223245859146118,0.5260000228881836,1.3231468200683594
436,0.6101999878883362,1.123763084411621,0.5,1.4082896709442139
437,0.6107000112533569,1.1216626167297363,0.5205000042915344,1.3503934144973755
438,0.6126000285148621,1.1200438737869263,0.531499981880188,1.3697762489318848
439,0.6098999977111816,1.1204663515090942,0.5230000019073486,1.3552650213241577
440,0.6152999997138977,1.118804931640625,0.5260000228881836,1.3502033948898315
441,0.6121000051498413,1.119391679763794,0.5370000004768372,1.313700795173645
442,0.6144999861717224,1.1201411485671997,0.5335000157356262,1.3057429790496826
443,0.6171000003814697,1.1161390542984009,0.5109999775886536,1.4081294536590576
444,0.6151000261306763,1.118568778038025,0.49149999022483826,1.434180736541748
445,0.6154000163078308,1.114892601966858,0.5164999961853027,1.3744301795959473
446,0.6151999831199646,1.1179925203323364,0.47999998927116394,1.4343289136886597
447,0.613099992275238,1.1092325448989868,0.4814999997615814,1.5489957332611084
448,0.6165000200271606,1.1141306161880493,0.4950000047683716,1.4078654050827026
449,0.6179999709129333,1.1153364181518555,0.5394999980926514,1.2930519580841064
450,0.616599977016449,1.1098583936691284,0.5180000066757202,1.3608413934707642
451,0.6154999732971191,1.1100105047225952,0.49799999594688416,1.4496303796768188
452,0.6172000169754028,1.1111164093017578,0.527999997138977,1.349406361579895
453,0.6208999752998352,1.1042662858963013,0.4970000088214874,1.4128917455673218
454,0.6168000102043152,1.1043646335601807,0.531000018119812,1.3169869184494019
455,0.6201000213623047,1.1033589839935303,0.5260000228881836,1.3487321138381958
456,0.6155999898910522,1.1053173542022705,0.5080000162124634,1.4056506156921387
457,0.6154000163078308,1.1051106452941895,0.49900001287460327,1.4314959049224854
458,0.6151000261306763,1.1068525314331055,0.5,1.4135099649429321
459,0.6200000047683716,1.0990482568740845,0.5370000004768372,1.3436825275421143
460,0.619700014591217,1.1012604236602783,0.5134999752044678,1.4292064905166626
461,0.6237000226974487,1.0994170904159546,0.5115000009536743,1.3680800199508667
462,0.6182000041007996,1.1012121438980103,0.5099999904632568,1.4046522378921509
463,0.6229000091552734,1.0970889329910278,0.5170000195503235,1.3437893390655518
464,0.618399977684021,1.0980151891708374,0.531000018119812,1.3442578315734863
465,0.6219000220298767,1.0974352359771729,0.5120000243186951,1.3844135999679565
466,0.6237000226974487,1.093819499015808,0.5370000004768372,1.3340121507644653
467,0.6198999881744385,1.0960053205490112,0.4754999876022339,1.480928897857666
468,0.6226999759674072,1.0916852951049805,0.5285000205039978,1.3776416778564453
469,0.6251000165939331,1.0927759408950806,0.4819999933242798,1.4667103290557861
470,0.6226999759674072,1.0937165021896362,0.5249999761581421,1.3377611637115479
471,0.623199999332428,1.0923120975494385,0.5304999947547913,1.3250441551208496
472,0.6248000264167786,1.0877623558044434,0.5364999771118164,1.3061119318008423
473,0.6230000257492065,1.0906497240066528,0.5350000262260437,1.3221063613891602
474,0.623199999332428,1.0883195400238037,0.5375000238418579,1.3103363513946533
475,0.6227999925613403,1.0878063440322876,0.5320000052452087,1.3354076147079468
476,0.6240000128746033,1.0839470624923706,0.46950000524520874,1.4811259508132935
477,0.6255999803543091,1.0851600170135498,0.5120000243186951,1.378014326095581
478,0.6258999705314636,1.08204185962677,0.47049999237060547,1.5732733011245728
479,0.6290000081062317,1.085424780845642,0.5195000171661377,1.3675588369369507
480,0.6298999786376953,1.0796900987625122,0.5435000061988831,1.3249582052230835
481,0.6291999816894531,1.0772247314453125,0.5180000066757202,1.3946313858032227
482,0.6302000284194946,1.0821611881256104,0.4415000081062317,1.6191339492797852
483,0.6262999773025513,1.0825026035308838,0.5295000076293945,1.3282890319824219
484,0.6269000172615051,1.0758056640625,0.5400000214576721,1.28690767288208
485,0.6276000142097473,1.0748568773269653,0.5375000238418579,1.3115204572677612
486,0.6312000155448914,1.0759892463684082,0.5270000100135803,1.332161545753479
487,0.6306999921798706,1.0701329708099365,0.5414999723434448,1.2919704914093018
488,0.6255999803543091,1.0739737749099731,0.527999997138977,1.3611782789230347
489,0.6273999810218811,1.0727213621139526,0.5370000004768372,1.3032865524291992
490,0.6304000020027161,1.0717107057571411,0.5304999947547913,1.3809967041015625
491,0.6262000203132629,1.0732392072677612,0.534500002861023,1.304465889930725
492,0.6298999786376953,1.0677536725997925,0.5109999775886536,1.4167841672897339
493,0.6295999884605408,1.0670087337493896,0.5120000243186951,1.3760056495666504
494,0.6327000260353088,1.0720244646072388,0.5299999713897705,1.3897342681884766
495,0.6312999725341797,1.0719231367111206,0.5245000123977661,1.32571542263031
496,0.633400022983551,1.0663374662399292,0.49549999833106995,1.4801357984542847
497,0.633899986743927,1.067970633506775,0.5335000157356262,1.3546639680862427
498,0.6312000155448914,1.0674923658370972,0.5339999794960022,1.3210560083389282
499,0.6301000118255615,1.0620050430297852,0.5304999947547913,1.306382656097412
500,0.633899986743927,1.06076180934906,0.5360000133514404,1.3128349781036377
501,0.6353999972343445,1.0606470108032227,0.5350000262260437,1.3909028768539429
502,0.6338000297546387,1.061476230621338,0.5435000061988831,1.362847924232483
503,0.6345999836921692,1.0613269805908203,0.4945000112056732,1.4751994609832764
504,0.6355000138282776,1.0597742795944214,0.45399999618530273,1.6219780445098877
505,0.6355999708175659,1.0672696828842163,0.5550000071525574,1.2704191207885742
506,0.6355000138282776,1.0589781999588013,0.5410000085830688,1.3133366107940674
507,0.6366000175476074,1.0537278652191162,0.5174999833106995,1.3644087314605713
508,0.6363000273704529,1.0597679615020752,0.5364999771118164,1.3509007692337036
509,0.6370000243186951,1.0583640336990356,0.5450000166893005,1.3284636735916138
510,0.6384999752044678,1.0528594255447388,0.531000018119812,1.3264094591140747
511,0.6392999887466431,1.0499372482299805,0.5184999704360962,1.3759297132492065
512,0.6365000009536743,1.049349069595337,0.5370000004768372,1.3208091259002686
513,0.6362000107765198,1.0503674745559692,0.5389999747276306,1.3162217140197754
514,0.6366000175476074,1.0517891645431519,0.46950000524520874,1.6570087671279907
515,0.6331999897956848,1.0604605674743652,0.5394999980926514,1.3398222923278809
516,0.6455000042915344,1.0465463399887085,0.42399999499320984,1.7607922554016113
517,0.6373999714851379,1.050469160079956,0.4860000014305115,1.6140507459640503
518,0.6394000053405762,1.0513689517974854,0.4779999852180481,1.513255000114441
519,0.6383000016212463,1.0483226776123047,0.49300000071525574,1.4498610496520996
520,0.6403999924659729,1.0437026023864746,0.4970000088214874,1.4141396284103394
521,0.6395000219345093,1.041316270828247,0.5450000166893005,1.2858394384384155
522,0.6427000164985657,1.0405783653259277,0.5270000100135803,1.3392068147659302
523,0.6424000263214111,1.0386818647384644,0.47999998927116394,1.5611584186553955
524,0.6412000060081482,1.0431644916534424,0.5360000133514404,1.3037585020065308
525,0.6446999907493591,1.038048267364502,0.4595000147819519,1.6092350482940674
526,0.6438000202178955,1.0402791500091553,0.5475000143051147,1.3016119003295898
527,0.6431999802589417,1.0362493991851807,0.4819999933242798,1.4592766761779785
528,0.6413000226020813,1.038193941116333,0.5295000076293945,1.3727892637252808
529,0.6462000012397766,1.0357216596603394,0.4945000112056732,1.5317165851593018
530,0.6412000060081482,1.0387827157974243,0.5410000085830688,1.3260554075241089
531,0.6449000239372253,1.0339056253433228,0.5360000133514404,1.3085603713989258
532,0.6481000185012817,1.0294392108917236,0.5339999794960022,1.3117645978927612
533,0.6484000086784363,1.0303094387054443,0.5299999713897705,1.3339229822158813
534,0.6438000202178955,1.0335326194763184,0.5544999837875366,1.2968326807022095
535,0.6438000202178955,1.0301941633224487,0.5285000205039978,1.3691693544387817
536,0.644599974155426,1.0285226106643677,0.5084999799728394,1.437195897102356
537,0.6466000080108643,1.0306658744812012,0.5105000138282776,1.4056148529052734
538,0.6491000056266785,1.024682641029358,0.5584999918937683,1.2748761177062988
539,0.6504999995231628,1.0185668468475342,0.4959999918937683,1.4371163845062256
540,0.6434999704360962,1.0272343158721924,0.5264999866485596,1.3662176132202148
541,0.6481000185012817,1.025088906288147,0.5440000295639038,1.3563958406448364
542,0.6463000178337097,1.0237560272216797,0.4855000078678131,1.488071322441101
543,0.6452999711036682,1.026222586631775,0.5569999814033508,1.3095511198043823
544,0.6473000049591064,1.0216035842895508,0.5044999718666077,1.4205116033554077
545,0.6491000056266785,1.0282769203186035,0.4424999952316284,1.6504522562026978
546,0.6484000086784363,1.025619626045227,0.5335000157356262,1.3637601137161255
547,0.6499999761581421,1.0201165676116943,0.5554999709129333,1.2834523916244507
548,0.649399995803833,1.0163559913635254,0.5370000004768372,1.3622891902923584
549,0.6480000019073486,1.019930124282837,0.5239999890327454,1.4463227987289429
550,0.6507999897003174,1.0154956579208374,0.5525000095367432,1.3126084804534912
551,0.6510000228881836,1.0143357515335083,0.5544999837875366,1.2986124753952026
552,0.6504999995231628,1.0166990756988525,0.5205000042915344,1.3776812553405762
553,0.6531999707221985,1.0109199285507202,0.5239999890327454,1.3534245491027832
554,0.6514999866485596,1.0164735317230225,0.5425000190734863,1.34862220287323
555,0.6520000100135803,1.011782169342041,0.5299999713897705,1.35791015625
556,0.6523000001907349,1.0128024816513062,0.5299999713897705,1.4291914701461792
557,0.6535000205039978,1.0069931745529175,0.49799999594688416,1.4201860427856445
558,0.6532999873161316,1.0118850469589233,0.546999990940094,1.3444809913635254
559,0.6549000144004822,1.0052921772003174,0.48750001192092896,1.4758362770080566
560,0.65420001745224,1.0098254680633545,0.5419999957084656,1.343526005744934
561,0.6549000144004822,1.0076779127120972,0.5115000009536743,1.3817427158355713
562,0.650600016117096,1.0074611902236938,0.5205000042915344,1.3794679641723633
563,0.6567999720573425,1.0018179416656494,0.5494999885559082,1.3005083799362183
564,0.6590999960899353,1.0003973245620728,0.5580000281333923,1.2848507165908813
565,0.6563000082969666,1.0043973922729492,0.4754999876022339,1.6219490766525269
566,0.6523000001907349,1.0071607828140259,0.4884999990463257,1.4934697151184082
567,0.6514000296592712,1.00315523147583,0.4724999964237213,1.5941250324249268
568,0.6571000218391418,1.001499056816101,0.5394999980926514,1.3298625946044922
569,0.6565999984741211,1.0016835927963257,0.5224999785423279,1.3592710494995117
570,0.6586999893188477,0.9964226484298706,0.5504999756813049,1.3427411317825317
571,0.6597999930381775,0.9940959811210632,0.550000011920929,1.3175078630447388
572,0.6586999893188477,0.9956156015396118,0.5494999885559082,1.2892966270446777
573,0.659500002861023,0.9961389899253845,0.5634999871253967,1.2768319845199585
574,0.659500002861023,0.9916565418243408,0.5325000286102295,1.4083834886550903
575,0.6560999751091003,0.9921983480453491,0.5450000166893005,1.3127871751785278
576,0.6552000045776367,0.9979157447814941,0.4505000114440918,1.6552752256393433
577,0.656499981880188,1.0020257234573364,0.5575000047683716,1.293102741241455
578,0.6593000292778015,0.9894519448280334,0.5354999899864197,1.363870620727539
579,0.6626999974250793,0.9885997772216797,0.4880000054836273,1.5638782978057861
580,0.6583999991416931,0.9970650672912598,0.5055000185966492,1.4669196605682373
581,0.6557999849319458,0.992626965045929,0.5170000195503235,1.3738622665405273
582,0.6608999967575073,0.9871693253517151,0.5609999895095825,1.3193110227584839
583,0.6590999960899353,0.9867842793464661,0.5550000071525574,1.2755804061889648
584,0.6607000231742859,0.9844927787780762,0.5389999747276306,1.3331882953643799
585,0.6604999899864197,0.9865055680274963,0.546500027179718,1.3369258642196655
586,0.6596999764442444,0.9858865141868591,0.5550000071525574,1.2973191738128662
587,0.6664000153541565,0.984606921672821,0.5569999814033508,1.2753477096557617
588,0.6624000072479248,0.9810438752174377,0.5139999985694885,1.410961389541626
589,0.6624000072479248,0.9800834059715271,0.5320000052452087,1.3426684141159058
590,0.6660000085830688,0.9769701361656189,0.5630000233650208,1.2814167737960815
591,0.6618000268936157,0.9749469757080078,0.5205000042915344,1.3909212350845337
592,0.6686000227928162,0.979968249797821,0.5389999747276306,1.3627872467041016
593,0.6654000282287598,0.9784420132637024,0.5019999742507935,1.4904688596725464
594,0.6629999876022339,0.9827817678451538,0.5325000286102295,1.3988345861434937
595,0.6628000140190125,0.9769325256347656,0.5389999747276306,1.320348858833313
596,0.6632999777793884,0.9786774516105652,0.5529999732971191,1.315550446510315
597,0.6610000133514404,0.9798550009727478,0.5454999804496765,1.3027966022491455
598,0.6672000288963318,0.9696468710899353,0.5720000267028809,1.265702724456787
599,0.6678000092506409,0.977344810962677,0.5490000247955322,1.291793942451477
600,0.6646000146865845,0.9723469614982605,0.5419999957084656,1.3057292699813843
601,0.6686000227928162,0.9680402278900146,0.5335000157356262,1.371755599975586
602,0.6650000214576721,0.9707502126693726,0.5509999990463257,1.2752909660339355
603,0.6671000123023987,0.9678758978843689,0.5454999804496765,1.302611231803894
604,0.6680999994277954,0.9684500694274902,0.5370000004768372,1.3380063772201538
605,0.6675000190734863,0.9670064449310303,0.5065000057220459,1.4489867687225342
606,0.6686999797821045,0.9687306880950928,0.5529999732971191,1.3014953136444092
607,0.6685000061988831,0.9708245992660522,0.5199999809265137,1.370279312133789
608,0.6722999811172485,0.9625068306922913,0.5230000019073486,1.433739423751831
609,0.6662999987602234,0.9659132957458496,0.5070000290870667,1.449264407157898
610,0.6654000282287598,0.9657633900642395,0.5494999885559082,1.2989996671676636
611,0.6711999773979187,0.9602537155151367,0.546500027179718,1.3295773267745972
612,0.6679999828338623,0.9625340104103088,0.5540000200271606,1.2977133989334106
613,0.6722000241279602,0.9615598917007446,0.5410000085830688,1.3025827407836914
614,0.6736000180244446,0.956259548664093,0.4684999883174896,1.590736746788025
615,0.6715999841690063,0.9593653082847595,0.565500020980835,1.2651426792144775
616,0.6729999780654907,0.9571607708930969,0.5565000176429749,1.3162968158721924
617,0.6725999712944031,0.9576570391654968,0.550000011920929,1.3050775527954102
618,0.6728000044822693,0.9543905258178711,0.5120000243186951,1.4555176496505737
619,0.6773999929428101,0.955808699131012,0.41600000858306885,1.8542110919952393
620,0.6732000112533569,0.9613535404205322,0.5625,1.3011126518249512
621,0.6757000088691711,0.9540678858757019,0.5659999847412109,1.3004193305969238
622,0.6771000027656555,0.9510058760643005,0.5199999809265137,1.3969250917434692
623,0.6704999804496765,0.9541027545928955,0.4975000023841858,1.5362677574157715
624,0.6723999977111816,0.952617883682251,0.5065000057220459,1.4470409154891968
625,0.6769000291824341,0.9466167688369751,0.5609999895095825,1.288733720779419
626,0.6747000217437744,0.9476757049560547,0.5669999718666077,1.2579357624053955
627,0.6765000224113464,0.9474237561225891,0.5410000085830688,1.2984262704849243
628,0.6761000156402588,0.9446079134941101,0.5534999966621399,1.2847511768341064
629,0.6798999905586243,0.943946361541748,0.476500004529953,1.576089859008789
630,0.6728000044822693,0.9497792720794678,0.5584999918937683,1.2940579652786255
631,0.6790000200271606,0.9434809684753418,0.5559999942779541,1.2897478342056274
632,0.6801000237464905,0.9425303936004639,0.5509999990463257,1.2951030731201172
633,0.6819999814033508,0.9417112469673157,0.5625,1.280538558959961
634,0.6765000224113464,0.9433435797691345,0.5525000095367432,1.359955906867981
635,0.6794999837875366,0.9393807649612427,0.5490000247955322,1.3341703414916992
636,0.6735000014305115,0.9436548948287964,0.5764999985694885,1.2504152059555054
637,0.6793000102043152,0.9328360557556152,0.5360000133514404,1.3678193092346191
638,0.6794000267982483,0.9371517300605774,0.5609999895095825,1.266372799873352
639,0.6830999851226807,0.9354401230812073,0.4855000078678131,1.5063289403915405
640,0.6769000291824341,0.9420818090438843,0.45750001072883606,1.6323988437652588
641,0.6747999787330627,0.940797746181488,0.5440000295639038,1.3498691320419312
642,0.6808000206947327,0.9377591609954834,0.5049999952316284,1.4728878736495972
643,0.6765999794006348,0.9409506916999817,0.5289999842643738,1.388545274734497
644,0.6805999875068665,0.9388648271560669,0.5440000295639038,1.314186692237854
645,0.6843000054359436,0.9351745247840881,0.5774999856948853,1.2600566148757935
646,0.6841999888420105,0.9263955950737,0.5174999833106995,1.3985588550567627
647,0.6797999739646912,0.9352021217346191,0.5254999995231628,1.4079338312149048
648,0.685699999332428,0.9328112602233887,0.4779999852180481,1.5510461330413818
649,0.6808000206947327,0.9273034334182739,0.5544999837875366,1.3190854787826538
650,0.6844000220298767,0.9287337064743042,0.5479999780654907,1.3590521812438965
651,0.6851999759674072,0.9245843887329102,0.5490000247955322,1.326555609703064
652,0.6848000288009644,0.924753725528717,0.5239999890327454,1.3763192892074585
653,0.6833000183105469,0.92596036195755,0.5385000109672546,1.3494391441345215
654,0.6881999969482422,0.9182604551315308,0.5475000143051147,1.3470067977905273
655,0.6840999722480774,0.92739337682724,0.5540000200271606,1.3096046447753906
656,0.6798999905586243,0.9268931746482849,0.512499988079071,1.459945797920227
657,0.6848000288009644,0.9220626950263977,0.550000011920929,1.2905147075653076
658,0.6862999796867371,0.9208391308784485,0.5264999866485596,1.4017412662506104
659,0.6823999881744385,0.9265101552009583,0.5584999918937683,1.2763046026229858
660,0.6876999735832214,0.9184312224388123,0.5299999713897705,1.3644999265670776
661,0.6841999888420105,0.9268991351127625,0.559499979019165,1.3366730213165283
662,0.6872000098228455,0.9238971471786499,0.5609999895095825,1.2674309015274048
663,0.6802999973297119,0.9185726642608643,0.5180000066757202,1.4350907802581787
664,0.6865000128746033,0.9205722808837891,0.534500002861023,1.3724374771118164
665,0.6891999840736389,0.913057804107666,0.5525000095367432,1.2998201847076416
666,0.6877999901771545,0.9170949459075928,0.5454999804496765,1.3092968463897705
667,0.6844000220298767,0.914340615272522,0.5385000109672546,1.354451060295105
668,0.6929000020027161,0.9118615388870239,0.5600000023841858,1.2810747623443604
669,0.6884999871253967,0.9125078916549683,0.45500001311302185,1.6734302043914795
670,0.6898000240325928,0.9169400334358215,0.531000018119812,1.4111354351043701
671,0.6887000203132629,0.9116995334625244,0.5615000128746033,1.2738549709320068
672,0.6934000253677368,0.9095677733421326,0.5600000023841858,1.2850602865219116
673,0.6876999735832214,0.9117271304130554,0.5454999804496765,1.353244662284851
674,0.6941999793052673,0.9055893421173096,0.5055000185966492,1.5035884380340576
675,0.6920999884605408,0.906021773815155,0.5299999713897705,1.459768295288086
676,0.6901999711990356,0.9047076106071472,0.5659999847412109,1.2837203741073608
677,0.690500020980835,0.9000329375267029,0.5485000014305115,1.3695811033248901
678,0.6880000233650208,0.9046533107757568,0.546500027179718,1.3024518489837646
679,0.6913999915122986,0.9041815400123596,0.546999990940094,1.349786400794983
680,0.6938999891281128,0.901010274887085,0.515500009059906,1.4105790853500366
681,0.692300021648407,0.8979586958885193,0.5289999842643738,1.3665804862976074
682,0.6940000057220459,0.9000567197799683,0.5509999990463257,1.3384276628494263
683,0.6912000179290771,0.9028737545013428,0.5665000081062317,1.262792706489563
684,0.6922000050544739,0.8963043689727783,0.5230000019073486,1.3993769884109497
685,0.696399986743927,0.8984737396240234,0.46000000834465027,1.6946884393692017
686,0.6948000192642212,0.9043580293655396,0.5149999856948853,1.477117896080017
687,0.6944000124931335,0.896068274974823,0.5490000247955322,1.3114615678787231
688,0.698199987411499,0.8974000215530396,0.5015000104904175,1.5925648212432861
689,0.6963000297546387,0.89892578125,0.5705000162124634,1.2729511260986328
690,0.698199987411499,0.894148051738739,0.4729999899864197,1.7538079023361206
691,0.6935999989509583,0.896970808506012,0.5059999823570251,1.5346934795379639
692,0.6973999738693237,0.8923762440681458,0.5134999752044678,1.4867610931396484
693,0.6934999823570251,0.8920215964317322,0.5575000047683716,1.3261494636535645
694,0.6955000162124634,0.8915613293647766,0.5184999704360962,1.429213285446167
695,0.7005000114440918,0.8878083825111389,0.5625,1.310914397239685
696,0.699400007724762,0.890047550201416,0.546999990940094,1.4033421277999878
697,0.6966999769210815,0.8948606252670288,0.5199999809265137,1.4434943199157715
698,0.7028999924659729,0.884978711605072,0.4984999895095825,1.5141892433166504
699,0.6967999935150146,0.8876333236694336,0.5680000185966492,1.2947343587875366
700,0.7024000287055969,0.8820842504501343,0.5385000109672546,1.368139624595642
701,0.6966000199317932,0.8821946382522583,0.5534999966621399,1.2843204736709595
702,0.6983000040054321,0.8842650651931763,0.512499988079071,1.4882572889328003
703,0.6984999775886536,0.8875405192375183,0.5235000252723694,1.3988654613494873
704,0.6965000033378601,0.8880432844161987,0.5634999871253967,1.284084439277649
705,0.7032999992370605,0.8757907152175903,0.5699999928474426,1.271649956703186
706,0.6995999813079834,0.8855107426643372,0.5270000100135803,1.3830294609069824
707,0.6984000205993652,0.8800903558731079,0.5630000233650208,1.2595329284667969
708,0.703000009059906,0.8747363090515137,0.5575000047683716,1.3091976642608643
709,0.7013000249862671,0.8773067593574524,0.5504999756813049,1.3154598474502563
710,0.7028999924659729,0.8781474828720093,0.5410000085830688,1.3214532136917114
711,0.7063999772071838,0.8732994198799133,0.5385000109672546,1.3931097984313965
712,0.7017999887466431,0.8755798935890198,0.5580000281333923,1.3347628116607666
713,0.7050999999046326,0.8715343475341797,0.5230000019073486,1.394287347793579
714,0.7049000263214111,0.8716998100280762,0.534500002861023,1.3733813762664795
715,0.7013999819755554,0.8755245804786682,0.5479999780654907,1.3288811445236206
716,0.7002999782562256,0.8763852715492249,0.5584999918937683,1.286645770072937
717,0.7045999765396118,0.870272159576416,0.550000011920929,1.3545728921890259
718,0.7028999924659729,0.8715618848800659,0.559499979019165,1.2877806425094604
719,0.7049999833106995,0.8727664947509766,0.5149999856948853,1.4616892337799072
720,0.7017999887466431,0.8709992170333862,0.546999990940094,1.3624836206436157
721,0.7041000127792358,0.8680849671363831,0.5605000257492065,1.2918741703033447
722,0.7084000110626221,0.8639639616012573,0.5609999895095825,1.3031364679336548
723,0.7081999778747559,0.8618531227111816,0.5600000023841858,1.341444492340088
724,0.7057999968528748,0.8654352426528931,0.5019999742507935,1.4851089715957642
725,0.701200008392334,0.8732601404190063,0.5565000176429749,1.3173213005065918
726,0.7071999907493591,0.8662984371185303,0.5235000252723694,1.486130952835083
727,0.704200029373169,0.8681106567382812,0.5479999780654907,1.3645399808883667
728,0.7092999815940857,0.8592126965522766,0.5220000147819519,1.3982073068618774
729,0.7096999883651733,0.8602045774459839,0.5425000190734863,1.3465087413787842
730,0.7070000171661377,0.8583320379257202,0.5669999718666077,1.2863677740097046
731,0.7099000215530396,0.8576714992523193,0.5034999847412109,1.4793760776519775
732,0.7017999887466431,0.861224889755249,0.5429999828338623,1.3727521896362305
733,0.710099995136261,0.8540291786193848,0.5490000247955322,1.3327476978302002
734,0.7096999883651733,0.8590953946113586,0.5609999895095825,1.3213744163513184
735,0.7078999876976013,0.8559905290603638,0.5379999876022339,1.3789469003677368
736,0.7087000012397766,0.8541622161865234,0.5375000238418579,1.3594980239868164
737,0.711899995803833,0.8542830348014832,0.5845000147819519,1.260694980621338
738,0.7070000171661377,0.852130651473999,0.5479999780654907,1.3155081272125244
739,0.7141000032424927,0.8526683449745178,0.5389999747276306,1.4139660596847534
740,0.7125999927520752,0.8503916263580322,0.5170000195503235,1.5495684146881104
741,0.7039999961853027,0.859586238861084,0.5074999928474426,1.512707233428955
742,0.708299994468689,0.8569750785827637,0.5525000095367432,1.3672027587890625
743,0.7139000296592712,0.8522254824638367,0.5494999885559082,1.3298962116241455
744,0.7149999737739563,0.8438298106193542,0.42750000953674316,2.0084424018859863
745,0.7107999920845032,0.8607058525085449,0.5640000104904175,1.2914623022079468
746,0.7135999798774719,0.8456625938415527,0.5375000238418579,1.4403260946273804
747,0.7131999731063843,0.8471325039863586,0.5444999933242798,1.3939733505249023
748,0.7138000130653381,0.846724808216095,0.5385000109672546,1.408742070198059
749,0.7132999897003174,0.8469704985618591,0.5205000042915344,1.4378080368041992
750,0.7164999842643738,0.8433184623718262,0.5189999938011169,1.52676260471344
751,0.7166000008583069,0.842902421951294,0.5139999985694885,1.4972869157791138
752,0.7175999879837036,0.8417360186576843,0.4855000078678131,1.621739387512207
753,0.7110999822616577,0.8475754857063293,0.5444999933242798,1.3295317888259888
754,0.7192999720573425,0.8354949951171875,0.5375000238418579,1.3667519092559814
755,0.7177000045776367,0.8402256965637207,0.5504999756813049,1.384560227394104
756,0.720300018787384,0.8393712639808655,0.5584999918937683,1.3054227828979492
757,0.718999981880188,0.8320194482803345,0.5525000095367432,1.3513957262039185
758,0.7171000242233276,0.8350666165351868,0.5364999771118164,1.4103119373321533
759,0.7178000211715698,0.8356135487556458,0.5789999961853027,1.2716729640960693
760,0.7156000137329102,0.8358599543571472,0.5479999780654907,1.321890115737915
761,0.71670001745224,0.8341537117958069,0.5120000243186951,1.466312289237976
762,0.7199000120162964,0.8344234228134155,0.5584999918937683,1.2949800491333008
763,0.7192000150680542,0.8311108350753784,0.5404999852180481,1.3583968877792358
764,0.7195000052452087,0.8340268731117249,0.559499979019165,1.3277994394302368
765,0.7228000164031982,0.8281985521316528,0.4984999895095825,1.4751181602478027
766,0.714900016784668,0.8326582312583923,0.5210000276565552,1.4649953842163086
767,0.7181000113487244,0.8314756155014038,0.5665000081062317,1.269667148590088
768,0.7188000082969666,0.827707052230835,0.5619999766349792,1.3185304403305054
769,0.7213000059127808,0.8261331915855408,0.5525000095367432,1.3670728206634521
770,0.7172999978065491,0.8324342966079712,0.5774999856948853,1.2561051845550537
771,0.7160000205039978,0.8297596573829651,0.47350001335144043,1.7120944261550903
772,0.7224000096321106,0.8233457803726196,0.5450000166893005,1.3169465065002441
773,0.7196999788284302,0.8225232362747192,0.5809999704360962,1.257685899734497
774,0.7228000164031982,0.8210181593894958,0.5590000152587891,1.3367563486099243
775,0.7171000242233276,0.8235064744949341,0.5805000066757202,1.2693806886672974
776,0.722100019454956,0.8212812542915344,0.5385000109672546,1.3970314264297485
777,0.7228999733924866,0.8241831064224243,0.5695000290870667,1.290973424911499
778,0.7246000170707703,0.8212401270866394,0.5730000138282776,1.2923495769500732
779,0.7271999716758728,0.816245436668396,0.5109999775886536,1.5136315822601318
780,0.7235999703407288,0.8215281367301941,0.5504999756813049,1.34413480758667
781,0.7202000021934509,0.8204070329666138,0.5419999957084656,1.387070655822754
782,0.7250999808311462,0.8212999105453491,0.5485000014305115,1.339834213256836
783,0.7210999727249146,0.8165299892425537,0.5770000219345093,1.2829172611236572
784,0.7251999974250793,0.8150590062141418,0.5609999895095825,1.3147691488265991
785,0.7293000221252441,0.8143787384033203,0.5684999823570251,1.3006834983825684
786,0.7228999733924866,0.8146892786026001,0.5504999756813049,1.361723780632019
787,0.7233999967575073,0.8192570209503174,0.5404999852180481,1.3949511051177979
788,0.7242000102996826,0.8141782283782959,0.5554999709129333,1.3315235376358032
789,0.7283999919891357,0.8110207319259644,0.5584999918937683,1.3689258098602295
790,0.7281000018119812,0.8106876611709595,0.5565000176429749,1.3265386819839478
791,0.7275000214576721,0.8101481199264526,0.5755000114440918,1.281444787979126
792,0.7265999913215637,0.8102547526359558,0.5145000219345093,1.5005419254302979
793,0.7260000109672546,0.8184221386909485,0.5364999771118164,1.3868926763534546
794,0.7293000221252441,0.8057671189308167,0.4909999966621399,1.6308716535568237
795,0.725600004196167,0.8167091012001038,0.5189999938011169,1.5340893268585205
796,0.7265999913215637,0.8115838170051575,0.5615000128746033,1.3203045129776
797,0.7282000184059143,0.8031105995178223,0.5674999952316284,1.302600383758545
798,0.7261000275611877,0.8023687601089478,0.5640000104904175,1.2784289121627808
799,0.7336999773979187,0.7982065081596375,0.5559999942779541,1.3353385925292969
800,0.7299000024795532,0.8020002245903015,0.5040000081062317,1.5409108400344849
801,0.7287999987602234,0.8022119998931885,0.5354999899864197,1.4052870273590088
802,0.7296000123023987,0.7998546957969666,0.5774999856948853,1.259282112121582
803,0.7272999882698059,0.8012781739234924,0.574999988079071,1.2703297138214111
804,0.7321000099182129,0.8001092672348022,0.531000018119812,1.4531668424606323
805,0.7318999767303467,0.7997921705245972,0.5705000162124634,1.287264108657837
806,0.7330999970436096,0.7973266243934631,0.5740000009536743,1.3007925748825073
807,0.7315999865531921,0.7973251342773438,0.5550000071525574,1.3405956029891968
808,0.7342000007629395,0.7942054271697998,0.48500001430511475,1.590868353843689
809,0.7285000085830688,0.8007495999336243,0.546999990940094,1.3594191074371338
810,0.7340999841690063,0.7926280498504639,0.5509999990463257,1.4001389741897583
811,0.730400025844574,0.802192747592926,0.5649999976158142,1.2791321277618408
812,0.7318000197410583,0.7935718297958374,0.5170000195503235,1.5225334167480469
813,0.7324000000953674,0.7956517934799194,0.5389999747276306,1.3787353038787842
814,0.7371000051498413,0.7882257103919983,0.531499981880188,1.3960046768188477
815,0.7354999780654907,0.7886180877685547,0.5370000004768372,1.4053415060043335
816,0.7353000044822693,0.7892348766326904,0.5550000071525574,1.3618518114089966
817,0.736299991607666,0.7874320149421692,0.5339999794960022,1.3975145816802979
818,0.7325000166893005,0.790505588054657,0.5619999766349792,1.3138505220413208
819,0.7346000075340271,0.791235625743866,0.5580000281333923,1.3233232498168945
820,0.7360000014305115,0.7885932326316833,0.47749999165534973,1.7024331092834473
821,0.7354000210762024,0.7903667688369751,0.5684999823570251,1.3200268745422363
822,0.7353000044822693,0.7869996428489685,0.5764999985694885,1.3012146949768066
823,0.7379000186920166,0.7837629318237305,0.5515000224113464,1.3796780109405518
824,0.739799976348877,0.7851607799530029,0.5705000162124634,1.3270113468170166
825,0.7386000156402588,0.7840518951416016,0.5600000023841858,1.3043906688690186
826,0.7379000186920166,0.7788497805595398,0.5270000100135803,1.4393004179000854
827,0.7358999848365784,0.7811145782470703,0.5285000205039978,1.4328919649124146
828,0.7421000003814697,0.7792001366615295,0.5734999775886536,1.2749273777008057
829,0.7368000149726868,0.7772943377494812,0.5795000195503235,1.2819538116455078
830,0.7350999712944031,0.7784401774406433,0.5665000081062317,1.3306092023849487
831,0.7383000254631042,0.7782970070838928,0.5609999895095825,1.3184399604797363
832,0.7421000003814697,0.7706505060195923,0.5490000247955322,1.3933641910552979
833,0.7372999787330627,0.7847412824630737,0.5625,1.3889212608337402
834,0.739300012588501,0.7738305926322937,0.5699999928474426,1.321092963218689
835,0.7414000034332275,0.7752100229263306,0.5630000233650208,1.3444348573684692
836,0.7426000237464905,0.7732213139533997,0.4945000112056732,1.4941691160202026
837,0.7384999990463257,0.7753099799156189,0.5615000128746033,1.373440146446228
838,0.7372000217437744,0.7725875973701477,0.5189999938011169,1.5110187530517578
839,0.7407000064849854,0.7708496451377869,0.5565000176429749,1.31447172164917
840,0.7411999702453613,0.7736222147941589,0.49900001287460327,1.6125874519348145
841,0.7416999936103821,0.7715052962303162,0.5254999995231628,1.4660199880599976
842,0.7419999837875366,0.7722816467285156,0.5580000281333923,1.3715959787368774
843,0.7404000163078308,0.7722104787826538,0.531499981880188,1.4597841501235962
844,0.7416999936103821,0.7688990235328674,0.5385000109672546,1.4411743879318237
845,0.7459999918937683,0.7672606706619263,0.5389999747276306,1.4686510562896729
846,0.7408000230789185,0.7689518332481384,0.5515000224113464,1.3743376731872559
847,0.7412999868392944,0.768646776676178,0.5389999747276306,1.4500935077667236
848,0.7470999956130981,0.7639234662055969,0.559499979019165,1.343293309211731
849,0.7468000054359436,0.7670922875404358,0.5709999799728394,1.3072651624679565
850,0.7423999905586243,0.763129711151123,0.5665000081062317,1.2944283485412598
851,0.7437000274658203,0.7636192440986633,0.5435000061988831,1.362973690032959
852,0.744700014591217,0.7649194002151489,0.5609999895095825,1.3281320333480835
853,0.7473999857902527,0.7566595673561096,0.5630000233650208,1.3550690412521362
854,0.7462999820709229,0.758141279220581,0.5440000295639038,1.4257447719573975
855,0.7451000213623047,0.7632753252983093,0.5770000219345093,1.3106716871261597
856,0.7519999742507935,0.7549076676368713,0.5770000219345093,1.298368215560913
857,0.7491999864578247,0.751794695854187,0.546500027179718,1.4055191278457642
858,0.7483999729156494,0.7552846670150757,0.5669999718666077,1.3047552108764648
859,0.7491000294685364,0.7556425929069519,0.5099999904632568,1.5615062713623047
860,0.7505000233650208,0.7543753981590271,0.5845000147819519,1.2828125953674316
861,0.7473000288009644,0.7539641857147217,0.5425000190734863,1.4145399332046509
862,0.7462000250816345,0.7542108297348022,0.5285000205039978,1.4283976554870605
863,0.7487999796867371,0.7545868754386902,0.565500020980835,1.3189635276794434
864,0.7439000010490417,0.7575178146362305,0.5619999766349792,1.3390071392059326
865,0.7487999796867371,0.7480167746543884,0.5325000286102295,1.4302924871444702
866,0.7490000128746033,0.7539331912994385,0.5534999966621399,1.4055348634719849
867,0.7480999827384949,0.7502378821372986,0.5354999899864197,1.5068743228912354
868,0.7455999851226807,0.7509231567382812,0.5605000257492065,1.3356192111968994
869,0.7512999773025513,0.7444446086883545,0.5249999761581421,1.4670344591140747
870,0.7441999912261963,0.7498841881752014,0.5799999833106995,1.3062376976013184
871,0.7505999803543091,0.7459970116615295,0.5860000252723694,1.2910432815551758
872,0.7498000264167786,0.7491611242294312,0.5210000276565552,1.5642297267913818
873,0.7524999976158142,0.7480501532554626,0.49399998784065247,1.6788517236709595
874,0.7501999735832214,0.7483458518981934,0.5724999904632568,1.330168604850769
875,0.7555999755859375,0.7357061505317688,0.5609999895095825,1.3620680570602417
876,0.7542999982833862,0.7410685420036316,0.5270000100135803,1.5105851888656616
877,0.753000020980835,0.7435351014137268,0.5590000152587891,1.348545789718628
878,0.7558000087738037,0.7391901016235352,0.5534999966621399,1.4155564308166504
879,0.754800021648407,0.7388957738876343,0.5379999876022339,1.4396675825119019
880,0.7552000284194946,0.743092954158783,0.5544999837875366,1.4047693014144897
881,0.753600001335144,0.7396965026855469,0.5325000286102295,1.4780031442642212
882,0.7524999976158142,0.7421120405197144,0.47200000286102295,1.880411982536316
883,0.7513999938964844,0.7421711683273315,0.5644999742507935,1.3130794763565063
884,0.7583000063896179,0.7341682314872742,0.5419999957084656,1.44550359249115
885,0.7544000148773193,0.7364012002944946,0.5805000066757202,1.3176108598709106
886,0.7516999840736389,0.7389341592788696,0.5059999823570251,1.564591646194458
887,0.7559000253677368,0.733776867389679,0.5640000104904175,1.3406049013137817
888,0.7587000131607056,0.7332516312599182,0.5074999928474426,1.6116116046905518
889,0.7501000165939331,0.7394260764122009,0.5695000290870667,1.344950556755066
890,0.7630000114440918,0.7286005616188049,0.5425000190734863,1.4698256254196167
891,0.7592999935150146,0.7302133440971375,0.5690000057220459,1.342613697052002
892,0.7603999972343445,0.7318817377090454,0.5529999732971191,1.3788670301437378
893,0.7585999965667725,0.7297550439834595,0.5705000162124634,1.3426419496536255
894,0.7585999965667725,0.7312067151069641,0.5299999713897705,1.4870655536651611
895,0.7562999725341797,0.7299438714981079,0.5705000162124634,1.3362473249435425
896,0.7581999897956848,0.7252213358879089,0.5665000081062317,1.336503505706787
897,0.7610999941825867,0.7231577038764954,0.5540000200271606,1.3682920932769775
898,0.7585999965667725,0.7256622910499573,0.5249999761581421,1.4756309986114502
899,0.7612000107765198,0.7209574580192566,0.5485000014305115,1.3885068893432617
900,0.7627999782562256,0.7188223600387573,0.546500027179718,1.4492710828781128
901,0.7608000040054321,0.7246748805046082,0.5139999985694885,1.5669108629226685
902,0.7598999738693237,0.7286933064460754,0.5360000133514404,1.4685039520263672
903,0.7612000107765198,0.7208857536315918,0.5619999766349792,1.3642890453338623
904,0.7608000040054321,0.7174696922302246,0.546999990940094,1.4214727878570557
905,0.7601000070571899,0.7245219349861145,0.5605000257492065,1.368429183959961
906,0.763700008392334,0.714278519153595,0.5139999985694885,1.6329659223556519
907,0.7621999979019165,0.7246456742286682,0.515999972820282,1.569060206413269
908,0.7623999714851379,0.7155953049659729,0.5534999966621399,1.3643277883529663
909,0.7638000249862671,0.7109920978546143,0.5600000023841858,1.3420568704605103
910,0.7627999782562256,0.7196387648582458,0.5490000247955322,1.4195390939712524
911,0.7623999714851379,0.715409517288208,0.5680000185966492,1.31641685962677
912,0.7627000212669373,0.7134412527084351,0.5289999842643738,1.5084718465805054
913,0.7639999985694885,0.7164761424064636,0.5559999942779541,1.4158786535263062
914,0.7674999833106995,0.710319459438324,0.534500002861023,1.4171617031097412
915,0.765500009059906,0.7170432209968567,0.5550000071525574,1.3849518299102783
916,0.7645999789237976,0.7145803570747375,0.5509999990463257,1.4320228099822998
917,0.7633000016212463,0.710639476776123,0.5199999809265137,1.5734870433807373
918,0.7649000287055969,0.7082394361495972,0.4805000126361847,1.7015115022659302
919,0.7634000182151794,0.7168698906898499,0.5820000171661377,1.289279580116272
920,0.7678999900817871,0.7073431611061096,0.5619999766349792,1.3736504316329956
921,0.7680000066757202,0.7057096362113953,0.559499979019165,1.3399055004119873
922,0.766700029373169,0.7042517066001892,0.578499972820282,1.3140578269958496
923,0.7670000195503235,0.706806480884552,0.5569999814033508,1.3343353271484375
924,0.7681999802589417,0.70386803150177,0.5350000262260437,1.5284125804901123
925,0.7710999846458435,0.7030907869338989,0.5584999918937683,1.3826274871826172
926,0.7692000269889832,0.7057827711105347,0.550000011920929,1.4425166845321655
927,0.7699000239372253,0.70050048828125,0.5264999866485596,1.4799121618270874
928,0.767300009727478,0.7038864493370056,0.5605000257492065,1.3675055503845215
929,0.7692000269889832,0.6970129609107971,0.5554999709129333,1.4199626445770264
930,0.7705000042915344,0.696659505367279,0.5774999856948853,1.330734133720398
931,0.7677000164985657,0.7014458775520325,0.5659999847412109,1.3286992311477661
932,0.7671999931335449,0.6996816396713257,0.5699999928474426,1.3588942289352417
933,0.7742000222206116,0.6976017951965332,0.5494999885559082,1.3957858085632324
934,0.7687000036239624,0.7009242177009583,0.5519999861717224,1.4112286567687988
935,0.7687000036239624,0.6978620886802673,0.5329999923706055,1.4946473836898804
936,0.7714999914169312,0.6970880031585693,0.5575000047683716,1.4264272451400757
937,0.7656999826431274,0.7056365609169006,0.48399999737739563,1.7169209718704224
938,0.7724000215530396,0.6958351731300354,0.4855000078678131,1.7523167133331299
939,0.7713000178337097,0.6982757449150085,0.531000018119812,1.4939937591552734
940,0.7735000252723694,0.6922431588172913,0.5699999928474426,1.3781810998916626
941,0.7724999785423279,0.6917746663093567,0.49549999833106995,1.7354023456573486
942,0.7712000012397766,0.6952651143074036,0.49149999022483826,1.6208299398422241
943,0.7739999890327454,0.6908027529716492,0.5789999961853027,1.3191739320755005
944,0.7750999927520752,0.6874500513076782,0.49300000071525574,1.8529231548309326
945,0.7773000001907349,0.6891259551048279,0.4894999861717224,1.7571364641189575
946,0.769599974155426,0.6917198896408081,0.5034999847412109,1.754232406616211
947,0.7738000154495239,0.6894678473472595,0.5724999904632568,1.338374376296997
948,0.770799994468689,0.6931876540184021,0.5734999775886536,1.377847671508789
949,0.775600016117096,0.6835342049598694,0.5339999794960022,1.5315735340118408
950,0.7723000049591064,0.6915997266769409,0.48750001192092896,1.6906753778457642
951,0.7724000215530396,0.6863167881965637,0.5504999756813049,1.4318480491638184
952,0.7739999890327454,0.6847852468490601,0.5640000104904175,1.3664439916610718
953,0.7752000093460083,0.6818689703941345,0.5360000133514404,1.5271985530853271
954,0.7806000113487244,0.676380455493927,0.5070000290870667,1.6068986654281616
955,0.7766000032424927,0.6833705306053162,0.5575000047683716,1.3937420845031738
956,0.7784000039100647,0.6795861124992371,0.5615000128746033,1.3732950687408447
957,0.7803999781608582,0.6733208298683167,0.5659999847412109,1.3997377157211304
958,0.7771000266075134,0.6766806840896606,0.5019999742507935,1.6079134941101074
959,0.7752000093460083,0.6849066615104675,0.5724999904632568,1.3324129581451416
960,0.7786999940872192,0.6746071577072144,0.5759999752044678,1.3473213911056519
961,0.7810999751091003,0.6755645871162415,0.546500027179718,1.4118520021438599
962,0.7766000032424927,0.6766378283500671,0.574999988079071,1.3277056217193604
963,0.7817999720573425,0.6730131506919861,0.5519999861717224,1.4583953619003296
964,0.7781000137329102,0.6736618280410767,0.5460000038146973,1.4368351697921753
965,0.7803000211715698,0.6718501448631287,0.5394999980926514,1.5088188648223877
966,0.7773000001907349,0.6775577068328857,0.5805000066757202,1.332558274269104
967,0.7846999764442444,0.6674511432647705,0.5540000200271606,1.3853285312652588
968,0.7795000076293945,0.6697931885719299,0.5634999871253967,1.3912824392318726
969,0.7813000082969666,0.6684625744819641,0.5210000276565552,1.5235358476638794
970,0.7827000021934509,0.6718424558639526,0.5630000233650208,1.3415954113006592
971,0.7853999733924866,0.6649729013442993,0.5419999957084656,1.4541141986846924
972,0.7799000144004822,0.669456958770752,0.5659999847412109,1.362892746925354
973,0.781000018119812,0.6666783690452576,0.5494999885559082,1.4643510580062866
974,0.7803999781608582,0.6667718887329102,0.5559999942779541,1.4014403820037842
975,0.7818999886512756,0.6611424088478088,0.559499979019165,1.424763560295105
976,0.7803000211715698,0.6649870276451111,0.5220000147819519,1.5657408237457275
977,0.7766000032424927,0.6753135323524475,0.5709999799728394,1.3676837682724
978,0.7856000065803528,0.6597495675086975,0.5659999847412109,1.3552219867706299
979,0.7807999849319458,0.6661329865455627,0.5400000214576721,1.4333899021148682
980,0.7843999862670898,0.6665092706680298,0.5745000243186951,1.3446871042251587
981,0.784500002861023,0.6593207120895386,0.5600000023841858,1.4032198190689087
982,0.786899983882904,0.6598940491676331,0.5435000061988831,1.4798250198364258
983,0.7864000201225281,0.6549928188323975,0.5554999709129333,1.4387584924697876
984,0.7876999974250793,0.6582035422325134,0.546500027179718,1.44197416305542
985,0.7853000164031982,0.6581060290336609,0.5824999809265137,1.3489444255828857
986,0.7918999791145325,0.6549904942512512,0.5734999775886536,1.376358985900879
987,0.7892000079154968,0.6539902091026306,0.578000009059906,1.327540636062622
988,0.7860000133514404,0.6525408029556274,0.5795000195503235,1.3788076639175415
989,0.7832000255584717,0.6594467759132385,0.5659999847412109,1.396930456161499
990,0.7821000218391418,0.6550200581550598,0.5525000095367432,1.4693577289581299
991,0.7894999980926514,0.6532294154167175,0.5304999947547913,1.5948864221572876
992,0.7839999794960022,0.6580950021743774,0.5450000166893005,1.4859673976898193
993,0.7860999703407288,0.6551544666290283,0.5509999990463257,1.4850698709487915
994,0.791700005531311,0.6469364762306213,0.5569999814033508,1.4317271709442139
995,0.7918999791145325,0.6452387571334839,0.5734999775886536,1.3977551460266113
996,0.7893000245094299,0.6496816277503967,0.5525000095367432,1.4868271350860596
997,0.7851999998092651,0.6513948440551758,0.5649999976158142,1.3588643074035645
998,0.7882999777793884,0.6475993394851685,0.5634999871253967,1.3761588335037231
999,0.7893000245094299,0.6473515033721924,0.5435000061988831,1.4451090097427368
