epoch,accuracy,loss,val_accuracy,val_loss
0,0.10239999741315842,2.3124663829803467,0.10400000214576721,2.3017351627349854
1,0.11800000071525574,2.298429489135742,0.13899999856948853,2.293729543685913
2,0.12770000100135803,2.2919394969940186,0.13300000131130219,2.2882957458496094
3,0.12790000438690186,2.2866146564483643,0.13449999690055847,2.2832911014556885
4,0.13019999861717224,2.281270980834961,0.1340000033378601,2.2776834964752197
5,0.13670000433921814,2.2752647399902344,0.14350000023841858,2.2710771560668945
6,0.1451999992132187,2.2683207988739014,0.1574999988079071,2.2637546062469482
7,0.16380000114440918,2.2600457668304443,0.15549999475479126,2.2551755905151367
8,0.16249999403953552,2.2500874996185303,0.1835000067949295,2.244595527648926
9,0.18809999525547028,2.239257335662842,0.1850000023841858,2.2329630851745605
10,0.19910000264644623,2.226958990097046,0.2094999998807907,2.2203540802001953
11,0.20919999480247498,2.2128360271453857,0.21400000154972076,2.205939531326294
12,0.21559999883174896,2.196898937225342,0.22599999606609344,2.187570095062256
13,0.23389999568462372,2.1789469718933105,0.23649999499320984,2.1686065196990967
14,0.24240000545978546,2.159566640853882,0.24300000071525574,2.1480886936187744
15,0.251800000667572,2.138838768005371,0.257999986410141,2.1277456283569336
16,0.25769999623298645,2.1185121536254883,0.24250000715255737,2.1078989505767822
17,0.2574000060558319,2.0987651348114014,0.2685000002384186,2.0889883041381836
18,0.2655999958515167,2.0809714794158936,0.2680000066757202,2.0720295906066895
19,0.2680000066757202,2.0638487339019775,0.26249998807907104,2.055224657058716
20,0.2703999876976013,2.0495476722717285,0.27900001406669617,2.041015863418579
21,0.27160000801086426,2.037066698074341,0.27649998664855957,2.031345844268799
22,0.2768999934196472,2.0259389877319336,0.265500009059906,2.0298399925231934
23,0.2831000089645386,2.0168862342834473,0.28600001335144043,2.0136923789978027
24,0.28049999475479126,2.00807785987854,0.27900001406669617,2.0181026458740234
25,0.28060001134872437,2.0010342597961426,0.2874999940395355,1.9952855110168457
26,0.2863999903202057,1.9930111169815063,0.27799999713897705,1.9905071258544922
27,0.28760001063346863,1.9865853786468506,0.28600001335144043,1.9865107536315918
28,0.2921000123023987,1.980336308479309,0.28049999475479126,1.9818843603134155
29,0.2928999960422516,1.974707007408142,0.2915000021457672,1.9727308750152588
30,0.29750001430511475,1.9692233800888062,0.29600000381469727,1.965160846710205
31,0.2971999943256378,1.9634535312652588,0.2980000078678131,1.9657433032989502
32,0.30309998989105225,1.9587568044662476,0.29649999737739563,1.955952525138855
33,0.3027999997138977,1.953545331954956,0.3009999990463257,1.9509140253067017
34,0.3025999963283539,1.9489611387252808,0.3059999942779541,1.9506893157958984
35,0.3043999969959259,1.9431203603744507,0.30550000071525574,1.9490309953689575
36,0.30790001153945923,1.9395898580551147,0.30300000309944153,1.9495515823364258
37,0.3111000061035156,1.9345314502716064,0.3075000047683716,1.9342588186264038
38,0.3142000138759613,1.9295262098312378,0.3125,1.9297751188278198
39,0.3156000077724457,1.9245916604995728,0.3089999854564667,1.9276360273361206
40,0.3174999952316284,1.9187164306640625,0.30799999833106995,1.9273515939712524
41,0.321399986743927,1.9156701564788818,0.304500013589859,1.9330459833145142
42,0.319599986076355,1.9104845523834229,0.3264999985694885,1.9129165410995483
43,0.32280001044273376,1.9055144786834717,0.31700000166893005,1.9118967056274414
44,0.323199987411499,1.9013042449951172,0.3199999928474426,1.902251958847046
45,0.3278000056743622,1.8964424133300781,0.32850000262260437,1.8969929218292236
46,0.3330000042915344,1.8914027214050293,0.29600000381469727,1.9291064739227295
47,0.33180001378059387,1.887184739112854,0.33000001311302185,1.89277982711792
48,0.33239999413490295,1.8824539184570312,0.3330000042915344,1.8825145959854126
49,0.3357999920845032,1.8768399953842163,0.3264999985694885,1.8821496963500977
50,0.337799996137619,1.8724650144577026,0.3409999907016754,1.878374457359314
51,0.3416999876499176,1.8674707412719727,0.33649998903274536,1.8704661130905151
52,0.34549999237060547,1.8618998527526855,0.3370000123977661,1.8675568103790283
53,0.3411000072956085,1.8586496114730835,0.33000001311302185,1.8689485788345337
54,0.3481000065803528,1.8542648553848267,0.335999995470047,1.8671083450317383
55,0.3497999906539917,1.84854257106781,0.33000001311302185,1.8653233051300049
56,0.35190001130104065,1.844017744064331,0.33649998903274536,1.8541865348815918
57,0.3540000021457672,1.8387962579727173,0.33550000190734863,1.8545488119125366
58,0.3537999987602234,1.8354036808013916,0.328000009059906,1.8662604093551636
59,0.35839998722076416,1.8314787149429321,0.32249999046325684,1.8560041189193726
60,0.35839998722076416,1.8251723051071167,0.34850001335144043,1.8499072790145874
61,0.36329999566078186,1.8210558891296387,0.34599998593330383,1.8376734256744385
62,0.3628999888896942,1.8151062726974487,0.32749998569488525,1.861580729484558
63,0.36500000953674316,1.8115466833114624,0.31450000405311584,1.859129548072815
64,0.36640000343322754,1.8078867197036743,0.32350000739097595,1.8380800485610962
65,0.36570000648498535,1.8010700941085815,0.3465000092983246,1.8153103590011597
66,0.36800000071525574,1.7981443405151367,0.3474999964237213,1.818281650543213
67,0.3709000051021576,1.7942885160446167,0.3564999997615814,1.8071088790893555
68,0.3749000132083893,1.7887917757034302,0.35499998927116394,1.8155394792556763
69,0.3741999864578247,1.7846639156341553,0.35100001096725464,1.8117319345474243
70,0.3785000145435333,1.7814929485321045,0.3395000100135803,1.827026605606079
71,0.37450000643730164,1.7778400182724,0.35749998688697815,1.7949934005737305
72,0.37790000438690186,1.7723596096038818,0.35499998927116394,1.807752251625061
73,0.3831999897956848,1.7681838274002075,0.3644999861717224,1.7936322689056396
74,0.3808000087738037,1.7642412185668945,0.36550000309944153,1.781318187713623
75,0.3815000057220459,1.7601597309112549,0.36000001430511475,1.782975196838379
76,0.382999986410141,1.7566884756088257,0.3634999990463257,1.7819032669067383
77,0.38280001282691956,1.7527047395706177,0.3695000112056732,1.7867363691329956
78,0.38839998841285706,1.748430609703064,0.36649999022483826,1.802156925201416
79,0.38839998841285706,1.7434945106506348,0.37400001287460327,1.7662768363952637
80,0.39100000262260437,1.7417075634002686,0.3465000092983246,1.8091397285461426
81,0.3921000063419342,1.7385220527648926,0.38449999690055847,1.7546483278274536
82,0.392300009727478,1.7350499629974365,0.3675000071525574,1.7731379270553589
83,0.39410001039505005,1.73038649559021,0.36800000071525574,1.773083209991455
84,0.3977000117301941,1.7282371520996094,0.37450000643730164,1.7652490139007568
85,0.40220001339912415,1.722576379776001,0.3465000092983246,1.805385947227478
86,0.39730000495910645,1.7198259830474854,0.3779999911785126,1.7425837516784668
87,0.39899998903274536,1.7156487703323364,0.36550000309944153,1.7510403394699097
88,0.3977000117301941,1.7141437530517578,0.3709999918937683,1.7495343685150146
89,0.400299996137619,1.7087751626968384,0.3799999952316284,1.7386318445205688
90,0.40230000019073486,1.7059011459350586,0.3384999930858612,1.809486985206604
91,0.4007999897003174,1.7021753787994385,0.38749998807907104,1.7450759410858154
92,0.4011000096797943,1.6990388631820679,0.3695000112056732,1.7983165979385376
93,0.4041999876499176,1.6950511932373047,0.3869999945163727,1.743158221244812
94,0.4065999984741211,1.690303087234497,0.3889999985694885,1.7236084938049316
95,0.4090000092983246,1.6877171993255615,0.38449999690055847,1.7199162244796753
96,0.4099999964237213,1.6839650869369507,0.3490000069141388,1.8513062000274658
97,0.4090999960899353,1.6817067861557007,0.38449999690055847,1.711489200592041
98,0.414900004863739,1.676237940788269,0.37549999356269836,1.7606170177459717
99,0.4156000018119812,1.6733683347702026,0.3824999928474426,1.717829704284668
100,0.41510000824928284,1.6694365739822388,0.3880000114440918,1.7217344045639038
101,0.4162999987602234,1.6660517454147339,0.36250001192092896,1.772585391998291
102,0.4146000146865845,1.662644863128662,0.34549999237060547,1.7709404230117798
103,0.4174000024795532,1.6610357761383057,0.3930000066757202,1.7241160869598389
104,0.4207000136375427,1.6562457084655762,0.3774999976158142,1.7217026948928833
105,0.42239999771118164,1.6520684957504272,0.39800000190734863,1.6920784711837769
106,0.42340001463890076,1.6493679285049438,0.3774999976158142,1.7239065170288086
107,0.421099990606308,1.6458590030670166,0.40400001406669617,1.6894668340682983
108,0.42149999737739563,1.6420307159423828,0.40299999713897705,1.673079013824463
109,0.42329999804496765,1.6380822658538818,0.3995000123977661,1.6727957725524902
110,0.424699991941452,1.6348644495010376,0.3855000138282776,1.715876579284668
111,0.42399999499320984,1.6317358016967773,0.39800000190734863,1.7011946439743042
112,0.4259999990463257,1.628496527671814,0.3995000123977661,1.6882741451263428
113,0.4287000000476837,1.6247566938400269,0.40400001406669617,1.670709490776062
114,0.4302999973297119,1.6203025579452515,0.3894999921321869,1.7326891422271729
115,0.42980000376701355,1.6192926168441772,0.38999998569488525,1.7116349935531616
116,0.4327000081539154,1.6163300275802612,0.39149999618530273,1.6825212240219116
117,0.43389999866485596,1.6108976602554321,0.4189999997615814,1.6655606031417847
118,0.4323999881744385,1.608230471611023,0.40400001406669617,1.662245273590088
119,0.43389999866485596,1.6057896614074707,0.4194999933242798,1.6322252750396729
120,0.4336000084877014,1.6012228727340698,0.3894999921321869,1.6721910238265991
121,0.4352000057697296,1.5987844467163086,0.41850000619888306,1.644381046295166
122,0.44190001487731934,1.5928162336349487,0.4230000078678131,1.632936716079712
123,0.43689998984336853,1.591286301612854,0.4309999942779541,1.6368154287338257
124,0.44020000100135803,1.5872772932052612,0.4124999940395355,1.6422488689422607
125,0.445499986410141,1.5854716300964355,0.40700000524520874,1.6551408767700195
126,0.44429999589920044,1.5810991525650024,0.4309999942779541,1.6394000053405762
127,0.4415000081062317,1.579115867614746,0.40299999713897705,1.6567035913467407
128,0.44519999623298645,1.5752078294754028,0.40799999237060547,1.697374701499939
129,0.44589999318122864,1.574252724647522,0.4300000071525574,1.6122392416000366
130,0.44839999079704285,1.5685529708862305,0.42649999260902405,1.606126070022583
131,0.4465000033378601,1.5678043365478516,0.41600000858306885,1.630567193031311
132,0.44530001282691956,1.56453275680542,0.4300000071525574,1.602200984954834
133,0.44920000433921814,1.5602489709854126,0.42750000953674316,1.6228430271148682
134,0.4523000121116638,1.558044672012329,0.42399999499320984,1.5947867631912231
135,0.45579999685287476,1.5553888082504272,0.4194999933242798,1.6442303657531738
136,0.4523000121116638,1.5528895854949951,0.4009999930858612,1.6380892992019653
137,0.45339998602867126,1.5494047403335571,0.43050000071525574,1.612219214439392
138,0.45489999651908875,1.5488067865371704,0.429500013589859,1.584566354751587
139,0.4562999904155731,1.5434077978134155,0.4320000112056732,1.5891659259796143
140,0.45660001039505005,1.5392003059387207,0.421999990940094,1.6484382152557373
141,0.4560999870300293,1.5386009216308594,0.42750000953674316,1.60693359375
142,0.4602999985218048,1.5352835655212402,0.43050000071525574,1.624161720275879
143,0.46299999952316284,1.534193515777588,0.4345000088214874,1.5747501850128174
144,0.4618000090122223,1.5287429094314575,0.4165000021457672,1.6182042360305786
145,0.4611000120639801,1.529895305633545,0.41999998688697815,1.6145325899124146
146,0.46160000562667847,1.5251357555389404,0.4284999966621399,1.5895060300827026
147,0.46480000019073486,1.522023320198059,0.4269999861717224,1.5837470293045044
148,0.4659000039100647,1.5194147825241089,0.34299999475479126,1.8744683265686035
149,0.46389999985694885,1.5235702991485596,0.3840000033378601,1.7770605087280273
150,0.4620000123977661,1.516913652420044,0.4074999988079071,1.596577525138855
151,0.4697999954223633,1.5128693580627441,0.4115000069141388,1.5940015316009521
152,0.4684999883174896,1.5103379487991333,0.42800000309944153,1.6264744997024536
153,0.46619999408721924,1.508570909500122,0.4325000047683716,1.6137433052062988
154,0.46959999203681946,1.5068279504776,0.44600000977516174,1.5453376770019531
155,0.4681999981403351,1.5024548768997192,0.398499995470047,1.654963493347168
156,0.46810001134872437,1.5049552917480469,0.4269999861717224,1.5928152799606323
157,0.4733000099658966,1.4995105266571045,0.4375,1.5639498233795166
158,0.47609999775886536,1.495201826095581,0.429500013589859,1.5866663455963135
159,0.4708000123500824,1.4961020946502686,0.453000009059906,1.5817620754241943
160,0.47380000352859497,1.4929159879684448,0.39649999141693115,1.6429226398468018
161,0.4754999876022339,1.489972710609436,0.41449999809265137,1.6088368892669678
162,0.4758000075817108,1.4896351099014282,0.4230000078678131,1.635459065437317
163,0.4765999913215637,1.4863717555999756,0.44350001215934753,1.5616286993026733
164,0.4810999929904938,1.4846550226211548,0.42899999022483826,1.584680199623108
165,0.47920000553131104,1.4828392267227173,0.4555000066757202,1.5429961681365967
166,0.4787999987602234,1.4792513847351074,0.4514999985694885,1.5428645610809326
167,0.47850000858306885,1.4775844812393188,0.4465000033378601,1.5481884479522705
168,0.4823000133037567,1.4734998941421509,0.4424999952316284,1.6256117820739746
169,0.48429998755455017,1.4759438037872314,0.46549999713897705,1.5314157009124756
170,0.47859999537467957,1.4724069833755493,0.4320000112056732,1.5714467763900757
171,0.47909998893737793,1.4738718271255493,0.335999995470047,2.0173418521881104
172,0.4830000102519989,1.4755420684814453,0.43299999833106995,1.5939726829528809
173,0.4803999960422516,1.468732476234436,0.4390000104904175,1.5608588457107544
174,0.4869000017642975,1.464439034461975,0.4339999854564667,1.6092534065246582
175,0.4876999855041504,1.463562250137329,0.421999990940094,1.6006473302841187
176,0.48500001430511475,1.4618442058563232,0.4560000002384186,1.5290809869766235
177,0.48899999260902405,1.458305835723877,0.4359999895095825,1.5788915157318115
178,0.48590001463890076,1.4560235738754272,0.43650001287460327,1.5548783540725708
179,0.4860999882221222,1.4572815895080566,0.4284999966621399,1.5580105781555176
180,0.48660001158714294,1.4531046152114868,0.46149998903274536,1.5583807229995728
181,0.4876999855041504,1.4514802694320679,0.45249998569488525,1.5305233001708984
182,0.4932999908924103,1.4518107175827026,0.460999995470047,1.5301880836486816
183,0.4909999966621399,1.4466159343719482,0.42500001192092896,1.5793246030807495
184,0.49309998750686646,1.4449824094772339,0.4440000057220459,1.5497939586639404
185,0.4941999912261963,1.444718599319458,0.4595000147819519,1.5517597198486328
186,0.4871000051498413,1.443939208984375,0.40049999952316284,1.6526650190353394
187,0.4936999976634979,1.4447728395462036,0.4465000033378601,1.6042121648788452
188,0.49149999022483826,1.4386767148971558,0.48249998688697815,1.483237624168396
189,0.4934000074863434,1.4411438703536987,0.44749999046325684,1.568119764328003
190,0.4934000074863434,1.4349071979522705,0.4490000009536743,1.528747320175171
191,0.4968999922275543,1.4338418245315552,0.4230000078678131,1.6009401082992554
192,0.4961000084877014,1.4353586435317993,0.46000000834465027,1.5171912908554077
193,0.49889999628067017,1.4307211637496948,0.4699999988079071,1.5162136554718018
194,0.4973999857902527,1.4282951354980469,0.4805000126361847,1.492867350578308
195,0.4964999854564667,1.4291449785232544,0.4625000059604645,1.5148192644119263
196,0.4964999854564667,1.4262148141860962,0.4345000088214874,1.5581971406936646
197,0.5008999705314636,1.4257501363754272,0.46050000190734863,1.5249868631362915
198,0.5023999810218811,1.4212923049926758,0.45649999380111694,1.547263741493225
199,0.4986000061035156,1.4213783740997314,0.4805000126361847,1.4895164966583252
200,0.5052000284194946,1.4179346561431885,0.4620000123977661,1.5519132614135742
201,0.5020999908447266,1.4207289218902588,0.46799999475479126,1.4972949028015137
202,0.5078999996185303,1.4165276288986206,0.4514999985694885,1.5258984565734863
203,0.5001999735832214,1.4159432649612427,0.47749999165534973,1.482872724533081
204,0.5015000104904175,1.4144976139068604,0.46399998664855957,1.4929734468460083
205,0.5072000026702881,1.4118107557296753,0.4309999942779541,1.5641827583312988
206,0.5044000148773193,1.411405086517334,0.4779999852180481,1.4930310249328613
207,0.5034000277519226,1.4082063436508179,0.4350000023841858,1.5720322132110596
208,0.5065000057220459,1.4103316068649292,0.4544999897480011,1.4972487688064575
209,0.5080000162124634,1.4038059711456299,0.4779999852180481,1.4688193798065186
210,0.5097000002861023,1.4063001871109009,0.4334999918937683,1.5770654678344727
211,0.5047000050544739,1.4037281274795532,0.4634999930858612,1.532589316368103
212,0.5062999725341797,1.4005448818206787,0.4334999918937683,1.6153013706207275
213,0.5073999762535095,1.3998371362686157,0.45750001072883606,1.4940385818481445
214,0.5073000192642212,1.400540828704834,0.46149998903274536,1.5215249061584473
215,0.5109999775886536,1.395845890045166,0.4404999911785126,1.555290699005127
216,0.508899986743927,1.3979201316833496,0.46149998903274536,1.4988099336624146
217,0.5128999948501587,1.3908617496490479,0.4699999988079071,1.5525383949279785
218,0.5072000026702881,1.3975058794021606,0.46149998903274536,1.5436609983444214
219,0.5127999782562256,1.3917200565338135,0.48899999260902405,1.4690473079681396
220,0.5163000226020813,1.3865067958831787,0.48350000381469727,1.4662634134292603
221,0.5156000256538391,1.3892391920089722,0.4284999966621399,1.5602151155471802
222,0.5117999911308289,1.3865004777908325,0.4884999990463257,1.4624382257461548
223,0.5120000243186951,1.3876813650131226,0.4794999957084656,1.4773030281066895
224,0.5134000182151794,1.3837319612503052,0.4514999985694885,1.5363342761993408
225,0.5146999955177307,1.3817130327224731,0.46000000834465027,1.5189998149871826
226,0.5185999870300293,1.3776863813400269,0.4690000116825104,1.5058339834213257
227,0.51419997215271,1.3805031776428223,0.4964999854564667,1.4580157995224
228,0.5182999968528748,1.378296136856079,0.3880000114440918,1.8077409267425537
229,0.5206000208854675,1.3772294521331787,0.4514999985694885,1.5922991037368774
230,0.5178999900817871,1.3792805671691895,0.4595000147819519,1.4975837469100952
231,0.5214999914169312,1.371593713760376,0.4684999883174896,1.4960111379623413
232,0.5177000164985657,1.3717888593673706,0.4634999930858612,1.4988316297531128
233,0.5203999876976013,1.369523048400879,0.4490000009536743,1.5125110149383545
234,0.5174999833106995,1.3708655834197998,0.42649999260902405,1.6575065851211548
235,0.5188000202178955,1.3706754446029663,0.4975000023841858,1.470587968826294
236,0.5234000086784363,1.3648436069488525,0.4884999990463257,1.4627670049667358
237,0.5210999846458435,1.3653161525726318,0.4830000102519989,1.4607656002044678
238,0.5182999968528748,1.364592432975769,0.4855000078678131,1.505918264389038
239,0.5242999792098999,1.3614288568496704,0.43299999833106995,1.5684006214141846
240,0.5253000259399414,1.3604153394699097,0.34049999713897705,2.0063352584838867
241,0.5267000198364258,1.3625214099884033,0.4860000014305115,1.4583696126937866
242,0.5256999731063843,1.3571693897247314,0.49549999833106995,1.4873683452606201
243,0.5260999798774719,1.3573246002197266,0.4724999964237213,1.4699666500091553
244,0.5277000069618225,1.3526352643966675,0.4779999852180481,1.4643123149871826
245,0.5264000296592712,1.3551136255264282,0.5019999742507935,1.425348162651062
246,0.5285000205039978,1.3508626222610474,0.48750001192092896,1.4659626483917236
247,0.5281000137329102,1.349524736404419,0.4490000009536743,1.5491142272949219
248,0.5268999934196472,1.35307776927948,0.4690000116825104,1.4915704727172852
249,0.5282999873161316,1.3457536697387695,0.46650001406669617,1.5016558170318604
250,0.52920001745224,1.3475019931793213,0.4359999895095825,1.6433711051940918
251,0.5256999731063843,1.350823998451233,0.4634999930858612,1.4816651344299316
252,0.5321000218391418,1.3440881967544556,0.4779999852180481,1.4758002758026123
253,0.5296000242233276,1.3442414999008179,0.4180000126361847,1.5890367031097412
254,0.5300999879837036,1.3426392078399658,0.4894999861717224,1.462975025177002
255,0.5335000157356262,1.3392137289047241,0.44749999046325684,1.5730068683624268
256,0.5313000082969666,1.339766025543213,0.4350000023841858,1.5886331796646118
257,0.5328999757766724,1.343082070350647,0.4715000092983246,1.4960284233093262
258,0.5292999744415283,1.3378757238388062,0.49050000309944153,1.4540084600448608
259,0.5313000082969666,1.337402582168579,0.4964999854564667,1.4270113706588745
260,0.5343999862670898,1.3318769931793213,0.4945000112056732,1.42489492893219
261,0.5374000072479248,1.3293952941894531,0.5055000185966492,1.456295371055603
262,0.5343999862670898,1.3306169509887695,0.5145000219345093,1.417167067527771
263,0.5367000102996826,1.3304331302642822,0.49149999022483826,1.451841950416565
264,0.5360999703407288,1.3302487134933472,0.4814999997615814,1.4408414363861084
265,0.5303000211715698,1.3304376602172852,0.484499990940094,1.4564054012298584
266,0.5371000170707703,1.3266663551330566,0.5099999904632568,1.417964220046997
267,0.5353000164031982,1.3259140253067017,0.49549999833106995,1.4656823873519897
268,0.5378000140190125,1.3255466222763062,0.4909999966621399,1.439940333366394
269,0.5388000011444092,1.3245025873184204,0.4584999978542328,1.4713666439056396
270,0.5396999716758728,1.322178840637207,0.5130000114440918,1.4270321130752563
271,0.5389999747276306,1.3191850185394287,0.460999995470047,1.5036100149154663
272,0.5396000146865845,1.3211251497268677,0.5115000009536743,1.4064085483551025
273,0.5397999882698059,1.314042091369629,0.5049999952316284,1.4063563346862793
274,0.5394999980926514,1.3157167434692383,0.47450000047683716,1.5014392137527466
275,0.5347999930381775,1.317132592201233,0.47049999237060547,1.5166949033737183
276,0.5429999828338623,1.3144187927246094,0.5009999871253967,1.4325438737869263
277,0.5414999723434448,1.310926914215088,0.49900001287460327,1.4401437044143677
278,0.5396000146865845,1.3120167255401611,0.48249998688697815,1.4346117973327637
279,0.5408999919891357,1.309541940689087,0.47850000858306885,1.4473551511764526
280,0.5436000227928162,1.3069788217544556,0.48750001192092896,1.4708095788955688
281,0.5407000184059143,1.3044322729110718,0.4970000088214874,1.4154971837997437
282,0.5457000136375427,1.309611201286316,0.49050000309944153,1.4363226890563965
283,0.542900025844574,1.3039237260818481,0.4684999883174896,1.4703863859176636
284,0.5478000044822693,1.299420952796936,0.49950000643730164,1.4124321937561035
285,0.5467000007629395,1.3000667095184326,0.460999995470047,1.4970890283584595
286,0.5432999730110168,1.2987842559814453,0.46700000762939453,1.5061882734298706
287,0.5447999835014343,1.3051300048828125,0.3855000138282776,1.860232949256897
288,0.5422000288963318,1.303040862083435,0.5099999904632568,1.4009499549865723
289,0.5486000180244446,1.2939344644546509,0.5090000033378601,1.4015088081359863
290,0.550599992275238,1.2957695722579956,0.5,1.4061610698699951
291,0.5501000285148621,1.291229248046875,0.49549999833106995,1.4069910049438477
292,0.5464000105857849,1.2961660623550415,0.5009999871253967,1.4062526226043701
293,0.5491999983787537,1.2899264097213745,0.5074999928474426,1.4135278463363647
294,0.5493000149726868,1.2914729118347168,0.40950000286102295,1.7951674461364746
295,0.5486000180244446,1.2961660623550415,0.4855000078678131,1.4437618255615234
296,0.5504000186920166,1.2852461338043213,0.5065000057220459,1.417778491973877
297,0.5550000071525574,1.285745620727539,0.49950000643730164,1.4167660474777222
298,0.5527999997138977,1.2871755361557007,0.5090000033378601,1.3959298133850098
299,0.5536999702453613,1.2859688997268677,0.4950000047683716,1.4073331356048584
300,0.5494999885559082,1.2810888290405273,0.4925000071525574,1.3953157663345337
301,0.5544000267982483,1.285457968711853,0.4465000033378601,1.56947660446167
302,0.5526999831199646,1.2803884744644165,0.5059999823570251,1.4123635292053223
303,0.5526999831199646,1.279503345489502,0.41999998688697815,1.7890862226486206
304,0.5526999831199646,1.2826519012451172,0.5059999823570251,1.3898485898971558
305,0.5551999807357788,1.279632806777954,0.4480000138282776,1.5518405437469482
306,0.5543000102043152,1.2764354944229126,0.5040000081062317,1.3986048698425293
307,0.5516999959945679,1.2765341997146606,0.4925000071525574,1.513508915901184
308,0.5555999875068665,1.2730159759521484,0.4975000023841858,1.3997390270233154
309,0.5559999942779541,1.268852949142456,0.4934999942779541,1.4065393209457397
310,0.5557000041007996,1.2694892883300781,0.4945000112056732,1.4040653705596924
311,0.5526999831199646,1.2691556215286255,0.4595000147819519,1.496989130973816
312,0.5551000237464905,1.2776964902877808,0.5024999976158142,1.4020991325378418
313,0.5620999932289124,1.263014316558838,0.5090000033378601,1.3947399854660034
314,0.5580000281333923,1.2665780782699585,0.5040000081062317,1.4095841646194458
315,0.5619000196456909,1.2664203643798828,0.48399999737739563,1.4741835594177246
316,0.5572999715805054,1.270867943763733,0.49799999594688416,1.4227997064590454
317,0.5600000023841858,1.2649953365325928,0.5180000066757202,1.3591574430465698
318,0.5609999895095825,1.260201096534729,0.5134999752044678,1.3633151054382324
319,0.5640000104904175,1.2631621360778809,0.4984999895095825,1.4227570295333862
320,0.5623999834060669,1.2555898427963257,0.4934999942779541,1.4189965724945068
321,0.560699999332428,1.2577340602874756,0.49549999833106995,1.393736481666565
322,0.5611000061035156,1.2586734294891357,0.48500001430511475,1.4451502561569214
323,0.5616000294685364,1.2571637630462646,0.4970000088214874,1.4168310165405273
324,0.5616000294685364,1.2585850954055786,0.4790000021457672,1.468445897102356
325,0.5587000250816345,1.254836916923523,0.4415000081062317,1.609964370727539
326,0.5630999803543091,1.2523767948150635,0.48750001192092896,1.4376893043518066
327,0.5623999834060669,1.2520935535430908,0.4964999854564667,1.4893149137496948
328,0.5580000281333923,1.2523564100265503,0.5149999856948853,1.372717022895813
329,0.5645999908447266,1.2472561597824097,0.5270000100135803,1.3671635389328003
330,0.566100001335144,1.2447129487991333,0.44749999046325684,1.5636868476867676
331,0.5698999762535095,1.2482376098632812,0.49149999022483826,1.4886887073516846
332,0.5655999779701233,1.2492033243179321,0.4964999854564667,1.41153883934021
333,0.5649999976158142,1.2430840730667114,0.5139999985694885,1.3658682107925415
334,0.5649999976158142,1.2425131797790527,0.4779999852180481,1.49012291431427
335,0.5665000081062317,1.2431687116622925,0.5120000243186951,1.3783599138259888
336,0.569599986076355,1.2388155460357666,0.5009999871253967,1.3990854024887085
337,0.5687999725341797,1.2402352094650269,0.49900001287460327,1.3857204914093018
338,0.5679000020027161,1.239189624786377,0.5205000042915344,1.3657989501953125
339,0.5712000131607056,1.234434723854065,0.4945000112056732,1.4223350286483765
340,0.5695000290870667,1.23459792137146,0.4964999854564667,1.4445255994796753
341,0.5753999948501587,1.2354398965835571,0.5139999985694885,1.4244250059127808
342,0.5692999958992004,1.2350245714187622,0.5095000267028809,1.4132778644561768
343,0.5702000260353088,1.2315891981124878,0.484499990940094,1.4205530881881714
344,0.5697000026702881,1.236615777015686,0.5174999833106995,1.4020949602127075
345,0.5690000057220459,1.2328953742980957,0.515999972820282,1.4000906944274902
346,0.5708000063896179,1.2276185750961304,0.5059999823570251,1.3860195875167847
347,0.5722000002861023,1.2255430221557617,0.5184999704360962,1.4025764465332031
348,0.5737000107765198,1.2260706424713135,0.5009999871253967,1.3742772340774536
349,0.5708000063896179,1.2282845973968506,0.4560000002384186,1.5470741987228394
350,0.5723000168800354,1.2269338369369507,0.45249998569488525,1.5697883367538452
351,0.5756000280380249,1.2235795259475708,0.4544999897480011,1.5318448543548584
352,0.576200008392334,1.2233257293701172,0.5249999761581421,1.366581916809082
353,0.5771999955177307,1.22011399269104,0.5274999737739563,1.354628562927246
354,0.5715000033378601,1.220584511756897,0.5149999856948853,1.358856201171875
355,0.5796999931335449,1.2173361778259277,0.49900001287460327,1.4176349639892578
356,0.5787000060081482,1.2150253057479858,0.4494999945163727,1.6210875511169434
357,0.5720000267028809,1.2193711996078491,0.48399999737739563,1.4581869840621948
358,0.5769000053405762,1.2182815074920654,0.5180000066757202,1.3567686080932617
359,0.5748999714851379,1.217618703842163,0.49300000071525574,1.4379315376281738
360,0.5760999917984009,1.2165509462356567,0.5184999704360962,1.4107192754745483
361,0.5756000280380249,1.209497094154358,0.5199999809265137,1.4082969427108765
362,0.5817000269889832,1.2084509134292603,0.5230000019073486,1.3465832471847534
363,0.5806999802589417,1.2079565525054932,0.515999972820282,1.4058459997177124
364,0.5781000256538391,1.2100563049316406,0.5074999928474426,1.3758797645568848
365,0.5770000219345093,1.210188627243042,0.4794999957084656,1.4360613822937012
366,0.579200029373169,1.2061735391616821,0.5304999947547913,1.3336327075958252
367,0.5823000073432922,1.2031726837158203,0.46650001406669617,1.5755800008773804
368,0.580299973487854,1.2050596475601196,0.5065000057220459,1.3778126239776611
369,0.580299973487854,1.2027299404144287,0.5304999947547913,1.3318772315979004
370,0.5828999876976013,1.2019033432006836,0.5184999704360962,1.364612340927124
371,0.5763999819755554,1.2075213193893433,0.5059999823570251,1.4032431840896606
372,0.5813000202178955,1.2005900144577026,0.4860000014305115,1.4464061260223389
373,0.5848000049591064,1.1976885795593262,0.5109999775886536,1.3587889671325684
374,0.5809999704360962,1.1975305080413818,0.4740000069141388,1.4722126722335815
375,0.5807999968528748,1.1973798274993896,0.5055000185966492,1.3736037015914917
376,0.5859000086784363,1.1981648206710815,0.41749998927116394,1.8429847955703735
377,0.5859000086784363,1.2026898860931396,0.5134999752044678,1.390617847442627
378,0.5845000147819519,1.190609335899353,0.46050000190734863,1.5530325174331665
379,0.5860999822616577,1.1941297054290771,0.5095000267028809,1.3707122802734375
380,0.5863999724388123,1.1911216974258423,0.4909999966621399,1.4235882759094238
381,0.588100016117096,1.1844191551208496,0.5235000252723694,1.3506101369857788
382,0.5860999822616577,1.1893079280853271,0.5115000009536743,1.3871064186096191
383,0.5896000266075134,1.1890209913253784,0.5230000019073486,1.3474258184432983
384,0.5910999774932861,1.1836358308792114,0.5260000228881836,1.3286283016204834
385,0.5878999829292297,1.1886764764785767,0.5264999866485596,1.360022783279419
386,0.5913000106811523,1.1812822818756104,0.5149999856948853,1.3800445795059204
387,0.5896000266075134,1.1826368570327759,0.5264999866485596,1.3533843755722046
388,0.5863000154495239,1.1827969551086426,0.41850000619888306,1.636978030204773
389,0.5846999883651733,1.1844868659973145,0.5065000057220459,1.4307985305786133
390,0.5846999883651733,1.1810098886489868,0.5254999995231628,1.366857647895813
391,0.5867000222206116,1.1817066669464111,0.527999997138977,1.3573437929153442
392,0.5910999774932861,1.1756675243377686,0.5260000228881836,1.3202650547027588
393,0.5957000255584717,1.172598958015442,0.5080000162124634,1.385117530822754
394,0.5906999707221985,1.1798584461212158,0.46700000762939453,1.5202687978744507
395,0.5889000296592712,1.178725242614746,0.5205000042915344,1.3471167087554932
396,0.5903000235557556,1.1769201755523682,0.5084999799728394,1.3987895250320435
397,0.5877000093460083,1.178685188293457,0.49799999594688416,1.425980567932129
398,0.5949000120162964,1.171278476715088,0.4494999945163727,1.6200542449951172
399,0.5884000062942505,1.1752724647521973,0.5059999823570251,1.3890659809112549
400,0.5928999781608582,1.16779363155365,0.4715000092983246,1.5072749853134155
401,0.5924000144004822,1.1707608699798584,0.5370000004768372,1.324992299079895
402,0.5946000218391418,1.163767695426941,0.5149999856948853,1.3901139497756958
403,0.5976999998092651,1.1642863750457764,0.5224999785423279,1.3437033891677856
404,0.595300018787384,1.167549967765808,0.5274999737739563,1.329695224761963
405,0.5946999788284302,1.1656041145324707,0.44999998807907104,1.6721694469451904
406,0.5918999910354614,1.1675835847854614,0.484499990940094,1.4655543565750122
407,0.597100019454956,1.1625195741653442,0.5189999938011169,1.361224889755249
408,0.597000002861023,1.15896475315094,0.5289999842643738,1.3185646533966064
409,0.5986999869346619,1.1575902700424194,0.5134999752044678,1.3658241033554077
410,0.5997999906539917,1.1523948907852173,0.5195000171661377,1.3932257890701294
411,0.5992000102996826,1.1569011211395264,0.531000018119812,1.3258148431777954
412,0.5971999764442444,1.1594152450561523,0.38850000500679016,1.7684290409088135
413,0.5960999727249146,1.1649600267410278,0.5034999847412109,1.429435133934021
414,0.5986999869346619,1.153489589691162,0.5210000276565552,1.3493009805679321
415,0.6018000245094299,1.156340479850769,0.5005000233650208,1.446592092514038
416,0.6000000238418579,1.1498113870620728,0.5120000243186951,1.3913146257400513
417,0.6007000207901001,1.1479321718215942,0.515500009059906,1.386981725692749
418,0.5936999917030334,1.1487150192260742,0.4180000126361847,1.7100813388824463
419,0.5999000072479248,1.1574180126190186,0.5099999904632568,1.4032117128372192
420,0.6046000123023987,1.145474910736084,0.4984999895095825,1.4316951036453247
421,0.6053000092506409,1.1461691856384277,0.429500013589859,1.7763291597366333
422,0.6033999919891357,1.1486055850982666,0.4675000011920929,1.4948211908340454
423,0.6040999889373779,1.1412667036056519,0.5249999761581421,1.4135042428970337
424,0.6071000099182129,1.1366592645645142,0.4625000059604645,1.5184422731399536
425,0.6037999987602234,1.1428245306015015,0.5009999871253967,1.4014912843704224
426,0.607699990272522,1.1405234336853027,0.5285000205039978,1.3370907306671143
427,0.604200005531311,1.136291742324829,0.5375000238418579,1.3066411018371582
428,0.6039999723434448,1.135268211364746,0.5454999804496765,1.3064178228378296
429,0.6075999736785889,1.137608528137207,0.36000001430511475,2.0957295894622803
430,0.6008999943733215,1.151928186416626,0.5235000252723694,1.412796974182129
431,0.6075999736785889,1.1334654092788696,0.5274999737739563,1.3665930032730103
432,0.6057000160217285,1.1361008882522583,0.4805000126361847,1.4891419410705566
433,0.608299970626831,1.1315548419952393,0.5385000109672546,1.3012268543243408
434,0.6082000136375427,1.1270625591278076,0.512499988079071,1.3860650062561035
435,0.6103000044822693,1.126568078994751,0.5385000109672546,1.318250298500061
436,0.607699990272522,1.1280710697174072,0.5134999752044678,1.4061052799224854
437,0.6097999811172485,1.1265645027160645,0.5329999923706055,1.3372490406036377
438,0.611299991607666,1.126664400100708,0.5285000205039978,1.3786786794662476
439,0.6093999743461609,1.1254304647445679,0.5410000085830688,1.3067452907562256
440,0.6123999953269958,1.1234673261642456,0.5339999794960022,1.3588817119598389
441,0.6104000210762024,1.1243618726730347,0.5404999852180481,1.3062220811843872
442,0.6103000044822693,1.1242361068725586,0.5400000214576721,1.3091108798980713
443,0.6111999750137329,1.1189411878585815,0.5299999713897705,1.3635766506195068
444,0.61080002784729,1.1213717460632324,0.4754999876022339,1.5135152339935303
445,0.6151000261306763,1.118756890296936,0.531000018119812,1.3356319665908813
446,0.614300012588501,1.1191186904907227,0.476500004529953,1.5048490762710571
447,0.6155999898910522,1.1132644414901733,0.4819999933242798,1.60093092918396
448,0.6171000003814697,1.117868423461914,0.4860000014305115,1.4832273721694946
449,0.6129000186920166,1.1216084957122803,0.5435000061988831,1.2986282110214233
450,0.6136999726295471,1.1140364408493042,0.49399998784065247,1.4120553731918335
451,0.6162999868392944,1.1150823831558228,0.492000013589859,1.4671365022659302
452,0.6136999726295471,1.1146522760391235,0.5329999923706055,1.3403849601745605
453,0.6169999837875366,1.1056861877441406,0.5024999976158142,1.421562671661377
454,0.6172000169754028,1.1064995527267456,0.5274999737739563,1.353223443031311
455,0.6187000274658203,1.1047375202178955,0.5090000033378601,1.3959702253341675
456,0.6173999905586243,1.1085904836654663,0.5149999856948853,1.3918036222457886
457,0.6187999844551086,1.1064884662628174,0.515999972820282,1.4033119678497314
458,0.6169999837875366,1.1095266342163086,0.5174999833106995,1.358469009399414
459,0.6211000084877014,1.1002024412155151,0.5404999852180481,1.341396450996399
460,0.6215000152587891,1.1009366512298584,0.5130000114440918,1.3944259881973267
461,0.6190999746322632,1.1026479005813599,0.4699999988079071,1.5226389169692993
462,0.6159999966621399,1.1045286655426025,0.5024999976158142,1.4319576025009155
463,0.6187000274658203,1.1013453006744385,0.531000018119812,1.3308217525482178
464,0.6180999875068665,1.1004948616027832,0.531499981880188,1.3505862951278687
465,0.6191999912261963,1.1007877588272095,0.5270000100135803,1.3491967916488647
466,0.6234999895095825,1.0957067012786865,0.527999997138977,1.3253666162490845
467,0.6193000078201294,1.0971992015838623,0.46000000834465027,1.5376396179199219
468,0.6233000159263611,1.0948516130447388,0.5414999723434448,1.3357391357421875
469,0.6226999759674072,1.0948829650878906,0.5115000009536743,1.3974088430404663
470,0.6201000213623047,1.093308687210083,0.515999972820282,1.3570759296417236
471,0.6244999766349792,1.0955159664154053,0.5525000095367432,1.3113489151000977
472,0.6211000084877014,1.0881984233856201,0.5404999852180481,1.3075039386749268
473,0.6208999752998352,1.0918503999710083,0.5460000038146973,1.3343943357467651
474,0.6220999956130981,1.0900852680206299,0.5404999852180481,1.3011692762374878
475,0.6226000189781189,1.089728593826294,0.5320000052452087,1.3351377248764038
476,0.6266999840736389,1.085400104522705,0.49950000643730164,1.4364428520202637
477,0.6262000203132629,1.0864087343215942,0.5139999985694885,1.3819307088851929
478,0.6279000043869019,1.083693265914917,0.4154999852180481,1.715200662612915
479,0.6244999766349792,1.0888464450836182,0.5074999928474426,1.3985832929611206
480,0.6262000203132629,1.0818337202072144,0.5419999957084656,1.3173171281814575
481,0.6294000148773193,1.0785181522369385,0.5105000138282776,1.4199577569961548
482,0.6252999901771545,1.0812749862670898,0.4880000054836273,1.4821231365203857
483,0.6259999871253967,1.0807303190231323,0.5389999747276306,1.3243178129196167
484,0.6261000037193298,1.0783171653747559,0.5519999861717224,1.2806240320205688
485,0.6291000247001648,1.0773985385894775,0.5435000061988831,1.3017512559890747
486,0.632099986076355,1.0772240161895752,0.5404999852180481,1.3043323755264282
487,0.6319000124931335,1.0714584589004517,0.5400000214576721,1.343936800956726
488,0.625,1.0750070810317993,0.512499988079071,1.3889681100845337
489,0.6262000203132629,1.0757652521133423,0.546999990940094,1.3154888153076172
490,0.6283000111579895,1.0726423263549805,0.5264999866485596,1.4067450761795044
491,0.6312999725341797,1.0751252174377441,0.5534999966621399,1.2945258617401123
492,0.6317999958992004,1.068956971168518,0.47999998927116394,1.5365163087844849
493,0.6309999823570251,1.0690397024154663,0.5270000100135803,1.3371574878692627
494,0.6319000124931335,1.0714284181594849,0.5444999933242798,1.3407186269760132
495,0.6319000124931335,1.071319818496704,0.5249999761581421,1.3608044385910034
496,0.6338000297546387,1.0656459331512451,0.5174999833106995,1.4047008752822876
497,0.6338000297546387,1.0688881874084473,0.5210000276565552,1.4034112691879272
498,0.6365000009536743,1.0670078992843628,0.5274999737739563,1.3614118099212646
499,0.6341000199317932,1.0613389015197754,0.5320000052452087,1.343088984489441
500,0.6342999935150146,1.0627570152282715,0.5554999709129333,1.2801225185394287
501,0.6355999708175659,1.0624059438705444,0.5264999866485596,1.4152750968933105
502,0.6345999836921692,1.0623520612716675,0.5444999933242798,1.3505257368087769
503,0.6347000002861023,1.0601433515548706,0.4950000047683716,1.49276864528656
504,0.6362000107765198,1.060107707977295,0.47600001096725464,1.523092269897461
505,0.6340000033378601,1.0647941827774048,0.5600000023841858,1.2715908288955688
506,0.6384000182151794,1.0592881441116333,0.5444999933242798,1.306887149810791
507,0.6352999806404114,1.0513603687286377,0.546999990940094,1.3139232397079468
508,0.6334999799728394,1.0572092533111572,0.5394999980926514,1.34148371219635
509,0.6331999897956848,1.0584945678710938,0.5540000200271606,1.2981780767440796
510,0.6381000280380249,1.0528202056884766,0.5329999923706055,1.3263527154922485
511,0.6424000263214111,1.0474764108657837,0.5270000100135803,1.3606849908828735
512,0.6424000263214111,1.0465997457504272,0.5325000286102295,1.3312325477600098
513,0.640500009059906,1.0483509302139282,0.5475000143051147,1.2969249486923218
514,0.6383000016212463,1.0513687133789062,0.4724999964237213,1.7013715505599976
515,0.6373999714851379,1.0555763244628906,0.5370000004768372,1.3420084714889526
516,0.6427000164985657,1.0443296432495117,0.39649999141693115,1.828795313835144
517,0.6370999813079834,1.0502986907958984,0.4569999873638153,1.6994200944900513
518,0.6388000249862671,1.050559639930725,0.5109999775886536,1.3820209503173828
519,0.6412000060081482,1.04396390914917,0.5074999928474426,1.414901614189148
520,0.640999972820282,1.0414789915084839,0.503000020980835,1.4196008443832397
521,0.6419000029563904,1.0398163795471191,0.534500002861023,1.319199562072754
522,0.6463000178337097,1.0377393960952759,0.5360000133514404,1.331396460533142
523,0.6428999900817871,1.0356485843658447,0.5339999794960022,1.3582730293273926
524,0.6435999870300293,1.0408451557159424,0.5299999713897705,1.3350191116333008
525,0.6453999876976013,1.0362821817398071,0.4465000033378601,1.68684983253479
526,0.6427000164985657,1.0390028953552246,0.5400000214576721,1.3043135404586792
527,0.6459000110626221,1.0339512825012207,0.5220000147819519,1.3699754476547241
528,0.6403999924659729,1.035799503326416,0.546999990940094,1.3165479898452759
529,0.6489999890327454,1.0323972702026367,0.4860000014305115,1.5509611368179321
530,0.642799973487854,1.034159779548645,0.5625,1.2894494533538818
531,0.6478000283241272,1.031249761581421,0.5575000047683716,1.2898935079574585
532,0.6463000178337097,1.024957537651062,0.5304999947547913,1.3347076177597046
533,0.6468999981880188,1.0291334390640259,0.5065000057220459,1.4153016805648804
534,0.647599995136261,1.0307079553604126,0.5550000071525574,1.2987531423568726
535,0.6474000215530396,1.0261495113372803,0.5134999752044678,1.4233903884887695
536,0.6452000141143799,1.0281256437301636,0.5164999961853027,1.4429504871368408
537,0.6478999853134155,1.0276288986206055,0.46399998664855957,1.6068871021270752
538,0.650600016117096,1.023554801940918,0.5649999976158142,1.2667686939239502
539,0.6536999940872192,1.0154606103897095,0.48649999499320984,1.4861327409744263
540,0.650600016117096,1.027146577835083,0.534500002861023,1.311933159828186
541,0.6523000001907349,1.0210273265838623,0.5519999861717224,1.3196426630020142
542,0.6507999897003174,1.0179097652435303,0.5034999847412109,1.429533839225769
543,0.6503000259399414,1.0232676267623901,0.5630000233650208,1.2775932550430298
544,0.6528000235557556,1.016032338142395,0.5270000100135803,1.3638267517089844
545,0.6496000289916992,1.0233737230300903,0.460999995470047,1.61436128616333
546,0.650600016117096,1.0215504169464111,0.5400000214576721,1.3545379638671875
547,0.6545000076293945,1.0152274370193481,0.5730000138282776,1.2567284107208252
548,0.6506999731063843,1.01237154006958,0.5325000286102295,1.3447113037109375
549,0.652899980545044,1.0135177373886108,0.5260000228881836,1.4571490287780762
550,0.6563000082969666,1.0119187831878662,0.5354999899864197,1.3555353879928589
551,0.6568999886512756,1.0115633010864258,0.5644999742507935,1.274062991142273
552,0.6577000021934509,1.0116037130355835,0.515500009059906,1.4235165119171143
553,0.6554999947547913,1.0080381631851196,0.5115000009536743,1.395168423652649
554,0.6528000235557556,1.015867829322815,0.5444999933242798,1.328788161277771
555,0.6601999998092651,1.0077217817306519,0.5184999704360962,1.378602385520935
556,0.6577000021934509,1.0115445852279663,0.5139999985694885,1.4346425533294678
557,0.6564000248908997,1.003048062324524,0.5145000219345093,1.3671345710754395
558,0.6599000096321106,1.0044171810150146,0.5540000200271606,1.3153609037399292
559,0.6601999998092651,0.9991978406906128,0.4880000054836273,1.5159249305725098
560,0.6590999960899353,1.004731297492981,0.5389999747276306,1.3587886095046997
561,0.6590999960899353,1.0020784139633179,0.5180000066757202,1.3843368291854858
562,0.6567999720573425,1.0021988153457642,0.5410000085830688,1.333974838256836
563,0.6604999899864197,0.9959109425544739,0.5699999928474426,1.2732986211776733
564,0.660099983215332,0.9973999857902527,0.5630000233650208,1.2805051803588867
565,0.65829998254776,0.9972383975982666,0.492000013589859,1.5201112031936646
566,0.6571999788284302,0.999153196811676,0.4950000047683716,1.4831980466842651
567,0.6585999727249146,0.998420238494873,0.4964999854564667,1.4637157917022705
568,0.6611999869346619,0.9964911341667175,0.5299999713897705,1.365817904472351
569,0.6589000225067139,0.9952896237373352,0.5454999804496765,1.2895749807357788
570,0.6610000133514404,0.9888233542442322,0.5559999942779541,1.3314809799194336
571,0.6661999821662903,0.9876083731651306,0.5515000224113464,1.287601113319397
572,0.6639999747276306,0.9919294714927673,0.5649999976158142,1.2560079097747803
573,0.664900004863739,0.9904769659042358,0.5690000057220459,1.2680644989013672
574,0.6643000245094299,0.9861878156661987,0.5199999809265137,1.4422563314437866
575,0.6662999987602234,0.9866984486579895,0.5609999895095825,1.2861517667770386
576,0.6644999980926514,0.9905335903167725,0.4300000071525574,1.7525280714035034
577,0.659600019454956,0.9985414147377014,0.5575000047683716,1.283227801322937
578,0.6646000146865845,0.982952356338501,0.5475000143051147,1.3095780611038208
579,0.6671000123023987,0.9837067127227783,0.4715000092983246,1.6078760623931885
580,0.6654999852180481,0.9904865026473999,0.5145000219345093,1.4141345024108887
581,0.663100004196167,0.9869450926780701,0.5375000238418579,1.3306324481964111
582,0.6715999841690063,0.9792311787605286,0.5770000219345093,1.2860358953475952
583,0.664900004863739,0.9798215627670288,0.5550000071525574,1.2947115898132324
584,0.6644999980926514,0.9787804484367371,0.5354999899864197,1.3273723125457764
585,0.6665999889373779,0.9818394780158997,0.5425000190734863,1.3291152715682983
586,0.6654999852180481,0.9772495031356812,0.5684999823570251,1.2677488327026367
587,0.6686000227928162,0.9744901657104492,0.5695000290870667,1.2592390775680542
588,0.669700026512146,0.9749220609664917,0.5375000238418579,1.3627731800079346
589,0.6703000068664551,0.9715448021888733,0.5559999942779541,1.271637201309204
590,0.6710000038146973,0.9718008041381836,0.5690000057220459,1.2842469215393066
591,0.6707000136375427,0.9669409990310669,0.5609999895095825,1.322729468345642
592,0.6744999885559082,0.9707025289535522,0.5429999828338623,1.365195393562317
593,0.6704999804496765,0.9708011746406555,0.5059999823570251,1.4714604616165161
594,0.670799970626831,0.9793301820755005,0.5059999823570251,1.4479440450668335
595,0.6725000143051147,0.9683142304420471,0.5460000038146973,1.322150468826294
596,0.6703000068664551,0.9721907377243042,0.5644999742507935,1.2958858013153076
597,0.6660000085830688,0.9753246307373047,0.5665000081062317,1.2716320753097534
598,0.6714000105857849,0.9620405435562134,0.5724999904632568,1.2703932523727417
599,0.6710000038146973,0.9698827862739563,0.5680000185966492,1.2761080265045166
600,0.6740999817848206,0.9648327231407166,0.5550000071525574,1.3014215230941772
601,0.6744999885559082,0.9582139849662781,0.5205000042915344,1.4249459505081177
602,0.6725000143051147,0.9625683426856995,0.5569999814033508,1.2798857688903809
603,0.6761999726295471,0.9599106311798096,0.550000011920929,1.2914834022521973
604,0.6739000082015991,0.9610496163368225,0.5370000004768372,1.3630748987197876
605,0.6746000051498413,0.9591698050498962,0.5214999914169312,1.389162540435791
606,0.6732000112533569,0.9621245265007019,0.550000011920929,1.3282661437988281
607,0.67330002784729,0.9604585766792297,0.5320000052452087,1.3560806512832642
608,0.6773999929428101,0.9555343985557556,0.5099999904632568,1.513043999671936
609,0.6729000210762024,0.9595491290092468,0.5260000228881836,1.3857442140579224
610,0.6758000254631042,0.9540154337882996,0.5695000290870667,1.2663151025772095
611,0.676800012588501,0.9515460729598999,0.5454999804496765,1.3245640993118286
612,0.6740999817848206,0.9535366296768188,0.5565000176429749,1.2968720197677612
613,0.6798999905586243,0.9511120319366455,0.5224999785423279,1.3664113283157349
614,0.6801999807357788,0.9500535130500793,0.4645000100135803,1.6165053844451904
615,0.6786999702453613,0.9519688487052917,0.5640000104904175,1.268295168876648
616,0.682200014591217,0.9452811479568481,0.5540000200271606,1.3017419576644897
617,0.678600013256073,0.9483717083930969,0.5479999780654907,1.3514078855514526
618,0.6802999973297119,0.9466939568519592,0.5195000171661377,1.420810341835022
619,0.6819999814033508,0.9455311298370361,0.4650000035762787,1.672790288925171
620,0.6804999709129333,0.9464383721351624,0.565500020980835,1.2905329465866089
621,0.6841999888420105,0.9420458078384399,0.5690000057220459,1.277624487876892
622,0.6808000206947327,0.9435780048370361,0.5659999847412109,1.2770228385925293
623,0.6812000274658203,0.9445603489875793,0.4964999854564667,1.5323433876037598
624,0.6797999739646912,0.9421830177307129,0.5285000205039978,1.415526270866394
625,0.6832000017166138,0.9384608268737793,0.5339999794960022,1.369248628616333
626,0.6823999881744385,0.9393216967582703,0.5669999718666077,1.2664713859558105
627,0.6822999715805054,0.9386724829673767,0.5619999766349792,1.2689144611358643
628,0.685699999332428,0.9350998997688293,0.5494999885559082,1.2925727367401123
629,0.6826000213623047,0.9342682361602783,0.5130000114440918,1.4095410108566284
630,0.6845999956130981,0.9381391406059265,0.5705000162124634,1.2686268091201782
631,0.6809999942779541,0.9370205998420715,0.5659999847412109,1.2679725885391235
632,0.6852999925613403,0.9346457719802856,0.5525000095367432,1.2898120880126953
633,0.6854000091552734,0.931469738483429,0.5600000023841858,1.3005448579788208
634,0.6870999932289124,0.9302820563316345,0.5559999942779541,1.3236572742462158
635,0.6884999871253967,0.9276820421218872,0.5724999904632568,1.2478750944137573
636,0.6873999834060669,0.930793821811676,0.5695000290870667,1.2504162788391113
637,0.6886000037193298,0.9239943623542786,0.527999997138977,1.38097083568573
638,0.6920999884605408,0.9255680441856384,0.5730000138282776,1.2546212673187256
639,0.6919999718666077,0.9227619171142578,0.515500009059906,1.4386513233184814
640,0.6881999969482422,0.9299934506416321,0.4634999930858612,1.6051783561706543
641,0.6872000098228455,0.9298796057701111,0.5339999794960022,1.3397189378738403
642,0.6883000135421753,0.9242328405380249,0.5044999718666077,1.468705654144287
643,0.6855000257492065,0.9322243332862854,0.5385000109672546,1.331125259399414
644,0.6898999810218811,0.9259086847305298,0.5490000247955322,1.3216021060943604
645,0.6916999816894531,0.9271112084388733,0.5849999785423279,1.2345385551452637
646,0.6953999996185303,0.9152294993400574,0.5435000061988831,1.3220824003219604
647,0.6912000179290771,0.9209178686141968,0.5414999723434448,1.34051513671875
648,0.6909999847412109,0.921499490737915,0.5009999871253967,1.4838885068893433
649,0.6894999742507935,0.919005274772644,0.5695000290870667,1.2868106365203857
650,0.6937999725341797,0.9161348342895508,0.5684999823570251,1.3115414381027222
651,0.6942999958992004,0.9121916890144348,0.5435000061988831,1.3247288465499878
652,0.6955999732017517,0.9109563231468201,0.5425000190734863,1.3219813108444214
653,0.6919000148773193,0.9138597846031189,0.5370000004768372,1.3760526180267334
654,0.6923999786376953,0.9088754653930664,0.546500027179718,1.3681353330612183
655,0.6913999915122986,0.917302131652832,0.5164999961853027,1.458047866821289
656,0.6883000135421753,0.9158104658126831,0.5254999995231628,1.4383909702301025
657,0.6965000033378601,0.9091464877128601,0.5475000143051147,1.331687569618225
658,0.6969000101089478,0.9098194241523743,0.5460000038146973,1.3661831617355347
659,0.6924999952316284,0.9105810523033142,0.578499972820282,1.2749390602111816
660,0.6970000267028809,0.9032857418060303,0.5485000014305115,1.291001558303833
661,0.6938999891281128,0.9121006727218628,0.5690000057220459,1.292601227760315
662,0.6912999749183655,0.911798357963562,0.5740000009536743,1.2612196207046509
663,0.6965000033378601,0.9039492011070251,0.5490000247955322,1.3123493194580078
664,0.694100022315979,0.9082263708114624,0.550000011920929,1.30278742313385
665,0.699400007724762,0.9015674591064453,0.5759999752044678,1.2638930082321167
666,0.6916999816894531,0.9056965708732605,0.5475000143051147,1.3032375574111938
667,0.6944000124931335,0.9014490246772766,0.5410000085830688,1.3973822593688965
668,0.6976000070571899,0.9022369384765625,0.5479999780654907,1.3563696146011353
669,0.6966000199317932,0.8979377150535583,0.4964999854564667,1.5143487453460693
670,0.6969000101089478,0.9048889875411987,0.5299999713897705,1.436017632484436
671,0.6983000040054321,0.8989189267158508,0.534500002861023,1.3469167947769165
672,0.6987000107765198,0.8981610536575317,0.5740000009536743,1.26305091381073
673,0.6991999745368958,0.8994633555412292,0.5429999828338623,1.3882139921188354
674,0.7020000219345093,0.897354781627655,0.4945000112056732,1.5120786428451538
675,0.6998000144958496,0.8933584690093994,0.5249999761581421,1.4572705030441284
676,0.7031999826431274,0.891543447971344,0.5724999904632568,1.2850935459136963
677,0.7050999999046326,0.8865941166877747,0.5494999885559082,1.3630104064941406
678,0.6976000070571899,0.8931756615638733,0.5550000071525574,1.2915160655975342
679,0.7008000016212463,0.8910986185073853,0.5550000071525574,1.2972944974899292
680,0.7009999752044678,0.8881260752677917,0.4805000126361847,1.5540075302124023
681,0.697700023651123,0.8904158473014832,0.5540000200271606,1.3336149454116821
682,0.7038999795913696,0.8874679803848267,0.5529999732971191,1.311310052871704
683,0.7028999924659729,0.8879733681678772,0.5705000162124634,1.2709746360778809
684,0.7024000287055969,0.8835251927375793,0.5270000100135803,1.3810412883758545
685,0.7034000158309937,0.8843489289283752,0.47350001335144043,1.6536993980407715
686,0.7006000280380249,0.8916049599647522,0.5149999856948853,1.4915450811386108
687,0.703000009059906,0.8818970918655396,0.5619999766349792,1.2927125692367554
688,0.703000009059906,0.881095290184021,0.4925000071525574,1.620323896408081
689,0.7031999826431274,0.8840662240982056,0.5734999775886536,1.247841238975525
690,0.7049000263214111,0.8778770565986633,0.48750001192092896,1.5685466527938843
691,0.7038999795913696,0.8847625255584717,0.45899999141693115,1.7899410724639893
692,0.7023000121116638,0.8832776546478271,0.531499981880188,1.4038240909576416
693,0.7038999795913696,0.8795070052146912,0.5680000185966492,1.2892612218856812
694,0.7056999802589417,0.8746092915534973,0.5414999723434448,1.338127851486206
695,0.7059999704360962,0.8738160133361816,0.5370000004768372,1.3975571393966675
696,0.7035999894142151,0.8778025507926941,0.559499979019165,1.3369702100753784
697,0.7020999789237976,0.8792204856872559,0.5320000052452087,1.4329606294631958
698,0.7078999876976013,0.8700146675109863,0.4749999940395355,1.6366177797317505
699,0.7041000127792358,0.8740741014480591,0.5619999766349792,1.2839332818984985
700,0.7084000110626221,0.8684909343719482,0.5070000290870667,1.419333815574646
701,0.7091000080108643,0.8686699271202087,0.578000009059906,1.244361400604248
702,0.7085999846458435,0.8686419725418091,0.5389999747276306,1.387887954711914
703,0.7089999914169312,0.8730178475379944,0.5385000109672546,1.3537629842758179
704,0.7041000127792358,0.8731459975242615,0.5494999885559082,1.3110367059707642
705,0.7095000147819519,0.8613506555557251,0.527999997138977,1.398496389389038
706,0.7038999795913696,0.871532142162323,0.5254999995231628,1.4176503419876099
707,0.7096999883651733,0.8662823438644409,0.5705000162124634,1.2490127086639404
708,0.7132999897003174,0.8587906360626221,0.5764999985694885,1.2472901344299316
709,0.7128999829292297,0.8620051741600037,0.5724999904632568,1.2866696119308472
710,0.7135999798774719,0.8620666861534119,0.5435000061988831,1.3339086771011353
711,0.7142000198364258,0.855808675289154,0.5674999952316284,1.2615562677383423
712,0.7143999934196472,0.8600988388061523,0.534500002861023,1.3891664743423462
713,0.7095999717712402,0.8598641753196716,0.5764999985694885,1.2643897533416748
714,0.7177000045776367,0.8536780476570129,0.5625,1.3029788732528687
715,0.7146999835968018,0.8545569181442261,0.5734999775886536,1.2770668268203735
716,0.7143999934196472,0.8597854375839233,0.5715000033378601,1.2522616386413574
717,0.71670001745224,0.8535602688789368,0.5630000233650208,1.3366810083389282
718,0.7117999792098999,0.857947051525116,0.578499972820282,1.2465592622756958
719,0.7163000106811523,0.8540320992469788,0.49950000643730164,1.4802300930023193
720,0.7132999897003174,0.8567099571228027,0.5490000247955322,1.345452070236206
721,0.7153000235557556,0.8515810370445251,0.5640000104904175,1.3003636598587036
722,0.715399980545044,0.8510469794273376,0.550000011920929,1.3708058595657349
723,0.7172999978065491,0.8453742265701294,0.5425000190734863,1.4455443620681763
724,0.7146999835968018,0.8502869009971619,0.5139999985694885,1.451672077178955
725,0.7106999754905701,0.8546600341796875,0.5630000233650208,1.3110872507095337
726,0.7156999707221985,0.8468173742294312,0.5580000281333923,1.3189102411270142
727,0.7142999768257141,0.8484706282615662,0.5720000267028809,1.2695752382278442
728,0.7188000082969666,0.8416762948036194,0.5544999837875366,1.322063684463501
729,0.7167999744415283,0.8445119857788086,0.5674999952316284,1.2865349054336548
730,0.7175999879837036,0.8425658345222473,0.5649999976158142,1.3081889152526855
731,0.7166000008583069,0.8398440480232239,0.5040000081062317,1.4875398874282837
732,0.7160000205039978,0.8454456329345703,0.5630000233650208,1.3013957738876343
733,0.7181000113487244,0.8373377919197083,0.5360000133514404,1.3894182443618774
734,0.7192000150680542,0.8400083780288696,0.5554999709129333,1.341592788696289
735,0.7200999855995178,0.8394585847854614,0.5534999966621399,1.359224796295166
736,0.718999981880188,0.8372769355773926,0.5394999980926514,1.3727751970291138
737,0.7174999713897705,0.8379391431808472,0.5855000019073486,1.232133388519287
738,0.7175999879837036,0.8367210030555725,0.559499979019165,1.2973041534423828
739,0.7215999960899353,0.8377498984336853,0.5649999976158142,1.3193775415420532
740,0.7232999801635742,0.8336794972419739,0.5260000228881836,1.4584157466888428
741,0.7167999744415283,0.8356170058250427,0.5580000281333923,1.3265469074249268
742,0.7217000126838684,0.8315004110336304,0.5734999775886536,1.2926056385040283
743,0.7228999733924866,0.833099901676178,0.5720000267028809,1.2775126695632935
744,0.7246999740600586,0.824233889579773,0.4345000088214874,1.951985478401184
745,0.71670001745224,0.8428312540054321,0.5690000057220459,1.2907042503356934
746,0.7218000292778015,0.8292657136917114,0.5370000004768372,1.4133415222167969
747,0.7247999906539917,0.8268812298774719,0.5205000042915344,1.4684323072433472
748,0.7215999960899353,0.8338083028793335,0.5695000290870667,1.2962266206741333
749,0.7193999886512756,0.8268017768859863,0.5519999861717224,1.3231385946273804
750,0.7231000065803528,0.8225560784339905,0.5325000286102295,1.437861442565918
751,0.7233999967575073,0.8235353231430054,0.5379999876022339,1.4039196968078613
752,0.7249000072479248,0.8228620290756226,0.49900001287460327,1.5017551183700562
753,0.7222999930381775,0.8255387544631958,0.5590000152587891,1.2804679870605469
754,0.7249000072479248,0.8171260952949524,0.5419999957084656,1.357906699180603
755,0.7279000282287598,0.8235257863998413,0.5609999895095825,1.344635009765625
756,0.7232000231742859,0.8223962783813477,0.5534999966621399,1.3408278226852417
757,0.7245000004768372,0.8167362809181213,0.5540000200271606,1.3070200681686401
758,0.7261999845504761,0.8137168884277344,0.5325000286102295,1.4002912044525146
759,0.7246999740600586,0.8193304538726807,0.5764999985694885,1.2727502584457397
760,0.7247999906539917,0.818626880645752,0.5665000081062317,1.2780554294586182
761,0.7263000011444092,0.8138375282287598,0.5299999713897705,1.3965914249420166
762,0.7275999784469604,0.8149517178535461,0.5600000023841858,1.2691445350646973
763,0.7264999747276306,0.8105497360229492,0.5475000143051147,1.3333700895309448
764,0.7282000184059143,0.814934253692627,0.5634999871253967,1.3086650371551514
765,0.7290999889373779,0.8103290796279907,0.5354999899864197,1.3704237937927246
766,0.7257999777793884,0.8115671873092651,0.550000011920929,1.3761147260665894
767,0.7253000140190125,0.8123602271080017,0.565500020980835,1.2701594829559326
768,0.7283999919891357,0.8079659938812256,0.5809999704360962,1.2573412656784058
769,0.7300000190734863,0.8055421710014343,0.5715000033378601,1.328924298286438
770,0.7304999828338623,0.8084185123443604,0.5770000219345093,1.2487988471984863
771,0.7251999974250793,0.8129591941833496,0.49950000643730164,1.5690661668777466
772,0.7297000288963318,0.8031580448150635,0.5575000047683716,1.304943561553955
773,0.733299970626831,0.8018742799758911,0.5899999737739563,1.2662858963012695
774,0.7322999835014343,0.8014219403266907,0.5609999895095825,1.3282010555267334
775,0.7281000018119812,0.8046165704727173,0.590499997138977,1.236194372177124
776,0.7335000038146973,0.7994864583015442,0.550000011920929,1.366766333580017
777,0.7330999970436096,0.8014919757843018,0.5820000171661377,1.2623456716537476
778,0.7330999970436096,0.805440366268158,0.5724999904632568,1.276404619216919
779,0.7325000166893005,0.7980431914329529,0.5239999890327454,1.488803505897522
780,0.7333999872207642,0.7992668151855469,0.5559999942779541,1.3416837453842163
781,0.7319999933242798,0.7985862493515015,0.5454999804496765,1.3899738788604736
782,0.732699990272522,0.7998548150062561,0.5379999876022339,1.3923602104187012
783,0.7336999773979187,0.7971818447113037,0.5745000243186951,1.3116025924682617
784,0.7340999841690063,0.7929854393005371,0.5839999914169312,1.2759819030761719
785,0.7347000241279602,0.7942663431167603,0.5764999985694885,1.2533371448516846
786,0.7354000210762024,0.7925493121147156,0.5600000023841858,1.3486344814300537
787,0.7347000241279602,0.7924627661705017,0.5690000057220459,1.2768150568008423
788,0.7328000068664551,0.7937484979629517,0.559499979019165,1.343027114868164
789,0.7390999794006348,0.7881770133972168,0.559499979019165,1.338927984237671
790,0.7389000058174133,0.787589967250824,0.5584999918937683,1.3106495141983032
791,0.7368999719619751,0.7882419228553772,0.5809999704360962,1.250826120376587
792,0.7336999773979187,0.7896273732185364,0.5059999823570251,1.5360145568847656
793,0.7371000051498413,0.7942445278167725,0.5625,1.321431279182434
794,0.7390999794006348,0.785851001739502,0.5375000238418579,1.4549156427383423
795,0.7336000204086304,0.7893989086151123,0.5090000033378601,1.543973684310913
796,0.7376999855041504,0.7884072065353394,0.5699999928474426,1.293010950088501
797,0.738099992275238,0.7802080512046814,0.5554999709129333,1.326608419418335
798,0.7394000291824341,0.7801043391227722,0.5764999985694885,1.2734483480453491
799,0.7409999966621399,0.7785024642944336,0.5529999732971191,1.3378962278366089
800,0.7378000020980835,0.7800834774971008,0.5180000066757202,1.4615141153335571
801,0.7394999861717224,0.776583731174469,0.5370000004768372,1.3837599754333496
802,0.7415000200271606,0.7770541310310364,0.5820000171661377,1.2419257164001465
803,0.7386000156402588,0.7800704836845398,0.5715000033378601,1.2868789434432983
804,0.7383000254631042,0.7776502370834351,0.5214999914169312,1.4779196977615356
805,0.741100013256073,0.7775909304618835,0.5634999871253967,1.332324743270874
806,0.7437999844551086,0.7755007743835449,0.5724999904632568,1.3143658638000488
807,0.7409999966621399,0.7733066082000732,0.5795000195503235,1.2707889080047607
808,0.7434999942779541,0.7724143862724304,0.5630000233650208,1.3016533851623535
809,0.743399977684021,0.7718610167503357,0.5789999961853027,1.3184560537338257
810,0.7429999709129333,0.773521363735199,0.5494999885559082,1.434631109237671
811,0.7397000193595886,0.7800256609916687,0.5609999895095825,1.2975863218307495
812,0.7426999807357788,0.7711064219474792,0.5329999923706055,1.4349178075790405
813,0.7418000102043152,0.7704800963401794,0.5525000095367432,1.3558969497680664
814,0.7455000281333923,0.7650094032287598,0.5554999709129333,1.3338195085525513
815,0.7434999942779541,0.7630233764648438,0.5440000295639038,1.376968264579773
816,0.7452999949455261,0.7659325003623962,0.5640000104904175,1.306959867477417
817,0.7505999803543091,0.7635352611541748,0.5134999752044678,1.5243934392929077
818,0.7422999739646912,0.7679010033607483,0.5734999775886536,1.2982118129730225
819,0.7452999949455261,0.7668334245681763,0.5519999861717224,1.339847445487976
820,0.7416999936103821,0.7659705281257629,0.4634999930858612,1.734415888786316
821,0.7426999807357788,0.7691644430160522,0.5640000104904175,1.2948921918869019
822,0.742900013923645,0.7638914585113525,0.574999988079071,1.272453784942627
823,0.7458999752998352,0.7592801451683044,0.5609999895095825,1.3440021276474
824,0.7452999949455261,0.7627628445625305,0.5789999961853027,1.2867451906204224
825,0.7476999759674072,0.7593070864677429,0.5509999990463257,1.3923561573028564
826,0.7497000098228455,0.7548326253890991,0.5235000252723694,1.4454851150512695
827,0.7433000206947327,0.7582074999809265,0.5559999942779541,1.3703529834747314
828,0.7470999956130981,0.7563315629959106,0.5910000205039978,1.246291995048523
829,0.7516999840736389,0.7531841397285461,0.5559999942779541,1.334916114807129
830,0.7480000257492065,0.7553651332855225,0.5519999861717224,1.352364182472229
831,0.7490000128746033,0.7559267282485962,0.5625,1.3404872417449951
832,0.7497000098228455,0.7518772482872009,0.559499979019165,1.322763442993164
833,0.7458999752998352,0.7577284574508667,0.5529999732971191,1.3736974000930786
834,0.7560999989509583,0.7498253583908081,0.5740000009536743,1.3149040937423706
835,0.7497000098228455,0.7503930330276489,0.574999988079071,1.283036470413208
836,0.7540000081062317,0.7459921836853027,0.5145000219345093,1.4551969766616821
837,0.7498999834060669,0.7486742734909058,0.5669999718666077,1.3448781967163086
838,0.7487000226974487,0.7460169196128845,0.5095000267028809,1.5799193382263184
839,0.7488999962806702,0.7467549443244934,0.5619999766349792,1.3063075542449951
840,0.7526999711990356,0.7458710670471191,0.5504999756813049,1.4101792573928833
841,0.7542999982833862,0.7450264692306519,0.5609999895095825,1.3553818464279175
842,0.7549999952316284,0.7441602349281311,0.5385000109672546,1.4422677755355835
843,0.7519999742507935,0.7451412081718445,0.5130000114440918,1.5104159116744995
844,0.7547000050544739,0.7450110912322998,0.5254999995231628,1.447852611541748
845,0.7547000050544739,0.74334317445755,0.5600000023841858,1.3791598081588745
846,0.7512999773025513,0.7418547868728638,0.5379999876022339,1.414474606513977
847,0.7547000050544739,0.7393124103546143,0.5450000166893005,1.394600749015808
848,0.7529000043869019,0.7387180924415588,0.5569999814033508,1.3448853492736816
849,0.7545999884605408,0.7383352518081665,0.5509999990463257,1.3707712888717651
850,0.7547000050544739,0.7390991449356079,0.5709999799728394,1.2806838750839233
851,0.7572000026702881,0.7344284057617188,0.5609999895095825,1.2999885082244873
852,0.7555000185966492,0.7380542159080505,0.5404999852180481,1.3954342603683472
853,0.7576000094413757,0.7312368154525757,0.5400000214576721,1.4178425073623657
854,0.7580999732017517,0.7303357124328613,0.5789999961853027,1.2829656600952148
855,0.7573000192642212,0.7310951948165894,0.5669999718666077,1.3402268886566162
856,0.7617999911308289,0.7275134921073914,0.5759999752044678,1.311906099319458
857,0.7581999897956848,0.7268916368484497,0.5289999842643738,1.4229081869125366
858,0.7544000148773193,0.7318087816238403,0.5824999809265137,1.2547366619110107
859,0.760699987411499,0.724963903427124,0.4884999990463257,1.7159346342086792
860,0.7587000131607056,0.7312703728675842,0.5720000267028809,1.3005636930465698
861,0.7601000070571899,0.7282580137252808,0.5350000262260437,1.420434594154358
862,0.7623999714851379,0.726128339767456,0.5745000243186951,1.2865010499954224
863,0.7603999972343445,0.7232816815376282,0.5680000185966492,1.3158257007598877
864,0.7583000063896179,0.7314348220825195,0.5425000190734863,1.4315110445022583
865,0.7608000040054321,0.724868893623352,0.5609999895095825,1.3342868089675903
866,0.7585999965667725,0.7281261086463928,0.5485000014305115,1.4133169651031494
867,0.757099986076355,0.724412739276886,0.550000011920929,1.399864912033081
868,0.7588000297546387,0.7218667268753052,0.5860000252723694,1.2668335437774658
869,0.762499988079071,0.7164252400398254,0.5540000200271606,1.3713791370391846
870,0.7576000094413757,0.723264753818512,0.5659999847412109,1.2953258752822876
871,0.7623000144958496,0.7163330316543579,0.5734999775886536,1.2841449975967407
872,0.7639999985694885,0.7179089784622192,0.5515000224113464,1.4142508506774902
873,0.7610999941825867,0.7195084691047668,0.5044999718666077,1.6308120489120483
874,0.7639999985694885,0.718987226486206,0.5644999742507935,1.370181918144226
875,0.7684999704360962,0.7086776494979858,0.5680000185966492,1.3932160139083862
876,0.761900007724762,0.7151143550872803,0.5299999713897705,1.4877846240997314
877,0.7662000060081482,0.715690553188324,0.5870000123977661,1.3015058040618896
878,0.7613999843597412,0.7097002267837524,0.531499981880188,1.4619144201278687
879,0.7651000022888184,0.7129196524620056,0.5444999933242798,1.4662188291549683
880,0.7645000219345093,0.7140981554985046,0.5435000061988831,1.4163601398468018
881,0.760699987411499,0.710498571395874,0.5285000205039978,1.4837851524353027
882,0.7656000256538391,0.7124204039573669,0.5170000195503235,1.6381295919418335
883,0.7638000249862671,0.7109147906303406,0.5534999966621399,1.3599423170089722
884,0.765500009059906,0.7061076760292053,0.5724999904632568,1.3259319067001343
885,0.7657999992370605,0.7061693072319031,0.559499979019165,1.3530545234680176
886,0.7648000121116638,0.7102596163749695,0.5435000061988831,1.3985940217971802
887,0.770799994468689,0.7014367580413818,0.5690000057220459,1.3528064489364624
888,0.7667999863624573,0.6990538239479065,0.5055000185966492,1.5556868314743042
889,0.7631999850273132,0.7095285058021545,0.5630000233650208,1.3252499103546143
890,0.7689999938011169,0.696800708770752,0.5644999742507935,1.357331395149231
891,0.7735000252723694,0.6949518322944641,0.5634999871253967,1.3436822891235352
892,0.7688999772071838,0.7015864849090576,0.5715000033378601,1.3620610237121582
893,0.7718999981880188,0.69638991355896,0.5720000267028809,1.3032761812210083
894,0.7680000066757202,0.700609028339386,0.4975000023841858,1.6854475736618042
895,0.7695000171661377,0.6991466283798218,0.5730000138282776,1.2906641960144043
896,0.7742999792098999,0.6920980215072632,0.5669999718666077,1.3550233840942383
897,0.7745000123977661,0.6940593719482422,0.5490000247955322,1.388075351715088
898,0.7696999907493591,0.6945356726646423,0.5044999718666077,1.5825084447860718
899,0.7724000215530396,0.6923918724060059,0.559499979019165,1.344215750694275
900,0.7746999859809875,0.6886854767799377,0.5475000143051147,1.4374068975448608
901,0.7720999717712402,0.6963334679603577,0.5435000061988831,1.4418569803237915
902,0.7702999711036682,0.6964340209960938,0.5669999718666077,1.357998013496399
903,0.7752000093460083,0.6860953569412231,0.5444999933242798,1.3988772630691528
904,0.7717999815940857,0.6903351545333862,0.550000011920929,1.4046742916107178
905,0.7724000215530396,0.6902417540550232,0.5210000276565552,1.512558937072754
906,0.7738000154495239,0.6845137476921082,0.5220000147819519,1.624288558959961
907,0.772599995136261,0.6915854215621948,0.5354999899864197,1.5106202363967896
908,0.776199996471405,0.6848721504211426,0.5565000176429749,1.381445288658142
909,0.7753999829292297,0.6815342307090759,0.5745000243186951,1.3263028860092163
910,0.776199996471405,0.6858762502670288,0.5724999904632568,1.360253930091858
911,0.7741000056266785,0.6840497255325317,0.5625,1.3194348812103271
912,0.7795000076293945,0.6811940670013428,0.5440000295639038,1.4189493656158447
913,0.7742000222206116,0.6806096434593201,0.5360000133514404,1.4795777797698975
914,0.7752000093460083,0.6781349182128906,0.5005000233650208,1.5485345125198364
915,0.7742999792098999,0.6824526190757751,0.5674999952316284,1.358871579170227
916,0.7778000235557556,0.6806139945983887,0.565500020980835,1.3798152208328247
917,0.7741000056266785,0.6777745485305786,0.4880000054836273,1.746810793876648
918,0.775600016117096,0.6795269846916199,0.5364999771118164,1.5127259492874146
919,0.7753000259399414,0.6830902695655823,0.5795000195503235,1.316084861755371
920,0.7809000015258789,0.6728139519691467,0.5665000081062317,1.3507697582244873
921,0.7804999947547913,0.6746120452880859,0.5600000023841858,1.3444396257400513
922,0.7818999886512756,0.6715658903121948,0.5770000219345093,1.3407238721847534
923,0.781000018119812,0.6730949878692627,0.5695000290870667,1.3024108409881592
924,0.7785000205039978,0.6699612140655518,0.5584999918937683,1.4263144731521606
925,0.7821000218391418,0.6668552160263062,0.5550000071525574,1.4005571603775024
926,0.781000018119812,0.6692306399345398,0.5649999976158142,1.3818187713623047
927,0.784600019454956,0.6657790541648865,0.5429999828338623,1.4332101345062256
928,0.7821000218391418,0.6691533923149109,0.5705000162124634,1.3400673866271973
929,0.7854999899864197,0.6609442830085754,0.5509999990463257,1.387628436088562
930,0.779699981212616,0.6640822887420654,0.5764999985694885,1.3170274496078491
931,0.7782999873161316,0.6667823195457458,0.5529999732971191,1.3836586475372314
932,0.7829999923706055,0.6635921597480774,0.5515000224113464,1.4159055948257446
933,0.7829999923706055,0.6679770350456238,0.5540000200271606,1.3889771699905396
934,0.781000018119812,0.6663023233413696,0.5485000014305115,1.4859474897384644
935,0.7828999757766724,0.6649817824363708,0.534500002861023,1.4969693422317505
936,0.786899983882904,0.662172257900238,0.5720000267028809,1.3448071479797363
937,0.7802000045776367,0.6659730672836304,0.531000018119812,1.4891072511672974
938,0.7839999794960022,0.6577929854393005,0.515500009059906,1.5510613918304443
939,0.7818999886512756,0.6612565517425537,0.5435000061988831,1.4064319133758545
940,0.7857999801635742,0.657619833946228,0.5695000290870667,1.3198883533477783
941,0.7907000184059143,0.6553032994270325,0.5139999985694885,1.6175273656845093
942,0.7829999923706055,0.6612105965614319,0.5419999957084656,1.4008933305740356
943,0.7907000184059143,0.6512876749038696,0.5839999914169312,1.3250916004180908
944,0.788100004196167,0.6515439748764038,0.5224999785423279,1.62593674659729
945,0.7906000018119812,0.6507712602615356,0.4390000104904175,2.0008721351623535
946,0.7857000231742859,0.6598998308181763,0.5024999976158142,1.6984741687774658
947,0.786300003528595,0.6523919105529785,0.546500027179718,1.389837384223938
948,0.7839000225067139,0.6576380729675293,0.5665000081062317,1.3624440431594849
949,0.7878000140190125,0.6493184566497803,0.5609999895095825,1.4152717590332031
950,0.7867000102996826,0.6509822010993958,0.5164999961853027,1.579189658164978
951,0.7871999740600586,0.6460590958595276,0.5814999938011169,1.3255393505096436
952,0.7889999747276306,0.6453999876976013,0.5615000128746033,1.350254774093628
953,0.7907000184059143,0.6483172178268433,0.5145000219345093,1.5931305885314941
954,0.7990999817848206,0.6410194039344788,0.5669999718666077,1.3973357677459717
955,0.7910000085830688,0.6447440981864929,0.5174999833106995,1.5266135931015015
956,0.7894999980926514,0.6455960869789124,0.5724999904632568,1.372950792312622
957,0.795199990272522,0.6368479132652283,0.5299999713897705,1.5236343145370483
958,0.7912999987602234,0.6438970565795898,0.5199999809265137,1.5734964609146118
959,0.7893999814987183,0.644825279712677,0.5684999823570251,1.3367693424224854
960,0.7896999716758728,0.6389118432998657,0.5799999833106995,1.2959909439086914
961,0.7926999926567078,0.6358931660652161,0.5684999823570251,1.3412917852401733
962,0.7922999858856201,0.6340914964675903,0.5684999823570251,1.342037320137024
963,0.7936999797821045,0.6365353465080261,0.574999988079071,1.3964858055114746
964,0.7922000288963318,0.6346401572227478,0.5485000014305115,1.458669900894165
965,0.7946000099182129,0.6332606077194214,0.5414999723434448,1.459868311882019
966,0.7926999926567078,0.6354646682739258,0.5755000114440918,1.3196049928665161
967,0.7978000044822693,0.6273607015609741,0.5299999713897705,1.4677741527557373
968,0.7940999865531921,0.6298086047172546,0.5680000185966492,1.3645135164260864
969,0.7950000166893005,0.6321325898170471,0.5184999704360962,1.5024096965789795
970,0.795799970626831,0.6335635185241699,0.578499972820282,1.2997779846191406
971,0.7994999885559082,0.6233035922050476,0.5544999837875366,1.4122945070266724
972,0.7967000007629395,0.6314540505409241,0.5705000162124634,1.3439836502075195
973,0.796999990940094,0.6250368356704712,0.5575000047683716,1.4543853998184204
974,0.8022000193595886,0.6250392198562622,0.5429999828338623,1.4857845306396484
975,0.7978000044822693,0.6270403861999512,0.5864999890327454,1.2959394454956055
976,0.8012999892234802,0.6210753321647644,0.5440000295639038,1.472873568534851
977,0.7932000160217285,0.635092556476593,0.5809999704360962,1.361393690109253
978,0.7998999953269958,0.6210758686065674,0.5770000219345093,1.309300184249878
979,0.800599992275238,0.6209688782691956,0.5525000095367432,1.3619015216827393
980,0.7972000241279602,0.6222755312919617,0.559499979019165,1.3995832204818726
981,0.8007000088691711,0.6213408708572388,0.5394999980926514,1.45973539352417
982,0.8004999756813049,0.61956787109375,0.5814999938011169,1.3960527181625366
983,0.8044999837875366,0.6111667156219482,0.534500002861023,1.5293402671813965
984,0.8014000058174133,0.615328848361969,0.546500027179718,1.4353269338607788
985,0.8015000224113464,0.6170831918716431,0.5824999809265137,1.3178399801254272
986,0.8011999726295471,0.611412525177002,0.5684999823570251,1.4414077997207642
987,0.8007000088691711,0.6130881309509277,0.5770000219345093,1.3573964834213257
988,0.8019000291824341,0.6115339994430542,0.5745000243186951,1.388889193534851
989,0.8025000095367432,0.6154530048370361,0.5389999747276306,1.4738664627075195
990,0.7998999953269958,0.6135556697845459,0.5680000185966492,1.403572916984558
991,0.8048999905586243,0.613839864730835,0.46149998903274536,1.904770016670227
992,0.7979999780654907,0.6262121796607971,0.5669999718666077,1.3813709020614624
993,0.8059999942779541,0.6103881001472473,0.5450000166893005,1.4469538927078247
994,0.8098000288009644,0.605380654335022,0.5805000066757202,1.3683968782424927
995,0.8065999746322632,0.6018801927566528,0.5715000033378601,1.3796539306640625
996,0.8061000108718872,0.6065992116928101,0.5554999709129333,1.4246703386306763
997,0.8043000102043152,0.6058715581893921,0.5669999718666077,1.3636400699615479
998,0.8079000115394592,0.6025880575180054,0.5260000228881836,1.5925428867340088
999,0.8041999936103821,0.6062866449356079,0.5429999828338623,1.44929039478302
