epoch,accuracy,loss,val_accuracy,val_loss
0,0.11129999905824661,2.301499843597412,0.11949999630451202,2.291827440261841
1,0.11590000241994858,2.290926218032837,0.12950000166893005,2.2833750247955322
2,0.1256999969482422,2.2829596996307373,0.14499999582767487,2.275291919708252
3,0.14259999990463257,2.2747650146484375,0.15549999475479126,2.266751289367676
4,0.1559000015258789,2.2659668922424316,0.16899999976158142,2.2573328018188477
5,0.1729000061750412,2.256401777267456,0.1860000044107437,2.2465829849243164
6,0.18289999663829803,2.245075225830078,0.19949999451637268,2.233933210372925
7,0.19660000503063202,2.2323596477508545,0.21050000190734863,2.2207553386688232
8,0.20389999449253082,2.2182211875915527,0.22349999845027924,2.2051124572753906
9,0.21690000593662262,2.202183485031128,0.2290000021457672,2.1877007484436035
10,0.227400004863739,2.184342622756958,0.23800000548362732,2.170241355895996
11,0.2295999974012375,2.1651198863983154,0.24250000715255737,2.1515400409698486
12,0.2354000061750412,2.1448774337768555,0.22949999570846558,2.130343437194824
13,0.24609999358654022,2.1240482330322266,0.25850000977516174,2.105945110321045
14,0.2524000108242035,2.1033248901367188,0.25949999690055847,2.0859320163726807
15,0.2581999897956848,2.083892345428467,0.2720000147819519,2.067424774169922
16,0.2651999890804291,2.0657148361206055,0.257999986410141,2.0518746376037598
17,0.2676999866962433,2.049421787261963,0.2705000042915344,2.0374412536621094
18,0.27790001034736633,2.035386800765991,0.2750000059604645,2.0232152938842773
19,0.28049999475479126,2.021427869796753,0.2849999964237213,2.0100977420806885
20,0.2840000092983246,2.010218858718872,0.27549999952316284,2.0005059242248535
21,0.2870999872684479,2.000126838684082,0.27950000762939453,1.994416356086731
22,0.2903999984264374,1.9904890060424805,0.2685000002384186,1.996529459953308
23,0.2939999997615814,1.9823886156082153,0.2939999997615814,1.9787321090698242
24,0.2937999963760376,1.9739452600479126,0.2750000059604645,1.9837192296981812
25,0.2980000078678131,1.9671281576156616,0.28600001335144043,1.9642173051834106
26,0.3005000054836273,1.958950161933899,0.29350000619888306,1.9578579664230347
27,0.30469998717308044,1.9523857831954956,0.29899999499320984,1.9526937007904053
28,0.3073999881744385,1.9459785223007202,0.28200000524520874,1.9543952941894531
29,0.31130000948905945,1.9398527145385742,0.30250000953674316,1.9430224895477295
30,0.31040000915527344,1.934130311012268,0.30550000071525574,1.933996319770813
31,0.31610000133514404,1.9277108907699585,0.3109999895095825,1.9329912662506104
32,0.31929999589920044,1.9222053289413452,0.3070000112056732,1.922796368598938
33,0.3176000118255615,1.9163929224014282,0.30799999833106995,1.9192783832550049
34,0.3190999925136566,1.9108896255493164,0.3050000071525574,1.9157742261886597
35,0.32420000433921814,1.9041380882263184,0.3089999854564667,1.9178194999694824
36,0.3303000032901764,1.8997009992599487,0.3154999911785126,1.914125680923462
37,0.33059999346733093,1.8938558101654053,0.3075000047683716,1.9005481004714966
38,0.3352000117301941,1.8878203630447388,0.31450000405311584,1.8928720951080322
39,0.33660000562667847,1.8818601369857788,0.31949999928474426,1.8921122550964355
40,0.33869999647140503,1.874729871749878,0.3140000104904175,1.8956713676452637
41,0.33869999647140503,1.8711518049240112,0.31049999594688416,1.9068492650985718
42,0.33799999952316284,1.865064263343811,0.328000009059906,1.8763824701309204
43,0.3450999855995178,1.8591418266296387,0.32350000739097595,1.8737729787826538
44,0.34459999203681946,1.8537765741348267,0.3310000002384186,1.8638523817062378
45,0.34769999980926514,1.8481999635696411,0.33550000190734863,1.855645775794983
46,0.35120001435279846,1.842233419418335,0.32199999690055847,1.8861576318740845
47,0.35409998893737793,1.8369195461273193,0.3310000002384186,1.8518527746200562
48,0.3546000123023987,1.8317023515701294,0.3440000116825104,1.8404620885849
49,0.3594000041484833,1.8251705169677734,0.34450000524520874,1.841524600982666
50,0.3589000105857849,1.819868803024292,0.3434999883174896,1.8340827226638794
51,0.361299991607666,1.814310908317566,0.3465000092983246,1.8313171863555908
52,0.36719998717308044,1.808083176612854,0.3490000069141388,1.8236634731292725
53,0.3646000027656555,1.8040107488632202,0.3384999930858612,1.8305065631866455
54,0.36719998717308044,1.7991199493408203,0.3345000147819519,1.8248411417007446
55,0.3675000071525574,1.7927252054214478,0.34049999713897705,1.8313480615615845
56,0.37220001220703125,1.788193702697754,0.35249999165534973,1.812328815460205
57,0.3714999854564667,1.782692551612854,0.33899998664855957,1.8107661008834839
58,0.37610000371932983,1.7788898944854736,0.3384999930858612,1.8222925662994385
59,0.37630000710487366,1.7752333879470825,0.33649998903274536,1.8227611780166626
60,0.376800000667572,1.7681968212127686,0.3504999876022339,1.814901351928711
61,0.38339999318122864,1.7645906209945679,0.3634999990463257,1.7994753122329712
62,0.38260000944137573,1.7586851119995117,0.33799999952316284,1.836256980895996
63,0.38510000705718994,1.7551171779632568,0.3199999928474426,1.8451800346374512
64,0.3853999972343445,1.7518589496612549,0.3269999921321869,1.8138625621795654
65,0.3871000111103058,1.74507737159729,0.36149999499320984,1.7708014249801636
66,0.3878999948501587,1.7419240474700928,0.36149999499320984,1.778396725654602
67,0.39010000228881836,1.7381924390792847,0.3634999990463257,1.7660566568374634
68,0.39259999990463257,1.7330355644226074,0.3569999933242798,1.7860112190246582
69,0.39010000228881836,1.7294420003890991,0.3555000126361847,1.7789641618728638
70,0.3921000063419342,1.726386308670044,0.3319999873638153,1.818973422050476
71,0.39149999618530273,1.7232736349105835,0.36550000309944153,1.7544947862625122
72,0.3952000141143799,1.7179017066955566,0.35850000381469727,1.762047529220581
73,0.399399995803833,1.7136101722717285,0.37450000643730164,1.7498575448989868
74,0.399399995803833,1.709731101989746,0.3695000112056732,1.7497137784957886
75,0.40049999952316284,1.7057719230651855,0.37700000405311584,1.7380036115646362
76,0.39980000257492065,1.7021517753601074,0.3815000057220459,1.752261757850647
77,0.39899998903274536,1.6986647844314575,0.3725000023841858,1.7457468509674072
78,0.40450000762939453,1.694461464881897,0.36800000071525574,1.7721940279006958
79,0.40639999508857727,1.689687728881836,0.3799999952316284,1.7372790575027466
80,0.40709999203681946,1.6877087354660034,0.37700000405311584,1.7485532760620117
81,0.4083000123500824,1.6844642162322998,0.3919999897480011,1.71199631690979
82,0.4074000120162964,1.6815677881240845,0.37700000405311584,1.748031735420227
83,0.4106000065803528,1.677126169204712,0.3569999933242798,1.774549126625061
84,0.40959998965263367,1.6755595207214355,0.37549999356269836,1.726073145866394
85,0.4154999852180481,1.668989658355713,0.35100001096725464,1.7885684967041016
86,0.4113999903202057,1.6664726734161377,0.38999998569488525,1.6982849836349487
87,0.4122999906539917,1.662603497505188,0.3785000145435333,1.715745449066162
88,0.41260001063346863,1.661248803138733,0.38350000977516174,1.7074599266052246
89,0.4156000018119812,1.6557170152664185,0.3944999873638153,1.6919711828231812
90,0.41449999809265137,1.6534491777420044,0.33550000190734863,1.7995752096176147
91,0.41510000824928284,1.6499749422073364,0.40049999952316284,1.698436975479126
92,0.4156999886035919,1.6465861797332764,0.3815000057220459,1.774087905883789
93,0.4194999933242798,1.6429548263549805,0.4050000011920929,1.7021572589874268
94,0.4194999933242798,1.638106346130371,0.3970000147819519,1.6798110008239746
95,0.4203999936580658,1.6358352899551392,0.3970000147819519,1.6923094987869263
96,0.42559999227523804,1.6320879459381104,0.35499998927116394,1.7904226779937744
97,0.42419999837875366,1.6293271780014038,0.40799999237060547,1.671677589416504
98,0.4255000054836273,1.6246479749679565,0.39250001311302185,1.7162775993347168
99,0.42590001225471497,1.6217138767242432,0.40400001406669617,1.6891980171203613
100,0.42579999566078186,1.6184582710266113,0.4000000059604645,1.670415997505188
101,0.43070000410079956,1.6155980825424194,0.367000013589859,1.7386693954467773
102,0.42669999599456787,1.6124298572540283,0.3490000069141388,1.7516226768493652
103,0.428600013256073,1.6112650632858276,0.40450000762939453,1.6845496892929077
104,0.4311999976634979,1.6063975095748901,0.3880000114440918,1.6815265417099
105,0.43369999527931213,1.6029411554336548,0.41850000619888306,1.6557663679122925
106,0.4327999949455261,1.6006619930267334,0.3790000081062317,1.6788352727890015
107,0.4332999885082245,1.596325159072876,0.40849998593330383,1.64877188205719
108,0.4383000135421753,1.5932523012161255,0.4165000021457672,1.6369788646697998
109,0.4359999895095825,1.5908268690109253,0.4169999957084656,1.63349187374115
110,0.43479999899864197,1.5878924131393433,0.40049999952316284,1.6924896240234375
111,0.43849998712539673,1.5855880975723267,0.40549999475479126,1.6592004299163818
112,0.4348999857902527,1.582128882408142,0.41350001096725464,1.6444369554519653
113,0.43959999084472656,1.5788053274154663,0.4025000035762787,1.645444631576538
114,0.4415000081062317,1.57551908493042,0.38749998807907104,1.7721762657165527
115,0.4404999911785126,1.5758857727050781,0.4009999930858612,1.6897609233856201
116,0.44179999828338623,1.5726571083068848,0.40049999952316284,1.6792850494384766
117,0.444599986076355,1.5679874420166016,0.42100000381469727,1.642731785774231
118,0.4440999925136566,1.566434621810913,0.42649999260902405,1.6294069290161133
119,0.44589999318122864,1.5645418167114258,0.4269999861717224,1.6024365425109863
120,0.44600000977516174,1.5594117641448975,0.41499999165534973,1.6228456497192383
121,0.4474000036716461,1.5590475797653198,0.42149999737739563,1.627200722694397
122,0.4514000117778778,1.5536023378372192,0.4269999861717224,1.6038732528686523
123,0.4494999945163727,1.5520929098129272,0.4350000023841858,1.6207879781723022
124,0.4537000060081482,1.5492079257965088,0.43299999833106995,1.6111977100372314
125,0.4535999894142151,1.5468790531158447,0.4235000014305115,1.6534037590026855
126,0.4510999917984009,1.5441820621490479,0.43549999594688416,1.6174355745315552
127,0.4521999955177307,1.5418963432312012,0.41499999165534973,1.6343806982040405
128,0.45559999346733093,1.539062738418579,0.4025000035762787,1.74532949924469
129,0.4560999870300293,1.539981484413147,0.4399999976158142,1.5812430381774902
130,0.460099995136261,1.5332444906234741,0.44200000166893005,1.5819758176803589
131,0.45179998874664307,1.5336527824401855,0.4300000071525574,1.6120697259902954
132,0.45509999990463257,1.5308165550231934,0.4359999895095825,1.5789239406585693
133,0.460099995136261,1.5267564058303833,0.4259999990463257,1.6168264150619507
134,0.4629000127315521,1.5246002674102783,0.43549999594688416,1.5876480340957642
135,0.4629000127315521,1.5240020751953125,0.40549999475479126,1.6675119400024414
136,0.4611000120639801,1.522948980331421,0.39649999141693115,1.642846703529358
137,0.46320000290870667,1.519775629043579,0.43849998712539673,1.5840474367141724
138,0.4603999853134155,1.518600344657898,0.45100000500679016,1.565906047821045
139,0.46149998903274536,1.514463186264038,0.4410000145435333,1.5716955661773682
140,0.4648999869823456,1.5096168518066406,0.4345000088214874,1.625870704650879
141,0.46380001306533813,1.5104583501815796,0.44350001215934753,1.5879266262054443
142,0.4668000042438507,1.5072216987609863,0.43799999356269836,1.6120164394378662
143,0.4674000144004822,1.5067830085754395,0.4490000009536743,1.5561800003051758
144,0.46869999170303345,1.5030544996261597,0.4165000021457672,1.6015266180038452
145,0.46810001134872437,1.5031931400299072,0.4325000047683716,1.588637351989746
146,0.4683000147342682,1.4982305765151978,0.4309999942779541,1.5871599912643433
147,0.4697999954223633,1.4961119890213013,0.4375,1.5746513605117798
148,0.47029998898506165,1.4941333532333374,0.367000013589859,1.7784701585769653
149,0.4706999957561493,1.496777892112732,0.34450000524520874,1.9602137804031372
150,0.4683000147342682,1.4953234195709229,0.4375,1.569300651550293
151,0.46939998865127563,1.4887698888778687,0.42100000381469727,1.587791919708252
152,0.47360000014305115,1.4874022006988525,0.39149999618530273,1.6992731094360352
153,0.47290000319480896,1.4872198104858398,0.43849998712539673,1.5929301977157593
154,0.4758000075817108,1.4838111400604248,0.45750001072883606,1.528322696685791
155,0.47429999709129333,1.4805525541305542,0.39800000190734863,1.628637671470642
156,0.4724999964237213,1.483959436416626,0.4300000071525574,1.5780043601989746
157,0.4749000072479248,1.478827714920044,0.4339999854564667,1.5690146684646606
158,0.4788999855518341,1.4746003150939941,0.4465000033378601,1.5587605237960815
159,0.4781000018119812,1.474516749382019,0.4345000088214874,1.6201372146606445
160,0.4821000099182129,1.472960114479065,0.4205000102519989,1.6083472967147827
161,0.4819999933242798,1.468355417251587,0.41600000858306885,1.6225101947784424
162,0.48089998960494995,1.469270944595337,0.4259999990463257,1.6274892091751099
163,0.48249998688697815,1.4658528566360474,0.4494999945163727,1.5628188848495483
164,0.4844000041484833,1.4655745029449463,0.43700000643730164,1.5846304893493652
165,0.48420000076293945,1.4644666910171509,0.45750001072883606,1.5258569717407227
166,0.4855000078678131,1.460580825805664,0.4620000123977661,1.518049955368042
167,0.48980000615119934,1.4578771591186523,0.4449999928474426,1.537933111190796
168,0.48420000076293945,1.4545897245407104,0.43950000405311584,1.619273066520691
169,0.48890000581741333,1.4576492309570312,0.4555000066757202,1.5332577228546143
170,0.4837000072002411,1.4551842212677002,0.41999998688697815,1.600638508796692
171,0.48249998688697815,1.457281470298767,0.2854999899864197,2.3188610076904297
172,0.49059998989105225,1.461830735206604,0.4180000126361847,1.6382334232330322
173,0.48649999499320984,1.4525493383407593,0.4584999978542328,1.5352909564971924
174,0.48890000581741333,1.448467493057251,0.4440000057220459,1.6219146251678467
175,0.48989999294281006,1.4465245008468628,0.44850000739097595,1.5580874681472778
176,0.49129998683929443,1.444333791732788,0.4440000057220459,1.5317355394363403
177,0.49219998717308044,1.4410697221755981,0.4390000104904175,1.5580719709396362
178,0.49380001425743103,1.439267635345459,0.44449999928474426,1.5546448230743408
179,0.49070000648498535,1.4408377408981323,0.4404999911785126,1.5503172874450684
180,0.49320000410079956,1.4366817474365234,0.4390000104904175,1.5901281833648682
181,0.49540001153945923,1.4369875192642212,0.45750001072883606,1.517026424407959
182,0.49570000171661377,1.4356449842453003,0.45750001072883606,1.5200644731521606
183,0.4925000071525574,1.4299691915512085,0.4449999928474426,1.5514863729476929
184,0.4959999918937683,1.4287322759628296,0.44999998807907104,1.54136323928833
185,0.4984999895095825,1.4286165237426758,0.4675000011920929,1.5356440544128418
186,0.49540001153945923,1.4263896942138672,0.41100001335144043,1.6138226985931396
187,0.4982999861240387,1.4280622005462646,0.43849998712539673,1.6259020566940308
188,0.5001999735832214,1.4238641262054443,0.47600001096725464,1.4784127473831177
189,0.5015000104904175,1.4263278245925903,0.45350000262260437,1.5470776557922363
190,0.4964999854564667,1.4196535348892212,0.44999998807907104,1.536695122718811
191,0.5019000172615051,1.4188494682312012,0.41850000619888306,1.6130825281143188
192,0.5026999711990356,1.421492099761963,0.46050000190734863,1.5141286849975586
193,0.5045999884605408,1.4157207012176514,0.4749999940395355,1.5021450519561768
194,0.49970000982284546,1.413068413734436,0.47200000286102295,1.5060425996780396
195,0.5034000277519226,1.4144786596298218,0.46700000762939453,1.506386637687683
196,0.5037000179290771,1.4114253520965576,0.43950000405311584,1.5511306524276733
197,0.504800021648407,1.4107682704925537,0.460999995470047,1.5032824277877808
198,0.5074999928474426,1.4070266485214233,0.4690000116825104,1.5136237144470215
199,0.5016000270843506,1.4072456359863281,0.4790000021457672,1.4854297637939453
200,0.5074999928474426,1.4037201404571533,0.4345000088214874,1.589117407798767
201,0.5065000057220459,1.406859040260315,0.47699999809265137,1.4896539449691772
202,0.5076000094413757,1.4013222455978394,0.44749999046325684,1.5326108932495117
203,0.5088000297546387,1.4006946086883545,0.4659999907016754,1.4847068786621094
204,0.5097000002861023,1.4007362127304077,0.453000009059906,1.4988532066345215
205,0.5084999799728394,1.3982174396514893,0.43849998712539673,1.5457055568695068
206,0.5049999952316284,1.3968862295150757,0.47099998593330383,1.503361701965332
207,0.510699987411499,1.3946254253387451,0.45249998569488525,1.5328031778335571
208,0.5105999708175659,1.395780086517334,0.4634999930858612,1.4866942167282104
209,0.5149000287055969,1.3903552293777466,0.476500004529953,1.4628417491912842
210,0.5148000121116638,1.3923118114471436,0.4584999978542328,1.541367530822754
211,0.5115000009536743,1.3889769315719604,0.48399999737739563,1.5024577379226685
212,0.5152000188827515,1.3869565725326538,0.42250001430511475,1.625360369682312
213,0.5072000026702881,1.3865704536437988,0.4620000123977661,1.4975779056549072
214,0.5102999806404114,1.3869637250900269,0.4724999964237213,1.4988491535186768
215,0.515999972820282,1.3816086053848267,0.46950000524520874,1.4973950386047363
216,0.5121999979019165,1.3826433420181274,0.45899999141693115,1.4917078018188477
217,0.5170999765396118,1.3774644136428833,0.47049999237060547,1.5675926208496094
218,0.5112000107765198,1.382453441619873,0.46299999952316284,1.5569894313812256
219,0.5175999999046326,1.377629041671753,0.4869999885559082,1.4693630933761597
220,0.5178999900817871,1.3737963438034058,0.4814999997615814,1.464046835899353
221,0.5184999704360962,1.3748360872268677,0.4399999976158142,1.5308057069778442
222,0.5188000202178955,1.3715931177139282,0.48399999737739563,1.4497698545455933
223,0.5202000141143799,1.3726454973220825,0.4819999933242798,1.4600847959518433
224,0.5212000012397766,1.3693597316741943,0.4494999945163727,1.5282764434814453
225,0.5192000269889832,1.367448091506958,0.4505000114440918,1.5266330242156982
226,0.520799994468689,1.3637641668319702,0.4675000011920929,1.5031421184539795
227,0.5167999863624573,1.366248607635498,0.4794999957084656,1.4666177034378052
228,0.5198000073432922,1.3644932508468628,0.398499995470047,1.791426420211792
229,0.5202999711036682,1.362993836402893,0.4650000035762787,1.575139045715332
230,0.5200999975204468,1.3638768196105957,0.45500001311302185,1.4938883781433105
231,0.5259000062942505,1.3579331636428833,0.46399998664855957,1.477460503578186
232,0.5257999897003174,1.3574156761169434,0.4514999985694885,1.5178627967834473
233,0.5253999829292297,1.3557757139205933,0.45899999141693115,1.4828249216079712
234,0.5246000289916992,1.3569122552871704,0.4555000066757202,1.563863754272461
235,0.5242000222206116,1.3552035093307495,0.5,1.453608512878418
236,0.5249999761581421,1.350122094154358,0.47749999165534973,1.4759516716003418
237,0.531000018119812,1.3514419794082642,0.48249998688697815,1.4572938680648804
238,0.5260000228881836,1.3493638038635254,0.4794999957084656,1.504810094833374
239,0.5253000259399414,1.3464267253875732,0.43950000405311584,1.556057333946228
240,0.526199996471405,1.3451340198516846,0.3695000112056732,1.8459210395812988
241,0.5286999940872192,1.3461341857910156,0.4620000123977661,1.482193946838379
242,0.52920001745224,1.3426982164382935,0.4984999895095825,1.453524112701416
243,0.5296000242233276,1.3434383869171143,0.46700000762939453,1.4807275533676147
244,0.5317000150680542,1.3386667966842651,0.48500001430511475,1.4419995546340942
245,0.5310999751091003,1.3411906957626343,0.49799999594688416,1.4248051643371582
246,0.5329999923706055,1.3354148864746094,0.4860000014305115,1.4478648900985718
247,0.534600019454956,1.3342406749725342,0.4350000023841858,1.570770263671875
248,0.5364000201225281,1.3380661010742188,0.460999995470047,1.4931230545043945
249,0.5307000279426575,1.3306536674499512,0.46399998664855957,1.4705547094345093
250,0.5364000201225281,1.3319917917251587,0.4415000081062317,1.588270902633667
251,0.532800018787384,1.3352305889129639,0.48500001430511475,1.4279764890670776
252,0.5374000072479248,1.3282204866409302,0.4715000092983246,1.464084267616272
253,0.536300003528595,1.3280709981918335,0.4494999945163727,1.526209831237793
254,0.5338000059127808,1.3263887166976929,0.4884999990463257,1.4915814399719238
255,0.5390999913215637,1.3244742155075073,0.4404999911785126,1.5323309898376465
256,0.5378999710083008,1.3230767250061035,0.4399999976158142,1.538807988166809
257,0.5358999967575073,1.3263989686965942,0.4860000014305115,1.460691213607788
258,0.5349000096321106,1.3218026161193848,0.48500001430511475,1.4491651058197021
259,0.5358999967575073,1.3205974102020264,0.4819999933242798,1.4349080324172974
260,0.5400999784469604,1.3158042430877686,0.49000000953674316,1.426029086112976
261,0.544700026512146,1.3138965368270874,0.49149999022483826,1.4698225259780884
262,0.5389000177383423,1.3141037225723267,0.5115000009536743,1.408197283744812
263,0.5444999933242798,1.3139780759811401,0.4855000078678131,1.4787001609802246
264,0.5425000190734863,1.3144524097442627,0.48399999737739563,1.4304741621017456
265,0.5396999716758728,1.312313437461853,0.49050000309944153,1.4423604011535645
266,0.5422000288963318,1.3105452060699463,0.5084999799728394,1.42715585231781
267,0.5450999736785889,1.3086631298065186,0.5040000081062317,1.4444646835327148
268,0.5436000227928162,1.3078693151474,0.4950000047683716,1.4145121574401855
269,0.5461999773979187,1.30652916431427,0.4440000057220459,1.5103724002838135
270,0.5442000031471252,1.306074619293213,0.5055000185966492,1.4138047695159912
271,0.544700026512146,1.302688717842102,0.4650000035762787,1.48517644405365
272,0.5455999970436096,1.3033368587493896,0.4945000112056732,1.4221631288528442
273,0.548799991607666,1.2976887226104736,0.49950000643730164,1.4184893369674683
274,0.5450000166893005,1.2984639406204224,0.4754999876022339,1.489158034324646
275,0.5476999878883362,1.2993088960647583,0.44699999690055847,1.5490678548812866
276,0.5450000166893005,1.297601580619812,0.5034999847412109,1.423815131187439
277,0.5462999939918518,1.2953521013259888,0.49149999022483826,1.4342694282531738
278,0.5471000075340271,1.294400930404663,0.4790000021457672,1.4651317596435547
279,0.5511000156402588,1.2911665439605713,0.47099998593330383,1.4599947929382324
280,0.5509999990463257,1.289995551109314,0.4959999918937683,1.4390311241149902
281,0.5530999898910522,1.2864006757736206,0.5059999823570251,1.4068979024887085
282,0.5496000051498413,1.2914540767669678,0.484499990940094,1.4430952072143555
283,0.5503000020980835,1.2870463132858276,0.49000000953674316,1.4387657642364502
284,0.5533000230789185,1.2819932699203491,0.4934999942779541,1.407871127128601
285,0.551800012588501,1.282857060432434,0.43799999356269836,1.5463117361068726
286,0.5514000058174133,1.281847596168518,0.4645000100135803,1.5184499025344849
287,0.5534999966621399,1.285870909690857,0.4255000054836273,1.6787919998168945
288,0.5537999868392944,1.2826389074325562,0.49549999833106995,1.444663643836975
289,0.5533999800682068,1.276963233947754,0.4984999895095825,1.4053934812545776
290,0.555400013923645,1.2764376401901245,0.5024999976158142,1.40303635597229
291,0.5583000183105469,1.273479700088501,0.5044999718666077,1.403218150138855
292,0.5527999997138977,1.2766718864440918,0.5019999742507935,1.4007151126861572
293,0.5583999752998352,1.2720352411270142,0.5009999871253967,1.4220218658447266
294,0.5562999844551086,1.2721421718597412,0.45500001311302185,1.5904278755187988
295,0.555899977684021,1.2740681171417236,0.4869999885559082,1.4220646619796753
296,0.5573999881744385,1.2662017345428467,0.5065000057220459,1.3923813104629517
297,0.5583000183105469,1.2664834260940552,0.5055000185966492,1.4207141399383545
298,0.5598999857902527,1.266815185546875,0.5120000243186951,1.4163391590118408
299,0.5580000281333923,1.2662287950515747,0.4729999899864197,1.4603854417800903
300,0.5594000220298767,1.2625056505203247,0.492000013589859,1.3952218294143677
301,0.5612999796867371,1.2655563354492188,0.4505000114440918,1.5748170614242554
302,0.5612999796867371,1.2609790563583374,0.5065000057220459,1.4078096151351929
303,0.5630000233650208,1.259826421737671,0.42750000953674316,1.775996446609497
304,0.5600000023841858,1.2615150213241577,0.5,1.4000661373138428
305,0.564300000667572,1.259722113609314,0.4480000138282776,1.5334552526474
306,0.5644999742507935,1.2563728094100952,0.5015000104904175,1.4054234027862549
307,0.5612000226974487,1.2557373046875,0.5095000267028809,1.4347596168518066
308,0.5644999742507935,1.2521483898162842,0.4934999942779541,1.4156078100204468
309,0.565500020980835,1.2497128248214722,0.5099999904632568,1.3897820711135864
310,0.5652999877929688,1.2494248151779175,0.5065000057220459,1.381128191947937
311,0.5630999803543091,1.2488211393356323,0.460999995470047,1.480212688446045
312,0.5633999705314636,1.2546967267990112,0.503000020980835,1.391016960144043
313,0.566100001335144,1.2428866624832153,0.5074999928474426,1.395014762878418
314,0.5654000043869019,1.2447866201400757,0.5074999928474426,1.3771907091140747
315,0.5684000253677368,1.244004726409912,0.47749999165534973,1.4817973375320435
316,0.5673999786376953,1.2470580339431763,0.49549999833106995,1.4147193431854248
317,0.5649999976158142,1.243786096572876,0.5264999866485596,1.3627586364746094
318,0.5698000192642212,1.2386811971664429,0.492000013589859,1.3971385955810547
319,0.5712000131607056,1.240249752998352,0.49000000953674316,1.4503315687179565
320,0.5719000101089478,1.235092043876648,0.4860000014305115,1.4224876165390015
321,0.5684999823570251,1.236159324645996,0.5024999976158142,1.4007103443145752
322,0.5676000118255615,1.2369157075881958,0.4729999899864197,1.491094946861267
323,0.5710999965667725,1.2352168560028076,0.46549999713897705,1.4922300577163696
324,0.5688999891281128,1.2347546815872192,0.4620000123977661,1.496780514717102
325,0.5738000273704529,1.2322402000427246,0.4404999911785126,1.5613945722579956
326,0.572700023651123,1.2294472455978394,0.48750001192092896,1.4691745042800903
327,0.5717999935150146,1.229025959968567,0.5040000081062317,1.457647681236267
328,0.5705999732017517,1.22905433177948,0.5230000019073486,1.363128423690796
329,0.5819000005722046,1.2244657278060913,0.5249999761581421,1.3718640804290771
330,0.5781999826431274,1.2216432094573975,0.45100000500679016,1.5527719259262085
331,0.5777000188827515,1.2238308191299438,0.49300000071525574,1.4605202674865723
332,0.5752999782562256,1.2248541116714478,0.5049999952316284,1.388432264328003
333,0.5763999819755554,1.219785213470459,0.5210000276565552,1.3683193922042847
334,0.5753999948501587,1.2195303440093994,0.4805000126361847,1.4852941036224365
335,0.57669997215271,1.2190959453582764,0.5040000081062317,1.375381350517273
336,0.578499972820282,1.2149749994277954,0.49900001287460327,1.3997001647949219
337,0.573199987411499,1.216109037399292,0.49300000071525574,1.429081916809082
338,0.5760999917984009,1.2162121534347534,0.5074999928474426,1.3722760677337646
339,0.5795999765396118,1.2111700773239136,0.4970000088214874,1.427487850189209
340,0.5753999948501587,1.2104873657226562,0.4650000035762787,1.5239543914794922
341,0.5842999815940857,1.211500883102417,0.5134999752044678,1.3879095315933228
342,0.579800009727478,1.210419774055481,0.5034999847412109,1.4192010164260864
343,0.5799000263214111,1.20710289478302,0.4909999966621399,1.4262104034423828
344,0.5771999955177307,1.2109936475753784,0.5249999761581421,1.3667386770248413
345,0.5813999772071838,1.208472490310669,0.5139999985694885,1.4022507667541504
346,0.5800999999046326,1.2044124603271484,0.5055000185966492,1.3804579973220825
347,0.5849000215530396,1.201616883277893,0.5199999809265137,1.413525104522705
348,0.5856999754905701,1.2006691694259644,0.5199999809265137,1.371261477470398
349,0.5814999938011169,1.2023416757583618,0.4404999911785126,1.5307600498199463
350,0.5809999704360962,1.2014023065567017,0.45350000262260437,1.581461787223816
351,0.5870000123977661,1.1970926523208618,0.4490000009536743,1.5503286123275757
352,0.5828999876976013,1.1985927820205688,0.5249999761581421,1.3484833240509033
353,0.5879999995231628,1.1935391426086426,0.5264999866485596,1.358494520187378
354,0.5824999809265137,1.1946393251419067,0.5044999718666077,1.3868414163589478
355,0.5884000062942505,1.1909345388412476,0.48649999499320984,1.4395250082015991
356,0.5891000032424927,1.1903315782546997,0.4424999952316284,1.6838384866714478
357,0.5838000178337097,1.1936966180801392,0.4934999942779541,1.4279685020446777
358,0.5845000147819519,1.1916683912277222,0.5024999976158142,1.3775519132614136
359,0.5874000191688538,1.1908330917358398,0.4869999885559082,1.4465465545654297
360,0.588100016117096,1.18899667263031,0.5139999985694885,1.3915340900421143
361,0.5889999866485596,1.181976556777954,0.512499988079071,1.3991906642913818
362,0.5924999713897705,1.1808925867080688,0.5235000252723694,1.3555798530578613
363,0.5903000235557556,1.1808851957321167,0.5184999704360962,1.4101985692977905
364,0.5859000086784363,1.1841012239456177,0.4970000088214874,1.3897218704223633
365,0.5888000130653381,1.1812208890914917,0.4975000023841858,1.4055899381637573
366,0.5896999835968018,1.178890585899353,0.5199999809265137,1.3530607223510742
367,0.5943999886512756,1.1758931875228882,0.48249998688697815,1.4941293001174927
368,0.5916000008583069,1.1768856048583984,0.5095000267028809,1.3896666765213013
369,0.5909000039100647,1.1739253997802734,0.534500002861023,1.342732548713684
370,0.5954999923706055,1.1748597621917725,0.5264999866485596,1.359782338142395
371,0.5936999917030334,1.1773772239685059,0.5115000009536743,1.3842542171478271
372,0.5942000150680542,1.1716580390930176,0.4819999933242798,1.4839558601379395
373,0.5924999713897705,1.1699657440185547,0.5074999928474426,1.3615851402282715
374,0.5943999886512756,1.1662110090255737,0.46799999475479126,1.4942392110824585
375,0.5903000235557556,1.1697595119476318,0.5080000162124634,1.3937894105911255
376,0.595300018787384,1.1726206541061401,0.4309999942779541,1.7330867052078247
377,0.5945000052452087,1.1706690788269043,0.5270000100135803,1.3586229085922241
378,0.5995000004768372,1.1618620157241821,0.44999998807907104,1.57506263256073
379,0.5957000255584717,1.1649011373519897,0.5245000123977661,1.3669991493225098
380,0.5961999893188477,1.1623704433441162,0.5044999718666077,1.4102472066879272
381,0.6040999889373779,1.1561686992645264,0.5254999995231628,1.3371397256851196
382,0.5996999740600586,1.1603474617004395,0.5239999890327454,1.3531606197357178
383,0.5978000164031982,1.156468152999878,0.49950000643730164,1.3931535482406616
384,0.6015999913215637,1.1537866592407227,0.5254999995231628,1.3348230123519897
385,0.5982999801635742,1.1572113037109375,0.5220000147819519,1.3728046417236328
386,0.5992000102996826,1.152467131614685,0.492000013589859,1.4067022800445557
387,0.6025999784469604,1.1530970335006714,0.5214999914169312,1.3457496166229248
388,0.5985000133514404,1.1517359018325806,0.4390000104904175,1.6000769138336182
389,0.5976999998092651,1.1535917520523071,0.4805000126361847,1.5021076202392578
390,0.6004999876022339,1.15140700340271,0.5404999852180481,1.329691767692566
391,0.6051999926567078,1.1492444276809692,0.5329999923706055,1.357874870300293
392,0.6062999963760376,1.1455236673355103,0.5224999785423279,1.3541700839996338
393,0.6044999957084656,1.1435478925704956,0.5139999985694885,1.3720111846923828
394,0.6046000123023987,1.1470831632614136,0.43549999594688416,1.6168251037597656
395,0.6025000214576721,1.146910309791565,0.5180000066757202,1.361372947692871
396,0.6014000177383423,1.1444169282913208,0.5084999799728394,1.4058188199996948
397,0.5992000102996826,1.1458842754364014,0.49050000309944153,1.4181394577026367
398,0.6074000000953674,1.1387090682983398,0.4814999997615814,1.4887028932571411
399,0.6071000099182129,1.1429624557495117,0.5184999704360962,1.3609576225280762
400,0.6089000105857849,1.1363143920898438,0.48899999260902405,1.4767208099365234
401,0.6087999939918518,1.1374913454055786,0.5289999842643738,1.3471794128417969
402,0.6049000024795532,1.1327106952667236,0.5235000252723694,1.3596980571746826
403,0.6093999743461609,1.1335431337356567,0.5379999876022339,1.32086181640625
404,0.6053000092506409,1.1353319883346558,0.5105000138282776,1.388342022895813
405,0.6047999858856201,1.132781744003296,0.445499986410141,1.685246467590332
406,0.6022999882698059,1.1354854106903076,0.47749999165534973,1.4650763273239136
407,0.6101999878883362,1.1299598217010498,0.5115000009536743,1.3777848482131958
408,0.6093999743461609,1.126682996749878,0.5375000238418579,1.3333384990692139
409,0.6121000051498413,1.1250005960464478,0.5139999985694885,1.381958246231079
410,0.6119999885559082,1.1226887702941895,0.4934999942779541,1.4889484643936157
411,0.6144999861717224,1.1247236728668213,0.531499981880188,1.3293706178665161
412,0.6128000020980835,1.125788927078247,0.38100001215934753,1.8113843202590942
413,0.6114000082015991,1.1311060190200806,0.5270000100135803,1.3483209609985352
414,0.6111000180244446,1.1198889017105103,0.5210000276565552,1.3506172895431519
415,0.613099992275238,1.1231974363327026,0.4830000102519989,1.468794584274292
416,0.6129000186920166,1.1178724765777588,0.5099999904632568,1.373900055885315
417,0.6172000169754028,1.1165415048599243,0.5065000057220459,1.4182648658752441
418,0.614300012588501,1.1160308122634888,0.39100000262260437,1.778688907623291
419,0.6114000082015991,1.125395655632019,0.5109999775886536,1.394084095954895
420,0.6187000274658203,1.1117453575134277,0.4860000014305115,1.5034441947937012
421,0.6183000206947327,1.1112614870071411,0.4235000014305115,1.7205867767333984
422,0.6158999800682068,1.1138073205947876,0.5095000267028809,1.4090502262115479
423,0.6187000274658203,1.1085803508758545,0.5270000100135803,1.3947978019714355
424,0.6194000244140625,1.1038392782211304,0.4814999997615814,1.4894819259643555
425,0.6211000084877014,1.1084858179092407,0.515500009059906,1.3754768371582031
426,0.6182000041007996,1.105457067489624,0.5289999842643738,1.3323801755905151
427,0.6211000084877014,1.1014539003372192,0.5304999947547913,1.3385978937149048
428,0.6201000213623047,1.1019365787506104,0.5554999709129333,1.300142765045166
429,0.6177999973297119,1.102055549621582,0.37950000166893005,1.9808807373046875
430,0.6194000244140625,1.1121575832366943,0.5289999842643738,1.3978760242462158
431,0.6230999827384949,1.0991467237472534,0.5394999980926514,1.3313608169555664
432,0.6201000213623047,1.0998917818069458,0.49050000309944153,1.4242991209030151
433,0.6223999857902527,1.0982537269592285,0.5419999957084656,1.297507882118225
434,0.6244000196456909,1.09145188331604,0.5109999775886536,1.368285059928894
435,0.6248999834060669,1.0924538373947144,0.5485000014305115,1.3072344064712524
436,0.6240000128746033,1.0917046070098877,0.5210000276565552,1.3731755018234253
437,0.6251000165939331,1.0905770063400269,0.5214999914169312,1.3777406215667725
438,0.6258999705314636,1.0900790691375732,0.5379999876022339,1.3636715412139893
439,0.6227999925613403,1.0889534950256348,0.5239999890327454,1.3493716716766357
440,0.6262000203132629,1.086982250213623,0.5350000262260437,1.3475501537322998
441,0.628000020980835,1.0877869129180908,0.5419999957084656,1.3121148347854614
442,0.6254000067710876,1.0881580114364624,0.546999990940094,1.3033050298690796
443,0.6294000148773193,1.0841001272201538,0.5460000038146973,1.340384602546692
444,0.6287999749183655,1.085216999053955,0.4595000147819519,1.5538979768753052
445,0.6287000179290771,1.0847523212432861,0.5320000052452087,1.3442600965499878
446,0.6284999847412109,1.0841525793075562,0.5015000104904175,1.4160676002502441
447,0.6312000155448914,1.0786136388778687,0.44749999046325684,1.6733450889587402
448,0.6276000142097473,1.0825620889663696,0.4819999933242798,1.4691916704177856
449,0.6265000104904175,1.0834132432937622,0.5649999976158142,1.2856146097183228
450,0.6316999793052673,1.0780502557754517,0.5099999904632568,1.4001206159591675
451,0.6324999928474426,1.0770741701126099,0.47350001335144043,1.5125017166137695
452,0.6280999779701233,1.0783120393753052,0.5385000109672546,1.3418092727661133
453,0.6304000020027161,1.0707300901412964,0.5070000290870667,1.4060487747192383
454,0.6292999982833862,1.0707288980484009,0.5329999923706055,1.3343067169189453
455,0.6331999897956848,1.0685137510299683,0.5034999847412109,1.3922244310379028
456,0.6340000033378601,1.0714104175567627,0.5115000009536743,1.4071952104568481
457,0.6308000087738037,1.0712666511535645,0.5289999842643738,1.3671456575393677
458,0.6305000185966492,1.0730823278427124,0.4934999942779541,1.446242332458496
459,0.6345999836921692,1.0647386312484741,0.5475000143051147,1.3128215074539185
460,0.635200023651123,1.0663620233535767,0.5354999899864197,1.3693102598190308
461,0.6359999775886536,1.064693808555603,0.5034999847412109,1.4041845798492432
462,0.6320000290870667,1.0654851198196411,0.5249999761581421,1.379210352897644
463,0.6367999911308289,1.0615984201431274,0.5329999923706055,1.346731424331665
464,0.635699987411499,1.0620248317718506,0.531499981880188,1.3394650220870972
465,0.6416000127792358,1.0624816417694092,0.4925000071525574,1.4548797607421875
466,0.6367999911308289,1.0609763860702515,0.546999990940094,1.3099483251571655
467,0.6366000175476074,1.060457468032837,0.44200000166893005,1.5764169692993164
468,0.6335999965667725,1.0573927164077759,0.546999990940094,1.3402433395385742
469,0.6383000016212463,1.0568466186523438,0.5059999823570251,1.3902909755706787
470,0.638700008392334,1.057198405265808,0.5095000267028809,1.3843718767166138
471,0.6367999911308289,1.0576547384262085,0.5569999814033508,1.29111647605896
472,0.6402000188827515,1.0507277250289917,0.5569999814033508,1.2792292833328247
473,0.635699987411499,1.0541448593139648,0.5460000038146973,1.342044711112976
474,0.6380000114440918,1.0518888235092163,0.5370000004768372,1.3049157857894897
475,0.6419000029563904,1.0498697757720947,0.515999972820282,1.3672802448272705
476,0.6413999795913696,1.0480684041976929,0.43700000643730164,1.614050269126892
477,0.6424000263214111,1.049343466758728,0.5174999833106995,1.351582407951355
478,0.6410999894142151,1.044848918914795,0.4235000014305115,1.7045352458953857
479,0.6395000219345093,1.0496282577514648,0.47999998927116394,1.4620752334594727
480,0.6413999795913696,1.0420880317687988,0.5534999966621399,1.30101478099823
481,0.646399974822998,1.0393786430358887,0.5264999866485596,1.362017035484314
482,0.6450999975204468,1.0421631336212158,0.5024999976158142,1.4236761331558228
483,0.6414999961853027,1.0435802936553955,0.534500002861023,1.3239052295684814
484,0.6452000141143799,1.0385122299194336,0.5649999976158142,1.27993905544281
485,0.6459000110626221,1.0369740724563599,0.5525000095367432,1.294402003288269
486,0.6453999876976013,1.0369058847427368,0.5559999942779541,1.2955915927886963
487,0.6488000154495239,1.0339704751968384,0.5609999895095825,1.2868506908416748
488,0.6449999809265137,1.034132957458496,0.5419999957084656,1.3374978303909302
489,0.645799994468689,1.0324634313583374,0.5569999814033508,1.3019185066223145
490,0.6439999938011169,1.033707857131958,0.5454999804496765,1.3530304431915283
491,0.6464999914169312,1.0326372385025024,0.5544999837875366,1.2869914770126343
492,0.6478999853134155,1.0285277366638184,0.4490000009536743,1.6411597728729248
493,0.6491000056266785,1.0299831628799438,0.49399998784065247,1.4603458642959595
494,0.6489999890327454,1.0334875583648682,0.5370000004768372,1.3650752305984497
495,0.6467999815940857,1.03368079662323,0.5254999995231628,1.3718675374984741
496,0.6499000191688538,1.0291393995285034,0.5164999961853027,1.4065577983856201
497,0.6473000049591064,1.0280569791793823,0.5364999771118164,1.3670300245285034
498,0.6456000208854675,1.0290228128433228,0.527999997138977,1.3370537757873535
499,0.6496999859809875,1.020015835762024,0.534500002861023,1.3258354663848877
500,0.6473000049591064,1.0225845575332642,0.5295000076293945,1.3545693159103394
501,0.6504999995231628,1.0224360227584839,0.5425000190734863,1.3636691570281982
502,0.650600016117096,1.022383451461792,0.5400000214576721,1.3894016742706299
503,0.6488000154495239,1.0199650526046753,0.5180000066757202,1.397517442703247
504,0.6541000008583069,1.0180662870407104,0.4975000023841858,1.4646357297897339
505,0.650600016117096,1.0213245153427124,0.5554999709129333,1.2860772609710693
506,0.6492999792098999,1.0175014734268188,0.5605000257492065,1.2778512239456177
507,0.6538000106811523,1.0125139951705933,0.5490000247955322,1.3198492527008057
508,0.654699981212616,1.0171622037887573,0.5335000157356262,1.3679640293121338
509,0.6549000144004822,1.0165518522262573,0.5385000109672546,1.3565927743911743
510,0.65420001745224,1.0118277072906494,0.5419999957084656,1.3040366172790527
511,0.6600000262260437,1.0085049867630005,0.5260000228881836,1.3775153160095215
512,0.6556000113487244,1.0066617727279663,0.5335000157356262,1.354007601737976
513,0.6547999978065491,1.008060097694397,0.5205000042915344,1.371302604675293
514,0.6504999995231628,1.0122183561325073,0.4909999966621399,1.6117161512374878
515,0.6514999866485596,1.0178475379943848,0.5299999713897705,1.3742005825042725
516,0.660099983215332,1.0041615962982178,0.38999998569488525,1.9023610353469849
517,0.6561999917030334,1.0091663599014282,0.49050000309944153,1.5685362815856934
518,0.6538000106811523,1.0094232559204102,0.5055000185966492,1.4405133724212646
519,0.6553000211715698,1.0039222240447998,0.48649999499320984,1.495927333831787
520,0.6578999757766724,1.000874638557434,0.4970000088214874,1.4587616920471191
521,0.6565999984741211,0.9995827078819275,0.5274999737739563,1.3557590246200562
522,0.6632000207901001,0.9977618455886841,0.5609999895095825,1.2998532056808472
523,0.6632000207901001,0.9922468066215515,0.492000013589859,1.4784462451934814
524,0.6581000089645386,1.000215768814087,0.512499988079071,1.3901902437210083
525,0.663100004196167,0.9952020645141602,0.41499999165534973,1.8277246952056885
526,0.6585000157356262,1.0016268491744995,0.5440000295639038,1.3175861835479736
527,0.6607000231742859,0.9920215606689453,0.5109999775886536,1.3953295946121216
528,0.6625000238418579,0.9921872019767761,0.5410000085830688,1.3411641120910645
529,0.6620000004768372,0.9894934296607971,0.515500009059906,1.4542553424835205
530,0.6579999923706055,0.9935289025306702,0.5199999809265137,1.374164342880249
531,0.6568999886512756,0.9892461895942688,0.550000011920929,1.2990052700042725
532,0.6682000160217285,0.982774019241333,0.5220000147819519,1.3792897462844849
533,0.6607999801635742,0.987639844417572,0.5335000157356262,1.3585827350616455
534,0.6647999882698059,0.9885409474372864,0.5454999804496765,1.3218902349472046
535,0.6647999882698059,0.983786940574646,0.5189999938011169,1.386304497718811
536,0.6601999998092651,0.9852384924888611,0.5009999871253967,1.4924933910369873
537,0.6647999882698059,0.9856451153755188,0.4945000112056732,1.4626085758209229
538,0.6632000207901001,0.9794565439224243,0.5584999918937683,1.3022795915603638
539,0.6722999811172485,0.9747524261474609,0.46700000762939453,1.5211645364761353
540,0.6639000177383423,0.9831686615943909,0.5199999809265137,1.3940651416778564
541,0.6668999791145325,0.9797254800796509,0.5435000061988831,1.3296723365783691
542,0.6656000018119812,0.9745646715164185,0.46650001406669617,1.5445799827575684
543,0.6690000295639038,0.9796558618545532,0.5605000257492065,1.2891521453857422
544,0.6657000184059143,0.9738633632659912,0.5115000009536743,1.4275273084640503
545,0.6654999852180481,0.982900857925415,0.4634999930858612,1.592105507850647
546,0.6693999767303467,0.9783294796943665,0.5425000190734863,1.3834477663040161
547,0.6700000166893005,0.9714993238449097,0.5699999928474426,1.2617427110671997
548,0.666100025177002,0.969088077545166,0.559499979019165,1.3016653060913086
549,0.666700005531311,0.9714831113815308,0.5435000061988831,1.4334453344345093
550,0.6708999872207642,0.9696687459945679,0.534500002861023,1.3561042547225952
551,0.6712999939918518,0.9664064645767212,0.5609999895095825,1.2916674613952637
552,0.6725999712944031,0.9688662886619568,0.5264999866485596,1.3751025199890137
553,0.673799991607666,0.96236252784729,0.5145000219345093,1.4257081747055054
554,0.6693999767303467,0.9700582027435303,0.5379999876022339,1.3279097080230713
555,0.6715999841690063,0.9596830010414124,0.5494999885559082,1.3229894638061523
556,0.6732000112533569,0.9646285176277161,0.5184999704360962,1.4348154067993164
557,0.6743000149726868,0.9571008682250977,0.4975000023841858,1.4350515604019165
558,0.6754999756813049,0.9609830975532532,0.531499981880188,1.3704842329025269
559,0.6796000003814697,0.955177366733551,0.4715000092983246,1.5493988990783691
560,0.6743999719619751,0.963694155216217,0.5419999957084656,1.3397947549819946
561,0.6759999990463257,0.9576919674873352,0.5130000114440918,1.4087343215942383
562,0.6746000051498413,0.9574949145317078,0.550000011920929,1.2978007793426514
563,0.6748999953269958,0.9535205960273743,0.5695000290870667,1.2692166566848755
564,0.6797999739646912,0.951667070388794,0.5640000104904175,1.2775405645370483
565,0.6762999892234802,0.9531645774841309,0.46149998903274536,1.6662248373031616
566,0.6764000058174133,0.9579856395721436,0.49950000643730164,1.451235294342041
567,0.676800012588501,0.9539089798927307,0.5274999737739563,1.3927096128463745
568,0.6748999953269958,0.9516016840934753,0.5189999938011169,1.3992193937301636
569,0.6772000193595886,0.9503114223480225,0.5379999876022339,1.3430548906326294
570,0.6783999800682068,0.9441505074501038,0.5410000085830688,1.3316401243209839
571,0.6843000054359436,0.9420837759971619,0.5640000104904175,1.2776442766189575
572,0.6794000267982483,0.9457520246505737,0.5339999794960022,1.3496891260147095
573,0.6784999966621399,0.9473755955696106,0.5569999814033508,1.3073699474334717
574,0.6796000003814697,0.9420410990715027,0.5264999866485596,1.4282214641571045
575,0.6815999746322632,0.9404849410057068,0.5540000200271606,1.2904599905014038
576,0.6789000034332275,0.9483723640441895,0.5005000233650208,1.4892520904541016
577,0.6784999966621399,0.9517760872840881,0.5370000004768372,1.3384357690811157
578,0.6787999868392944,0.9378768801689148,0.5285000205039978,1.3878886699676514
579,0.683899998664856,0.9372892379760742,0.46050000190734863,1.6186418533325195
580,0.6783999800682068,0.94626784324646,0.5239999890327454,1.3955063819885254
581,0.6801000237464905,0.9405601620674133,0.5354999899864197,1.3369042873382568
582,0.6833000183105469,0.9335867166519165,0.5584999918937683,1.3014309406280518
583,0.6858000159263611,0.9361981153488159,0.5544999837875366,1.3152753114700317
584,0.6844000220298767,0.930412232875824,0.5370000004768372,1.34990656375885
585,0.6819000244140625,0.9367647171020508,0.5195000171661377,1.3748747110366821
586,0.6840000152587891,0.9325653314590454,0.5550000071525574,1.3048008680343628
587,0.6865000128746033,0.9304326176643372,0.5724999904632568,1.262413501739502
588,0.6833999752998352,0.9306115508079529,0.5120000243186951,1.4439613819122314
589,0.6859999895095825,0.9270865321159363,0.5454999804496765,1.3173182010650635
590,0.6881999969482422,0.9243457913398743,0.5690000057220459,1.2770113945007324
591,0.6872000098228455,0.9202509522438049,0.5410000085830688,1.3519445657730103
592,0.6887999773025513,0.9215822219848633,0.5440000295639038,1.3709967136383057
593,0.6862000226974487,0.924561619758606,0.4675000011920929,1.5620249509811401
594,0.6876000165939331,0.930496096611023,0.5105000138282776,1.4321318864822388
595,0.6873999834060669,0.9202354550361633,0.5354999899864197,1.367516279220581
596,0.6854000091552734,0.9273305535316467,0.5540000200271606,1.3118642568588257
597,0.6898999810218811,0.9266689419746399,0.5354999899864197,1.3533791303634644
598,0.689300000667572,0.9190398454666138,0.5720000267028809,1.2658979892730713
599,0.6866000294685364,0.9261291027069092,0.5615000128746033,1.2738810777664185
600,0.6916000247001648,0.9163434505462646,0.5410000085830688,1.3297858238220215
601,0.694599986076355,0.9113990068435669,0.5090000033378601,1.443479299545288
602,0.692799985408783,0.9179763793945312,0.5569999814033508,1.2856640815734863
603,0.6883000135421753,0.9133596420288086,0.5494999885559082,1.2938899993896484
604,0.6930000185966492,0.912009060382843,0.5109999775886536,1.443825125694275
605,0.6930000185966492,0.9110673069953918,0.5180000066757202,1.4613298177719116
606,0.694599986076355,0.9127839803695679,0.5515000224113464,1.2976188659667969
607,0.6909999847412109,0.9167079925537109,0.515999972820282,1.3956364393234253
608,0.6945000290870667,0.9058603644371033,0.527999997138977,1.447206974029541
609,0.6898000240325928,0.9084720611572266,0.48249998688697815,1.5728967189788818
610,0.6935999989509583,0.9083809852600098,0.5460000038146973,1.3165440559387207
611,0.6933000087738037,0.9058658480644226,0.546999990940094,1.318530559539795
612,0.697700023651123,0.9033122062683105,0.5529999732971191,1.3018441200256348
613,0.6937999725341797,0.9051226377487183,0.5289999842643738,1.3466600179672241
614,0.6956999897956848,0.9011048674583435,0.4805000126361847,1.5464218854904175
615,0.6988000273704529,0.9008203148841858,0.5630000233650208,1.3005573749542236
616,0.6974999904632568,0.8984734416007996,0.5540000200271606,1.3144327402114868
617,0.6965000033378601,0.8992255926132202,0.5414999723434448,1.376204013824463
618,0.6988999843597412,0.8976001739501953,0.5139999985694885,1.4437408447265625
619,0.6995000243186951,0.8973091840744019,0.4189999997615814,1.9554146528244019
620,0.6976000070571899,0.9037789106369019,0.5440000295639038,1.3319036960601807
621,0.7010999917984009,0.8969771265983582,0.5770000219345093,1.2679004669189453
622,0.6988999843597412,0.8934540748596191,0.5239999890327454,1.3855115175247192
623,0.6973000168800354,0.8966718912124634,0.46549999713897705,1.6783891916275024
624,0.6998000144958496,0.895224392414093,0.5180000066757202,1.4356030225753784
625,0.7034000158309937,0.8883275389671326,0.5544999837875366,1.3133094310760498
626,0.7001000046730042,0.8883556723594666,0.559499979019165,1.3096246719360352
627,0.7026000022888184,0.8872393369674683,0.546500027179718,1.3246475458145142
628,0.7028999924659729,0.885756254196167,0.5519999861717224,1.307618260383606
629,0.7038999795913696,0.8849877119064331,0.46950000524520874,1.582462191581726
630,0.7003999948501587,0.8916730284690857,0.5619999766349792,1.302072286605835
631,0.703000009059906,0.882636308670044,0.534500002861023,1.3572592735290527
632,0.7034000158309937,0.8816672563552856,0.5584999918937683,1.2985731363296509
633,0.7026000022888184,0.8812332153320312,0.5475000143051147,1.3164465427398682
634,0.7064999938011169,0.8799522519111633,0.5540000200271606,1.3982661962509155
635,0.7026000022888184,0.8777927756309509,0.5450000166893005,1.3203222751617432
636,0.7067999839782715,0.8839457035064697,0.5680000185966492,1.2479777336120605
637,0.7064999938011169,0.8734329342842102,0.5440000295639038,1.3595675230026245
638,0.7095999717712402,0.8761875033378601,0.5659999847412109,1.2575035095214844
639,0.7063000202178955,0.8747128844261169,0.48399999737739563,1.5405051708221436
640,0.7031000256538391,0.8808147311210632,0.41999998688697815,1.9262760877609253
641,0.6998999714851379,0.8812352418899536,0.5210000276565552,1.4523018598556519
642,0.7069000005722046,0.8771985173225403,0.5220000147819519,1.4134057760238647
643,0.7060999870300293,0.876658022403717,0.5394999980926514,1.3597763776779175
644,0.7039999961853027,0.8765864372253418,0.5454999804496765,1.3371233940124512
645,0.7107999920845032,0.8724877834320068,0.5759999752044678,1.2582650184631348
646,0.7124000191688538,0.8630217909812927,0.534500002861023,1.3422136306762695
647,0.7056000232696533,0.8683915138244629,0.512499988079071,1.4605375528335571
648,0.7067999839782715,0.8704079985618591,0.4634999930858612,1.6181919574737549
649,0.7081999778747559,0.8653359413146973,0.550000011920929,1.3421484231948853
650,0.7075999975204468,0.8672760725021362,0.5695000290870667,1.2894142866134644
651,0.7116000056266785,0.8597158193588257,0.5329999923706055,1.3800327777862549
652,0.7117000222206116,0.8641577959060669,0.5339999794960022,1.403241753578186
653,0.7098000049591064,0.864675760269165,0.5400000214576721,1.359062910079956
654,0.7114999890327454,0.8530840873718262,0.5389999747276306,1.3609271049499512
655,0.707099974155426,0.8632251024246216,0.5419999957084656,1.3602724075317383
656,0.7081000208854675,0.8617848753929138,0.5009999871253967,1.507569670677185
657,0.7107999920845032,0.8582594990730286,0.5554999709129333,1.3260961771011353
658,0.7131999731063843,0.8590614199638367,0.5575000047683716,1.326654076576233
659,0.7116000056266785,0.8597040772438049,0.5699999928474426,1.2784013748168945
660,0.7138000130653381,0.8527978658676147,0.5320000052452087,1.3801236152648926
661,0.7138000130653381,0.8597131967544556,0.5659999847412109,1.2884657382965088
662,0.7132999897003174,0.8555651307106018,0.5690000057220459,1.276492714881897
663,0.7113000154495239,0.8526265621185303,0.534500002861023,1.3867268562316895
664,0.7123000025749207,0.8567792773246765,0.5350000262260437,1.3757816553115845
665,0.7179999947547913,0.8485731482505798,0.5619999766349792,1.313306450843811
666,0.7132999897003174,0.8511452078819275,0.5289999842643738,1.375870943069458
667,0.713100016117096,0.8481878638267517,0.5509999990463257,1.3346787691116333
668,0.7139999866485596,0.84686279296875,0.5139999985694885,1.4488919973373413
669,0.718500018119812,0.8453280329704285,0.4350000023841858,1.7205089330673218
670,0.7142000198364258,0.8534826040267944,0.5475000143051147,1.3762214183807373
671,0.7179999947547913,0.8458802700042725,0.5325000286102295,1.3652398586273193
672,0.7200999855995178,0.8462069630622864,0.5740000009536743,1.2798618078231812
673,0.7192000150680542,0.8440606594085693,0.5404999852180481,1.3747684955596924
674,0.7251999974250793,0.8377376794815063,0.48750001192092896,1.6295415163040161
675,0.7193999886512756,0.841982901096344,0.5419999957084656,1.405511498451233
676,0.7242000102996826,0.8355137705802917,0.5619999766349792,1.3043779134750366
677,0.7182000279426575,0.8334326148033142,0.5074999928474426,1.4578959941864014
678,0.7174999713897705,0.8374913334846497,0.5329999923706055,1.346882700920105
679,0.7207000255584717,0.8367324471473694,0.5649999976158142,1.3092044591903687
680,0.7217000126838684,0.8333239555358887,0.47200000286102295,1.5877643823623657
681,0.7233999967575073,0.8299593925476074,0.5385000109672546,1.3766196966171265
682,0.7213000059127808,0.8322104215621948,0.5569999814033508,1.3285924196243286
683,0.7239999771118164,0.8312524557113647,0.5755000114440918,1.262259602546692
684,0.7228000164031982,0.8281875252723694,0.5074999928474426,1.45451021194458
685,0.7228000164031982,0.8300747275352478,0.47749999165534973,1.6548279523849487
686,0.7221999764442444,0.8374968767166138,0.5379999876022339,1.4047129154205322
687,0.7231000065803528,0.8266257047653198,0.559499979019165,1.2946263551712036
688,0.7243000268936157,0.8267043828964233,0.48649999499320984,1.6663320064544678
689,0.7261999845504761,0.8310487270355225,0.5730000138282776,1.2655073404312134
690,0.7275000214576721,0.8213029503822327,0.4659999907016754,1.7116641998291016
691,0.7232999801635742,0.8303210139274597,0.4894999861717224,1.624133586883545
692,0.7250999808311462,0.8256788849830627,0.5364999771118164,1.3872568607330322
693,0.7258999943733215,0.8212557435035706,0.5665000081062317,1.316630482673645
694,0.7263000011444092,0.8213063478469849,0.5559999942779541,1.3421061038970947
695,0.7275000214576721,0.8182165622711182,0.5375000238418579,1.3835217952728271
696,0.7293000221252441,0.8200120329856873,0.5350000262260437,1.4433941841125488
697,0.7257999777793884,0.8244069218635559,0.5059999823570251,1.5563385486602783
698,0.732699990272522,0.8147063255310059,0.5245000123977661,1.4557576179504395
699,0.7249000072479248,0.815271258354187,0.5519999861717224,1.3345822095870972
700,0.7271000146865845,0.8141013383865356,0.5130000114440918,1.4228638410568237
701,0.7294999957084656,0.8109146952629089,0.5680000185966492,1.2969896793365479
702,0.7305999994277954,0.8112863898277283,0.5569999814033508,1.3548332452774048
703,0.7329999804496765,0.8121790289878845,0.5274999737739563,1.398676872253418
704,0.7281000018119812,0.8166873455047607,0.5699999928474426,1.3009282350540161
705,0.7343999743461609,0.8043935298919678,0.565500020980835,1.2860628366470337
706,0.7293999791145325,0.8116758465766907,0.49950000643730164,1.4967005252838135
707,0.7311000227928162,0.812434732913971,0.5715000033378601,1.2797921895980835
708,0.736299991607666,0.802547037601471,0.5705000162124634,1.3024240732192993
709,0.7354999780654907,0.8033585548400879,0.550000011920929,1.34709894657135
710,0.7332000136375427,0.8052225112915039,0.5509999990463257,1.3217097520828247
711,0.7372000217437744,0.8010911345481873,0.5460000038146973,1.3591700792312622
712,0.7317000031471252,0.8036234974861145,0.5404999852180481,1.4200150966644287
713,0.7361999750137329,0.7999254465103149,0.5644999742507935,1.2830179929733276
714,0.7365000247955322,0.7976311445236206,0.5360000133514404,1.3930257558822632
715,0.7343000173568726,0.8000045418739319,0.5529999732971191,1.3439006805419922
716,0.7315999865531921,0.8043071031570435,0.5590000152587891,1.307307481765747
717,0.7401000261306763,0.7944983243942261,0.5559999942779541,1.3673123121261597
718,0.7348999977111816,0.7992490530014038,0.5515000224113464,1.3165477514266968
719,0.7340999841690063,0.7976757287979126,0.503000020980835,1.5255649089813232
720,0.7339000105857849,0.7960188984870911,0.5410000085830688,1.3713611364364624
721,0.7358999848365784,0.7921746373176575,0.5625,1.3244308233261108
722,0.7383999824523926,0.7937470078468323,0.5454999804496765,1.3789201974868774
723,0.7429999709129333,0.7892044186592102,0.5494999885559082,1.4420093297958374
724,0.7378000020980835,0.7930471897125244,0.531000018119812,1.4289377927780151
725,0.734499990940094,0.7945407032966614,0.5695000290870667,1.2778503894805908
726,0.7390000224113464,0.7904185056686401,0.5419999957084656,1.3988144397735596
727,0.7354999780654907,0.7893565893173218,0.5625,1.306281328201294
728,0.7437000274658203,0.7842193245887756,0.5504999756813049,1.3298773765563965
729,0.7405999898910522,0.7849383354187012,0.5625,1.2946808338165283
730,0.7389000058174133,0.782849907875061,0.5634999871253967,1.301204800605774
731,0.7426999807357788,0.7780358791351318,0.5,1.5226637125015259
732,0.7391999959945679,0.7852222323417664,0.5230000019073486,1.4845930337905884
733,0.7434999942779541,0.777275562286377,0.5329999923706055,1.4022305011749268
734,0.7414000034332275,0.7806256413459778,0.5509999990463257,1.370090365409851
735,0.7434999942779541,0.779179036617279,0.5559999942779541,1.358610987663269
736,0.742900013923645,0.7784839272499084,0.5109999775886536,1.4613832235336304
737,0.743399977684021,0.7742352485656738,0.5734999775886536,1.258650302886963
738,0.7407000064849854,0.7751726508140564,0.5529999732971191,1.3531168699264526
739,0.7445999979972839,0.7755776643753052,0.5600000023841858,1.3717209100723267
740,0.7487999796867371,0.7710559368133545,0.5134999752044678,1.528324007987976
741,0.7404999732971191,0.7786753177642822,0.5164999961853027,1.5431402921676636
742,0.7430999875068665,0.7751258611679077,0.5600000023841858,1.3291031122207642
743,0.7422999739646912,0.7739062309265137,0.5734999775886536,1.2994170188903809
744,0.7440999746322632,0.7633953094482422,0.4449999928474426,1.9235714673995972
745,0.7430999875068665,0.7816351652145386,0.5494999885559082,1.349185824394226
746,0.7491000294685364,0.7674485445022583,0.5289999842643738,1.4945015907287598
747,0.7461000084877014,0.7673072218894958,0.5239999890327454,1.4578361511230469
748,0.7465000152587891,0.7687325477600098,0.5504999756813049,1.3689757585525513
749,0.7505000233650208,0.7644227743148804,0.5074999928474426,1.5436441898345947
750,0.7490000128746033,0.7643715143203735,0.5475000143051147,1.363893747329712
751,0.7504000067710876,0.7599879503250122,0.5180000066757202,1.456660509109497
752,0.7475000023841858,0.7615763545036316,0.4729999899864197,1.6311787366867065
753,0.7491000294685364,0.7648440003395081,0.5580000281333923,1.3001924753189087
754,0.7537999749183655,0.7546839118003845,0.5454999804496765,1.3894931077957153
755,0.7515000104904175,0.7607427835464478,0.5730000138282776,1.2888493537902832
756,0.7494000196456909,0.7569575309753418,0.5734999775886536,1.2982007265090942
757,0.7533000111579895,0.7495827078819275,0.5320000052452087,1.3723208904266357
758,0.7559000253677368,0.7520548701286316,0.5375000238418579,1.4445691108703613
759,0.7529000043869019,0.75301194190979,0.5554999709129333,1.316382884979248
760,0.751800000667572,0.7554103136062622,0.5584999918937683,1.3012012243270874
761,0.7533000111579895,0.752785861492157,0.5320000052452087,1.3862708806991577
762,0.7534999847412109,0.7479838132858276,0.5575000047683716,1.3019077777862549
763,0.7545999884605408,0.7471787333488464,0.5584999918937683,1.3398151397705078
764,0.754800021648407,0.7512391805648804,0.5544999837875366,1.3222897052764893
765,0.7544000148773193,0.7462922930717468,0.512499988079071,1.482503056526184
766,0.7547000050544739,0.7476059198379517,0.550000011920929,1.3865605592727661
767,0.7560999989509583,0.7453228831291199,0.5609999895095825,1.3144445419311523
768,0.7592999935150146,0.7456323504447937,0.5805000066757202,1.278045892715454
769,0.7617999911308289,0.7394255995750427,0.565500020980835,1.3689239025115967
770,0.7530999779701233,0.748358428478241,0.565500020980835,1.293972134590149
771,0.7534999847412109,0.7437799572944641,0.45100000500679016,1.9020063877105713
772,0.7585999965667725,0.7396823167800903,0.5659999847412109,1.3051466941833496
773,0.7609999775886536,0.736534059047699,0.5519999861717224,1.3705822229385376
774,0.7563999891281128,0.7394213080406189,0.5690000057220459,1.3018686771392822
775,0.7584999799728394,0.7370020151138306,0.5720000267028809,1.2958873510360718
776,0.7562000155448914,0.7367736101150513,0.531499981880188,1.4704546928405762
777,0.7541000247001648,0.7393635511398315,0.546500027179718,1.3694140911102295
778,0.7577000260353088,0.7385286688804626,0.5674999952316284,1.3199641704559326
779,0.7616999745368958,0.7294993996620178,0.5254999995231628,1.5211338996887207
780,0.765500009059906,0.7341485619544983,0.5504999756813049,1.3556712865829468
781,0.7613000273704529,0.7341974377632141,0.5370000004768372,1.4141403436660767
782,0.7605000138282776,0.735519289970398,0.5270000100135803,1.4258469343185425
783,0.7621999979019165,0.7292765378952026,0.5575000047683716,1.3511323928833008
784,0.760200023651123,0.7284668684005737,0.5429999828338623,1.4136666059494019
785,0.7651000022888184,0.7279145121574402,0.5789999961853027,1.2700889110565186
786,0.7605999708175659,0.7243572473526001,0.5519999861717224,1.4034109115600586
787,0.7613999843597412,0.7298176884651184,0.5040000081062317,1.6203011274337769
788,0.7598000168800354,0.7301652431488037,0.5559999942779541,1.3910841941833496
789,0.7602999806404114,0.7209271788597107,0.5590000152587891,1.3970799446105957
790,0.76419997215271,0.7238613963127136,0.5379999876022339,1.4099522829055786
791,0.7642999887466431,0.723381757736206,0.5705000162124634,1.3319631814956665
792,0.7645000219345093,0.7204715013504028,0.5379999876022339,1.4289171695709229
793,0.7609999775886536,0.7277669310569763,0.5490000247955322,1.3973816633224487
794,0.7710999846458435,0.7156157493591309,0.5554999709129333,1.360605239868164
795,0.7644000053405762,0.7199257612228394,0.5040000081062317,1.6475201845169067
796,0.7584999799728394,0.7253257036209106,0.5419999957084656,1.4106354713439941
797,0.7670999765396118,0.7148988842964172,0.5580000281333923,1.391296625137329
798,0.7692999839782715,0.7123228311538696,0.5509999990463257,1.3660491704940796
799,0.7684999704360962,0.7118483185768127,0.5475000143051147,1.3803457021713257
800,0.7681999802589417,0.7132931351661682,0.5385000109672546,1.4085338115692139
801,0.7699000239372253,0.7108817100524902,0.5260000228881836,1.437638759613037
802,0.7700999975204468,0.7115302681922913,0.5824999809265137,1.2787601947784424
803,0.7674999833106995,0.7105474472045898,0.5444999933242798,1.4451894760131836
804,0.7684999704360962,0.7102081179618835,0.5210000276565552,1.4588656425476074
805,0.7716000080108643,0.7101203203201294,0.5584999918937683,1.3610713481903076
806,0.7694000005722046,0.7090683579444885,0.5230000019073486,1.5052382946014404
807,0.767799973487854,0.7081259489059448,0.5575000047683716,1.3883775472640991
808,0.770799994468689,0.7030109167098999,0.5239999890327454,1.4309462308883667
809,0.7694000005722046,0.7041884064674377,0.5640000104904175,1.313556432723999
810,0.7710000276565552,0.7049220204353333,0.5494999885559082,1.433112382888794
811,0.766700029373169,0.7106561660766602,0.5584999918937683,1.3400869369506836
812,0.7702999711036682,0.7034257650375366,0.5180000066757202,1.5530604124069214
813,0.7695000171661377,0.7032776474952698,0.5295000076293945,1.4355764389038086
814,0.7767999768257141,0.6959789395332336,0.5235000252723694,1.4570997953414917
815,0.7718999981880188,0.6993438005447388,0.5479999780654907,1.4048503637313843
816,0.7760000228881836,0.6956682205200195,0.5554999709129333,1.372423529624939
817,0.7724999785423279,0.6942074298858643,0.5120000243186951,1.5235648155212402
818,0.7720999717712402,0.6987006068229675,0.5820000171661377,1.3192683458328247
819,0.7739999890327454,0.696591317653656,0.5475000143051147,1.3803282976150513
820,0.7720999717712402,0.6939803957939148,0.4894999861717224,1.7327516078948975
821,0.7731999754905701,0.6980854272842407,0.550000011920929,1.371047854423523
822,0.7768999934196472,0.6940733790397644,0.5630000233650208,1.3692867755889893
823,0.7749000191688538,0.6903409957885742,0.5600000023841858,1.3599648475646973
824,0.7739999890327454,0.6921696066856384,0.5860000252723694,1.2779356241226196
825,0.7767000198364258,0.6874263286590576,0.5475000143051147,1.3925559520721436
826,0.7767000198364258,0.6841102838516235,0.5400000214576721,1.4452826976776123
827,0.7773000001907349,0.6885874271392822,0.5435000061988831,1.4080578088760376
828,0.7782999873161316,0.6830106377601624,0.5845000147819519,1.2756974697113037
829,0.7793999910354614,0.6820715069770813,0.5494999885559082,1.3868547677993774
830,0.7781999707221985,0.6831799149513245,0.5515000224113464,1.388672113418579
831,0.7757999897003174,0.6822072267532349,0.5325000286102295,1.460607647895813
832,0.7850000262260437,0.6785549521446228,0.5659999847412109,1.3445760011672974
833,0.7767999768257141,0.6860013008117676,0.5814999938011169,1.2814092636108398
834,0.7817000150680542,0.6748871803283691,0.5824999809265137,1.3049076795578003
835,0.7795000076293945,0.6803235411643982,0.5339999794960022,1.5263007879257202
836,0.7785000205039978,0.6800908446311951,0.4909999966621399,1.5990257263183594
837,0.7799999713897705,0.6819310784339905,0.5699999928474426,1.3397035598754883
838,0.7820000052452087,0.6734636425971985,0.5015000104904175,1.622147560119629
839,0.7793999910354614,0.6772950887680054,0.5354999899864197,1.4150476455688477
840,0.7822999954223633,0.6749895215034485,0.5024999976158142,1.6700527667999268
841,0.7806000113487244,0.6765426993370056,0.5299999713897705,1.4857927560806274
842,0.7842000126838684,0.6754424571990967,0.5414999723434448,1.3969370126724243
843,0.7828999757766724,0.6718054413795471,0.534500002861023,1.4682600498199463
844,0.7821999788284302,0.6727365255355835,0.5134999752044678,1.5685179233551025
845,0.7835999727249146,0.6707265377044678,0.5460000038146973,1.4573715925216675
846,0.7839000225067139,0.6697359681129456,0.5295000076293945,1.4531265497207642
847,0.7825999855995178,0.6676064133644104,0.5115000009536743,1.578536868095398
848,0.786300003528595,0.6661061644554138,0.546999990940094,1.3897446393966675
849,0.7882999777793884,0.6641356945037842,0.5385000109672546,1.42579984664917
850,0.7878000140190125,0.6654348969459534,0.5429999828338623,1.400518774986267
851,0.7867000102996826,0.6614224314689636,0.5450000166893005,1.395894169807434
852,0.7824000120162964,0.6667616963386536,0.546999990940094,1.4362627267837524
853,0.7896999716758728,0.6562871336936951,0.5504999756813049,1.4174126386642456
854,0.7885000109672546,0.6586618423461914,0.546999990940094,1.4141631126403809
855,0.7883999943733215,0.6595068573951721,0.5450000166893005,1.4461016654968262
856,0.7908999919891357,0.6553504467010498,0.5575000047683716,1.3907592296600342
857,0.7870000004768372,0.6542303562164307,0.546999990940094,1.432291030883789
858,0.7842000126838684,0.6594445109367371,0.5740000009536743,1.3160260915756226
859,0.7907000184059143,0.6533048748970032,0.5370000004768372,1.5049161911010742
860,0.7929999828338623,0.6517108082771301,0.5745000243186951,1.3448662757873535
861,0.7910000085830688,0.6515963673591614,0.5080000162124634,1.5395318269729614
862,0.7864999771118164,0.6554854512214661,0.5375000238418579,1.4339988231658936
863,0.7906000018119812,0.6503570079803467,0.5759999752044678,1.3463983535766602
864,0.7879999876022339,0.6559690833091736,0.5559999942779541,1.394328236579895
865,0.791700005531311,0.6510651111602783,0.5389999747276306,1.4596397876739502
866,0.7918999791145325,0.653473973274231,0.5454999804496765,1.477135419845581
867,0.7907000184059143,0.6484392285346985,0.5429999828338623,1.439096450805664
868,0.7903000116348267,0.6475046277046204,0.5709999799728394,1.3312965631484985
869,0.7926999926567078,0.6435925364494324,0.512499988079071,1.5894473791122437
870,0.789900004863739,0.6485700607299805,0.5695000290870667,1.3485095500946045
871,0.7968000173568726,0.6419883966445923,0.5799999833106995,1.2990604639053345
872,0.79339998960495,0.6413000822067261,0.5230000019073486,1.578947901725769
873,0.7918999791145325,0.6473603248596191,0.49950000643730164,1.7303158044815063
874,0.7930999994277954,0.6443617939949036,0.5479999780654907,1.5403329133987427
875,0.7978000044822693,0.6344675421714783,0.550000011920929,1.4237079620361328
876,0.7975000143051147,0.6384310126304626,0.5034999847412109,1.6891099214553833
877,0.7950999736785889,0.6415413618087769,0.5680000185966492,1.3613616228103638
878,0.8001000285148621,0.6312581896781921,0.534500002861023,1.5729140043258667
879,0.7990000247955322,0.6339586973190308,0.5224999785423279,1.56352698802948
880,0.7955999970436096,0.638599693775177,0.5239999890327454,1.5027148723602295
881,0.7943000197410583,0.6328222155570984,0.5164999961853027,1.5572234392166138
882,0.7953000068664551,0.6406629681587219,0.5289999842643738,1.634972333908081
883,0.7996000051498413,0.631466805934906,0.5335000157356262,1.4369584321975708
884,0.8004000186920166,0.6295735239982605,0.5764999985694885,1.3358319997787476
885,0.7990999817848206,0.6256056427955627,0.5799999833106995,1.3648350238800049
886,0.7943999767303467,0.6338564157485962,0.5034999847412109,1.6180578470230103
887,0.7985000014305115,0.6247758269309998,0.534500002861023,1.5463969707489014
888,0.7973999977111816,0.6247550249099731,0.5115000009536743,1.650001049041748
889,0.795199990272522,0.6334174871444702,0.546999990940094,1.4243769645690918
890,0.8025000095367432,0.6225863099098206,0.5580000281333923,1.491943597793579
891,0.802299976348877,0.6213539838790894,0.5634999871253967,1.3934139013290405
892,0.8022000193595886,0.6193784475326538,0.5509999990463257,1.430920124053955
893,0.7991999983787537,0.6211651563644409,0.5674999952316284,1.348550796508789
894,0.7998999953269958,0.6226546764373779,0.5385000109672546,1.5352628231048584
895,0.8007000088691711,0.6194214820861816,0.5410000085830688,1.4024890661239624
896,0.8023999929428101,0.6171888113021851,0.5394999980926514,1.5128754377365112
897,0.8021000027656555,0.6164580583572388,0.5529999732971191,1.4097011089324951
898,0.7993000149726868,0.6181614995002747,0.5074999928474426,1.6123974323272705
899,0.8022000193595886,0.6154718995094299,0.5540000200271606,1.3954792022705078
900,0.8044000267982483,0.6124239563941956,0.5299999713897705,1.5521516799926758
901,0.805899977684021,0.6145553588867188,0.5195000171661377,1.533987045288086
902,0.800000011920929,0.6166048049926758,0.5379999876022339,1.4696398973464966
903,0.800000011920929,0.6099206805229187,0.5485000014305115,1.4307934045791626
904,0.8032000064849854,0.6070803999900818,0.5475000143051147,1.4865996837615967
905,0.8059999942779541,0.6120368242263794,0.5605000257492065,1.382901906967163
906,0.8090999722480774,0.6039522886276245,0.5544999837875366,1.4679715633392334
907,0.8097000122070312,0.6061501502990723,0.5189999938011169,1.6082684993743896
908,0.8069000244140625,0.6068738698959351,0.5580000281333923,1.3697755336761475
909,0.805899977684021,0.6028207540512085,0.5684999823570251,1.3536171913146973
910,0.807200014591217,0.6057407855987549,0.5584999918937683,1.4068602323532104
911,0.8087999820709229,0.6015867590904236,0.5615000128746033,1.3610228300094604
912,0.8072999715805054,0.6013447046279907,0.5260000228881836,1.5609947443008423
913,0.8090000152587891,0.6038873791694641,0.5600000023841858,1.4044973850250244
914,0.8116999864578247,0.5948205590248108,0.5249999761581421,1.4669407606124878
915,0.8080999851226807,0.6012734174728394,0.5394999980926514,1.5095542669296265
916,0.8072999715805054,0.602958083152771,0.5249999761581421,1.5953491926193237
917,0.8079000115394592,0.5982822775840759,0.5149999856948853,1.7293739318847656
918,0.8133000135421753,0.596287727355957,0.5174999833106995,1.6246265172958374
919,0.8111000061035156,0.59830641746521,0.5625,1.3973228931427002
920,0.8116000294685364,0.5906491875648499,0.5619999766349792,1.4163272380828857
921,0.8108000159263611,0.5931934118270874,0.5720000267028809,1.3398584127426147
922,0.8118000030517578,0.590715229511261,0.5699999928474426,1.3634042739868164
923,0.8101000189781189,0.5946221351623535,0.5494999885559082,1.391688346862793
924,0.8133000135421753,0.5878629088401794,0.565500020980835,1.448494553565979
925,0.8169999718666077,0.5863279104232788,0.5534999966621399,1.4588125944137573
926,0.816100001335144,0.5856278538703918,0.5590000152587891,1.4450348615646362
927,0.8166000247001648,0.5819278359413147,0.5325000286102295,1.5055092573165894
928,0.8162999749183655,0.5867705345153809,0.5575000047683716,1.454789400100708
929,0.8194000124931335,0.579016923904419,0.5580000281333923,1.4939303398132324
930,0.8145999908447266,0.584094226360321,0.5824999809265137,1.3588759899139404
931,0.8183000087738037,0.5802370309829712,0.5410000085830688,1.440098762512207
932,0.8134999871253967,0.5835584998130798,0.5515000224113464,1.4479905366897583
933,0.8151999711990356,0.5816473364830017,0.5605000257492065,1.4233622550964355
934,0.8156999945640564,0.5819732546806335,0.5684999823570251,1.4545609951019287
935,0.8154000043869019,0.5810319185256958,0.5565000176429749,1.4566069841384888
936,0.8227999806404114,0.5728949904441833,0.546500027179718,1.4997014999389648
937,0.8123999834060669,0.5875605940818787,0.5254999995231628,1.5740058422088623
938,0.8194000124931335,0.5767366290092468,0.5145000219345093,1.6673802137374878
939,0.8159999847412109,0.5802081227302551,0.5425000190734863,1.474971890449524
940,0.8180000185966492,0.5767142176628113,0.5820000171661377,1.3434818983078003
941,0.8205000162124634,0.571965217590332,0.4424999952316284,2.137913703918457
942,0.8156999945640564,0.5856691598892212,0.5115000009536743,1.5967613458633423
943,0.8203999996185303,0.5705574154853821,0.5605000257492065,1.4828295707702637
944,0.8209999799728394,0.5689677596092224,0.484499990940094,1.997165560722351
945,0.820900022983551,0.5683385133743286,0.4555000066757202,1.940067172050476
946,0.8184999823570251,0.5737017393112183,0.5379999876022339,1.6195579767227173
947,0.8195000290870667,0.5659621357917786,0.5584999918937683,1.4100114107131958
948,0.8208000063896179,0.5721863508224487,0.5475000143051147,1.4715081453323364
949,0.8227999806404114,0.5667189955711365,0.5105000138282776,1.6235514879226685
950,0.820900022983551,0.5693551301956177,0.5145000219345093,1.643686056137085
951,0.8241999745368958,0.562119722366333,0.534500002861023,1.5369163751602173
952,0.8215000033378601,0.5631881356239319,0.5509999990463257,1.5007410049438477
953,0.8237000107765198,0.5636677742004395,0.5065000057220459,1.6762783527374268
954,0.8256000280380249,0.559030294418335,0.5674999952316284,1.3959182500839233
955,0.8205000162124634,0.5622794032096863,0.5444999933242798,1.5062124729156494
956,0.8238000273704529,0.5616291165351868,0.5304999947547913,1.5643856525421143
957,0.8271999955177307,0.556177020072937,0.5720000267028809,1.4009277820587158
958,0.8277999758720398,0.5545256733894348,0.5164999961853027,1.6536439657211304
959,0.8228999972343445,0.5650433301925659,0.5550000071525574,1.4040019512176514
960,0.824999988079071,0.5517700910568237,0.559499979019165,1.4222264289855957
961,0.824999988079071,0.5561699271202087,0.5249999761581421,1.5415091514587402
962,0.8264999985694885,0.5536401271820068,0.5634999871253967,1.4378598928451538
963,0.828000009059906,0.55240398645401,0.5720000267028809,1.405464768409729
964,0.82669997215271,0.5511930584907532,0.5730000138282776,1.3988285064697266
965,0.8299000263214111,0.5437466502189636,0.5249999761581421,1.7249481678009033
966,0.8227999806404114,0.5585598945617676,0.565500020980835,1.3980480432510376
967,0.8319000005722046,0.542684018611908,0.5454999804496765,1.4699057340621948
968,0.8299999833106995,0.5411811470985413,0.5665000081062317,1.3867253065109253
969,0.8335999846458435,0.5444303154945374,0.4749999940395355,1.7284141778945923
970,0.8269000053405762,0.5506179332733154,0.5680000185966492,1.3975377082824707
971,0.8327999711036682,0.541484534740448,0.5720000267028809,1.389216661453247
972,0.8292999863624573,0.5420501232147217,0.5444999933242798,1.503195881843567
973,0.8324000239372253,0.5421014428138733,0.5559999942779541,1.50571870803833
974,0.8342000246047974,0.540549099445343,0.5264999866485596,1.6223742961883545
975,0.8288999795913696,0.5401726365089417,0.5695000290870667,1.4031368494033813
976,0.8337000012397766,0.5338652729988098,0.5684999823570251,1.420451283454895
977,0.8294000029563904,0.5429839491844177,0.5634999871253967,1.4410725831985474
978,0.8356999754905701,0.5355477333068848,0.574999988079071,1.3787802457809448
979,0.8338000178337097,0.5359516143798828,0.5615000128746033,1.3904229402542114
980,0.8305000066757202,0.5341953635215759,0.5490000247955322,1.5025205612182617
981,0.8339999914169312,0.5334426760673523,0.5404999852180481,1.4944480657577515
982,0.8353000283241272,0.5310295820236206,0.5590000152587891,1.4672212600708008
983,0.8388000130653381,0.527052640914917,0.5260000228881836,1.6521763801574707
984,0.8353000283241272,0.5287845134735107,0.5375000238418579,1.560579538345337
985,0.8356000185012817,0.530213475227356,0.5605000257492065,1.4447423219680786
986,0.8363999724388123,0.5271899104118347,0.5605000257492065,1.4834766387939453
987,0.8371000289916992,0.5280951857566833,0.5609999895095825,1.4327597618103027
988,0.8409000039100647,0.5233817100524902,0.5454999804496765,1.5297632217407227
989,0.8313000202178955,0.535082221031189,0.5479999780654907,1.53704035282135
990,0.8352000117301941,0.5243182182312012,0.5540000200271606,1.4681669473648071
991,0.838100016117096,0.520584762096405,0.484499990940094,1.8676990270614624
992,0.8337000012397766,0.5321863889694214,0.5214999914169312,1.6590110063552856
993,0.8357999920845032,0.5252066254615784,0.5184999704360962,1.823921799659729
994,0.8410000205039978,0.520016074180603,0.5709999799728394,1.479080319404602
995,0.8409000039100647,0.5151993632316589,0.5759999752044678,1.436722993850708
996,0.8377000093460083,0.5228196978569031,0.5504999756813049,1.5330191850662231
997,0.8374000191688538,0.5197792649269104,0.5669999718666077,1.400537371635437
998,0.8363999724388123,0.51579350233078,0.5665000081062317,1.4240522384643555
999,0.84170001745224,0.5171557068824768,0.5534999966621399,1.4481325149536133
