epoch,accuracy,loss,val_accuracy,val_loss
0,0.13220000267028809,2.298271656036377,0.12849999964237213,2.2948622703552246
1,0.12300000339746475,2.2927684783935547,0.12849999964237213,2.2899622917175293
2,0.12700000405311584,2.2878735065460205,0.13249999284744263,2.285066604614258
3,0.13490000367164612,2.2828640937805176,0.1340000033378601,2.2801718711853027
4,0.13650000095367432,2.2775044441223145,0.14550000429153442,2.2743444442749023
5,0.15160000324249268,2.2716121673583984,0.14149999618530273,2.268226385116577
6,0.14970000088214874,2.2649662494659424,0.1535000056028366,2.2605252265930176
7,0.16940000653266907,2.255356788635254,0.16349999606609344,2.2487728595733643
8,0.17870000004768372,2.242393732070923,0.17350000143051147,2.2341396808624268
9,0.18479999899864197,2.227511167526245,0.17499999701976776,2.2182650566101074
10,0.19210000336170197,2.211082935333252,0.17949999868869781,2.200974702835083
11,0.19679999351501465,2.1930501461029053,0.19300000369548798,2.1822707653045654
12,0.20730000734329224,2.173499584197998,0.18000000715255737,2.163559675216675
13,0.21529999375343323,2.152869939804077,0.2094999998807907,2.13942813873291
14,0.22419999539852142,2.1317102909088135,0.23149999976158142,2.1185977458953857
15,0.23680000007152557,2.11179256439209,0.22450000047683716,2.100651264190674
16,0.24330000579357147,2.0937769412994385,0.23800000548362732,2.082961320877075
17,0.249099999666214,2.076894998550415,0.23999999463558197,2.066864490509033
18,0.25290000438690186,2.062527656555176,0.24400000274181366,2.0533254146575928
19,0.26170000433921814,2.048600435256958,0.2485000044107437,2.041112184524536
20,0.26409998536109924,2.037548303604126,0.25,2.0315191745758057
21,0.2671999931335449,2.0273594856262207,0.2574999928474426,2.0219922065734863
22,0.2703000009059906,2.0174660682678223,0.23999999463558197,2.027479648590088
23,0.2743000090122223,2.0093045234680176,0.265500009059906,2.009753704071045
24,0.27959999442100525,2.0009777545928955,0.257999986410141,2.018662691116333
25,0.28060001134872437,1.9941730499267578,0.27149999141693115,1.993826985359192
26,0.28209999203681946,1.9858206510543823,0.2680000066757202,1.9847575426101685
27,0.2863999903202057,1.9789738655090332,0.2775000035762787,1.979573369026184
28,0.28999999165534973,1.9723689556121826,0.2775000035762787,1.9768623113632202
29,0.28929999470710754,1.966430902481079,0.2879999876022339,1.9688798189163208
30,0.29260000586509705,1.9603403806686401,0.289000004529953,1.9592006206512451
31,0.2962999939918518,1.9542584419250488,0.28949999809265137,1.9600119590759277
32,0.30219998955726624,1.949000358581543,0.29350000619888306,1.9472568035125732
33,0.3012000024318695,1.9430488348007202,0.29100000858306885,1.9421333074569702
34,0.3061000108718872,1.9376156330108643,0.2904999852180481,1.9390603303909302
35,0.3052999973297119,1.9313578605651855,0.2919999957084656,1.937735915184021
36,0.30970001220703125,1.9267823696136475,0.2939999997615814,1.9372777938842773
37,0.3100000023841858,1.9212437868118286,0.3070000112056732,1.922049641609192
38,0.3179999887943268,1.915939211845398,0.304500013589859,1.9173024892807007
39,0.3160000145435333,1.9105994701385498,0.3009999990463257,1.9175546169281006
40,0.319599986076355,1.9042965173721313,0.30149999260902405,1.918491244316101
41,0.32199999690055847,1.9007657766342163,0.30250000953674316,1.9304990768432617
42,0.3253999948501587,1.8952893018722534,0.3095000088214874,1.9000834226608276
43,0.3269999921321869,1.8895511627197266,0.30550000071525574,1.9015330076217651
44,0.32919999957084656,1.8848134279251099,0.31049999594688416,1.8868845701217651
45,0.33149999380111694,1.879496455192566,0.32350000739097595,1.8824279308319092
46,0.334199994802475,1.8745077848434448,0.3050000071525574,1.9032522439956665
47,0.33480000495910645,1.8698726892471313,0.3140000104904175,1.8762227296829224
48,0.336899995803833,1.8647058010101318,0.32199999690055847,1.86658775806427
49,0.3398999869823456,1.8588579893112183,0.32600000500679016,1.8662378787994385
50,0.3422999978065491,1.8537055253982544,0.33000001311302185,1.8603991270065308
51,0.34299999475479126,1.8483667373657227,0.3334999978542328,1.854252815246582
52,0.3490999937057495,1.8427138328552246,0.3330000042915344,1.8488821983337402
53,0.34599998593330383,1.8386120796203613,0.3294999897480011,1.8560353517532349
54,0.3483000099658966,1.8343671560287476,0.3375000059604645,1.8467024564743042
55,0.35019999742507935,1.8277523517608643,0.32600000500679016,1.8571856021881104
56,0.35249999165534973,1.8231127262115479,0.3310000002384186,1.8386318683624268
57,0.352400004863739,1.8180216550827026,0.3400000035762787,1.8287309408187866
58,0.351500004529953,1.8133349418640137,0.33149999380111694,1.8286031484603882
59,0.3580000102519989,1.8091336488723755,0.33000001311302185,1.8451443910598755
60,0.35429999232292175,1.8026202917099,0.3474999964237213,1.8444018363952637
61,0.35910001397132874,1.7983746528625488,0.35199999809265137,1.8208481073379517
62,0.36090001463890076,1.791718602180481,0.3264999985694885,1.865698218345642
63,0.3610000014305115,1.787831425666809,0.32249999046325684,1.8551706075668335
64,0.3617999851703644,1.7838890552520752,0.33550000190734863,1.8206974267959595
65,0.36399999260902405,1.777503490447998,0.3499999940395355,1.7911163568496704
66,0.3659000098705292,1.7740304470062256,0.3474999964237213,1.799596905708313
67,0.3707999885082245,1.7688688039779663,0.359499990940094,1.7955443859100342
68,0.3702000081539154,1.7636455297470093,0.35899999737739563,1.8006319999694824
69,0.3693999946117401,1.7595765590667725,0.35249999165534973,1.8096307516098022
70,0.3734999895095825,1.755713701248169,0.33899998664855957,1.8079833984375
71,0.3693999946117401,1.7520599365234375,0.36000001430511475,1.7667309045791626
72,0.37709999084472656,1.7466968297958374,0.35499998927116394,1.7727179527282715
73,0.37610000371932983,1.7415581941604614,0.3580000102519989,1.7790838479995728
74,0.3758000135421753,1.7374038696289062,0.359499990940094,1.7766385078430176
75,0.3765000104904175,1.7336052656173706,0.37049999833106995,1.7551791667938232
76,0.37869998812675476,1.729037880897522,0.3555000126361847,1.7879834175109863
77,0.38179999589920044,1.7260221242904663,0.3580000102519989,1.7609869241714478
78,0.38179999589920044,1.7208218574523926,0.37049999833106995,1.792052149772644
79,0.38510000705718994,1.7155089378356934,0.34299999475479126,1.8136951923370361
80,0.385699987411499,1.7136119604110718,0.3610000014305115,1.780192494392395
81,0.38670000433921814,1.7093499898910522,0.382999986410141,1.7225161790847778
82,0.38940000534057617,1.7045890092849731,0.359499990940094,1.7839007377624512
83,0.3896999955177307,1.7007619142532349,0.36800000071525574,1.8001537322998047
84,0.39169999957084656,1.6991180181503296,0.3765000104904175,1.726926565170288
85,0.3953000009059906,1.6918244361877441,0.3529999852180481,1.7818660736083984
86,0.38960000872612,1.6893393993377686,0.38350000977516174,1.7083203792572021
87,0.39480000734329224,1.6853902339935303,0.3840000033378601,1.70773446559906
88,0.39419999718666077,1.6828416585922241,0.38499999046325684,1.7116312980651855
89,0.39660000801086426,1.6775599718093872,0.3855000138282776,1.7120275497436523
90,0.39879998564720154,1.6759045124053955,0.34950000047683716,1.7734179496765137
91,0.3955000042915344,1.6717058420181274,0.4000000059604645,1.714325189590454
92,0.3993000090122223,1.6682324409484863,0.3630000054836273,1.8402466773986816
93,0.4041999876499176,1.66441011428833,0.3935000002384186,1.7246570587158203
94,0.40209999680519104,1.6588566303253174,0.3919999897480011,1.6814683675765991
95,0.4034000039100647,1.6567652225494385,0.38600000739097595,1.704156517982483
96,0.4059000015258789,1.6532658338546753,0.36800000071525574,1.7623015642166138
97,0.4059000015258789,1.6490113735198975,0.39750000834465027,1.7022508382797241
98,0.40610000491142273,1.6444774866104126,0.3944999873638153,1.725480556488037
99,0.4106999933719635,1.6421003341674805,0.3944999873638153,1.7041116952896118
100,0.4083999991416931,1.640214443206787,0.38850000500679016,1.6790939569473267
101,0.41359999775886536,1.6360853910446167,0.36800000071525574,1.7297312021255493
102,0.4124000072479248,1.6329245567321777,0.3720000088214874,1.7137328386306763
103,0.412200003862381,1.6309576034545898,0.4065000116825104,1.6869927644729614
104,0.41519999504089355,1.6265699863433838,0.3880000114440918,1.7055010795593262
105,0.4163999855518341,1.622969388961792,0.3935000002384186,1.685540795326233
106,0.4156000018119812,1.6224772930145264,0.3804999887943268,1.6863511800765991
107,0.41659998893737793,1.6167480945587158,0.4124999940395355,1.665717363357544
108,0.4185999929904938,1.6133172512054443,0.4090000092983246,1.6462327241897583
109,0.42239999771118164,1.6110925674438477,0.41200000047683716,1.6365305185317993
110,0.4221999943256378,1.6083295345306396,0.398499995470047,1.7102911472320557
111,0.42260000109672546,1.6070024967193604,0.3734999895095825,1.7210944890975952
112,0.42160001397132874,1.6045063734054565,0.4065000116825104,1.6556674242019653
113,0.42170000076293945,1.5997533798217773,0.39649999141693115,1.6516510248184204
114,0.42170000076293945,1.5969815254211426,0.36000001430511475,1.8647505044937134
115,0.4230000078678131,1.5983773469924927,0.40450000762939453,1.6664190292358398
116,0.4302000105381012,1.5943232774734497,0.4205000102519989,1.6837518215179443
117,0.43070000410079956,1.591057538986206,0.41999998688697815,1.6514908075332642
118,0.4284999966621399,1.589483380317688,0.4165000021457672,1.626187801361084
119,0.42820000648498535,1.5866883993148804,0.41749998927116394,1.612868070602417
120,0.4309999942779541,1.5818148851394653,0.39750000834465027,1.630774974822998
121,0.4291999936103821,1.5826982259750366,0.39899998903274536,1.6468735933303833
122,0.4316999912261963,1.578416347503662,0.4189999997615814,1.6095718145370483
123,0.43160000443458557,1.577772855758667,0.4309999942779541,1.630560278892517
124,0.435699999332428,1.572942852973938,0.4189999997615814,1.611601710319519
125,0.43470001220703125,1.569589614868164,0.42899999022483826,1.7042357921600342
126,0.43549999594688416,1.568178653717041,0.4230000078678131,1.6022809743881226
127,0.4343000054359436,1.5647979974746704,0.4129999876022339,1.6167787313461304
128,0.43790000677108765,1.563068151473999,0.3880000114440918,1.8459514379501343
129,0.43650001287460327,1.5671939849853516,0.42500001192092896,1.5860801935195923
130,0.4390999972820282,1.558990240097046,0.43799999356269836,1.5838885307312012
131,0.4332999885082245,1.5598516464233398,0.4050000011920929,1.6453763246536255
132,0.43540000915527344,1.5583984851837158,0.42750000953674316,1.5822343826293945
133,0.43959999084472656,1.5533833503723145,0.42750000953674316,1.5976481437683105
134,0.4440000057220459,1.5495911836624146,0.42899999022483826,1.5926278829574585
135,0.439300000667572,1.5484323501586914,0.3815000057220459,1.7005195617675781
136,0.44040000438690186,1.5524100065231323,0.4074999988079071,1.6524336338043213
137,0.4417000114917755,1.5479133129119873,0.42750000953674316,1.59364652633667
138,0.4392000138759613,1.5454503297805786,0.43799999356269836,1.5733979940414429
139,0.4456000030040741,1.541032314300537,0.4154999852180481,1.5993458032608032
140,0.4471000134944916,1.5374897718429565,0.4320000112056732,1.6122701168060303
141,0.44269999861717224,1.5373399257659912,0.43799999356269836,1.5974129438400269
142,0.4496999979019165,1.5353223085403442,0.4320000112056732,1.6020249128341675
143,0.44760000705718994,1.5373530387878418,0.4375,1.563132405281067
144,0.4471000134944916,1.537426471710205,0.4025000035762787,1.629926323890686
145,0.448199987411499,1.5318983793258667,0.4124999940395355,1.6009352207183838
146,0.4490000009536743,1.528769850730896,0.4390000104904175,1.5641831159591675
147,0.4505999982357025,1.5257049798965454,0.42250001430511475,1.5880622863769531
148,0.4528000056743622,1.5244899988174438,0.3490000069141388,1.8539624214172363
149,0.45010000467300415,1.527679443359375,0.3095000088214874,2.272228240966797
150,0.4514999985694885,1.5284101963043213,0.4189999997615814,1.575827956199646
151,0.4542999863624573,1.5180529356002808,0.4334999918937683,1.5640285015106201
152,0.45399999618530273,1.5183987617492676,0.3529999852180481,1.8354012966156006
153,0.4542999863624573,1.5189411640167236,0.4345000088214874,1.5752226114273071
154,0.4555000066757202,1.5142220258712769,0.4490000009536743,1.5412362813949585
155,0.46000000834465027,1.5115188360214233,0.3919999897480011,1.6435480117797852
156,0.4553999900817871,1.517210841178894,0.4320000112056732,1.5702115297317505
157,0.45419999957084656,1.5123203992843628,0.4350000023841858,1.5589958429336548
158,0.4620000123977661,1.506673812866211,0.4334999918937683,1.5539149045944214
159,0.45750001072883606,1.5060081481933594,0.4235000014305115,1.6611236333847046
160,0.45590001344680786,1.5069695711135864,0.398499995470047,1.649956226348877
161,0.4625000059604645,1.5037293434143066,0.4074999988079071,1.6621143817901611
162,0.4569000005722046,1.5033020973205566,0.4000000059604645,1.69038987159729
163,0.460999995470047,1.4995898008346558,0.4269999861717224,1.5807642936706543
164,0.46160000562667847,1.5013903379440308,0.4230000078678131,1.5826935768127441
165,0.45910000801086426,1.4986120462417603,0.4494999945163727,1.532078504562378
166,0.46380001306533813,1.495612382888794,0.4514999985694885,1.5342373847961426
167,0.4643999934196472,1.493064045906067,0.4345000088214874,1.5446033477783203
168,0.4634999930858612,1.4897842407226562,0.4244999885559082,1.7009363174438477
169,0.4650999903678894,1.4966158866882324,0.4490000009536743,1.5271759033203125
170,0.46549999713897705,1.489075779914856,0.421999990940094,1.5869872570037842
171,0.4659000039100647,1.492435336112976,0.2605000138282776,2.5455029010772705
172,0.46299999952316284,1.502114176750183,0.40950000286102295,1.677916169166565
173,0.46639999747276306,1.4898985624313354,0.4325000047683716,1.548848271369934
174,0.4668000042438507,1.4875810146331787,0.4339999854564667,1.6141360998153687
175,0.46700000762939453,1.4832614660263062,0.4465000033378601,1.5626243352890015
176,0.4683000147342682,1.480890154838562,0.4404999911785126,1.5368722677230835
177,0.4684999883174896,1.4797749519348145,0.43950000405311584,1.552332878112793
178,0.4697999954223633,1.4791730642318726,0.4334999918937683,1.5661085844039917
179,0.4690999984741211,1.479308009147644,0.44200000166893005,1.5582420825958252
180,0.4697999954223633,1.4751579761505127,0.421999990940094,1.6390693187713623
181,0.46950000524520874,1.4749830961227417,0.4494999945163727,1.5378482341766357
182,0.4699999988079071,1.4750735759735107,0.4505000114440918,1.5250108242034912
183,0.47519999742507935,1.4681400060653687,0.4415000081062317,1.5255041122436523
184,0.47429999709129333,1.4684648513793945,0.429500013589859,1.605615258216858
185,0.4729999899864197,1.4693734645843506,0.44850000739097595,1.561269760131836
186,0.47130000591278076,1.4679605960845947,0.42149999737739563,1.5845274925231934
187,0.47609999775886536,1.4680092334747314,0.4180000126361847,1.6515077352523804
188,0.4726000130176544,1.4661204814910889,0.45500001311302185,1.4980841875076294
189,0.47350001335144043,1.4672534465789795,0.453000009059906,1.5417779684066772
190,0.4731000065803528,1.4597138166427612,0.4560000002384186,1.510362982749939
191,0.47749999165534973,1.4583905935287476,0.41449999809265137,1.6045677661895752
192,0.4767000079154968,1.4620040655136108,0.46050000190734863,1.5083831548690796
193,0.4763999879360199,1.4565157890319824,0.4584999978542328,1.5079983472824097
194,0.477400004863739,1.4556725025177002,0.46000000834465027,1.521493911743164
195,0.4805999994277954,1.4575425386428833,0.46650001406669617,1.506868839263916
196,0.4758000075817108,1.4551444053649902,0.453000009059906,1.5151658058166504
197,0.47530001401901245,1.4528729915618896,0.4650000035762787,1.5065089464187622
198,0.47929999232292175,1.4484444856643677,0.4580000042915344,1.5329152345657349
199,0.4772999882698059,1.4509215354919434,0.4645000100135803,1.4941632747650146
200,0.4799000024795532,1.4484115839004517,0.4284999966621399,1.6298774480819702
201,0.4810999929904938,1.4500049352645874,0.4595000147819519,1.5132299661636353
202,0.4823000133037567,1.4466147422790527,0.4399999976158142,1.5464423894882202
203,0.4837000072002411,1.4454010725021362,0.4645000100135803,1.4939242601394653
204,0.4814999997615814,1.4469194412231445,0.4544999897480011,1.4954429864883423
205,0.48339998722076416,1.4421470165252686,0.429500013589859,1.5384511947631836
206,0.4797999858856201,1.444190263748169,0.4675000011920929,1.4909844398498535
207,0.4832000136375427,1.4417040348052979,0.4375,1.5466091632843018
208,0.48570001125335693,1.4452736377716064,0.46050000190734863,1.501047968864441
209,0.48809999227523804,1.4348214864730835,0.46950000524520874,1.4778786897659302
210,0.4844000041484833,1.4379538297653198,0.44600000977516174,1.5399173498153687
211,0.48500001430511475,1.4360127449035645,0.4620000123977661,1.5215704441070557
212,0.4871000051498413,1.4316599369049072,0.429500013589859,1.5968472957611084
213,0.4832000136375427,1.4320026636123657,0.4480000138282776,1.507932186126709
214,0.48179998993873596,1.4343620538711548,0.44600000977516174,1.5132708549499512
215,0.4885999858379364,1.4285216331481934,0.4584999978542328,1.5032135248184204
216,0.4803999960422516,1.4313477277755737,0.4645000100135803,1.4894472360610962
217,0.49050000309944153,1.4244074821472168,0.44350001215934753,1.6140105724334717
218,0.4855000078678131,1.4316775798797607,0.4429999887943268,1.597710132598877
219,0.4918000102043152,1.4267196655273438,0.4724999964237213,1.499712347984314
220,0.49059998989105225,1.4226313829421997,0.4690000116825104,1.4819592237472534
221,0.49050000309944153,1.425904393196106,0.4325000047683716,1.5187407732009888
222,0.49320000410079956,1.4210011959075928,0.4675000011920929,1.490843653678894
223,0.48750001192092896,1.4242788553237915,0.4634999930858612,1.4779138565063477
224,0.489300012588501,1.4196587800979614,0.4490000009536743,1.506058931350708
225,0.49149999022483826,1.4180349111557007,0.4519999921321869,1.5278829336166382
226,0.49320000410079956,1.4142240285873413,0.4415000081062317,1.560327410697937
227,0.4934999942779541,1.416250228881836,0.46700000762939453,1.467289924621582
228,0.4964999854564667,1.4158521890640259,0.3580000102519989,1.9403953552246094
229,0.4941999912261963,1.4160088300704956,0.45100000500679016,1.5907906293869019
230,0.49059998989105225,1.416339635848999,0.45899999141693115,1.5170726776123047
231,0.49380001425743103,1.4102115631103516,0.46000000834465027,1.489495873451233
232,0.491100013256073,1.4099289178848267,0.45350000262260437,1.5094785690307617
233,0.49619999527931213,1.4073810577392578,0.4490000009536743,1.516282320022583
234,0.49540001153945923,1.4115227460861206,0.43849998712539673,1.6683681011199951
235,0.4959000051021576,1.40800142288208,0.47350001335144043,1.4699875116348267
236,0.49790000915527344,1.4036850929260254,0.4715000092983246,1.4776691198349
237,0.5016000270843506,1.4059456586837769,0.47450000047683716,1.4619909524917603
238,0.4970000088214874,1.4036457538604736,0.46950000524520874,1.5516761541366577
239,0.5005999803543091,1.399950623512268,0.43050000071525574,1.532978892326355
240,0.5024999976158142,1.4000235795974731,0.3644999861717224,1.9481117725372314
241,0.49810001254081726,1.4023184776306152,0.4650000035762787,1.4785033464431763
242,0.5027999877929688,1.3998701572418213,0.4754999876022339,1.4844721555709839
243,0.501800000667572,1.3979436159133911,0.46399998664855957,1.4855221509933472
244,0.4999000132083893,1.3949345350265503,0.4729999899864197,1.4740865230560303
245,0.5024999976158142,1.3962293863296509,0.484499990940094,1.4390347003936768
246,0.5019000172615051,1.3933323621749878,0.45249998569488525,1.515027642250061
247,0.5012000203132629,1.3920966386795044,0.4580000042915344,1.4939043521881104
248,0.5005000233650208,1.3947008848190308,0.453000009059906,1.4953522682189941
249,0.5013999938964844,1.389662265777588,0.4505000114440918,1.4921315908432007
250,0.5078999996185303,1.3897541761398315,0.4490000009536743,1.549006462097168
251,0.4993000030517578,1.3942108154296875,0.47600001096725464,1.451211929321289
252,0.5034000277519226,1.3859564065933228,0.4675000011920929,1.465511441230774
253,0.5055999755859375,1.386195421218872,0.4580000042915344,1.4875380992889404
254,0.5054000020027161,1.3853532075881958,0.4779999852180481,1.466842770576477
255,0.5070000290870667,1.3844835758209229,0.4494999945163727,1.5075955390930176
256,0.5044000148773193,1.3822942972183228,0.4309999942779541,1.561469554901123
257,0.5024999976158142,1.3867145776748657,0.4544999897480011,1.4864709377288818
258,0.5041000247001648,1.3821115493774414,0.47699999809265137,1.459850788116455
259,0.5026999711990356,1.3805795907974243,0.4684999883174896,1.4519771337509155
260,0.5105000138282776,1.37737238407135,0.4699999988079071,1.4642409086227417
261,0.5062999725341797,1.3742454051971436,0.4699999988079071,1.5214121341705322
262,0.5076000094413757,1.3767999410629272,0.48750001192092896,1.4330780506134033
263,0.5120999813079834,1.3749953508377075,0.453000009059906,1.5697435140609741
264,0.5042999982833862,1.3760614395141602,0.4729999899864197,1.4540362358093262
265,0.5112000107765198,1.375686526298523,0.47450000047683716,1.4621025323867798
266,0.5091999769210815,1.3718984127044678,0.4830000102519989,1.433138132095337
267,0.5098000168800354,1.3729819059371948,0.48500001430511475,1.4651193618774414
268,0.5103999972343445,1.3715980052947998,0.4794999957084656,1.4544496536254883
269,0.5105000138282776,1.370102047920227,0.44200000166893005,1.509545087814331
270,0.5110999941825867,1.367897391319275,0.4855000078678131,1.44094979763031
271,0.5134999752044678,1.3641622066497803,0.45399999618530273,1.5020191669464111
272,0.5141000151634216,1.3685505390167236,0.484499990940094,1.4423516988754272
273,0.5152999758720398,1.36191725730896,0.48649999499320984,1.4364033937454224
274,0.510699987411499,1.363690972328186,0.4359999895095825,1.612328052520752
275,0.511900007724762,1.3681433200836182,0.460999995470047,1.5034544467926025
276,0.5152999758720398,1.362796664237976,0.48399999737739563,1.4862862825393677
277,0.51419997215271,1.3584011793136597,0.48399999737739563,1.4471462965011597
278,0.5126000046730042,1.359576940536499,0.47999998927116394,1.4423109292984009
279,0.5181000232696533,1.3588124513626099,0.46700000762939453,1.4912433624267578
280,0.5127999782562256,1.3577592372894287,0.4749999940395355,1.4452972412109375
281,0.5174999833106995,1.3523104190826416,0.4884999990463257,1.4322340488433838
282,0.5200999975204468,1.3574544191360474,0.47600001096725464,1.4433952569961548
283,0.515999972820282,1.3541442155838013,0.46399998664855957,1.4747340679168701
284,0.51910001039505,1.3481191396713257,0.47749999165534973,1.4476935863494873
285,0.5152000188827515,1.351016640663147,0.4465000033378601,1.5110902786254883
286,0.5174000263214111,1.3487446308135986,0.46299999952316284,1.5096062421798706
287,0.5171999931335449,1.3532195091247559,0.39100000262260437,1.7749009132385254
288,0.5169000029563904,1.3515784740447998,0.47600001096725464,1.5347130298614502
289,0.5199000239372253,1.3460365533828735,0.4884999990463257,1.429999589920044
290,0.5181000232696533,1.346240520477295,0.4894999861717224,1.424831748008728
291,0.5184000134468079,1.341812252998352,0.4894999861717224,1.4306434392929077
292,0.515999972820282,1.3464828729629517,0.4869999885559082,1.414601445198059
293,0.5184999704360962,1.3416175842285156,0.4855000078678131,1.4257134199142456
294,0.5195000171661377,1.342519760131836,0.41850000619888306,1.7438688278198242
295,0.5145999789237976,1.3488425016403198,0.47999998927116394,1.4543746709823608
296,0.5214999914169312,1.3386386632919312,0.4869999885559082,1.4394707679748535
297,0.5228999853134155,1.3389828205108643,0.492000013589859,1.4508856534957886
298,0.5224999785423279,1.3403403759002686,0.4934999942779541,1.4219598770141602
299,0.5239999890327454,1.336720585823059,0.4754999876022339,1.4470118284225464
300,0.5216000080108643,1.3344794511795044,0.49399998784065247,1.409867286682129
301,0.5235000252723694,1.3393466472625732,0.4580000042915344,1.5039794445037842
302,0.526199996471405,1.3325889110565186,0.49000000953674316,1.4152997732162476
303,0.5264999866485596,1.3321113586425781,0.375,1.9844865798950195
304,0.5224000215530396,1.3406555652618408,0.4934999942779541,1.4142394065856934
305,0.5234000086784363,1.3326761722564697,0.4490000009536743,1.5031180381774902
306,0.5238000154495239,1.3319573402404785,0.4729999899864197,1.473422884941101
307,0.5228999853134155,1.330054521560669,0.48750001192092896,1.4751100540161133
308,0.5252000093460083,1.3270163536071777,0.484499990940094,1.4287025928497314
309,0.5249999761581421,1.323641061782837,0.5015000104904175,1.4123138189315796
310,0.5299000144004822,1.3242379426956177,0.48249998688697815,1.4116027355194092
311,0.5285999774932861,1.324232578277588,0.4625000059604645,1.483917474746704
312,0.5273000001907349,1.3306682109832764,0.484499990940094,1.4170359373092651
313,0.5266000032424927,1.3186415433883667,0.4945000112056732,1.4094388484954834
314,0.5275999903678894,1.3218910694122314,0.49549999833106995,1.4080291986465454
315,0.5295000076293945,1.3186815977096558,0.4690000116825104,1.482587456703186
316,0.5264999866485596,1.3264729976654053,0.4645000100135803,1.468683123588562
317,0.5270000100135803,1.3224745988845825,0.503000020980835,1.3868812322616577
318,0.53329998254776,1.3158053159713745,0.49799999594688416,1.393185019493103
319,0.5300999879837036,1.3172656297683716,0.484499990940094,1.441941499710083
320,0.532800018787384,1.3129686117172241,0.49549999833106995,1.4172006845474243
321,0.5303999781608582,1.3140367269515991,0.4880000054836273,1.4206981658935547
322,0.5313000082969666,1.3142342567443848,0.4595000147819519,1.5368033647537231
323,0.5293999910354614,1.3151332139968872,0.48249998688697815,1.4399086236953735
324,0.5277000069618225,1.3159383535385132,0.46650001406669617,1.4524176120758057
325,0.5321000218391418,1.3122715950012207,0.4074999988079071,1.6901088953018188
326,0.5299999713897705,1.3110586404800415,0.48500001430511475,1.4406969547271729
327,0.5295000076293945,1.3089373111724854,0.47350001335144043,1.5551501512527466
328,0.5285000205039978,1.3102561235427856,0.5,1.4037247896194458
329,0.5335999727249146,1.3048524856567383,0.5040000081062317,1.4073795080184937
330,0.5357999801635742,1.305656909942627,0.46650001406669617,1.496597409248352
331,0.5388000011444092,1.3047205209732056,0.46000000834465027,1.5623176097869873
332,0.5383999943733215,1.3082022666931152,0.4805000126361847,1.4440492391586304
333,0.5335999727249146,1.3009669780731201,0.49950000643730164,1.3847711086273193
334,0.5372999906539917,1.3003920316696167,0.4480000138282776,1.5646264553070068
335,0.5353999733924866,1.3033148050308228,0.5024999976158142,1.3907314538955688
336,0.5357999801635742,1.2988957166671753,0.47350001335144043,1.4328043460845947
337,0.5353999733924866,1.2986103296279907,0.4964999854564667,1.4447773694992065
338,0.5378000140190125,1.2986749410629272,0.5019999742507935,1.3881992101669312
339,0.5382999777793884,1.2952046394348145,0.47999998927116394,1.4588911533355713
340,0.5407000184059143,1.2947595119476318,0.4819999933242798,1.4521379470825195
341,0.5371000170707703,1.295992374420166,0.5044999718666077,1.416831374168396
342,0.5370000004768372,1.2941497564315796,0.48899999260902405,1.4194366931915283
343,0.5394999980926514,1.2920178174972534,0.4880000054836273,1.3957751989364624
344,0.5385000109672546,1.2955552339553833,0.49900001287460327,1.4489461183547974
345,0.5394999980926514,1.2945117950439453,0.49549999833106995,1.3922765254974365
346,0.5425000190734863,1.2891908884048462,0.4970000088214874,1.405263066291809
347,0.5401999950408936,1.2871240377426147,0.5009999871253967,1.4114478826522827
348,0.5418000221252441,1.2893579006195068,0.503000020980835,1.3851737976074219
349,0.5422999858856201,1.289062261581421,0.4440000057220459,1.5318198204040527
350,0.5407999753952026,1.285813808441162,0.42100000381469727,1.711710810661316
351,0.5415999889373779,1.286963701248169,0.46149998903274536,1.4828718900680542
352,0.5418999791145325,1.2861295938491821,0.5009999871253967,1.386435866355896
353,0.541100025177002,1.2826433181762695,0.5044999718666077,1.3940523862838745
354,0.5404000282287598,1.2839094400405884,0.5095000267028809,1.3838754892349243
355,0.545199990272522,1.280344843864441,0.46299999952316284,1.5003454685211182
356,0.5415999889373779,1.2806532382965088,0.48500001430511475,1.4722765684127808
357,0.541700005531311,1.2790096998214722,0.47450000047683716,1.4700032472610474
358,0.545199990272522,1.2823703289031982,0.5005000233650208,1.3857980966567993
359,0.5425999760627747,1.281306505203247,0.4814999997615814,1.4426438808441162
360,0.5457000136375427,1.2798588275909424,0.5084999799728394,1.399234652519226
361,0.5482000112533569,1.27262544631958,0.5095000267028809,1.425323486328125
362,0.5485000014305115,1.2715327739715576,0.5120000243186951,1.3682454824447632
363,0.5468000173568726,1.2720469236373901,0.5,1.4322493076324463
364,0.5453000068664551,1.274355411529541,0.49900001287460327,1.3820422887802124
365,0.5482000112533569,1.2733368873596191,0.46549999713897705,1.4599308967590332
366,0.5486000180244446,1.2698782682418823,0.4975000023841858,1.382219672203064
367,0.550599992275238,1.2668581008911133,0.45249998569488525,1.5648187398910522
368,0.5507000088691711,1.271160364151001,0.5,1.3756327629089355
369,0.5478000044822693,1.267756462097168,0.512499988079071,1.3595401048660278
370,0.5512999892234802,1.264512538909912,0.5090000033378601,1.374413013458252
371,0.5491999983787537,1.2731742858886719,0.4945000112056732,1.4246635437011719
372,0.5501999855041504,1.2660053968429565,0.47099998593330383,1.5008845329284668
373,0.5539000034332275,1.263563632965088,0.49950000643730164,1.3846309185028076
374,0.5529999732971191,1.2618663311004639,0.4480000138282776,1.5476237535476685
375,0.5519999861717224,1.2633968591690063,0.5044999718666077,1.3786813020706177
376,0.5498999953269958,1.2638874053955078,0.4339999854564667,1.755707025527954
377,0.5476999878883362,1.266189694404602,0.5,1.3999110460281372
378,0.550000011920929,1.2594112157821655,0.43700000643730164,1.5950682163238525
379,0.5504999756813049,1.2609500885009766,0.4984999895095825,1.387769341468811
380,0.5522000193595886,1.2609657049179077,0.4869999885559082,1.422410249710083
381,0.5544000267982483,1.2534712553024292,0.5149999856948853,1.355576992034912
382,0.5558000206947327,1.2540663480758667,0.49799999594688416,1.4220713376998901
383,0.553600013256073,1.254860281944275,0.49000000953674316,1.4378377199172974
384,0.557699978351593,1.2524725198745728,0.5120000243186951,1.370963215827942
385,0.554099977016449,1.2553906440734863,0.5224999785423279,1.3724141120910645
386,0.5564000010490417,1.2497670650482178,0.5074999928474426,1.372337818145752
387,0.5529999732971191,1.25114905834198,0.5220000147819519,1.3567707538604736
388,0.5536999702453613,1.2517540454864502,0.4779999852180481,1.4452197551727295
389,0.5580000281333923,1.251808762550354,0.49799999594688416,1.4003221988677979
390,0.557200014591217,1.2494370937347412,0.5065000057220459,1.366332769393921
391,0.5590000152587891,1.248671054840088,0.5164999961853027,1.387251853942871
392,0.5604000091552734,1.244999647140503,0.4984999895095825,1.397589921951294
393,0.5611000061035156,1.2437975406646729,0.49799999594688416,1.3858436346054077
394,0.5598000288009644,1.2481896877288818,0.48500001430511475,1.4449270963668823
395,0.5572999715805054,1.246581792831421,0.5049999952316284,1.3728629350662231
396,0.5602999925613403,1.244309902191162,0.48750001192092896,1.451015591621399
397,0.5602999925613403,1.247640609741211,0.46050000190734863,1.481115698814392
398,0.5598000288009644,1.2417110204696655,0.45249998569488525,1.5555204153060913
399,0.5570999979972839,1.2441295385360718,0.49149999022483826,1.4160734415054321
400,0.5602999925613403,1.237290382385254,0.4684999883174896,1.5187934637069702
401,0.5591999888420105,1.2427523136138916,0.5149999856948853,1.3433526754379272
402,0.5608999729156494,1.2358076572418213,0.4909999966621399,1.4332462549209595
403,0.5669999718666077,1.2371898889541626,0.5149999856948853,1.350731372833252
404,0.5652999877929688,1.2368289232254028,0.503000020980835,1.3847249746322632
405,0.5633999705314636,1.2342990636825562,0.41350001096725464,1.806160807609558
406,0.5583000183105469,1.2425223588943481,0.4560000002384186,1.5115411281585693
407,0.5627999901771545,1.2356013059616089,0.5055000185966492,1.3914806842803955
408,0.5633999705314636,1.2315555810928345,0.5044999718666077,1.3518327474594116
409,0.5638999938964844,1.2320293188095093,0.5195000171661377,1.3568265438079834
410,0.5658000111579895,1.2251217365264893,0.4830000102519989,1.4830085039138794
411,0.5616000294685364,1.229815125465393,0.5080000162124634,1.3622627258300781
412,0.5651000142097473,1.232424020767212,0.4339999854564667,1.6132127046585083
413,0.5670999884605408,1.2354706525802612,0.49799999594688416,1.4085768461227417
414,0.5667999982833862,1.2264357805252075,0.5115000009536743,1.3763482570648193
415,0.5669999718666077,1.2304476499557495,0.4814999997615814,1.4566128253936768
416,0.5684999823570251,1.2237385511398315,0.4959999918937683,1.4168201684951782
417,0.5655999779701233,1.2217330932617188,0.5105000138282776,1.3724524974822998
418,0.5633000135421753,1.2234759330749512,0.42899999022483826,1.6466498374938965
419,0.5687000155448914,1.2295178174972534,0.49000000953674316,1.4359385967254639
420,0.5670999884605408,1.2206578254699707,0.5095000267028809,1.4181877374649048
421,0.5687999725341797,1.2170127630233765,0.429500013589859,1.725636601448059
422,0.569100022315979,1.2222785949707031,0.4729999899864197,1.5190192461013794
423,0.5680000185966492,1.2177375555038452,0.47200000286102295,1.5871670246124268
424,0.5705999732017517,1.2166180610656738,0.48399999737739563,1.4431525468826294
425,0.5684000253677368,1.2170497179031372,0.4819999933242798,1.4149596691131592
426,0.5716999769210815,1.2151983976364136,0.5115000009536743,1.381405234336853
427,0.5723000168800354,1.2138813734054565,0.5205000042915344,1.3657217025756836
428,0.5717999935150146,1.2117249965667725,0.5289999842643738,1.3256964683532715
429,0.5723999738693237,1.2138060331344604,0.3880000114440918,1.8819360733032227
430,0.5720999836921692,1.2218878269195557,0.5024999976158142,1.4525998830795288
431,0.5713000297546387,1.2097364664077759,0.5084999799728394,1.3682928085327148
432,0.5738000273704529,1.2119132280349731,0.47200000286102295,1.4723713397979736
433,0.572700023651123,1.210569977760315,0.5189999938011169,1.3303629159927368
434,0.5745000243186951,1.206105351448059,0.5115000009536743,1.381866216659546
435,0.5738999843597412,1.2043633460998535,0.5164999961853027,1.3552696704864502
436,0.5742999911308289,1.2064038515090942,0.5180000066757202,1.385894536972046
437,0.5777999758720398,1.2045841217041016,0.5195000171661377,1.3656960725784302
438,0.5745999813079834,1.2040735483169556,0.5005000233650208,1.4316707849502563
439,0.5746999979019165,1.2021225690841675,0.5055000185966492,1.3665087223052979
440,0.5717999935150146,1.2013471126556396,0.4970000088214874,1.378699779510498
441,0.5771999955177307,1.2033580541610718,0.531499981880188,1.3299883604049683
442,0.5781000256538391,1.2042884826660156,0.5304999947547913,1.3214397430419922
443,0.5782999992370605,1.1985983848571777,0.5049999952316284,1.4694570302963257
444,0.5778999924659729,1.2020257711410522,0.47699999809265137,1.4624801874160767
445,0.5784000158309937,1.198551058769226,0.5074999928474426,1.3741722106933594
446,0.5733000040054321,1.1999938488006592,0.4634999930858612,1.4836174249649048
447,0.5814999938011169,1.1939420700073242,0.47450000047683716,1.5456879138946533
448,0.5788000226020813,1.1978422403335571,0.46700000762939453,1.4725987911224365
449,0.5787000060081482,1.2010763883590698,0.5364999771118164,1.320567011833191
450,0.579200029373169,1.1934986114501953,0.5130000114440918,1.3612674474716187
451,0.5777999758720398,1.1957738399505615,0.5120000243186951,1.372359037399292
452,0.5759000182151794,1.1954978704452515,0.5070000290870667,1.374808669090271
453,0.582099974155426,1.1872652769088745,0.49050000309944153,1.4192380905151367
454,0.5842000246047974,1.187512993812561,0.5184999704360962,1.3557828664779663
455,0.5767999887466431,1.1898245811462402,0.49149999022483826,1.4138497114181519
456,0.5821999907493591,1.1931071281433105,0.5270000100135803,1.3332339525222778
457,0.5831000208854675,1.1879551410675049,0.49149999022483826,1.4430310726165771
458,0.580299973487854,1.192283034324646,0.5120000243186951,1.3718489408493042
459,0.5824000239372253,1.1854041814804077,0.5339999794960022,1.33869206905365
460,0.5827000141143799,1.185530424118042,0.4934999942779541,1.4438658952713013
461,0.5856999754905701,1.1875104904174805,0.4830000102519989,1.412961721420288
462,0.5823000073432922,1.1853547096252441,0.4950000047683716,1.4461684226989746
463,0.5839999914169312,1.1841622591018677,0.5065000057220459,1.3720141649246216
464,0.5838000178337097,1.1834990978240967,0.5180000066757202,1.3460698127746582
465,0.5853999853134155,1.1841479539871216,0.5005000233650208,1.4326034784317017
466,0.5835000276565552,1.1818655729293823,0.5304999947547913,1.3315964937210083
467,0.5821999907493591,1.181232213973999,0.47099998593330383,1.4423259496688843
468,0.5882999897003174,1.1785972118377686,0.5254999995231628,1.3549766540527344
469,0.5845999717712402,1.180816650390625,0.49900001287460327,1.4001275300979614
470,0.5845999717712402,1.1813441514968872,0.4945000112056732,1.380615234375
471,0.5825999975204468,1.1824265718460083,0.515999972820282,1.3477861881256104
472,0.5860000252723694,1.175719976425171,0.5379999876022339,1.3168165683746338
473,0.5853999853134155,1.178526520729065,0.5299999713897705,1.355075478553772
474,0.5849999785423279,1.1748371124267578,0.5214999914169312,1.3335034847259521
475,0.5849000215530396,1.175447702407837,0.5274999737739563,1.3181606531143188
476,0.5913000106811523,1.1717450618743896,0.4880000054836273,1.4452718496322632
477,0.5875999927520752,1.1726012229919434,0.49549999833106995,1.4128949642181396
478,0.5853000283241272,1.1716229915618896,0.503000020980835,1.4110454320907593
479,0.5864999890327454,1.1717661619186401,0.5115000009536743,1.3554208278656006
480,0.5864999890327454,1.1699904203414917,0.5295000076293945,1.3272050619125366
481,0.585099995136261,1.1682285070419312,0.5,1.4277501106262207
482,0.5910000205039978,1.1711808443069458,0.4754999876022339,1.4883091449737549
483,0.5860000252723694,1.1704163551330566,0.5164999961853027,1.344787359237671
484,0.5893999934196472,1.168874740600586,0.5249999761581421,1.3158973455429077
485,0.5898000001907349,1.1678006649017334,0.5354999899864197,1.3082741498947144
486,0.5913000106811523,1.1653492450714111,0.531000018119812,1.324272632598877
487,0.5889999866485596,1.1651782989501953,0.5235000252723694,1.3445650339126587
488,0.5925999879837036,1.1658223867416382,0.49799999594688416,1.4404640197753906
489,0.5906000137329102,1.1676478385925293,0.5220000147819519,1.3222941160202026
490,0.5896000266075134,1.162771463394165,0.5090000033378601,1.4076189994812012
491,0.5906999707221985,1.165698528289795,0.5264999866485596,1.3129361867904663
492,0.5932999849319458,1.1601378917694092,0.47749999165534973,1.4857109785079956
493,0.5882999897003174,1.1617342233657837,0.48100000619888306,1.4520888328552246
494,0.5911999940872192,1.1656221151351929,0.5139999985694885,1.4222517013549805
495,0.5889000296592712,1.1663997173309326,0.49549999833106995,1.3974635601043701
496,0.5928999781608582,1.1584588289260864,0.484499990940094,1.473138451576233
497,0.5942000150680542,1.1595693826675415,0.5214999914169312,1.3532018661499023
498,0.5963000059127808,1.1578365564346313,0.515999972820282,1.3506420850753784
499,0.5934000015258789,1.153028130531311,0.5199999809265137,1.3580409288406372
500,0.5942999720573425,1.1552881002426147,0.5320000052452087,1.3097878694534302
501,0.5910999774932861,1.1568248271942139,0.5230000019073486,1.3606364727020264
502,0.5929999947547913,1.1544947624206543,0.5220000147819519,1.4120116233825684
503,0.5928999781608582,1.155502200126648,0.5005000233650208,1.3848369121551514
504,0.5958999991416931,1.1534680128097534,0.5055000185966492,1.4214603900909424
505,0.5974000096321106,1.1539885997772217,0.5440000295639038,1.2950804233551025
506,0.5945000052452087,1.1534088850021362,0.5210000276565552,1.3316998481750488
507,0.5979999899864197,1.14858877658844,0.5205000042915344,1.3286852836608887
508,0.59579998254776,1.1542774438858032,0.5195000171661377,1.3453680276870728
509,0.5939000248908997,1.151415467262268,0.5450000166893005,1.3075312376022339
510,0.6003999710083008,1.1495051383972168,0.5145000219345093,1.329524278640747
511,0.6032000184059143,1.1444580554962158,0.4884999990463257,1.4205749034881592
512,0.600600004196167,1.144687533378601,0.5364999771118164,1.311955451965332
513,0.5974000096321106,1.1455501317977905,0.5249999761581421,1.311264157295227
514,0.5971999764442444,1.147783637046814,0.4620000123977661,1.6805919408798218
515,0.5971999764442444,1.1546272039413452,0.5074999928474426,1.3800610303878784
516,0.6003999710083008,1.1440335512161255,0.42250001430511475,1.6953390836715698
517,0.5949000120162964,1.1453396081924438,0.4880000054836273,1.5063978433609009
518,0.5982000231742859,1.145615816116333,0.5149999856948853,1.3631738424301147
519,0.6013000011444092,1.139464259147644,0.484499990940094,1.4376202821731567
520,0.5990999937057495,1.1392799615859985,0.4724999964237213,1.477249026298523
521,0.6015999913215637,1.139430046081543,0.5239999890327454,1.3377796411514282
522,0.6017000079154968,1.1395763158798218,0.5354999899864197,1.3270119428634644
523,0.6047999858856201,1.1340161561965942,0.49950000643730164,1.4930479526519775
524,0.6014000177383423,1.137900948524475,0.5145000219345093,1.342660665512085
525,0.5989000201225281,1.1377475261688232,0.45750001072883606,1.6214543581008911
526,0.6015999913215637,1.1373229026794434,0.5170000195503235,1.3570773601531982
527,0.6025000214576721,1.1334517002105713,0.5145000219345093,1.3981140851974487
528,0.6021000146865845,1.1367002725601196,0.5329999923706055,1.3266160488128662
529,0.600600004196167,1.1331061124801636,0.5184999704360962,1.4042630195617676
530,0.6025000214576721,1.135847806930542,0.5080000162124634,1.364720106124878
531,0.6019999980926514,1.1305031776428223,0.5350000262260437,1.3331536054611206
532,0.6036999821662903,1.1291749477386475,0.5210000276565552,1.3394193649291992
533,0.6018000245094299,1.1309651136398315,0.4925000071525574,1.4223606586456299
534,0.6040999889373779,1.131508469581604,0.5404999852180481,1.3042575120925903
535,0.6046000123023987,1.1271346807479858,0.5145000219345093,1.3909358978271484
536,0.6032000184059143,1.1288803815841675,0.5139999985694885,1.4308289289474487
537,0.6043000221252441,1.1287182569503784,0.47200000286102295,1.5124680995941162
538,0.6061000227928162,1.1255561113357544,0.5429999828338623,1.2909384965896606
539,0.6093000173568726,1.1191902160644531,0.45750001072883606,1.5466623306274414
540,0.603600025177002,1.130791425704956,0.5220000147819519,1.3418036699295044
541,0.6068999767303467,1.1226294040679932,0.5224999785423279,1.3882969617843628
542,0.6065000295639038,1.1225665807724,0.5109999775886536,1.3595662117004395
543,0.6065000295639038,1.1235592365264893,0.5354999899864197,1.3042802810668945
544,0.609000027179718,1.1203670501708984,0.5099999904632568,1.383615493774414
545,0.6040999889373779,1.1274608373641968,0.4339999854564667,1.6627790927886963
546,0.607699990272522,1.1269035339355469,0.5350000262260437,1.3394501209259033
547,0.6105999946594238,1.1203384399414062,0.5350000262260437,1.305910587310791
548,0.6079000234603882,1.1152849197387695,0.5044999718666077,1.4215143918991089
549,0.6069999933242798,1.1213932037353516,0.5174999833106995,1.413748025894165
550,0.611299991607666,1.1182845830917358,0.5254999995231628,1.366755723953247
551,0.6100000143051147,1.1175966262817383,0.5450000166893005,1.2981845140457153
552,0.6108999848365784,1.1194350719451904,0.5214999914169312,1.3763184547424316
553,0.6118000149726868,1.1144834756851196,0.515999972820282,1.3473013639450073
554,0.6061000227928162,1.1184959411621094,0.5249999761581421,1.3582863807678223
555,0.6118000149726868,1.1138556003570557,0.5350000262260437,1.321012258529663
556,0.611299991607666,1.1179946660995483,0.49050000309944153,1.5320643186569214
557,0.6132000088691711,1.111528754234314,0.5134999752044678,1.34359872341156
558,0.6123999953269958,1.1125396490097046,0.4964999854564667,1.4371927976608276
559,0.6085000038146973,1.1092045307159424,0.48899999260902405,1.4822685718536377
560,0.6101999878883362,1.1135776042938232,0.5400000214576721,1.2955344915390015
561,0.6137999892234802,1.110392689704895,0.5099999904632568,1.3651275634765625
562,0.61080002784729,1.1127618551254272,0.5410000085830688,1.2907664775848389
563,0.611299991607666,1.1069039106369019,0.5304999947547913,1.3070805072784424
564,0.6172999739646912,1.107761025428772,0.5454999804496765,1.2788316011428833
565,0.6158000230789185,1.108457088470459,0.4519999921321869,1.6793142557144165
566,0.6121000051498413,1.1132348775863647,0.5055000185966492,1.4082180261611938
567,0.6104999780654907,1.1092478036880493,0.5360000133514404,1.326569676399231
568,0.612500011920929,1.1037994623184204,0.5335000157356262,1.3224846124649048
569,0.6140000224113464,1.1063591241836548,0.5350000262260437,1.3192423582077026
570,0.6151000261306763,1.1002753973007202,0.5184999704360962,1.416424036026001
571,0.6194000244140625,1.1010353565216064,0.5274999737739563,1.3075833320617676
572,0.6129999756813049,1.1008802652359009,0.5285000205039978,1.3285958766937256
573,0.6141999959945679,1.103271245956421,0.546500027179718,1.283389687538147
574,0.6136000156402588,1.1004055738449097,0.5295000076293945,1.3897603750228882
575,0.6191999912261963,1.0980921983718872,0.5295000076293945,1.3334472179412842
576,0.6152999997138977,1.1018565893173218,0.43950000405311584,1.6849427223205566
577,0.6111000180244446,1.109993577003479,0.5485000014305115,1.2967188358306885
578,0.6171000003814697,1.0979732275009155,0.5070000290870667,1.4068868160247803
579,0.6158999800682068,1.0994986295700073,0.4749999940395355,1.5586256980895996
580,0.6128000020980835,1.1056305170059204,0.5115000009536743,1.4120426177978516
581,0.6158000230789185,1.0977730751037598,0.5285000205039978,1.3606880903244019
582,0.6137999892234802,1.0955419540405273,0.5350000262260437,1.3440085649490356
583,0.6186000108718872,1.0934011936187744,0.5554999709129333,1.2693257331848145
584,0.6187000274658203,1.091599464416504,0.5274999737739563,1.3376272916793823
585,0.6172000169754028,1.0960485935211182,0.531000018119812,1.3201286792755127
586,0.6176999807357788,1.0910015106201172,0.5270000100135803,1.3450508117675781
587,0.6171000003814697,1.0934802293777466,0.5494999885559082,1.2915763854980469
588,0.618399977684021,1.090582251548767,0.49900001287460327,1.469695806503296
589,0.6177999973297119,1.0891855955123901,0.5370000004768372,1.302334189414978
590,0.6201000213623047,1.0865117311477661,0.5494999885559082,1.2862365245819092
591,0.6202999949455261,1.0846879482269287,0.5195000171661377,1.3977605104446411
592,0.621399998664856,1.087814211845398,0.5195000171661377,1.3775395154953003
593,0.6184999942779541,1.0868815183639526,0.44600000977516174,1.6232776641845703
594,0.6151000261306763,1.0978659391403198,0.4715000092983246,1.5291991233825684
595,0.6218000054359436,1.0898758172988892,0.5260000228881836,1.3635227680206299
596,0.6208999752998352,1.0901823043823242,0.5370000004768372,1.2955938577651978
597,0.6183000206947327,1.0888561010360718,0.5239999890327454,1.3298497200012207
598,0.6226000189781189,1.0808643102645874,0.5494999885559082,1.2726272344589233
599,0.6189000010490417,1.087019681930542,0.5479999780654907,1.3009560108184814
600,0.6226000189781189,1.0836237668991089,0.5180000066757202,1.3377416133880615
601,0.6187999844551086,1.078324317932129,0.492000013589859,1.498621940612793
602,0.6190000176429749,1.083846926689148,0.5525000095367432,1.2836109399795532
603,0.6237000226974487,1.0786888599395752,0.5444999933242798,1.2923842668533325
604,0.6211000084877014,1.0833901166915894,0.4950000047683716,1.457222819328308
605,0.6194999814033508,1.0816293954849243,0.5184999704360962,1.3558717966079712
606,0.6195999979972839,1.0830267667770386,0.5335000157356262,1.3323721885681152
607,0.6226000189781189,1.081305980682373,0.531499981880188,1.331198811531067
608,0.6233999729156494,1.0754313468933105,0.4584999978542328,1.6776026487350464
609,0.6198999881744385,1.0832977294921875,0.5084999799728394,1.4043171405792236
610,0.6254000067710876,1.0741289854049683,0.5565000176429749,1.2675437927246094
611,0.6237000226974487,1.0742735862731934,0.5569999814033508,1.2689108848571777
612,0.6230000257492065,1.0754858255386353,0.5260000228881836,1.3281781673431396
613,0.6291999816894531,1.0717068910598755,0.5189999938011169,1.3558777570724487
614,0.6281999945640564,1.0717424154281616,0.4309999942779541,1.632218360900879
615,0.6258999705314636,1.074454426765442,0.5429999828338623,1.3022607564926147
616,0.6251999735832214,1.0714211463928223,0.5525000095367432,1.3008577823638916
617,0.625,1.0715588331222534,0.5220000147819519,1.402864694595337
618,0.6241999864578247,1.070658564567566,0.5115000009536743,1.3920527696609497
619,0.6262000203132629,1.0701521635055542,0.46549999713897705,1.5754148960113525
620,0.6251000165939331,1.0706981420516968,0.5329999923706055,1.3466027975082397
621,0.6287000179290771,1.0717382431030273,0.5490000247955322,1.2810542583465576
622,0.6283000111579895,1.0678492784500122,0.5515000224113464,1.2818552255630493
623,0.6270999908447266,1.0694653987884521,0.5214999914169312,1.3971248865127563
624,0.630299985408783,1.0656142234802246,0.5394999980926514,1.3218128681182861
625,0.6298999786376953,1.0638335943222046,0.5274999737739563,1.370826244354248
626,0.6283000111579895,1.0653440952301025,0.5544999837875366,1.2770522832870483
627,0.6295999884605408,1.0625548362731934,0.5460000038146973,1.2806355953216553
628,0.6270999908447266,1.062372088432312,0.5375000238418579,1.3070300817489624
629,0.6347000002861023,1.0606070756912231,0.48500001430511475,1.470577597618103
630,0.6287999749183655,1.0683088302612305,0.5479999780654907,1.2812265157699585
631,0.6291999816894531,1.0653198957443237,0.5440000295639038,1.2901073694229126
632,0.6306999921798706,1.0606019496917725,0.5329999923706055,1.3185385465621948
633,0.6337000131607056,1.0589343309402466,0.5325000286102295,1.3509732484817505
634,0.6315000057220459,1.0617408752441406,0.5454999804496765,1.3335251808166504
635,0.631600022315979,1.0573656558990479,0.5460000038146973,1.2826069593429565
636,0.629800021648407,1.0608315467834473,0.5619999766349792,1.2494866847991943
637,0.6317999958992004,1.0547282695770264,0.5245000123977661,1.369807481765747
638,0.6370000243186951,1.0562506914138794,0.5575000047683716,1.2519224882125854
639,0.6341000199317932,1.0531151294708252,0.5274999737739563,1.3572596311569214
640,0.6301000118255615,1.0574063062667847,0.47999998927116394,1.4982632398605347
641,0.629800021648407,1.0573127269744873,0.531499981880188,1.311445951461792
642,0.6302000284194946,1.0553240776062012,0.5084999799728394,1.4367985725402832
643,0.6255000233650208,1.0585514307022095,0.5245000123977661,1.350503921508789
644,0.6348999738693237,1.0562050342559814,0.5490000247955322,1.3053064346313477
645,0.6344000101089478,1.0547291040420532,0.5665000081062317,1.2629587650299072
646,0.6345000267028809,1.0446699857711792,0.534500002861023,1.3015764951705933
647,0.6326000094413757,1.0536352396011353,0.49549999833106995,1.4628887176513672
648,0.632099986076355,1.0517770051956177,0.5109999775886536,1.4248716831207275
649,0.632099986076355,1.0468957424163818,0.5525000095367432,1.2725830078125
650,0.635699987411499,1.0483201742172241,0.5230000019073486,1.4031991958618164
651,0.6335999965667725,1.0474293231964111,0.5429999828338623,1.2853374481201172
652,0.635699987411499,1.048160433769226,0.5184999704360962,1.3437021970748901
653,0.6306999921798706,1.0498733520507812,0.5220000147819519,1.361378788948059
654,0.6384999752044678,1.0424185991287231,0.5460000038146973,1.3031880855560303
655,0.6344000101089478,1.0492545366287231,0.5264999866485596,1.3801705837249756
656,0.6315000057220459,1.0485926866531372,0.5059999823570251,1.4163647890090942
657,0.6355000138282776,1.0468440055847168,0.5540000200271606,1.2809298038482666
658,0.6345999836921692,1.0452840328216553,0.5264999866485596,1.375891923904419
659,0.6341000199317932,1.0472458600997925,0.5590000152587891,1.2657769918441772
660,0.636900007724762,1.041549801826477,0.5220000147819519,1.3394056558609009
661,0.6395000219345093,1.0487120151519775,0.559499979019165,1.2605066299438477
662,0.6340000033378601,1.0465713739395142,0.5634999871253967,1.2493396997451782
663,0.636900007724762,1.0412352085113525,0.5220000147819519,1.3772203922271729
664,0.6360999941825867,1.0457404851913452,0.5320000052452087,1.3265024423599243
665,0.6376000046730042,1.0387182235717773,0.5529999732971191,1.2773339748382568
666,0.6338000297546387,1.0398918390274048,0.5354999899864197,1.2996225357055664
667,0.6377999782562256,1.037378191947937,0.5139999985694885,1.4322388172149658
668,0.6380000114440918,1.0399279594421387,0.5544999837875366,1.2679321765899658
669,0.6381000280380249,1.03788161277771,0.4399999976158142,1.6823534965515137
670,0.6345999836921692,1.045395851135254,0.5429999828338623,1.3116319179534912
671,0.6352999806404114,1.0362071990966797,0.5389999747276306,1.299070954322815
672,0.63919997215271,1.035724401473999,0.5665000081062317,1.254959225654602
673,0.6389999985694885,1.0374094247817993,0.5519999861717224,1.296004295349121
674,0.6377999782562256,1.0335750579833984,0.5,1.4679492712020874
675,0.6406000256538391,1.0307432413101196,0.4869999885559082,1.5204323530197144
676,0.636900007724762,1.0327084064483643,0.5644999742507935,1.2633848190307617
677,0.6413999795913696,1.0274744033813477,0.5180000066757202,1.4371066093444824
678,0.63919997215271,1.033943772315979,0.5210000276565552,1.3799018859863281
679,0.6401000022888184,1.033409595489502,0.5450000166893005,1.3139327764511108
680,0.641700029373169,1.0267517566680908,0.5235000252723694,1.369879126548767
681,0.6406000256538391,1.0290988683700562,0.5164999961853027,1.4884546995162964
682,0.6403999924659729,1.0299755334854126,0.546500027179718,1.3113963603973389
683,0.6359999775886536,1.0289099216461182,0.5529999732971191,1.2680513858795166
684,0.6427000164985657,1.0269745588302612,0.5504999756813049,1.283984899520874
685,0.6456999778747559,1.0247905254364014,0.484499990940094,1.5129570960998535
686,0.6371999979019165,1.033328652381897,0.5005000233650208,1.4846470355987549
687,0.6427000164985657,1.0248697996139526,0.550000011920929,1.2775979042053223
688,0.6460000276565552,1.025027871131897,0.4749999940395355,1.5967442989349365
689,0.64410001039505,1.0267788171768188,0.5730000138282776,1.2404909133911133
690,0.6449000239372253,1.0208747386932373,0.46299999952316284,1.6448897123336792
691,0.6435999870300293,1.0277390480041504,0.4934999942779541,1.5468426942825317
692,0.6478000283241272,1.0238643884658813,0.5339999794960022,1.3596415519714355
693,0.6466000080108643,1.022478699684143,0.5640000104904175,1.2879639863967896
694,0.6450999975204468,1.0192450284957886,0.5375000238418579,1.328163981437683
695,0.6437000036239624,1.0200355052947998,0.5049999952316284,1.4700908660888672
696,0.640500009059906,1.0250192880630493,0.5400000214576721,1.3623515367507935
697,0.6455000042915344,1.0226939916610718,0.5134999752044678,1.4462286233901978
698,0.6482999920845032,1.0168870687484741,0.49900001287460327,1.4433516263961792
699,0.6438000202178955,1.0182373523712158,0.5540000200271606,1.2693463563919067
700,0.6498000025749207,1.0147721767425537,0.5325000286102295,1.31560480594635
701,0.6462000012397766,1.0141197443008423,0.5584999918937683,1.2753983736038208
702,0.6455000042915344,1.0152143239974976,0.5429999828338623,1.3301632404327393
703,0.6449000239372253,1.0188047885894775,0.5015000104904175,1.422478199005127
704,0.6445000171661377,1.0188442468643188,0.5414999723434448,1.2993751764297485
705,0.6509000062942505,1.0105677843093872,0.5070000290870667,1.4491734504699707
706,0.6432999968528748,1.018121361732483,0.550000011920929,1.3120583295822144
707,0.6431999802589417,1.0127400159835815,0.5665000081062317,1.2634601593017578
708,0.6514000296592712,1.0079540014266968,0.5400000214576721,1.301697015762329
709,0.6481999754905701,1.0111724138259888,0.5529999732971191,1.274131178855896
710,0.6464999914169312,1.0117536783218384,0.5370000004768372,1.3177011013031006
711,0.6516000032424927,1.0074384212493896,0.5559999942779541,1.2652510404586792
712,0.6484000086784363,1.0086793899536133,0.5354999899864197,1.3296793699264526
713,0.647599995136261,1.0102988481521606,0.5554999709129333,1.2585639953613281
714,0.6498000025749207,1.0040630102157593,0.5504999756813049,1.2864528894424438
715,0.6468999981880188,1.0096349716186523,0.5440000295639038,1.309836745262146
716,0.6500999927520752,1.007269024848938,0.5235000252723694,1.3559898138046265
717,0.6488000154495239,1.0067962408065796,0.5479999780654907,1.3098455667495728
718,0.6506999731063843,1.0091509819030762,0.5485000014305115,1.2929415702819824
719,0.6516000032424927,1.0067033767700195,0.5074999928474426,1.419417381286621
720,0.6478999853134155,1.006677508354187,0.5260000228881836,1.3980562686920166
721,0.6514999866485596,1.0056499242782593,0.5525000095367432,1.283103108406067
722,0.6538000106811523,1.0033199787139893,0.5540000200271606,1.2840676307678223
723,0.6510000228881836,1.0005348920822144,0.5040000081062317,1.479482889175415
724,0.649399995803833,1.0035682916641235,0.5254999995231628,1.3737159967422485
725,0.6470000147819519,1.0074191093444824,0.5644999742507935,1.2476993799209595
726,0.6510999798774719,1.0026304721832275,0.5329999923706055,1.3389506340026855
727,0.6510000228881836,1.0033038854599,0.5674999952316284,1.263822317123413
728,0.651199996471405,0.998222291469574,0.5264999866485596,1.3547618389129639
729,0.65420001745224,0.9982781410217285,0.5695000290870667,1.2450789213180542
730,0.6552000045776367,0.9973115921020508,0.5425000190734863,1.3174943923950195
731,0.6527000069618225,0.9975930452346802,0.5184999704360962,1.3739330768585205
732,0.6520000100135803,0.9995845556259155,0.5575000047683716,1.287225604057312
733,0.656499981880188,0.9930641651153564,0.5199999809265137,1.36049485206604
734,0.6557999849319458,0.997998058795929,0.5600000023841858,1.2727088928222656
735,0.6557000279426575,0.996644139289856,0.5339999794960022,1.348610281944275
736,0.6520000100135803,0.997412383556366,0.5274999737739563,1.3785490989685059
737,0.6586999893188477,0.9924963712692261,0.5789999961853027,1.2439748048782349
738,0.6518999934196472,0.9929644465446472,0.565500020980835,1.2430486679077148
739,0.6577000021934509,0.9931285381317139,0.5644999742507935,1.2736997604370117
740,0.6539999842643738,0.9914104342460632,0.5479999780654907,1.3440085649490356
741,0.6525999903678894,0.9942218065261841,0.5435000061988831,1.3413759469985962
742,0.6531000137329102,0.9921477437019348,0.5644999742507935,1.2680399417877197
743,0.6517000198364258,0.9947571158409119,0.5525000095367432,1.2895054817199707
744,0.660099983215332,0.9852412939071655,0.4259999990463257,1.883972406387329
745,0.6492000222206116,1.0019010305404663,0.559499979019165,1.2808102369308472
746,0.6542999744415283,0.9884120225906372,0.5224999785423279,1.402113914489746
747,0.6557000279426575,0.9918234348297119,0.5149999856948853,1.4155285358428955
748,0.6588000059127808,0.9913035035133362,0.5490000247955322,1.3223156929016113
749,0.6513000130653381,0.9878648519515991,0.5335000157356262,1.3360390663146973
750,0.6586999893188477,0.9827484488487244,0.5274999737739563,1.3840080499649048
751,0.6557000279426575,0.9841282963752747,0.5320000052452087,1.3469698429107666
752,0.6549999713897705,0.9860154390335083,0.48750001192092896,1.5065234899520874
753,0.6559000015258789,0.9903859496116638,0.5534999966621399,1.2976692914962769
754,0.6620000004768372,0.977616012096405,0.5370000004768372,1.3655644655227661
755,0.6568999886512756,0.9872710108757019,0.5600000023841858,1.2806222438812256
756,0.6617000102996826,0.9850619435310364,0.5559999942779541,1.2758982181549072
757,0.6597999930381775,0.978828489780426,0.5559999942779541,1.2702884674072266
758,0.6600000262260437,0.9776796698570251,0.5609999895095825,1.2713695764541626
759,0.656499981880188,0.9809065461158752,0.5669999718666077,1.2463349103927612
760,0.6617000102996826,0.9834426045417786,0.5580000281333923,1.2660272121429443
761,0.6582000255584717,0.9774743914604187,0.5239999890327454,1.3693619966506958
762,0.6588000059127808,0.9783361554145813,0.5529999732971191,1.2711551189422607
763,0.661899983882904,0.9763455986976624,0.5550000071525574,1.3220913410186768
764,0.659600019454956,0.9786871075630188,0.5709999799728394,1.2297568321228027
765,0.6579999923706055,0.974586546421051,0.49300000071525574,1.4499142169952393
766,0.6592000126838684,0.9779325127601624,0.5304999947547913,1.3653028011322021
767,0.6589000225067139,0.9765072464942932,0.5630000233650208,1.2606834173202515
768,0.6632999777793884,0.9761016368865967,0.559499979019165,1.2512983083724976
769,0.6617000102996826,0.9731479287147522,0.5389999747276306,1.3960880041122437
770,0.6604999899864197,0.9749727249145508,0.5699999928474426,1.2509028911590576
771,0.6628999710083008,0.9755274653434753,0.42800000309944153,1.8113044500350952
772,0.659500002861023,0.9754629731178284,0.5289999842643738,1.3720332384109497
773,0.6597999930381775,0.9713059663772583,0.559499979019165,1.2639975547790527
774,0.6625000238418579,0.9712454080581665,0.5145000219345093,1.4772199392318726
775,0.6633999943733215,0.9741497039794922,0.578499972820282,1.2352325916290283
776,0.6618000268936157,0.9705760478973389,0.5099999904632568,1.4529833793640137
777,0.6635000109672546,0.9740073084831238,0.5745000243186951,1.2454115152359009
778,0.6635000109672546,0.9735192656517029,0.565500020980835,1.2953366041183472
779,0.6646999716758728,0.968834638595581,0.5410000085830688,1.322569489479065
780,0.661300003528595,0.9705760478973389,0.5419999957084656,1.350469708442688
781,0.6628000140190125,0.9695316553115845,0.5460000038146973,1.322429895401001
782,0.6589000225067139,0.9703070521354675,0.5325000286102295,1.3516547679901123
783,0.6635000109672546,0.9664210081100464,0.5490000247955322,1.3307442665100098
784,0.6636999845504761,0.9667098522186279,0.5630000233650208,1.2924312353134155
785,0.6676999926567078,0.9646429419517517,0.5640000104904175,1.2567118406295776
786,0.6632999777793884,0.9659894704818726,0.550000011920929,1.2997465133666992
787,0.6646000146865845,0.9675300717353821,0.5404999852180481,1.3482275009155273
788,0.6646999716758728,0.9654238224029541,0.5615000128746033,1.3017828464508057
789,0.6650999784469604,0.9638139605522156,0.5389999747276306,1.3582887649536133
790,0.6693999767303467,0.9622230529785156,0.5709999799728394,1.244289755821228
791,0.6668000221252441,0.9619452357292175,0.5724999904632568,1.2759586572647095
792,0.6650000214576721,0.9644647240638733,0.5435000061988831,1.333767056465149
793,0.6665999889373779,0.9653237462043762,0.5554999709129333,1.3058937788009644
794,0.6682999730110168,0.9587512016296387,0.5335000157356262,1.4031648635864258
795,0.66839998960495,0.965347170829773,0.5339999794960022,1.398730993270874
796,0.664900004863739,0.9665998220443726,0.5435000061988831,1.3291316032409668
797,0.669700026512146,0.956265926361084,0.574999988079071,1.2362017631530762
798,0.6686999797821045,0.9561988115310669,0.5684999823570251,1.2393046617507935
799,0.6707000136375427,0.9543349742889404,0.5429999828338623,1.331198811531067
800,0.6639000177383423,0.9552136659622192,0.5009999871253967,1.4492393732070923
801,0.6646000146865845,0.9562055468559265,0.5515000224113464,1.2851313352584839
802,0.6704999804496765,0.955698549747467,0.5795000195503235,1.2424168586730957
803,0.6718999743461609,0.9546204209327698,0.559499979019165,1.2783046960830688
804,0.6679999828338623,0.9538412094116211,0.5184999704360962,1.4082545042037964
805,0.6662999987602234,0.9555904269218445,0.5550000071525574,1.2942793369293213
806,0.6678000092506409,0.9515570998191833,0.550000011920929,1.3067647218704224
807,0.6705999970436096,0.9520907402038574,0.5630000233650208,1.2577003240585327
808,0.6692000031471252,0.9531764388084412,0.5264999866485596,1.336264967918396
809,0.6696000099182129,0.9517784118652344,0.5504999756813049,1.3347644805908203
810,0.6682000160217285,0.9528820514678955,0.5450000166893005,1.360034704208374
811,0.6671000123023987,0.9569301605224609,0.5460000038146973,1.3251357078552246
812,0.6686999797821045,0.9549410343170166,0.5230000019073486,1.382409691810608
813,0.6699000000953674,0.9542778134346008,0.5669999718666077,1.297603726387024
814,0.6725999712944031,0.9448953866958618,0.5174999833106995,1.3630907535552979
815,0.6717000007629395,0.9448509812355042,0.5245000123977661,1.420729637145996
816,0.6699000000953674,0.9494760632514954,0.5504999756813049,1.3177306652069092
817,0.6743000149726868,0.945910632610321,0.5354999899864197,1.3440643548965454
818,0.6700999736785889,0.9467490315437317,0.5559999942779541,1.3055474758148193
819,0.66839998960495,0.9527274370193481,0.5540000200271606,1.258933663368225
820,0.6747999787330627,0.9459725618362427,0.5120000243186951,1.4919884204864502
821,0.6700999736785889,0.9510643482208252,0.5674999952316284,1.2807408571243286
822,0.6729000210762024,0.9481120109558105,0.5799999833106995,1.2359927892684937
823,0.6722999811172485,0.9436845779418945,0.5400000214576721,1.3538786172866821
824,0.6697999835014343,0.9457220435142517,0.5745000243186951,1.271735429763794
825,0.6718999743461609,0.9454572200775146,0.5525000095367432,1.2834303379058838
826,0.6740000247955322,0.9395999312400818,0.5130000114440918,1.4096535444259644
827,0.6743999719619751,0.9459241032600403,0.531499981880188,1.3654848337173462
828,0.670799970626831,0.9435052871704102,0.5789999961853027,1.2435013055801392
829,0.6732000112533569,0.9444814324378967,0.5429999828338623,1.328074336051941
830,0.6761000156402588,0.939673662185669,0.5580000281333923,1.276955485343933
831,0.673799991607666,0.9401658177375793,0.5385000109672546,1.341515302658081
832,0.6779999732971191,0.9374399185180664,0.5699999928474426,1.2651396989822388
833,0.67330002784729,0.9443119168281555,0.5534999966621399,1.3285189867019653
834,0.6769000291824341,0.9366678595542908,0.5690000057220459,1.238617181777954
835,0.6773999929428101,0.9372889399528503,0.5605000257492065,1.3135099411010742
836,0.6741999983787537,0.9361992478370667,0.5615000128746033,1.263346791267395
837,0.6765000224113464,0.937598466873169,0.5669999718666077,1.2620092630386353
838,0.6787999868392944,0.9339781403541565,0.5400000214576721,1.3467928171157837
839,0.6783000230789185,0.9337829351425171,0.5525000095367432,1.3044532537460327
840,0.6739000082015991,0.9394243359565735,0.515500009059906,1.4521706104278564
841,0.6747000217437744,0.9360911846160889,0.5544999837875366,1.3007134199142456
842,0.6772000193595886,0.9345595836639404,0.5559999942779541,1.3067659139633179
843,0.6743999719619751,0.9376870393753052,0.5199999809265137,1.4086663722991943
844,0.6794999837875366,0.9326907992362976,0.5419999957084656,1.3471770286560059
845,0.6798999905586243,0.9315396547317505,0.5199999809265137,1.4719247817993164
846,0.6762999892234802,0.9316346645355225,0.5669999718666077,1.2587448358535767
847,0.6796000003814697,0.9307963848114014,0.5625,1.2919062376022339
848,0.6797000169754028,0.9284999966621399,0.5575000047683716,1.2892922163009644
849,0.6794000267982483,0.930367648601532,0.5690000057220459,1.2546356916427612
850,0.6797000169754028,0.928581178188324,0.5550000071525574,1.2809771299362183
851,0.6801999807357788,0.9292906522750854,0.5690000057220459,1.244010329246521
852,0.6819999814033508,0.9310906529426575,0.5839999914169312,1.22670316696167
853,0.6782000064849854,0.9275940656661987,0.5705000162124634,1.2654213905334473
854,0.6783999800682068,0.9257598519325256,0.5554999709129333,1.2986012697219849
855,0.6765000224113464,0.9269137978553772,0.5755000114440918,1.2484562397003174
856,0.6816999912261963,0.9232667088508606,0.5649999976158142,1.2588505744934082
857,0.6772000193595886,0.9220512509346008,0.5644999742507935,1.2802661657333374
858,0.6822999715805054,0.9257125854492188,0.5695000290870667,1.2631949186325073
859,0.6816999912261963,0.9219204187393188,0.47600001096725464,1.630687952041626
860,0.6798999905586243,0.9297367334365845,0.5615000128746033,1.2935240268707275
861,0.6811000108718872,0.9226688742637634,0.5580000281333923,1.291117548942566
862,0.6815999746322632,0.9226372838020325,0.5820000171661377,1.2441344261169434
863,0.6829000115394592,0.9198952913284302,0.5625,1.287168025970459
864,0.6797999739646912,0.9323775172233582,0.546999990940094,1.3288451433181763
865,0.6840000152587891,0.9218937754631042,0.5659999847412109,1.261165738105774
866,0.6809999942779541,0.9281036853790283,0.5809999704360962,1.2481337785720825
867,0.6823999881744385,0.923629105091095,0.5335000157356262,1.3873867988586426
868,0.6757000088691711,0.9227758646011353,0.5509999990463257,1.3185038566589355
869,0.680400013923645,0.9184022545814514,0.534500002861023,1.3617634773254395
870,0.6830000281333923,0.9253913164138794,0.5600000023841858,1.280435562133789
871,0.6837000250816345,0.9196125864982605,0.5755000114440918,1.2436840534210205
872,0.6816999912261963,0.9201521277427673,0.5410000085830688,1.392545461654663
873,0.6830999851226807,0.9167926907539368,0.4909999966621399,1.6102683544158936
874,0.6840999722480774,0.92141193151474,0.5695000290870667,1.293937087059021
875,0.683899998664856,0.911125123500824,0.5699999928474426,1.2597447633743286
876,0.6841999888420105,0.9156071543693542,0.5375000238418579,1.4154531955718994
877,0.6820999979972839,0.9165300726890564,0.5824999809265137,1.232051134109497
878,0.6855999827384949,0.9136046767234802,0.5494999885559082,1.33976149559021
879,0.6852999925613403,0.9115539193153381,0.5479999780654907,1.3912428617477417
880,0.6837999820709229,0.9159355759620667,0.5615000128746033,1.2848809957504272
881,0.6830999851226807,0.9139231443405151,0.515500009059906,1.4185459613800049
882,0.6841999888420105,0.9176600575447083,0.4934999942779541,1.6891423463821411
883,0.6851999759674072,0.9188424944877625,0.550000011920929,1.2896742820739746
884,0.6902999877929688,0.9108149409294128,0.578000009059906,1.2499629259109497
885,0.6865000128746033,0.9098579287528992,0.5770000219345093,1.247405767440796
886,0.6852999925613403,0.9143415093421936,0.5174999833106995,1.3989484310150146
887,0.6837999820709229,0.9074497818946838,0.5764999985694885,1.2716728448867798
888,0.6887999773025513,0.9107257127761841,0.4729999899864197,1.6323304176330566
889,0.6801999807357788,0.9215463995933533,0.5600000023841858,1.2900384664535522
890,0.6898000240325928,0.9048246145248413,0.5745000243186951,1.2913260459899902
891,0.6915000081062317,0.9040039777755737,0.5839999914169312,1.2434344291687012
892,0.6904000043869019,0.9069321155548096,0.5659999847412109,1.279176950454712
893,0.6919999718666077,0.9060409069061279,0.5590000152587891,1.291872262954712
894,0.682699978351593,0.9111392498016357,0.5360000133514404,1.4299625158309937
895,0.6895999908447266,0.9046869277954102,0.5669999718666077,1.2505742311477661
896,0.6873000264167786,0.9026249051094055,0.5619999766349792,1.3086034059524536
897,0.6919000148773193,0.9000285863876343,0.5249999761581421,1.4135900735855103
898,0.6875,0.9077608585357666,0.5224999785423279,1.4534180164337158
899,0.6909999847412109,0.9028719663619995,0.5435000061988831,1.3474957942962646
900,0.6895999908447266,0.9022267460823059,0.5630000233650208,1.2967610359191895
901,0.6891000270843506,0.9025372862815857,0.5224999785423279,1.4408838748931885
902,0.6934000253677368,0.9019163846969604,0.5665000081062317,1.3186604976654053
903,0.6937999725341797,0.9016193151473999,0.5554999709129333,1.3075369596481323
904,0.6931999921798706,0.8995336890220642,0.5304999947547913,1.3477669954299927
905,0.6880999803543091,0.9043144583702087,0.5715000033378601,1.2603462934494019
906,0.6919000148773193,0.8979146480560303,0.5285000205039978,1.4583134651184082
907,0.691100001335144,0.9034029245376587,0.49900001287460327,1.5907316207885742
908,0.6902999877929688,0.9005295634269714,0.5109999775886536,1.4634428024291992
909,0.6906999945640564,0.8989964127540588,0.5740000009536743,1.2667875289916992
910,0.6906999945640564,0.8997533917427063,0.5329999923706055,1.403139591217041
911,0.6948999762535095,0.8951232433319092,0.5580000281333923,1.2926439046859741
912,0.6926000118255615,0.8942943215370178,0.5249999761581421,1.396579623222351
913,0.6940000057220459,0.8987901210784912,0.5375000238418579,1.388925552368164
914,0.6938999891281128,0.8945410251617432,0.5370000004768372,1.340531587600708
915,0.6934000253677368,0.8965837955474854,0.565500020980835,1.2612760066986084
916,0.6901999711990356,0.8983781337738037,0.5690000057220459,1.279235601425171
917,0.6917999982833862,0.8920402526855469,0.5220000147819519,1.4455790519714355
918,0.6967999935150146,0.8938391804695129,0.5454999804496765,1.3780001401901245
919,0.6912999749183655,0.8990158438682556,0.5699999928474426,1.273019552230835
920,0.6948000192642212,0.890310525894165,0.5475000143051147,1.334503412246704
921,0.6962000131607056,0.8929718732833862,0.5809999704360962,1.2337781190872192
922,0.6949999928474426,0.8870329856872559,0.5814999938011169,1.2313510179519653
923,0.6935999989509583,0.8916400671005249,0.5619999766349792,1.2617799043655396
924,0.6949999928474426,0.8881651163101196,0.5205000042915344,1.4763861894607544
925,0.6987000107765198,0.8899391889572144,0.5659999847412109,1.281611442565918
926,0.6970999836921692,0.8869550824165344,0.5659999847412109,1.3000022172927856
927,0.695900022983551,0.8845375776290894,0.5515000224113464,1.3470532894134521
928,0.6960999965667725,0.8880743980407715,0.5665000081062317,1.312201976776123
929,0.6984000205993652,0.8813632726669312,0.5584999918937683,1.3059486150741577
930,0.6978999972343445,0.8836644291877747,0.5835000276565552,1.2479294538497925
931,0.6966999769210815,0.8871604204177856,0.5454999804496765,1.32871413230896
932,0.6934000253677368,0.8887363076210022,0.5759999752044678,1.2527083158493042
933,0.6987000107765198,0.8876442313194275,0.5289999842643738,1.4197643995285034
934,0.6958000063896179,0.8891763687133789,0.5504999756813049,1.3747676610946655
935,0.6974999904632568,0.8870490193367004,0.5435000061988831,1.3514442443847656
936,0.699400007724762,0.8854063749313354,0.5634999871253967,1.2981441020965576
937,0.696399986743927,0.8891913890838623,0.5444999933242798,1.3817824125289917
938,0.7006000280380249,0.8830384612083435,0.5440000295639038,1.3867570161819458
939,0.6937000155448914,0.8848927617073059,0.5534999966621399,1.2899125814437866
940,0.6988999843597412,0.8822968602180481,0.5709999799728394,1.2746034860610962
941,0.6984000205993652,0.8797013759613037,0.5,1.5522366762161255
942,0.6955999732017517,0.8863693475723267,0.546500027179718,1.3536767959594727
943,0.6995999813079834,0.878840446472168,0.590499997138977,1.2276989221572876
944,0.699400007724762,0.8775221705436707,0.4675000011920929,1.818023443222046
945,0.6991000175476074,0.879672646522522,0.4860000014305115,1.6138508319854736
946,0.7003999948501587,0.8811098337173462,0.4645000100135803,1.8075151443481445
947,0.6987000107765198,0.8832402229309082,0.5835000276565552,1.2366771697998047
948,0.7006000280380249,0.8807873725891113,0.5559999942779541,1.3528828620910645
949,0.704200029373169,0.8756648302078247,0.5690000057220459,1.2750742435455322
950,0.6991000175476074,0.8794065713882446,0.5059999823570251,1.5053348541259766
951,0.7001000046730042,0.8758509755134583,0.5745000243186951,1.2621642351150513
952,0.7009000182151794,0.875370979309082,0.5529999732971191,1.3251553773880005
953,0.7006999850273132,0.877529501914978,0.492000013589859,1.5422571897506714
954,0.704800009727478,0.87298983335495,0.5640000104904175,1.28737473487854
955,0.7005000114440918,0.8715091943740845,0.5534999966621399,1.3320956230163574
956,0.7026000022888184,0.8733804821968079,0.5080000162124634,1.546509027481079
957,0.703000009059906,0.8714446425437927,0.5525000095367432,1.3564976453781128
958,0.7003999948501587,0.8754889369010925,0.5485000014305115,1.2917402982711792
959,0.7020000219345093,0.8742034435272217,0.5745000243186951,1.252697467803955
960,0.7031999826431274,0.8685213923454285,0.5764999985694885,1.2602226734161377
961,0.701200008392334,0.8694101572036743,0.5630000233650208,1.293741226196289
962,0.7038000226020813,0.8698403239250183,0.5600000023841858,1.3287749290466309
963,0.7009000182151794,0.8704437613487244,0.5644999742507935,1.3355815410614014
964,0.704800009727478,0.867928147315979,0.5354999899864197,1.3832066059112549
965,0.7049999833106995,0.8682519793510437,0.5699999928474426,1.3186964988708496
966,0.7009000182151794,0.8709759712219238,0.5705000162124634,1.2743924856185913
967,0.7035999894142151,0.8642858266830444,0.5575000047683716,1.2961783409118652
968,0.70660001039505,0.8673979640007019,0.5440000295639038,1.3635348081588745
969,0.70169997215271,0.8665034174919128,0.5174999833106995,1.4619853496551514
970,0.7041000127792358,0.8686063289642334,0.5874999761581421,1.2369072437286377
971,0.7023000121116638,0.8627496361732483,0.5509999990463257,1.329922080039978
972,0.703499972820282,0.8663842678070068,0.5830000042915344,1.2265050411224365
973,0.7081999778747559,0.861392080783844,0.5680000185966492,1.2694724798202515
974,0.7069000005722046,0.862942099571228,0.5665000081062317,1.2900484800338745
975,0.7044000029563904,0.859329104423523,0.5709999799728394,1.300976037979126
976,0.70660001039505,0.8598387837409973,0.5299999713897705,1.397718906402588
977,0.7020999789237976,0.8723508715629578,0.5835000276565552,1.2712314128875732
978,0.707099974155426,0.8615197539329529,0.5705000162124634,1.28996741771698
979,0.7046999931335449,0.8605952858924866,0.5680000185966492,1.2740001678466797
980,0.7069000005722046,0.8627586960792542,0.5534999966621399,1.352361798286438
981,0.7069000005722046,0.858504593372345,0.5634999871253967,1.297298550605774
982,0.7041000127792358,0.861840546131134,0.5690000057220459,1.2879010438919067
983,0.7124999761581421,0.8533740043640137,0.5385000109672546,1.3590598106384277
984,0.7091000080108643,0.8580088019371033,0.5364999771118164,1.4319193363189697
985,0.7088000178337097,0.8583715558052063,0.5770000219345093,1.2724859714508057
986,0.7075999975204468,0.8568819165229797,0.5544999837875366,1.3842629194259644
987,0.7105000019073486,0.8567238450050354,0.5839999914169312,1.2480632066726685
988,0.7106999754905701,0.8529669046401978,0.5805000066757202,1.254593849182129
989,0.7067000269889832,0.8640549778938293,0.5910000205039978,1.2293651103973389
990,0.7102000117301941,0.8524799942970276,0.5755000114440918,1.283446192741394
991,0.7092000246047974,0.8547106385231018,0.531000018119812,1.477155327796936
992,0.710099995136261,0.8568823337554932,0.5845000147819519,1.24591863155365
993,0.708299994468689,0.854381263256073,0.5379999876022339,1.436875581741333
994,0.7120000123977661,0.8529748916625977,0.5435000061988831,1.401440143585205
995,0.7098000049591064,0.8521957993507385,0.5855000019073486,1.2510671615600586
996,0.708899974822998,0.8500021696090698,0.574999988079071,1.2950917482376099
997,0.7069000005722046,0.8547201156616211,0.5665000081062317,1.2697583436965942
998,0.7095999717712402,0.8486852645874023,0.5479999780654907,1.3676726818084717
999,0.7081999778747559,0.8558627963066101,0.5669999718666077,1.2690579891204834
