epoch,accuracy,loss,val_accuracy,val_loss
0,0.12530000507831573,2.3065450191497803,0.1274999976158142,2.2971527576446533
1,0.15649999678134918,2.290971279144287,0.16750000417232513,2.288492202758789
2,0.16979999840259552,2.283294439315796,0.1809999942779541,2.28178071975708
3,0.17159999907016754,2.2765321731567383,0.18250000476837158,2.2754383087158203
4,0.17419999837875366,2.269580602645874,0.18649999797344208,2.2688634395599365
5,0.17669999599456787,2.262479066848755,0.19449999928474426,2.261502504348755
6,0.179299995303154,2.254695415496826,0.1965000033378601,2.2533249855041504
7,0.18440000712871552,2.2458930015563965,0.19599999487400055,2.244452953338623
8,0.18979999423027039,2.2357945442199707,0.20100000500679016,2.2331111431121826
9,0.1987999975681305,2.2238144874572754,0.20399999618530273,2.2201039791107178
10,0.20970000326633453,2.2101857662200928,0.2070000022649765,2.206521987915039
11,0.20600000023841858,2.195164918899536,0.2199999988079071,2.1903419494628906
12,0.21819999814033508,2.1785857677459717,0.21400000154972076,2.1719632148742676
13,0.22370000183582306,2.1605236530303955,0.22750000655651093,2.1529529094696045
14,0.23420000076293945,2.1415650844573975,0.23749999701976776,2.1335623264312744
15,0.24050000309944153,2.122000217437744,0.24699999392032623,2.114459276199341
16,0.24709999561309814,2.10273814201355,0.23899999260902405,2.0964155197143555
17,0.25110000371932983,2.0843849182128906,0.2630000114440918,2.078505754470825
18,0.25839999318122864,2.0676820278167725,0.2590000033378601,2.060331344604492
19,0.26330000162124634,2.051222324371338,0.25600001215934753,2.0457398891448975
20,0.2651999890804291,2.0376925468444824,0.27549999952316284,2.03230619430542
21,0.2709999978542328,2.0255541801452637,0.2705000042915344,2.023679256439209
22,0.2745000123977661,2.0146336555480957,0.2549999952316284,2.0245320796966553
23,0.2797999978065491,2.0054924488067627,0.27549999952316284,2.00396466255188
24,0.27880001068115234,1.996292233467102,0.265500009059906,2.0098936557769775
25,0.2824000120162964,1.9889671802520752,0.273499995470047,1.9864672422409058
26,0.289000004529953,1.9802123308181763,0.26649999618530273,1.9841176271438599
27,0.29030001163482666,1.9734972715377808,0.29499998688697815,1.9757697582244873
28,0.29100000858306885,1.9666249752044678,0.27799999713897705,1.9701955318450928
29,0.29339998960494995,1.960116982460022,0.29600000381469727,1.9626491069793701
30,0.29829999804496765,1.954093337059021,0.289000004529953,1.954284429550171
31,0.3012999892234802,1.9472318887710571,0.30149999260902405,1.9531009197235107
32,0.301800012588501,1.9413800239562988,0.29899999499320984,1.9418836832046509
33,0.30379998683929443,1.9349408149719238,0.2955000102519989,1.935964822769165
34,0.3068999946117401,1.9290508031845093,0.29100000858306885,1.9373059272766113
35,0.31189998984336853,1.9222252368927002,0.30799999833106995,1.9352465867996216
36,0.3151000142097473,1.9168105125427246,0.304500013589859,1.9289244413375854
37,0.319599986076355,1.9107117652893066,0.3005000054836273,1.9154248237609863
38,0.32089999318122864,1.904418706893921,0.3109999895095825,1.908965826034546
39,0.32339999079704285,1.897872805595398,0.31049999594688416,1.9094892740249634
40,0.3246000111103058,1.8909046649932861,0.3165000081062317,1.9034911394119263
41,0.32710000872612,1.8863261938095093,0.30399999022483826,1.9138153791427612
42,0.3264999985694885,1.8801912069320679,0.3154999911785126,1.887140154838562
43,0.3292999863624573,1.8737056255340576,0.3215000033378601,1.8856804370880127
44,0.3336000144481659,1.8684948682785034,0.3154999911785126,1.8755683898925781
45,0.33570000529289246,1.8622404336929321,0.3255000114440918,1.8680368661880493
46,0.3377000093460083,1.8557707071304321,0.29899999499320984,1.899699330329895
47,0.3425999879837036,1.8504064083099365,0.320499986410141,1.864255666732788
48,0.34439998865127563,1.8444346189498901,0.32850000262260437,1.851696491241455
49,0.34540000557899475,1.8379006385803223,0.32350000739097595,1.8507243394851685
50,0.3465999960899353,1.8322837352752686,0.3319999873638153,1.8467199802398682
51,0.34880000352859497,1.8267812728881836,0.3384999930858612,1.8410474061965942
52,0.35269999504089355,1.820526123046875,0.32899999618530273,1.8325467109680176
53,0.35359999537467957,1.81596839427948,0.3244999945163727,1.8351504802703857
54,0.35690000653266907,1.811309576034546,0.33149999380111694,1.8298298120498657
55,0.3553999960422516,1.8050785064697266,0.3190000057220459,1.8407801389694214
56,0.36039999127388,1.8002434968948364,0.3395000100135803,1.8202309608459473
57,0.3603000044822693,1.7946605682373047,0.33899998664855957,1.812109351158142
58,0.359499990940094,1.7907851934432983,0.3384999930858612,1.8202111721038818
59,0.36640000343322754,1.7867261171340942,0.33550000190734863,1.8161234855651855
60,0.364300012588501,1.780118703842163,0.3370000123977661,1.819321632385254
61,0.36910000443458557,1.7762365341186523,0.35350000858306885,1.7965810298919678
62,0.3691999912261963,1.770087480545044,0.31700000166893005,1.8394196033477783
63,0.3734999895095825,1.7667572498321533,0.32749998569488525,1.8291608095169067
64,0.3716000020503998,1.763205885887146,0.32600000500679016,1.8149621486663818
65,0.3785000145435333,1.7569776773452759,0.3610000014305115,1.777589201927185
66,0.374099999666214,1.753560185432434,0.35600000619888306,1.7847917079925537
67,0.37860000133514404,1.7494609355926514,0.36149999499320984,1.7718265056610107
68,0.38109999895095825,1.7444591522216797,0.35499998927116394,1.7913920879364014
69,0.3822999894618988,1.7409437894821167,0.34299999475479126,1.7811485528945923
70,0.3815999925136566,1.737128734588623,0.3370000123977661,1.79618501663208
71,0.3813999891281128,1.734272837638855,0.367000013589859,1.7551453113555908
72,0.3865000009536743,1.7286884784698486,0.3474999964237213,1.7674261331558228
73,0.3865000009536743,1.7241770029067993,0.35899999737739563,1.7535048723220825
74,0.38760000467300415,1.7207163572311401,0.35749998688697815,1.752593755722046
75,0.38999998569488525,1.7166699171066284,0.3774999976158142,1.7380428314208984
76,0.3935000002384186,1.7125943899154663,0.35499998927116394,1.7631903886795044
77,0.3910999894142151,1.7093422412872314,0.3569999933242798,1.7461966276168823
78,0.3935000002384186,1.7044485807418823,0.3675000071525574,1.7602686882019043
79,0.39430001378059387,1.6997562646865845,0.3734999895095825,1.735689401626587
80,0.3995000123977661,1.6977001428604126,0.3720000088214874,1.7437490224838257
81,0.40059998631477356,1.6937642097473145,0.3840000033378601,1.7132160663604736
82,0.4004000127315521,1.6905773878097534,0.367000013589859,1.7365654706954956
83,0.3970000147819519,1.6859865188598633,0.3799999952316284,1.7504411935806274
84,0.4009000062942505,1.6839683055877686,0.3804999887943268,1.7207363843917847
85,0.4032000005245209,1.677850365638733,0.3409999907016754,1.7752223014831543
86,0.4032000005245209,1.674916386604309,0.39250001311302185,1.6996629238128662
87,0.40880000591278076,1.6710779666900635,0.38749998807907104,1.7014366388320923
88,0.4027000069618225,1.6693646907806396,0.3785000145435333,1.7056642770767212
89,0.41100001335144043,1.6642118692398071,0.40299999713897705,1.695435881614685
90,0.4090999960899353,1.6612759828567505,0.34299999475479126,1.74961519241333
91,0.4066999852657318,1.65720796585083,0.40149998664855957,1.6936813592910767
92,0.41269999742507935,1.654026746749878,0.38749998807907104,1.7590558528900146
93,0.4162999987602234,1.6500097513198853,0.4009999930858612,1.700358271598816
94,0.4138000011444092,1.645389437675476,0.3880000114440918,1.6790471076965332
95,0.4185999929904938,1.6426289081573486,0.3865000009536743,1.6913647651672363
96,0.4212000072002411,1.6388492584228516,0.3714999854564667,1.762930989265442
97,0.4189000129699707,1.6356571912765503,0.3944999873638153,1.6782687902450562
98,0.42289999127388,1.6309120655059814,0.40149998664855957,1.6944127082824707
99,0.42329999804496765,1.6275184154510498,0.4000000059604645,1.6734212636947632
100,0.4226999878883362,1.6248948574066162,0.4059999883174896,1.6680586338043213
101,0.42559999227523804,1.6211637258529663,0.37049999833106995,1.7139471769332886
102,0.426800012588501,1.6180305480957031,0.3610000014305115,1.7188832759857178
103,0.428600013256073,1.6160204410552979,0.4104999899864197,1.6551799774169922
104,0.42899999022483826,1.6108390092849731,0.38499999046325684,1.675952672958374
105,0.4300999939441681,1.6078777313232422,0.4104999899864197,1.656227707862854
106,0.43050000071525574,1.605262041091919,0.3959999978542328,1.657863974571228
107,0.4323999881744385,1.6008059978485107,0.42399999499320984,1.6363487243652344
108,0.4332999885082245,1.5977442264556885,0.4235000014305115,1.6248699426651
109,0.43369999527931213,1.5946675539016724,0.42899999022483826,1.6214637756347656
110,0.43290001153945923,1.591542363166809,0.398499995470047,1.6866374015808105
111,0.4336000084877014,1.5891839265823364,0.40149998664855957,1.6440309286117554
112,0.43779999017715454,1.5852162837982178,0.4189999997615814,1.634785532951355
113,0.43950000405311584,1.581747055053711,0.41200000047683716,1.6311880350112915
114,0.43860000371932983,1.5783637762069702,0.39500001072883606,1.749259352684021
115,0.4397999942302704,1.5780388116836548,0.4065000116825104,1.6443371772766113
116,0.43880000710487366,1.5741556882858276,0.41200000047683716,1.6387555599212646
117,0.44119998812675476,1.5698494911193848,0.42899999022483826,1.6176317930221558
118,0.44209998846054077,1.568193793296814,0.4235000014305115,1.6076229810714722
119,0.44510000944137573,1.5648757219314575,0.42750000953674316,1.5899503231048584
120,0.4424000084400177,1.5604429244995117,0.41350001096725464,1.6253070831298828
121,0.44519999623298645,1.5604952573776245,0.4189999997615814,1.609699010848999
122,0.4456999897956848,1.5546493530273438,0.42899999022483826,1.5859897136688232
123,0.44350001215934753,1.5536547899246216,0.4300000071525574,1.6005022525787354
124,0.4465000033378601,1.5501246452331543,0.4339999854564667,1.5891202688217163
125,0.45080000162124634,1.5477635860443115,0.42899999022483826,1.618464469909668
126,0.44830000400543213,1.5449435710906982,0.43549999594688416,1.5990707874298096
127,0.44859999418258667,1.5422080755233765,0.42899999022483826,1.6011041402816772
128,0.4505999982357025,1.5396859645843506,0.4034999907016754,1.724025011062622
129,0.4507000148296356,1.54059636592865,0.44200000166893005,1.57322359085083
130,0.45559999346733093,1.534176230430603,0.43799999356269836,1.5659270286560059
131,0.45329999923706055,1.534061074256897,0.4345000088214874,1.5982083082199097
132,0.45260000228881836,1.5307495594024658,0.4350000023841858,1.5715428590774536
133,0.454800009727478,1.5273630619049072,0.4410000145435333,1.5808234214782715
134,0.45680001378059387,1.525415301322937,0.4449999928474426,1.565881371498108
135,0.4569999873638153,1.5238581895828247,0.41999998688697815,1.6182804107666016
136,0.4537999927997589,1.5234051942825317,0.43149998784065247,1.5879909992218018
137,0.45730000734329224,1.5200055837631226,0.4449999928474426,1.5698214769363403
138,0.45809999108314514,1.5185614824295044,0.4429999887943268,1.5561206340789795
139,0.4603999853134155,1.5147593021392822,0.4449999928474426,1.561342477798462
140,0.4593000113964081,1.5112560987472534,0.43950000405311584,1.588861346244812
141,0.4569999873638153,1.511437177658081,0.44449999928474426,1.5734959840774536
142,0.46149998903274536,1.5085322856903076,0.44850000739097595,1.566622018814087
143,0.4602000117301941,1.5073267221450806,0.4494999945163727,1.5371967554092407
144,0.4625000059604645,1.5050549507141113,0.4449999928474426,1.5577183961868286
145,0.46219998598098755,1.5029343366622925,0.42899999022483826,1.6099588871002197
146,0.4666999876499176,1.500827670097351,0.4399999976158142,1.5448834896087646
147,0.4643000066280365,1.4978240728378296,0.4429999887943268,1.5614742040634155
148,0.4690999984741211,1.495910882949829,0.3894999921321869,1.7125617265701294
149,0.46480000019073486,1.4973303079605103,0.3659999966621399,1.919450283050537
150,0.4659000039100647,1.496177077293396,0.4465000033378601,1.543373465538025
151,0.46880000829696655,1.4900749921798706,0.4390000104904175,1.5558323860168457
152,0.4697999954223633,1.489377498626709,0.42500001192092896,1.6283034086227417
153,0.47279998660087585,1.4880220890045166,0.4424999952316284,1.5587916374206543
154,0.4745999872684479,1.4855939149856567,0.46650001406669617,1.5154727697372437
155,0.47380000352859497,1.4833465814590454,0.4180000126361847,1.6008411645889282
156,0.47029998898506165,1.4854631423950195,0.45399999618530273,1.550225853919983
157,0.47209998965263367,1.4820023775100708,0.46399998664855957,1.5277279615402222
158,0.47510001063346863,1.4773470163345337,0.4519999921321869,1.5336599349975586
159,0.47380000352859497,1.4768598079681396,0.453000009059906,1.5717157125473022
160,0.47530001401901245,1.4759541749954224,0.43799999356269836,1.5558172464370728
161,0.4767000079154968,1.4719810485839844,0.4244999885559082,1.6148968935012817
162,0.47380000352859497,1.4730767011642456,0.43549999594688416,1.5927443504333496
163,0.4763000011444092,1.4697778224945068,0.4519999921321869,1.5433851480484009
164,0.47780001163482666,1.4689629077911377,0.4494999945163727,1.527646541595459
165,0.48069998621940613,1.4680578708648682,0.46149998903274536,1.5158690214157104
166,0.47600001096725464,1.465246558189392,0.4625000059604645,1.502429485321045
167,0.4797999858856201,1.4630616903305054,0.45399999618530273,1.5229092836380005
168,0.4796999990940094,1.4597527980804443,0.4325000047683716,1.6256325244903564
169,0.48010000586509705,1.4633208513259888,0.4659999907016754,1.5016586780548096
170,0.4790000021457672,1.4591807126998901,0.445499986410141,1.5392087697982788
171,0.4788999855518341,1.4613583087921143,0.2915000021457672,2.348219394683838
172,0.482699990272522,1.4677907228469849,0.43700000643730164,1.616530418395996
173,0.47940000891685486,1.4570837020874023,0.46650001406669617,1.505832552909851
174,0.47920000553131104,1.4549834728240967,0.45649999380111694,1.5514200925827026
175,0.4810999929904938,1.4519230127334595,0.4675000011920929,1.5075998306274414
176,0.4846000075340271,1.4497833251953125,0.4634999930858612,1.5169968605041504
177,0.48739999532699585,1.4473154544830322,0.44999998807907104,1.5327270030975342
178,0.4862000048160553,1.4471163749694824,0.4634999930858612,1.509139895439148
179,0.48539999127388,1.4470247030258179,0.45249998569488525,1.5349057912826538
180,0.4828000068664551,1.4435707330703735,0.4429999887943268,1.5906052589416504
181,0.4869999885559082,1.442954659461975,0.46700000762939453,1.509413242340088
182,0.48570001125335693,1.4426836967468262,0.46799999475479126,1.4996999502182007
183,0.4869999885559082,1.4371097087860107,0.46050000190734863,1.5042459964752197
184,0.4876999855041504,1.4370211362838745,0.45100000500679016,1.5339949131011963
185,0.48730000853538513,1.4380663633346558,0.46650001406669617,1.5096852779388428
186,0.48809999227523804,1.4350601434707642,0.42100000381469727,1.5759433507919312
187,0.4887000024318695,1.435621738433838,0.4494999945163727,1.6002347469329834
188,0.4900999963283539,1.4327585697174072,0.4779999852180481,1.467018485069275
189,0.4912000000476837,1.4345366954803467,0.4595000147819519,1.5389189720153809
190,0.48890000581741333,1.428601861000061,0.47099998593330383,1.5013515949249268
191,0.4968000054359436,1.4276334047317505,0.42649999260902405,1.5726542472839355
192,0.49000000953674316,1.4308587312698364,0.4699999988079071,1.496881365776062
193,0.4925000071525574,1.4265799522399902,0.47450000047683716,1.4860607385635376
194,0.49070000648498535,1.4240336418151855,0.48249998688697815,1.4748235940933228
195,0.49390000104904175,1.4248913526535034,0.4699999988079071,1.4909193515777588
196,0.49720001220703125,1.4216909408569336,0.46299999952316284,1.4970018863677979
197,0.4950999915599823,1.4211633205413818,0.4690000116825104,1.4879835844039917
198,0.49570000171661377,1.41820228099823,0.47600001096725464,1.5004059076309204
199,0.49470001459121704,1.4178458452224731,0.476500004529953,1.4700853824615479
200,0.49810001254081726,1.415921688079834,0.4494999945163727,1.5729671716690063
201,0.4966000020503998,1.4182981252670288,0.4794999957084656,1.4658762216567993
202,0.4968000054359436,1.4147238731384277,0.4814999997615814,1.4777103662490845
203,0.49549999833106995,1.412602424621582,0.48500001430511475,1.4589241743087769
204,0.49959999322891235,1.4128596782684326,0.47450000047683716,1.472278118133545
205,0.49779999256134033,1.410466194152832,0.45899999141693115,1.5006574392318726
206,0.49480000138282776,1.4102476835250854,0.47099998593330383,1.4702305793762207
207,0.49950000643730164,1.4079033136367798,0.46000000834465027,1.5140862464904785
208,0.4999000132083893,1.4091466665267944,0.47350001335144043,1.473534345626831
209,0.505299985408783,1.403348445892334,0.4880000054836273,1.4464665651321411
210,0.5013999938964844,1.4057936668395996,0.460999995470047,1.515128493309021
211,0.5005999803543091,1.4033666849136353,0.47099998593330383,1.4956295490264893
212,0.5029000043869019,1.4007617235183716,0.4410000145435333,1.5560741424560547
213,0.5011000037193298,1.4009488821029663,0.47850000858306885,1.452580451965332
214,0.5001999735832214,1.3997882604599,0.4675000011920929,1.4852781295776367
215,0.5058000087738037,1.3971582651138306,0.4790000021457672,1.4675155878067017
216,0.5016999840736389,1.3987147808074951,0.48399999737739563,1.4561129808425903
217,0.5105999708175659,1.392930507659912,0.45899999141693115,1.5959248542785645
218,0.5026999711990356,1.3989611864089966,0.46549999713897705,1.5106292963027954
219,0.5087000131607056,1.3937718868255615,0.4790000021457672,1.4611804485321045
220,0.5074999928474426,1.3898112773895264,0.48249998688697815,1.4502536058425903
221,0.5067999958992004,1.391889214515686,0.4650000035762787,1.470014214515686
222,0.503600001335144,1.3891868591308594,0.4884999990463257,1.4409120082855225
223,0.5105000138282776,1.3892747163772583,0.48350000381469727,1.4416946172714233
224,0.5077999830245972,1.3872051239013672,0.46549999713897705,1.4624220132827759
225,0.5074999928474426,1.3850829601287842,0.47049999237060547,1.5023707151412964
226,0.5145000219345093,1.3823531866073608,0.4749999940395355,1.4764820337295532
227,0.5074999928474426,1.3835197687149048,0.4869999885559082,1.4377175569534302
228,0.508400022983551,1.3827059268951416,0.3995000123977661,1.791824221611023
229,0.5117999911308289,1.382258653640747,0.4659999907016754,1.5368446111679077
230,0.5095000267028809,1.3824388980865479,0.4715000092983246,1.4788717031478882
231,0.5152999758720398,1.3771456480026245,0.4634999930858612,1.4671151638031006
232,0.5115000009536743,1.3778135776519775,0.45399999618530273,1.493708610534668
233,0.5127000212669373,1.3762342929840088,0.47099998593330383,1.4688444137573242
234,0.5134999752044678,1.376175045967102,0.4595000147819519,1.54983651638031
235,0.5167999863624573,1.3743363618850708,0.4984999895095825,1.4397529363632202
236,0.5170999765396118,1.371781826019287,0.4860000014305115,1.450037956237793
237,0.5171999931335449,1.3718055486679077,0.48899999260902405,1.4336092472076416
238,0.5130000114440918,1.370348334312439,0.4855000078678131,1.4590349197387695
239,0.51419997215271,1.3665648698806763,0.45350000262260437,1.4920904636383057
240,0.5145000219345093,1.367170810699463,0.3840000033378601,1.879760980606079
241,0.5146999955177307,1.3687835931777954,0.4869999885559082,1.435907244682312
242,0.5156000256538391,1.364707112312317,0.4925000071525574,1.479143500328064
243,0.5134000182151794,1.3656572103500366,0.48100000619888306,1.445279598236084
244,0.5185999870300293,1.3611695766448975,0.4884999990463257,1.4437854290008545
245,0.5231000185012817,1.364466905593872,0.4950000047683716,1.409758448600769
246,0.51910001039505,1.3595174551010132,0.47049999237060547,1.4763633012771606
247,0.5202000141143799,1.3590679168701172,0.4684999883174896,1.4665205478668213
248,0.5210000276565552,1.360185146331787,0.4645000100135803,1.4641731977462769
249,0.5188000202178955,1.3558083772659302,0.4779999852180481,1.4491949081420898
250,0.5217000246047974,1.3563895225524902,0.445499986410141,1.5645321607589722
251,0.51910001039505,1.3598556518554688,0.4869999885559082,1.4114264249801636
252,0.5256999731063843,1.3522372245788574,0.4894999861717224,1.436873435974121
253,0.5213000178337097,1.3530352115631104,0.4950000047683716,1.4358912706375122
254,0.5210999846458435,1.3508899211883545,0.4880000054836273,1.4432119131088257
255,0.5234000086784363,1.3498915433883667,0.46050000190734863,1.506392478942871
256,0.5235999822616577,1.3499107360839844,0.43950000405311584,1.5300663709640503
257,0.5221999883651733,1.3526391983032227,0.45350000262260437,1.4983396530151367
258,0.5228999853134155,1.3485891819000244,0.4869999885559082,1.4230917692184448
259,0.5228000283241272,1.347838044166565,0.4884999990463257,1.412250280380249
260,0.5284000039100647,1.3429620265960693,0.49149999022483826,1.4193058013916016
261,0.5266000032424927,1.3415337800979614,0.476500004529953,1.4828919172286987
262,0.5235999822616577,1.342527985572815,0.5040000081062317,1.4016586542129517
263,0.5260000228881836,1.3413845300674438,0.4805000126361847,1.4635424613952637
264,0.5246000289916992,1.3422433137893677,0.48350000381469727,1.432438611984253
265,0.5221999883651733,1.3422800302505493,0.4884999990463257,1.428447961807251
266,0.526199996471405,1.3390880823135376,0.5040000081062317,1.4041335582733154
267,0.5266000032424927,1.3390703201293945,0.4934999942779541,1.428202509880066
268,0.5289999842643738,1.3371477127075195,0.4945000112056732,1.4112591743469238
269,0.5284000039100647,1.336729884147644,0.48350000381469727,1.4152476787567139
270,0.5285000205039978,1.3335083723068237,0.4959999918937683,1.3999993801116943
271,0.5268999934196472,1.3315626382827759,0.46950000524520874,1.4463083744049072
272,0.5286999940872192,1.3344101905822754,0.4950000047683716,1.4111191034317017
273,0.5307999849319458,1.3283072710037231,0.503000020980835,1.3955497741699219
274,0.5292999744415283,1.3295272588729858,0.48649999499320984,1.4756224155426025
275,0.52920001745224,1.3310387134552002,0.4794999957084656,1.459101676940918
276,0.5320000052452087,1.3283014297485352,0.4970000088214874,1.4497708082199097
277,0.5296000242233276,1.3253209590911865,0.4909999966621399,1.4225178956985474
278,0.5300999879837036,1.3266154527664185,0.4884999990463257,1.421657919883728
279,0.5333999991416931,1.3254194259643555,0.48899999260902405,1.4305288791656494
280,0.534600019454956,1.3230382204055786,0.4869999885559082,1.4372005462646484
281,0.5340999960899353,1.3193556070327759,0.49950000643730164,1.3937710523605347
282,0.5335000157356262,1.3248224258422852,0.48649999499320984,1.4364515542984009
283,0.5329999923706055,1.3208659887313843,0.4970000088214874,1.3989861011505127
284,0.5386999845504761,1.3165647983551025,0.49399998784065247,1.384918451309204
285,0.5340999960899353,1.316451907157898,0.460999995470047,1.479577898979187
286,0.5364000201225281,1.3162392377853394,0.4794999957084656,1.4393556118011475
287,0.5357000231742859,1.3188095092773438,0.44850000739097595,1.623605728149414
288,0.5339000225067139,1.3166303634643555,0.503000020980835,1.4030107259750366
289,0.5374000072479248,1.3107540607452393,0.5,1.3911422491073608
290,0.536899983882904,1.3132085800170898,0.4964999854564667,1.3976341485977173
291,0.538100004196167,1.3090391159057617,0.49549999833106995,1.394223690032959
292,0.5393000245094299,1.3110216856002808,0.4984999895095825,1.3957667350769043
293,0.5410000085830688,1.3078895807266235,0.49399998784065247,1.4141287803649902
294,0.5357999801635742,1.3083839416503906,0.43650001287460327,1.6569945812225342
295,0.5388000011444092,1.3111108541488647,0.4950000047683716,1.4117698669433594
296,0.5408999919891357,1.3046683073043823,0.4984999895095825,1.3911378383636475
297,0.5382999777793884,1.3042771816253662,0.49149999022483826,1.4135959148406982
298,0.5425999760627747,1.3049955368041992,0.5115000009536743,1.4062237739562988
299,0.5364999771118164,1.3041507005691528,0.4970000088214874,1.3932392597198486
300,0.5403000116348267,1.3000892400741577,0.5009999871253967,1.3748611211776733
301,0.5412999987602234,1.305350661277771,0.460999995470047,1.4708905220031738
302,0.5432000160217285,1.298418641090393,0.48899999260902405,1.4110450744628906
303,0.544700026512146,1.2990508079528809,0.4169999957084656,1.811648964881897
304,0.5383999943733215,1.302369475364685,0.5074999928474426,1.373451590538025
305,0.5437999963760376,1.297165036201477,0.45399999618530273,1.490294098854065
306,0.5426999926567078,1.2957196235656738,0.5009999871253967,1.4051806926727295
307,0.5424000024795532,1.2949007749557495,0.5049999952316284,1.4111263751983643
308,0.542900025844574,1.2937666177749634,0.49900001287460327,1.3809858560562134
309,0.5432000160217285,1.2898470163345337,0.5049999952316284,1.376510500907898
310,0.5443999767303467,1.2896207571029663,0.49549999833106995,1.398120403289795
311,0.5437999963760376,1.289936900138855,0.476500004529953,1.4355510473251343
312,0.5439000129699707,1.2948347330093384,0.5074999928474426,1.3651058673858643
313,0.5464000105857849,1.2843127250671387,0.5074999928474426,1.377246618270874
314,0.5460000038146973,1.2872576713562012,0.5099999904632568,1.3610951900482178
315,0.5454999804496765,1.2852586507797241,0.4984999895095825,1.4122506380081177
316,0.5479000210762024,1.2895270586013794,0.5074999928474426,1.401695966720581
317,0.5440000295639038,1.2860506772994995,0.5149999856948853,1.3526214361190796
318,0.5472999811172485,1.2817941904067993,0.5074999928474426,1.3589868545532227
319,0.5479000210762024,1.28327214717865,0.5024999976158142,1.4013150930404663
320,0.5472000241279602,1.2777763605117798,0.49050000309944153,1.3916256427764893
321,0.5501999855041504,1.2797764539718628,0.5065000057220459,1.3821896314620972
322,0.551800012588501,1.2790158987045288,0.47600001096725464,1.4420591592788696
323,0.5523999929428101,1.2797117233276367,0.4740000069141388,1.4689828157424927
324,0.5490999817848206,1.2796120643615723,0.4860000014305115,1.4094318151474
325,0.5496000051498413,1.2761828899383545,0.44449999928474426,1.5675791501998901
326,0.5509999990463257,1.273959994316101,0.48350000381469727,1.4907315969467163
327,0.5490999817848206,1.2742518186569214,0.4945000112056732,1.4805917739868164
328,0.5479999780654907,1.2751799821853638,0.5195000171661377,1.3667001724243164
329,0.5547999739646912,1.2702878713607788,0.5220000147819519,1.363152265548706
330,0.5508999824523926,1.2693716287612915,0.47099998593330383,1.4618284702301025
331,0.5541999936103821,1.2702590227127075,0.4934999942779541,1.475144863128662
332,0.5519000291824341,1.2714338302612305,0.5065000057220459,1.3934518098831177
333,0.5537999868392944,1.2670685052871704,0.5145000219345093,1.3618332147598267
334,0.5509999990463257,1.266603946685791,0.44449999928474426,1.5912961959838867
335,0.5508000254631042,1.266911506652832,0.5130000114440918,1.3448848724365234
336,0.5547000169754028,1.2630101442337036,0.4970000088214874,1.3820276260375977
337,0.5494999885559082,1.2628514766693115,0.5130000114440918,1.3726893663406372
338,0.5537999868392944,1.2626696825027466,0.5090000033378601,1.358015775680542
339,0.5569999814033508,1.2594504356384277,0.5090000033378601,1.3675793409347534
340,0.5544000267982483,1.2586522102355957,0.49300000071525574,1.408882737159729
341,0.5569999814033508,1.2601220607757568,0.5195000171661377,1.3482506275177002
342,0.5555999875068665,1.2593140602111816,0.5115000009536743,1.3985742330551147
343,0.5569999814033508,1.2537509202957153,0.5009999871253967,1.3853895664215088
344,0.5547999739646912,1.2588763236999512,0.5239999890327454,1.3415868282318115
345,0.5533000230789185,1.2562675476074219,0.5199999809265137,1.3755834102630615
346,0.5551000237464905,1.2535144090652466,0.4984999895095825,1.3742680549621582
347,0.5583000183105469,1.2514744997024536,0.512499988079071,1.394693374633789
348,0.5577999949455261,1.2516865730285645,0.5070000290870667,1.362471103668213
349,0.558899998664856,1.2510572671890259,0.46650001406669617,1.4662235975265503
350,0.5615000128746033,1.24928879737854,0.4429999887943268,1.6027635335922241
351,0.5580000281333923,1.25016188621521,0.4684999883174896,1.45737886428833
352,0.5573999881744385,1.24945068359375,0.5145000219345093,1.3548167943954468
353,0.5587999820709229,1.245846152305603,0.5295000076293945,1.3469969034194946
354,0.557699978351593,1.2470386028289795,0.5149999856948853,1.35141921043396
355,0.5616999864578247,1.243770718574524,0.48899999260902405,1.421617031097412
356,0.5608999729156494,1.2422807216644287,0.4675000011920929,1.5246526002883911
357,0.5598999857902527,1.245417833328247,0.5024999976158142,1.389037013053894
358,0.557699978351593,1.2423419952392578,0.5180000066757202,1.3382824659347534
359,0.5605000257492065,1.2440208196640015,0.49399998784065247,1.382066011428833
360,0.5604000091552734,1.2422596216201782,0.5105000138282776,1.3812295198440552
361,0.5637999773025513,1.236061453819275,0.4975000023841858,1.4000598192214966
362,0.5648000240325928,1.2352644205093384,0.5120000243186951,1.362917423248291
363,0.5616000294685364,1.235672116279602,0.5134999752044678,1.4285920858383179
364,0.5637000203132629,1.2376552820205688,0.5180000066757202,1.3529438972473145
365,0.566100001335144,1.2338382005691528,0.5055000185966492,1.3472180366516113
366,0.5641000270843506,1.2333015203475952,0.5184999704360962,1.3502510786056519
367,0.5651999711990356,1.2317135334014893,0.48249998688697815,1.4606212377548218
368,0.5630000233650208,1.2339674234390259,0.5109999775886536,1.3456536531448364
369,0.5655999779701233,1.2293553352355957,0.5224999785423279,1.3352670669555664
370,0.5659000277519226,1.2295674085617065,0.5090000033378601,1.3601874113082886
371,0.5625,1.233527660369873,0.5090000033378601,1.3960167169570923
372,0.5644000172615051,1.2276756763458252,0.48750001192092896,1.4373699426651
373,0.5677000284194946,1.2269517183303833,0.5084999799728394,1.348667860031128
374,0.5669000148773193,1.2262775897979736,0.4925000071525574,1.4167957305908203
375,0.5654000043869019,1.2255114316940308,0.5170000195503235,1.3425129652023315
376,0.5684999823570251,1.2266429662704468,0.46000000834465027,1.6259582042694092
377,0.5677000284194946,1.2269563674926758,0.5120000243186951,1.366233229637146
378,0.5674999952316284,1.2208054065704346,0.4690000116825104,1.4869011640548706
379,0.5656999945640564,1.223676323890686,0.5289999842643738,1.3387551307678223
380,0.5680000185966492,1.2207239866256714,0.5019999742507935,1.3739162683486938
381,0.5713000297546387,1.2140676975250244,0.5239999890327454,1.3245402574539185
382,0.5715000033378601,1.2167060375213623,0.5145000219345093,1.3495992422103882
383,0.5713000297546387,1.2151285409927368,0.5239999890327454,1.3296161890029907
384,0.5722000002861023,1.2143865823745728,0.5320000052452087,1.317416787147522
385,0.5741999745368958,1.2162727117538452,0.5360000133514404,1.3414554595947266
386,0.5723999738693237,1.211369514465332,0.5180000066757202,1.3559242486953735
387,0.5734000205993652,1.2125815153121948,0.5224999785423279,1.3311188220977783
388,0.5741000175476074,1.2118889093399048,0.47999998927116394,1.477905511856079
389,0.5745999813079834,1.2122491598129272,0.5044999718666077,1.407879114151001
390,0.5716000199317932,1.2115240097045898,0.5230000019073486,1.3224886655807495
391,0.5748000144958496,1.2078359127044678,0.5205000042915344,1.3917559385299683
392,0.5738999843597412,1.2069764137268066,0.5264999866485596,1.3146963119506836
393,0.5767999887466431,1.2045546770095825,0.5095000267028809,1.3574469089508057
394,0.574999988079071,1.207553744316101,0.47200000286102295,1.481489658355713
395,0.572700023651123,1.2066949605941772,0.5230000019073486,1.337965726852417
396,0.5715000033378601,1.205641269683838,0.5034999847412109,1.4088711738586426
397,0.5741000175476074,1.2076958417892456,0.4819999933242798,1.434843897819519
398,0.576200008392334,1.2016468048095703,0.46650001406669617,1.4992361068725586
399,0.5746999979019165,1.2034801244735718,0.5139999985694885,1.3592197895050049
400,0.5777999758720398,1.1985846757888794,0.503000020980835,1.4401987791061401
401,0.5759000182151794,1.200836420059204,0.5375000238418579,1.3190399408340454
402,0.5774999856948853,1.197033405303955,0.5130000114440918,1.3922474384307861
403,0.5799000263214111,1.1956931352615356,0.5170000195503235,1.3481985330581665
404,0.5781000256538391,1.198477864265442,0.5170000195503235,1.335314154624939
405,0.5776000022888184,1.1969854831695557,0.4325000047683716,1.741990566253662
406,0.580299973487854,1.202575922012329,0.5040000081062317,1.3881478309631348
407,0.5807999968528748,1.1927460432052612,0.5195000171661377,1.335766077041626
408,0.5809999704360962,1.1920573711395264,0.5289999842643738,1.323054552078247
409,0.5817000269889832,1.1901847124099731,0.531499981880188,1.3317396640777588
410,0.5800999999046326,1.1865534782409668,0.5235000252723694,1.372328281402588
411,0.582099974155426,1.188429832458496,0.5320000052452087,1.310272455215454
412,0.5817000269889832,1.18948233127594,0.4359999895095825,1.587823510169983
413,0.5791000127792358,1.1915265321731567,0.5074999928474426,1.3813813924789429
414,0.5827000141143799,1.1866029500961304,0.5210000276565552,1.342544436454773
415,0.5809000134468079,1.1874802112579346,0.49549999833106995,1.3899726867675781
416,0.5835000276565552,1.1839251518249512,0.5015000104904175,1.3596290349960327
417,0.5830000042915344,1.1809935569763184,0.531000018119812,1.3085180521011353
418,0.5806999802589417,1.18132746219635,0.42899999022483826,1.6095679998397827
419,0.5795999765396118,1.1888740062713623,0.5170000195503235,1.3790136575698853
420,0.5825999975204468,1.1795454025268555,0.4975000023841858,1.4273627996444702
421,0.5867000222206116,1.1788562536239624,0.41850000619888306,1.7557528018951416
422,0.5824000239372253,1.1825569868087769,0.4675000011920929,1.5249018669128418
423,0.5843999981880188,1.1782504320144653,0.5034999847412109,1.482357144355774
424,0.5853999853134155,1.1738353967666626,0.484499990940094,1.4472829103469849
425,0.5852000117301941,1.1749640703201294,0.5174999833106995,1.3368393182754517
426,0.5861999988555908,1.1751266717910767,0.5139999985694885,1.3637657165527344
427,0.5877000093460083,1.1710137128829956,0.5360000133514404,1.3192545175552368
428,0.5888000130653381,1.1703894138336182,0.5299999713897705,1.2965896129608154
429,0.5853999853134155,1.171463131904602,0.45399999618530273,1.6025866270065308
430,0.5838000178337097,1.1762831211090088,0.5095000267028809,1.417338252067566
431,0.5861999988555908,1.169068694114685,0.534500002861023,1.313425064086914
432,0.5874000191688538,1.1683698892593384,0.4925000071525574,1.4161090850830078
433,0.5885999798774719,1.1679741144180298,0.5335000157356262,1.2871347665786743
434,0.5867999792098999,1.164048671722412,0.5254999995231628,1.3394079208374023
435,0.5921000242233276,1.1626346111297607,0.5379999876022339,1.304675817489624
436,0.5898000001907349,1.1627930402755737,0.5184999704360962,1.3414255380630493
437,0.5936999917030334,1.1617244482040405,0.5350000262260437,1.3121907711029053
438,0.59170001745224,1.1609785556793213,0.5164999961853027,1.4341418743133545
439,0.5906999707221985,1.1602482795715332,0.5450000166893005,1.2843579053878784
440,0.5950999855995178,1.1586649417877197,0.5214999914169312,1.333730936050415
441,0.5935999751091003,1.1591575145721436,0.5410000085830688,1.2849458456039429
442,0.5885999798774719,1.158892035484314,0.5354999899864197,1.2919801473617554
443,0.5921000242233276,1.1563986539840698,0.5410000085830688,1.3485239744186401
444,0.5928999781608582,1.157743215560913,0.4749999940395355,1.4903292655944824
445,0.5963000059127808,1.1573888063430786,0.5239999890327454,1.3289897441864014
446,0.5931000113487244,1.1547808647155762,0.5049999952316284,1.4062402248382568
447,0.5936999917030334,1.1510646343231201,0.4869999885559082,1.4956883192062378
448,0.5942999720573425,1.1544008255004883,0.4790000021457672,1.4709985256195068
449,0.5914999842643738,1.1570967435836792,0.5435000061988831,1.2754842042922974
450,0.5945000052452087,1.1507930755615234,0.5189999938011169,1.3319095373153687
451,0.5940999984741211,1.152512550354004,0.5220000147819519,1.3804399967193604
452,0.5917999744415283,1.1506106853485107,0.5479999780654907,1.287723422050476
453,0.5964999794960022,1.143865942955017,0.515999972820282,1.3615446090698242
454,0.5974000096321106,1.1442636251449585,0.534500002861023,1.3102737665176392
455,0.5953999757766724,1.1436026096343994,0.5184999704360962,1.3356684446334839
456,0.5960999727249146,1.1475154161453247,0.5360000133514404,1.3107823133468628
457,0.5978000164031982,1.1440975666046143,0.5009999871253967,1.3886122703552246
458,0.5950000286102295,1.1486740112304688,0.5170000195503235,1.335806965827942
459,0.5995000004768372,1.1399928331375122,0.5534999966621399,1.2858399152755737
460,0.5981000065803528,1.1399269104003906,0.5174999833106995,1.4027535915374756
461,0.6000000238418579,1.1415075063705444,0.5184999704360962,1.347695231437683
462,0.5960999727249146,1.1402931213378906,0.48750001192092896,1.4725558757781982
463,0.5965999960899353,1.141301155090332,0.5059999823570251,1.3742551803588867
464,0.6026999950408936,1.1384204626083374,0.5274999737739563,1.3043771982192993
465,0.5949000120162964,1.1392148733139038,0.5274999737739563,1.3423091173171997
466,0.5976999998092651,1.1363227367401123,0.546999990940094,1.3089232444763184
467,0.6011000275611877,1.1349782943725586,0.4699999988079071,1.448606252670288
468,0.5990999937057495,1.13381028175354,0.5379999876022339,1.3050287961959839
469,0.600600004196167,1.134055495262146,0.48399999737739563,1.4247339963912964
470,0.6022999882698059,1.1341607570648193,0.5375000238418579,1.305858850479126
471,0.6000999808311462,1.134688138961792,0.5414999723434448,1.288542628288269
472,0.6025000214576721,1.1278846263885498,0.5444999933242798,1.273179292678833
473,0.6014000177383423,1.1308478116989136,0.5444999933242798,1.3472408056259155
474,0.6010000109672546,1.1306101083755493,0.5540000200271606,1.2804490327835083
475,0.6011000275611877,1.129670262336731,0.5354999899864197,1.332004189491272
476,0.6021000146865845,1.1267551183700562,0.5224999785423279,1.3506594896316528
477,0.6019999980926514,1.1258295774459839,0.5325000286102295,1.3333237171173096
478,0.6028000116348267,1.1224292516708374,0.4794999957084656,1.477841854095459
479,0.6017000079154968,1.1264307498931885,0.5419999957084656,1.3286643028259277
480,0.6055999994277954,1.1214897632598877,0.546500027179718,1.3122221231460571
481,0.6111000180244446,1.1194247007369995,0.5320000052452087,1.3091983795166016
482,0.6047999858856201,1.1223477125167847,0.5130000114440918,1.3743715286254883
483,0.6015999913215637,1.1225837469100952,0.5419999957084656,1.2939867973327637
484,0.6033999919891357,1.1183874607086182,0.5479999780654907,1.2941879034042358
485,0.6043999791145325,1.118681788444519,0.5534999966621399,1.2733267545700073
486,0.6097999811172485,1.1171038150787354,0.5444999933242798,1.298862099647522
487,0.6093999743461609,1.1152809858322144,0.5224999785423279,1.3785756826400757
488,0.6093999743461609,1.1168190240859985,0.5360000133514404,1.328883409500122
489,0.6071000099182129,1.1177700757980347,0.546999990940094,1.2815141677856445
490,0.6057999730110168,1.1146043539047241,0.527999997138977,1.367762565612793
491,0.6065000295639038,1.1158745288848877,0.5224999785423279,1.3146240711212158
492,0.6079999804496765,1.1108167171478271,0.49900001287460327,1.4061528444290161
493,0.6093000173568726,1.1091394424438477,0.5245000123977661,1.3260747194290161
494,0.6061000227928162,1.112729549407959,0.5239999890327454,1.4209519624710083
495,0.6096000075340271,1.114712119102478,0.5370000004768372,1.3075653314590454
496,0.6100999712944031,1.1071665287017822,0.5245000123977661,1.3465293645858765
497,0.6116999983787537,1.1089529991149902,0.5404999852180481,1.2913413047790527
498,0.61080002784729,1.1065945625305176,0.5389999747276306,1.3105934858322144
499,0.6101999878883362,1.103392243385315,0.5414999723434448,1.330991268157959
500,0.612500011920929,1.1049641370773315,0.5435000061988831,1.2816532850265503
501,0.6100999712944031,1.1055662631988525,0.5350000262260437,1.3550945520401
502,0.6140999794006348,1.103962779045105,0.5339999794960022,1.346259355545044
503,0.613099992275238,1.1032650470733643,0.5099999904632568,1.3968161344528198
504,0.6144000291824341,1.1021201610565186,0.5189999938011169,1.3704180717468262
505,0.6100999712944031,1.1047470569610596,0.5550000071525574,1.2510274648666382
506,0.6139000058174133,1.101068139076233,0.5425000190734863,1.2912343740463257
507,0.6139000058174133,1.096845269203186,0.5339999794960022,1.313032627105713
508,0.6144999861717224,1.1008813381195068,0.5385000109672546,1.3224544525146484
509,0.6107000112533569,1.1010463237762451,0.5569999814033508,1.2755630016326904
510,0.6144000291824341,1.0964125394821167,0.5509999990463257,1.2844228744506836
511,0.619700014591217,1.0927003622055054,0.5065000057220459,1.3698525428771973
512,0.6175000071525574,1.0919365882873535,0.5454999804496765,1.298094630241394
513,0.6134999990463257,1.0928596258163452,0.550000011920929,1.2815485000610352
514,0.6119999885559082,1.0941202640533447,0.49000000953674316,1.5325015783309937
515,0.6128000020980835,1.0966659784317017,0.5230000019073486,1.3513169288635254
516,0.614300012588501,1.0919305086135864,0.45249998569488525,1.584731101989746
517,0.6159999966621399,1.0919103622436523,0.4779999852180481,1.5834306478500366
518,0.6132000088691711,1.094235897064209,0.5274999737739563,1.3326830863952637
519,0.6179999709129333,1.08665132522583,0.5055000185966492,1.4179327487945557
520,0.6147000193595886,1.0866434574127197,0.5289999842643738,1.3024075031280518
521,0.618399977684021,1.0837599039077759,0.5519999861717224,1.2665811777114868
522,0.6202999949455261,1.0834137201309204,0.5475000143051147,1.283685326576233
523,0.6179999709129333,1.0800870656967163,0.5339999794960022,1.342118501663208
524,0.6193000078201294,1.08420729637146,0.5149999856948853,1.333904504776001
525,0.6205999851226807,1.0824354887008667,0.4569999873638153,1.5868618488311768
526,0.6202999949455261,1.083509922027588,0.534500002861023,1.3767132759094238
527,0.6169999837875366,1.081234335899353,0.5475000143051147,1.2786412239074707
528,0.6236000061035156,1.0791689157485962,0.546500027179718,1.2963529825210571
529,0.6258000135421753,1.077552080154419,0.5304999947547913,1.3748362064361572
530,0.6183000206947327,1.0792275667190552,0.546500027179718,1.2925862073898315
531,0.6200000047683716,1.0768564939498901,0.550000011920929,1.267937183380127
532,0.6230999827384949,1.072355031967163,0.550000011920929,1.2789329290390015
533,0.6211000084877014,1.0743935108184814,0.5270000100135803,1.3052642345428467
534,0.621399998664856,1.077871561050415,0.550000011920929,1.2705081701278687
535,0.6208999752998352,1.0719612836837769,0.531000018119812,1.3412245512008667
536,0.6234999895095825,1.0737384557724,0.5220000147819519,1.4032832384109497
537,0.623199999332428,1.0770800113677979,0.5019999742507935,1.3957908153533936
538,0.6234999895095825,1.0693411827087402,0.5590000152587891,1.3058031797409058
539,0.6262000203132629,1.0653488636016846,0.5264999866485596,1.335347056388855
540,0.6251000165939331,1.069409728050232,0.5335000157356262,1.3073257207870483
541,0.6270999908447266,1.068069577217102,0.5519999861717224,1.3120266199111938
542,0.6262999773025513,1.0665098428726196,0.5304999947547913,1.3496540784835815
543,0.6244000196456909,1.0697699785232544,0.5544999837875366,1.263838768005371
544,0.6230999827384949,1.0637074708938599,0.512499988079071,1.358218789100647
545,0.6236000061035156,1.0688841342926025,0.4699999988079071,1.5424197912216187
546,0.6243000030517578,1.0687934160232544,0.5184999704360962,1.3934738636016846
547,0.6258000135421753,1.064944863319397,0.5669999718666077,1.2417947053909302
548,0.6269999742507935,1.0591245889663696,0.5565000176429749,1.2661465406417847
549,0.6295999884605408,1.060593843460083,0.5254999995231628,1.441017508506775
550,0.629800021648407,1.0606144666671753,0.5475000143051147,1.3638662099838257
551,0.6277999877929688,1.0625759363174438,0.5529999732971191,1.3190475702285767
552,0.6294000148773193,1.0600212812423706,0.5580000281333923,1.283791422843933
553,0.6301000118255615,1.0554536581039429,0.546999990940094,1.3002780675888062
554,0.6269000172615051,1.0606954097747803,0.5354999899864197,1.3494380712509155
555,0.6323999762535095,1.0561485290527344,0.5435000061988831,1.314645528793335
556,0.6294999718666077,1.0567517280578613,0.492000013589859,1.5585265159606934
557,0.6295999884605408,1.0534512996673584,0.5515000224113464,1.289479374885559
558,0.6295999884605408,1.0529028177261353,0.5285000205039978,1.3488277196884155
559,0.633400022983551,1.0491939783096313,0.5084999799728394,1.4317262172698975
560,0.6301000118255615,1.0544949769973755,0.5519999861717224,1.277266502380371
561,0.6323999762535095,1.0514402389526367,0.5410000085830688,1.292884349822998
562,0.6287999749183655,1.0512125492095947,0.5414999723434448,1.293639898300171
563,0.6328999996185303,1.0470983982086182,0.5590000152587891,1.2511786222457886
564,0.635200023651123,1.047930121421814,0.5659999847412109,1.2428683042526245
565,0.6312999725341797,1.0471361875534058,0.4984999895095825,1.5382888317108154
566,0.6323999762535095,1.0512934923171997,0.49399998784065247,1.4497203826904297
567,0.6327000260353088,1.048295259475708,0.550000011920929,1.2848401069641113
568,0.6315000057220459,1.0424845218658447,0.5600000023841858,1.2813324928283691
569,0.6345999836921692,1.0437463521957397,0.5630000233650208,1.2422813177108765
570,0.6360999941825867,1.0372241735458374,0.550000011920929,1.3436182737350464
571,0.6352999806404114,1.0394636392593384,0.5544999837875366,1.2661465406417847
572,0.6367999911308289,1.0398000478744507,0.5584999918937683,1.2543952465057373
573,0.6365000009536743,1.0400731563568115,0.5544999837875366,1.2576286792755127
574,0.6388000249862671,1.037118673324585,0.5385000109672546,1.34695303440094
575,0.6385999917984009,1.0378668308258057,0.5544999837875366,1.2640361785888672
576,0.633899986743927,1.040555477142334,0.5074999928474426,1.4643608331680298
577,0.633899986743927,1.0432814359664917,0.5550000071525574,1.2701003551483154
578,0.6371999979019165,1.0344206094741821,0.5419999957084656,1.30143141746521
579,0.6394000053405762,1.034765362739563,0.503000020980835,1.4550954103469849
580,0.6334999799728394,1.0389339923858643,0.5145000219345093,1.3442857265472412
581,0.6371999979019165,1.0351139307022095,0.5569999814033508,1.2904236316680908
582,0.6409000158309937,1.0325942039489746,0.5609999895095825,1.2673476934432983
583,0.6370000243186951,1.030606746673584,0.5684999823570251,1.2498482465744019
584,0.6377999782562256,1.0285536050796509,0.5260000228881836,1.3344388008117676
585,0.6392999887466431,1.0331141948699951,0.5565000176429749,1.2607825994491577
586,0.6377999782562256,1.0289076566696167,0.550000011920929,1.2727859020233154
587,0.6425999999046326,1.0284371376037598,0.5680000185966492,1.2568421363830566
588,0.6370999813079834,1.027974247932434,0.5264999866485596,1.3981432914733887
589,0.6417999863624573,1.026876449584961,0.5615000128746033,1.255741000175476
590,0.6402000188827515,1.0233508348464966,0.5695000290870667,1.2419623136520386
591,0.6421999931335449,1.0194108486175537,0.5419999957084656,1.3458973169326782
592,0.6444000005722046,1.0226975679397583,0.5490000247955322,1.344538927078247
593,0.6431000232696533,1.0218384265899658,0.5189999938011169,1.396701455116272
594,0.6366000175476074,1.0294550657272339,0.5139999985694885,1.389121651649475
595,0.6394000053405762,1.021494746208191,0.5634999871253967,1.2485893964767456
596,0.6413000226020813,1.0241048336029053,0.5615000128746033,1.2452726364135742
597,0.6383000016212463,1.0232841968536377,0.534500002861023,1.2942816019058228
598,0.6434999704360962,1.017133355140686,0.5630000233650208,1.2372618913650513
599,0.642799973487854,1.020686388015747,0.5695000290870667,1.2340787649154663
600,0.6460000276565552,1.0172278881072998,0.5410000085830688,1.2821550369262695
601,0.6456999778747559,1.0139731168746948,0.46700000762939453,1.6763752698898315
602,0.645799994468689,1.0228124856948853,0.5644999742507935,1.2424424886703491
603,0.6437000036239624,1.0140202045440674,0.5590000152587891,1.2486311197280884
604,0.642300009727478,1.0152860879898071,0.5130000114440918,1.3870662450790405
605,0.6466000080108643,1.0130255222320557,0.5214999914169312,1.3386012315750122
606,0.646399974822998,1.0144811868667603,0.5615000128746033,1.293315052986145
607,0.646399974822998,1.0156553983688354,0.531000018119812,1.354933261871338
608,0.6460999846458435,1.009334921836853,0.527999997138977,1.4293837547302246
609,0.6477000117301941,1.0130236148834229,0.5264999866485596,1.3533772230148315
610,0.6491000056266785,1.0077626705169678,0.5640000104904175,1.2488099336624146
611,0.6462000012397766,1.006698727607727,0.5580000281333923,1.2724436521530151
612,0.6488999724388123,1.0079807043075562,0.550000011920929,1.2791717052459717
613,0.6478000283241272,1.0065960884094238,0.5394999980926514,1.2823030948638916
614,0.6482999920845032,1.0037519931793213,0.49900001287460327,1.4481838941574097
615,0.6460000276565552,1.0052461624145508,0.5475000143051147,1.3054296970367432
616,0.6492999792098999,1.0024572610855103,0.5699999928474426,1.253826379776001
617,0.6491000056266785,1.0032519102096558,0.5634999871253967,1.282621145248413
618,0.6514000296592712,1.0018771886825562,0.5239999890327454,1.3179353475570679
619,0.6539000272750854,0.9995442628860474,0.42149999737739563,1.8807446956634521
620,0.647599995136261,1.0076595544815063,0.5195000171661377,1.3546786308288574
621,0.6504999995231628,1.0014070272445679,0.559499979019165,1.2630952596664429
622,0.6478999853134155,0.9991990327835083,0.5644999742507935,1.250626802444458
623,0.6492000222206116,1.0014467239379883,0.5164999961853027,1.4398175477981567
624,0.6510000228881836,0.9967188239097595,0.5164999961853027,1.4174457788467407
625,0.6539000272750854,0.9962103366851807,0.5569999814033508,1.2848105430603027
626,0.6514000296592712,0.9959734082221985,0.565500020980835,1.267648458480835
627,0.6518999934196472,0.9939650297164917,0.5774999856948853,1.2422040700912476
628,0.6557000279426575,0.992184579372406,0.5625,1.273297905921936
629,0.6535000205039978,0.9898744821548462,0.47850000858306885,1.4887104034423828
630,0.6510000228881836,0.9943166971206665,0.5649999976158142,1.2681984901428223
631,0.6518999934196472,0.9942278265953064,0.5625,1.2829980850219727
632,0.6539999842643738,0.9898761510848999,0.5580000281333923,1.2876158952713013
633,0.6567999720573425,0.9903117418289185,0.5695000290870667,1.240275502204895
634,0.6579999923706055,0.9879559278488159,0.5730000138282776,1.277929663658142
635,0.65829998254776,0.9862461686134338,0.5590000152587891,1.2610626220703125
636,0.6553999781608582,0.9894392490386963,0.5715000033378601,1.2344660758972168
637,0.6559000015258789,0.9822388887405396,0.546999990940094,1.375734567642212
638,0.6570000052452087,0.9854038953781128,0.5669999718666077,1.2439709901809692
639,0.6592000126838684,0.9814281463623047,0.5410000085830688,1.3391605615615845
640,0.6546000242233276,0.9868332743644714,0.4925000071525574,1.5050246715545654
641,0.6531999707221985,0.9863569140434265,0.5440000295639038,1.3047513961791992
642,0.6599000096321106,0.9822787046432495,0.5354999899864197,1.3464066982269287
643,0.656499981880188,0.984521210193634,0.5630000233650208,1.2927747964859009
644,0.6581000089645386,0.9839024543762207,0.5680000185966492,1.2292007207870483
645,0.6582000255584717,0.9812528491020203,0.5649999976158142,1.243980050086975
646,0.660099983215332,0.9743571281433105,0.565500020980835,1.2511589527130127
647,0.6593000292778015,0.9779647588729858,0.5134999752044678,1.3730216026306152
648,0.6588000059127808,0.9806655049324036,0.5095000267028809,1.4254517555236816
649,0.6597999930381775,0.9765080809593201,0.5755000114440918,1.2246946096420288
650,0.65829998254776,0.9755198955535889,0.5745000243186951,1.2801254987716675
651,0.6610000133514404,0.9718940258026123,0.5529999732971191,1.2948671579360962
652,0.6632999777793884,0.9734287261962891,0.5515000224113464,1.2881481647491455
653,0.6585000157356262,0.9748149514198303,0.5515000224113464,1.3075149059295654
654,0.6620000004768372,0.968252420425415,0.5264999866485596,1.3830946683883667
655,0.6593000292778015,0.9750568270683289,0.5364999771118164,1.348013162612915
656,0.6528000235557556,0.9776689410209656,0.527999997138977,1.3850301504135132
657,0.660099983215332,0.9706044793128967,0.5565000176429749,1.3091155290603638
658,0.6650999784469604,0.9679166078567505,0.5715000033378601,1.2501615285873413
659,0.6600000262260437,0.9717262983322144,0.5730000138282776,1.2408798933029175
660,0.6647999882698059,0.9666847586631775,0.5600000023841858,1.242673397064209
661,0.6615999937057495,0.9704244136810303,0.5764999985694885,1.2268791198730469
662,0.6639999747276306,0.9693713784217834,0.5730000138282776,1.2262701988220215
663,0.6633999943733215,0.9666570425033569,0.5525000095367432,1.2772175073623657
664,0.6644999980926514,0.9684101343154907,0.5565000176429749,1.27241051197052
665,0.667900025844574,0.9617996215820312,0.5740000009536743,1.2659380435943604
666,0.6614999771118164,0.9633604288101196,0.5509999990463257,1.2656558752059937
667,0.6644999980926514,0.9608978629112244,0.546999990940094,1.3416489362716675
668,0.6661999821662903,0.9595434665679932,0.5740000009536743,1.2249224185943604
669,0.6653000116348267,0.9595152139663696,0.5195000171661377,1.4274946451187134
670,0.6646999716758728,0.963329017162323,0.5734999775886536,1.246921420097351
671,0.666100025177002,0.9609041810035706,0.5705000162124634,1.256686806678772
672,0.6687999963760376,0.958535373210907,0.5715000033378601,1.2328006029129028
673,0.6643999814987183,0.9611185789108276,0.5644999742507935,1.2704070806503296
674,0.6669999957084656,0.9546271562576294,0.5375000238418579,1.2984710931777954
675,0.6696000099182129,0.9527148604393005,0.5350000262260437,1.4085243940353394
676,0.6687999963760376,0.9520734548568726,0.5814999938011169,1.230241060256958
677,0.6700999736785889,0.9500617980957031,0.5214999914169312,1.394914150238037
678,0.6676999926567078,0.951867401599884,0.5625,1.2651501893997192
679,0.6657999753952026,0.9533252716064453,0.5740000009536743,1.2486125230789185
680,0.670199990272522,0.9477381110191345,0.5195000171661377,1.3787853717803955
681,0.6690999865531921,0.9487009644508362,0.5715000033378601,1.2938001155853271
682,0.6722000241279602,0.9492048025131226,0.5550000071525574,1.2951489686965942
683,0.6705999970436096,0.9493660926818848,0.5699999928474426,1.2305285930633545
684,0.6704000234603882,0.9465873837471008,0.5450000166893005,1.3461283445358276
685,0.6699000000953674,0.9477399587631226,0.5304999947547913,1.3673335313796997
686,0.6697999835014343,0.9501250982284546,0.5479999780654907,1.303210735321045
687,0.671500027179718,0.9433407187461853,0.5649999976158142,1.2446588277816772
688,0.6703000068664551,0.9457629919052124,0.4860000014305115,1.57903254032135
689,0.6700000166893005,0.9467074275016785,0.5674999952316284,1.2295162677764893
690,0.6748999953269958,0.9402210116386414,0.5235000252723694,1.4572551250457764
691,0.6703000068664551,0.9449127912521362,0.5180000066757202,1.4950993061065674
692,0.6735000014305115,0.9423409104347229,0.5554999709129333,1.31466543674469
693,0.6725000143051147,0.9393364191055298,0.5674999952316284,1.2818976640701294
694,0.6743000149726868,0.9393373131752014,0.565500020980835,1.2644485235214233
695,0.676800012588501,0.9378778338432312,0.5460000038146973,1.3359355926513672
696,0.6723999977111816,0.9382388591766357,0.5490000247955322,1.3779736757278442
697,0.6700999736785889,0.9440925717353821,0.5460000038146973,1.3610732555389404
698,0.6787999868392944,0.9349309802055359,0.5099999904632568,1.455825686454773
699,0.6722999811172485,0.9362837076187134,0.5740000009536743,1.2512272596359253
700,0.6771000027656555,0.9326867461204529,0.5320000052452087,1.3885327577590942
701,0.678600013256073,0.9321330189704895,0.578499972820282,1.226134181022644
702,0.6715999841690063,0.9332330822944641,0.5559999942779541,1.3004443645477295
703,0.6783999800682068,0.9336735606193542,0.5370000004768372,1.3437690734863281
704,0.6741999983787537,0.9370750188827515,0.5619999766349792,1.2721072435379028
705,0.6782000064849854,0.9269084930419922,0.550000011920929,1.3245984315872192
706,0.6759999990463257,0.9326376914978027,0.5460000038146973,1.3170685768127441
707,0.6747000217437744,0.9330205917358398,0.5755000114440918,1.2271806001663208
708,0.6805999875068665,0.9264662265777588,0.5690000057220459,1.2315647602081299
709,0.6784999966621399,0.9276318550109863,0.5759999752044678,1.257985234260559
710,0.6798999905586243,0.9280529022216797,0.5544999837875366,1.2797551155090332
711,0.6804999709129333,0.9238047003746033,0.559499979019165,1.2416001558303833
712,0.6771000027656555,0.9262670874595642,0.5009999871253967,1.5061137676239014
713,0.6797999739646912,0.9264991283416748,0.5659999847412109,1.2662603855133057
714,0.6808000206947327,0.9203104376792908,0.5630000233650208,1.279242753982544
715,0.6791999936103821,0.9220515489578247,0.5805000066757202,1.2287473678588867
716,0.6812999844551086,0.9244756102561951,0.5709999799728394,1.2312273979187012
717,0.6805999875068665,0.9210636615753174,0.5609999895095825,1.3060020208358765
718,0.6801999807357788,0.922279953956604,0.5665000081062317,1.253363013267517
719,0.6822999715805054,0.9223415851593018,0.5249999761581421,1.3641349077224731
720,0.6826000213623047,0.9201191663742065,0.5205000042915344,1.4257221221923828
721,0.6786999702453613,0.9194679856300354,0.5740000009536743,1.2377405166625977
722,0.6833000183105469,0.9175177812576294,0.5665000081062317,1.2923250198364258
723,0.6840999722480774,0.9137907028198242,0.5630000233650208,1.321378231048584
724,0.6827999949455261,0.9148998856544495,0.5454999804496765,1.3239208459854126
725,0.6829000115394592,0.9174134731292725,0.5764999985694885,1.2371362447738647
726,0.6858999729156494,0.9134232401847839,0.5575000047683716,1.3095043897628784
727,0.6815000176429749,0.9175487160682678,0.5649999976158142,1.280632495880127
728,0.6819000244140625,0.9115368127822876,0.5299999713897705,1.382207989692688
729,0.6841999888420105,0.9114416837692261,0.5759999752044678,1.2164307832717896
730,0.685699999332428,0.9097009897232056,0.5734999775886536,1.2769458293914795
731,0.6829000115394592,0.908547043800354,0.531000018119812,1.380362629890442
732,0.6825000047683716,0.909048855304718,0.5824999809265137,1.2706959247589111
733,0.6879000067710876,0.9046805500984192,0.5509999990463257,1.287745475769043
734,0.6834999918937683,0.9088273644447327,0.5684999823570251,1.255350112915039
735,0.6855999827384949,0.9062656164169312,0.5475000143051147,1.3223075866699219
736,0.6834999918937683,0.9073518514633179,0.5485000014305115,1.3094408512115479
737,0.6909999847412109,0.9031777381896973,0.5809999704360962,1.2225195169448853
738,0.6883000135421753,0.9047510027885437,0.5630000233650208,1.2595058679580688
739,0.6906999945640564,0.9030117392539978,0.5759999752044678,1.2684025764465332
740,0.6888999938964844,0.9012917876243591,0.5475000143051147,1.341521143913269
741,0.6815000176429749,0.9044454097747803,0.5419999957084656,1.3539316654205322
742,0.6865000128746033,0.9034827947616577,0.578000009059906,1.2511848211288452
743,0.6891999840736389,0.9031932353973389,0.5774999856948853,1.2167267799377441
744,0.692300021648407,0.8933150172233582,0.45399999618530273,1.7795195579528809
745,0.6858999729156494,0.9106927514076233,0.5830000042915344,1.228181004524231
746,0.6906999945640564,0.8980072140693665,0.5394999980926514,1.3721743822097778
747,0.6887000203132629,0.8978661298751831,0.5354999899864197,1.3541920185089111
748,0.6894999742507935,0.8993114233016968,0.5680000185966492,1.259981632232666
749,0.6876000165939331,0.8955812454223633,0.5490000247955322,1.295858383178711
750,0.6891999840736389,0.8937953114509583,0.5540000200271606,1.320320963859558
751,0.694100022315979,0.8929638862609863,0.5565000176429749,1.28660249710083
752,0.6887999773025513,0.8934232592582703,0.49050000309944153,1.511425495147705
753,0.6935999989509583,0.8968532085418701,0.5824999809265137,1.2316937446594238
754,0.692799985408783,0.8889490365982056,0.5414999723434448,1.359607458114624
755,0.6902999877929688,0.895438015460968,0.5494999885559082,1.3360331058502197
756,0.6906999945640564,0.8927646279335022,0.5669999718666077,1.2599594593048096
757,0.696399986743927,0.8863633871078491,0.5684999823570251,1.2736356258392334
758,0.6956999897956848,0.8860909342765808,0.5580000281333923,1.2985622882843018
759,0.692799985408783,0.8863717913627625,0.5755000114440918,1.2184603214263916
760,0.6933000087738037,0.8890501260757446,0.5764999985694885,1.2451610565185547
761,0.6927000284194946,0.8847483396530151,0.5550000071525574,1.3031224012374878
762,0.6917999982833862,0.8853000998497009,0.5550000071525574,1.273201584815979
763,0.695900022983551,0.8819433450698853,0.5600000023841858,1.274980068206787
764,0.6930000185966492,0.8836508989334106,0.5789999961853027,1.2157906293869019
765,0.6934000253677368,0.8833597898483276,0.5299999713897705,1.3335670232772827
766,0.6938999891281128,0.8841904401779175,0.5625,1.2803806066513062
767,0.6944000124931335,0.8820241093635559,0.5874999761581421,1.2059828042984009
768,0.6913999915122986,0.8811009526252747,0.5755000114440918,1.2301369905471802
769,0.6960999965667725,0.8776795864105225,0.5519999861717224,1.3943228721618652
770,0.6930999755859375,0.8819164037704468,0.5914999842643738,1.2052849531173706
771,0.6956999897956848,0.8801512718200684,0.5199999809265137,1.4718575477600098
772,0.6972000002861023,0.8770017623901367,0.5699999928474426,1.2309825420379639
773,0.7009999752044678,0.8732085227966309,0.5730000138282776,1.2337090969085693
774,0.6980000138282776,0.8736038208007812,0.5705000162124634,1.239079475402832
775,0.6990000009536743,0.8731611371040344,0.5845000147819519,1.2352454662322998
776,0.6984000205993652,0.8755488395690918,0.5525000095367432,1.2972016334533691
777,0.6956999897956848,0.878352165222168,0.5870000123977661,1.224717140197754
778,0.6988999843597412,0.8762999176979065,0.5824999809265137,1.2636291980743408
779,0.701200008392334,0.8722419738769531,0.5724999904632568,1.2771316766738892
780,0.7010999917984009,0.8702887892723083,0.5525000095367432,1.3171385526657104
781,0.6976000070571899,0.8729282021522522,0.5419999957084656,1.3644530773162842
782,0.6998000144958496,0.873831033706665,0.565500020980835,1.265324354171753
783,0.6991000175476074,0.8683086633682251,0.5789999961853027,1.2527093887329102
784,0.7020999789237976,0.8681216835975647,0.5575000047683716,1.2915945053100586
785,0.6995999813079834,0.8678128123283386,0.5724999904632568,1.2413088083267212
786,0.7008000016212463,0.8677893280982971,0.574999988079071,1.2626550197601318
787,0.7010999917984009,0.868963360786438,0.5460000038146973,1.3520468473434448
788,0.7009999752044678,0.8696902394294739,0.5580000281333923,1.2999969720840454
789,0.6991000175476074,0.8658811450004578,0.5625,1.290490984916687
790,0.7002999782562256,0.8636255860328674,0.578499972820282,1.2451008558273315
791,0.7014999985694885,0.8634640574455261,0.5789999961853027,1.238929271697998
792,0.70169997215271,0.8635146617889404,0.527999997138977,1.436711072921753
793,0.7005000114440918,0.8697382807731628,0.5609999895095825,1.2898080348968506
794,0.6995000243186951,0.8608084917068481,0.4970000088214874,1.5657280683517456
795,0.6998999714851379,0.8669257760047913,0.5404999852180481,1.426952600479126
796,0.7024999856948853,0.8641859292984009,0.5709999799728394,1.2769761085510254
797,0.7006999850273132,0.8581092953681946,0.5874999761581421,1.2522666454315186
798,0.7035999894142151,0.858546793460846,0.5770000219345093,1.2590322494506836
799,0.7084000110626221,0.8540078401565552,0.5669999718666077,1.3188844919204712
800,0.704200029373169,0.8565334677696228,0.5065000057220459,1.440690040588379
801,0.7037000060081482,0.854412317276001,0.559499979019165,1.2914443016052246
802,0.7063999772071838,0.8535791039466858,0.5820000171661377,1.2170122861862183
803,0.703000009059906,0.8559190630912781,0.5634999871253967,1.3105422258377075
804,0.7049000263214111,0.8547999262809753,0.5519999861717224,1.3738901615142822
805,0.704200029373169,0.854811429977417,0.5745000243186951,1.2607595920562744
806,0.708299994468689,0.8506060838699341,0.578499972820282,1.2475920915603638
807,0.7041000127792358,0.8507155179977417,0.5615000128746033,1.2641093730926514
808,0.7093999981880188,0.8502074480056763,0.5494999885559082,1.325930118560791
809,0.7041000127792358,0.848770022392273,0.5715000033378601,1.304681658744812
810,0.7050999999046326,0.8508458733558655,0.5534999966621399,1.4407721757888794
811,0.7045999765396118,0.8557088971138,0.574999988079071,1.2310950756072998
812,0.7062000036239624,0.8488510847091675,0.5740000009536743,1.2587006092071533
813,0.708299994468689,0.8465296626091003,0.5740000009536743,1.2631709575653076
814,0.7106000185012817,0.8441041707992554,0.5659999847412109,1.273869276046753
815,0.7113000154495239,0.8423152565956116,0.5479999780654907,1.3540360927581787
816,0.7059999704360962,0.8434112071990967,0.5609999895095825,1.314639687538147
817,0.7102000117301941,0.8430236577987671,0.5379999876022339,1.3286477327346802
818,0.7085999846458435,0.8445419669151306,0.5789999961853027,1.285673975944519
819,0.7099000215530396,0.8465426564216614,0.5540000200271606,1.2700177431106567
820,0.7077000141143799,0.8433091640472412,0.4959999918937683,1.6093297004699707
821,0.7059999704360962,0.8496651649475098,0.5805000066757202,1.2405575513839722
822,0.7109000086784363,0.8436683416366577,0.5814999938011169,1.214357852935791
823,0.7085999846458435,0.8377981185913086,0.5699999928474426,1.278306007385254
824,0.7089999914169312,0.8411369919776917,0.5755000114440918,1.276809811592102
825,0.7121999859809875,0.8381052017211914,0.565500020980835,1.272781252861023
826,0.7116000056266785,0.8360321521759033,0.5540000200271606,1.3362929821014404
827,0.7087000012397766,0.8377740383148193,0.5669999718666077,1.2698837518692017
828,0.7146999835968018,0.8352714776992798,0.5889999866485596,1.2447795867919922
829,0.7128999829292297,0.8365741968154907,0.5795000195503235,1.2280168533325195
830,0.7135999798774719,0.8346865177154541,0.5870000123977661,1.2311433553695679
831,0.711899995803833,0.8338350653648376,0.5824999809265137,1.2648327350616455
832,0.7142999768257141,0.8299697041511536,0.5590000152587891,1.2959293127059937
833,0.7116000056266785,0.8382757902145386,0.5644999742507935,1.321547269821167
834,0.713100016117096,0.8328254818916321,0.5885000228881836,1.2167654037475586
835,0.7156999707221985,0.832104504108429,0.574999988079071,1.312880516052246
836,0.715399980545044,0.8285404443740845,0.5479999780654907,1.3200089931488037
837,0.7102000117301941,0.8318064212799072,0.546999990940094,1.349544882774353
838,0.715399980545044,0.8264815211296082,0.5640000104904175,1.3352282047271729
839,0.7160000205039978,0.8249074220657349,0.5730000138282776,1.2441747188568115
840,0.7141000032424927,0.8299931883811951,0.5224999785423279,1.4805169105529785
841,0.7150999903678894,0.8288308382034302,0.5824999809265137,1.269215703010559
842,0.7192999720573425,0.8258682489395142,0.5630000233650208,1.3436434268951416
843,0.715399980545044,0.8269615173339844,0.5479999780654907,1.352437138557434
844,0.7174000144004822,0.8261001706123352,0.5435000061988831,1.3749761581420898
845,0.7142000198364258,0.8251229524612427,0.5835000276565552,1.2880141735076904
846,0.7164000272750854,0.8226673007011414,0.5724999904632568,1.2839285135269165
847,0.7172999978065491,0.8197277188301086,0.5849999785423279,1.2742011547088623
848,0.7168999910354614,0.8201043009757996,0.5755000114440918,1.2611048221588135
849,0.72079998254776,0.8242735266685486,0.5809999704360962,1.2210049629211426
850,0.7178999781608582,0.8209503889083862,0.5544999837875366,1.3398399353027344
851,0.717199981212616,0.8174137473106384,0.5885000228881836,1.238200068473816
852,0.7157999873161316,0.822694718837738,0.5770000219345093,1.2947850227355957
853,0.7204999923706055,0.8164241909980774,0.5895000100135803,1.2489699125289917
854,0.722100019454956,0.8135417699813843,0.5914999842643738,1.2280855178833008
855,0.7186999917030334,0.815261960029602,0.5874999761581421,1.232125997543335
856,0.7214999794960022,0.8134942650794983,0.5895000100135803,1.2384932041168213
857,0.7211999893188477,0.81159907579422,0.5335000157356262,1.437157392501831
858,0.7196999788284302,0.8161001801490784,0.5879999995231628,1.2324737310409546
859,0.722599983215332,0.8100782632827759,0.5084999799728394,1.539354681968689
860,0.7210999727249146,0.8142374753952026,0.574999988079071,1.2616677284240723
861,0.7196000218391418,0.8130349516868591,0.5625,1.3381913900375366
862,0.722599983215332,0.8089653849601746,0.5855000019073486,1.2456235885620117
863,0.7203999757766724,0.8109387755393982,0.5885000228881836,1.2261826992034912
864,0.7192000150680542,0.8153542280197144,0.5764999985694885,1.259378433227539
865,0.7253000140190125,0.8077115416526794,0.5809999704360962,1.2294098138809204
866,0.72079998254776,0.8115553855895996,0.5799999833106995,1.2403655052185059
867,0.7253000140190125,0.8092749118804932,0.550000011920929,1.3674226999282837
868,0.7214999794960022,0.8111597895622253,0.5755000114440918,1.2635552883148193
869,0.7202000021934509,0.806067168712616,0.5584999918937683,1.3349121809005737
870,0.7207000255584717,0.8092706799507141,0.5860000252723694,1.2409323453903198
871,0.7243000268936157,0.8050054311752319,0.5845000147819519,1.2642732858657837
872,0.7200000286102295,0.8047170042991638,0.5625,1.3181140422821045
873,0.7247999906539917,0.8052061796188354,0.5205000042915344,1.4927384853363037
874,0.7232999801635742,0.8043969869613647,0.5674999952316284,1.330605149269104
875,0.7279000282287598,0.7979065179824829,0.5584999918937683,1.2888222932815552
876,0.7272999882698059,0.8022162318229675,0.5600000023841858,1.3412644863128662
877,0.7246999740600586,0.8011006116867065,0.5774999856948853,1.2726962566375732
878,0.7247999906539917,0.7973798513412476,0.5764999985694885,1.2757922410964966
879,0.727400004863739,0.7943862080574036,0.5615000128746033,1.3185197114944458
880,0.7275000214576721,0.7972175478935242,0.5699999928474426,1.283064842224121
881,0.7260000109672546,0.7969061136245728,0.5304999947547913,1.43694007396698
882,0.7242000102996826,0.8011454343795776,0.5559999942779541,1.4291250705718994
883,0.722599983215332,0.7981902956962585,0.5734999775886536,1.2665904760360718
884,0.7263000011444092,0.7967007756233215,0.5914999842643738,1.2485206127166748
885,0.7232999801635742,0.7926030158996582,0.590499997138977,1.2295637130737305
886,0.7246999740600586,0.7981840968132019,0.5174999833106995,1.4066643714904785
887,0.7263000011444092,0.7934195399284363,0.5910000205039978,1.2376896142959595
888,0.7310000061988831,0.7916220426559448,0.5170000195503235,1.5355576276779175
889,0.7236999869346619,0.7988325953483582,0.5684999823570251,1.27778959274292
890,0.7268999814987183,0.7885733842849731,0.5659999847412109,1.344347357749939
891,0.7279000282287598,0.7875486612319946,0.5774999856948853,1.3077402114868164
892,0.7282999753952026,0.7938866019248962,0.5879999995231628,1.2341331243515015
893,0.7315999865531921,0.7882301211357117,0.5830000042915344,1.236419677734375
894,0.7300999760627747,0.7906408905982971,0.5534999966621399,1.4212385416030884
895,0.7311999797821045,0.7885445356369019,0.5799999833106995,1.2306488752365112
896,0.7315999865531921,0.7858273983001709,0.5814999938011169,1.2460410594940186
897,0.7321000099182129,0.7840304374694824,0.5210000276565552,1.4305769205093384
898,0.7263000011444092,0.7902341485023499,0.5485000014305115,1.3639090061187744
899,0.7287999987602234,0.7875765562057495,0.5619999766349792,1.3622957468032837
900,0.7279999852180481,0.7831406593322754,0.5559999942779541,1.392255425453186
901,0.7317000031471252,0.7856146097183228,0.5260000228881836,1.4144806861877441
902,0.7336000204086304,0.7860142588615417,0.5839999914169312,1.2827863693237305
903,0.7347999811172485,0.7815204858779907,0.5805000066757202,1.2758249044418335
904,0.732699990272522,0.7796412110328674,0.574999988079071,1.297097086906433
905,0.7297000288963318,0.7831294536590576,0.5879999995231628,1.2316452264785767
906,0.734000027179718,0.7767710089683533,0.5684999823570251,1.354968547821045
907,0.7355999946594238,0.7826746702194214,0.5669999718666077,1.358051061630249
908,0.7322999835014343,0.7781409621238708,0.5630000233650208,1.3263369798660278
909,0.7339000105857849,0.7789669632911682,0.5920000076293945,1.2189569473266602
910,0.7325999736785889,0.7802199721336365,0.5515000224113464,1.39905846118927
911,0.7365999817848206,0.7762497663497925,0.5839999914169312,1.2346001863479614
912,0.733299970626831,0.775165319442749,0.5659999847412109,1.2969791889190674
913,0.7357000112533569,0.7763677835464478,0.578499972820282,1.3206098079681396
914,0.7386000156402588,0.772903561592102,0.5189999938011169,1.4212819337844849
915,0.7325000166893005,0.7785035371780396,0.5805000066757202,1.2878260612487793
916,0.7333999872207642,0.7768282294273376,0.578000009059906,1.2787786722183228
917,0.73580002784729,0.7720248699188232,0.5220000147819519,1.492104172706604
918,0.7358999848365784,0.7724102139472961,0.5600000023841858,1.3635190725326538
919,0.7372000217437744,0.7723684310913086,0.5870000123977661,1.2280040979385376
920,0.7350000143051147,0.7722681164741516,0.5929999947547913,1.274036169052124
921,0.7354000210762024,0.7685986757278442,0.5699999928474426,1.2819890975952148
922,0.7401000261306763,0.7661701440811157,0.5845000147819519,1.2409485578536987
923,0.7361999750137329,0.769758939743042,0.5684999823570251,1.2840797901153564
924,0.7369999885559082,0.7684276103973389,0.5644999742507935,1.384282112121582
925,0.7407000064849854,0.7657167315483093,0.578000009059906,1.2570184469223022
926,0.7391999959945679,0.7644382119178772,0.578000009059906,1.306864619255066
927,0.7387999892234802,0.7612063884735107,0.5554999709129333,1.3241208791732788
928,0.739300012588501,0.7657614350318909,0.5740000009536743,1.3314387798309326
929,0.7407000064849854,0.7600540518760681,0.5684999823570251,1.311431646347046
930,0.7402999997138977,0.7615100145339966,0.5899999737739563,1.2224100828170776
931,0.7372999787330627,0.7597925662994385,0.5770000219345093,1.2612881660461426
932,0.7369999885559082,0.7632807493209839,0.5879999995231628,1.258056402206421
933,0.7430999875068665,0.7645897269248962,0.5515000224113464,1.349423885345459
934,0.7398999929428101,0.7628056406974792,0.5715000033378601,1.3543906211853027
935,0.7373999953269958,0.7618541717529297,0.550000011920929,1.3664253950119019
936,0.7415000200271606,0.7583975791931152,0.578499972820282,1.264570951461792
937,0.7358999848365784,0.761976420879364,0.5644999742507935,1.3189976215362549
938,0.7418000102043152,0.7540389895439148,0.5274999737739563,1.4783416986465454
939,0.7366999983787537,0.7603579163551331,0.559499979019165,1.3313474655151367
940,0.7422000169754028,0.7573066353797913,0.5870000123977661,1.2448428869247437
941,0.7436000108718872,0.7548816204071045,0.5074999928474426,1.5936589241027832
942,0.737500011920929,0.7604995965957642,0.5404999852180481,1.3691327571868896
943,0.7462999820709229,0.7525332570075989,0.5964999794960022,1.275784969329834
944,0.7411999702453613,0.7524881958961487,0.5325000286102295,1.5631415843963623
945,0.7441999912261963,0.7522846460342407,0.5699999928474426,1.3598545789718628
946,0.7458999752998352,0.7487814426422119,0.5410000085830688,1.5362263917922974
947,0.7414000034332275,0.7521609663963318,0.5889999866485596,1.2296215295791626
948,0.7386999726295471,0.7559999823570251,0.5910000205039978,1.294392704963684
949,0.7457000017166138,0.7475520372390747,0.5375000238418579,1.415640115737915
950,0.7455000281333923,0.7517350316047668,0.512499988079071,1.5527971982955933
951,0.7437999844551086,0.7488534450531006,0.574999988079071,1.3218353986740112
952,0.7439000010490417,0.748785674571991,0.5730000138282776,1.3175114393234253
953,0.7458999752998352,0.746144711971283,0.5440000295639038,1.4226256608963013
954,0.7480999827384949,0.7452363967895508,0.5755000114440918,1.2798221111297607
955,0.7484999895095825,0.744558572769165,0.5625,1.3114628791809082
956,0.7476999759674072,0.743184506893158,0.5565000176429749,1.361294150352478
957,0.7501999735832214,0.7425479292869568,0.5690000057220459,1.3018431663513184
958,0.7455999851226807,0.7442958354949951,0.5460000038146973,1.3866546154022217
959,0.744700014591217,0.7482873201370239,0.5625,1.2613394260406494
960,0.7501000165939331,0.7405185699462891,0.5899999737739563,1.2395555973052979
961,0.7466999888420105,0.739210844039917,0.5814999938011169,1.2751870155334473
962,0.7509999871253967,0.7396366000175476,0.5929999947547913,1.2441343069076538
963,0.7498999834060669,0.7396867871284485,0.5730000138282776,1.3743232488632202
964,0.745199978351593,0.7403752207756042,0.5630000233650208,1.3412600755691528
965,0.7487000226974487,0.7382922768592834,0.515500009059906,1.5533252954483032
966,0.7491999864578247,0.7431850433349609,0.5634999871253967,1.309393286705017
967,0.7522000074386597,0.7343075275421143,0.5419999957084656,1.3671815395355225
968,0.7483000159263611,0.7371596097946167,0.5730000138282776,1.2824852466583252
969,0.7490000128746033,0.7360928654670715,0.5134999752044678,1.5372778177261353
970,0.7494000196456909,0.7401549220085144,0.5795000195503235,1.2652779817581177
971,0.7523999810218811,0.730423629283905,0.5814999938011169,1.265974998474121
972,0.7487999796867371,0.7341693043708801,0.5995000004768372,1.22429358959198
973,0.7509999871253967,0.7314261198043823,0.5759999752044678,1.3128207921981812
974,0.7509999871253967,0.7317041158676147,0.5809999704360962,1.3049964904785156
975,0.7527999877929688,0.7293221950531006,0.5924999713897705,1.2830796241760254
976,0.7495999932289124,0.7289746999740601,0.5379999876022339,1.451883316040039
977,0.7501000165939331,0.7393564581871033,0.6039999723434448,1.2537602186203003
978,0.7555000185966492,0.7264634370803833,0.5895000100135803,1.2154881954193115
979,0.7506999969482422,0.7299588918685913,0.5730000138282776,1.2593908309936523
980,0.7519000172615051,0.7286553978919983,0.559499979019165,1.3495148420333862
981,0.7541999816894531,0.7260762453079224,0.5605000257492065,1.2924420833587646
982,0.7523000240325928,0.7285779118537903,0.5920000076293945,1.305303692817688
983,0.7554000020027161,0.7203197479248047,0.5554999709129333,1.3603074550628662
984,0.7559999823570251,0.7239523530006409,0.5740000009536743,1.2994821071624756
985,0.7569000124931335,0.722917914390564,0.6004999876022339,1.2537826299667358
986,0.7556999921798706,0.7217832803726196,0.5924999713897705,1.293594241142273
987,0.7558000087738037,0.7248087525367737,0.5740000009536743,1.305587649345398
988,0.7554000020027161,0.7214968204498291,0.5920000076293945,1.2660530805587769
989,0.7566999793052673,0.7232890725135803,0.5770000219345093,1.3046932220458984
990,0.751800000667572,0.7241256833076477,0.5755000114440918,1.293968677520752
991,0.751800000667572,0.7219151854515076,0.5440000295639038,1.5156608819961548
992,0.7530999779701233,0.7255046367645264,0.5885000228881836,1.2963448762893677
993,0.7562000155448914,0.7186988592147827,0.5625,1.3710139989852905
994,0.7581999897956848,0.7173279523849487,0.5554999709129333,1.4266091585159302
995,0.7577000260353088,0.7159439921379089,0.5954999923706055,1.2440775632858276
996,0.7587000131607056,0.7159236073493958,0.5625,1.328317403793335
997,0.7552000284194946,0.7186951637268066,0.5910000205039978,1.2429156303405762
998,0.7577000260353088,0.7162652611732483,0.5899999737739563,1.2888392210006714
999,0.7591000199317932,0.7151387929916382,0.5485000014305115,1.3607566356658936
