epoch,accuracy,loss,val_accuracy,val_loss
0,0.11129999905824661,2.3042545318603516,0.11550000309944153,2.296736001968384
1,0.11299999803304672,2.29348087310791,0.11999999731779099,2.288886547088623
2,0.11649999767541885,2.286644458770752,0.11949999630451202,2.281919240951538
3,0.12309999763965607,2.2795042991638184,0.1289999932050705,2.2740235328674316
4,0.14329999685287476,2.2710072994232178,0.1535000056028366,2.264418601989746
5,0.16820000112056732,2.2611446380615234,0.1875,2.2539420127868652
6,0.1753000020980835,2.2507598400115967,0.1899999976158142,2.2433462142944336
7,0.18359999358654022,2.2395131587982178,0.19300000369548798,2.23176908493042
8,0.19689999520778656,2.226687431335449,0.20350000262260437,2.2178380489349365
9,0.20309999585151672,2.2123003005981445,0.22200000286102295,2.202216148376465
10,0.22429999709129333,2.1956710815429688,0.22750000655651093,2.1851439476013184
11,0.22830000519752502,2.177086353302002,0.2529999911785126,2.166555881500244
12,0.23770000040531158,2.1571855545043945,0.23000000417232513,2.1467387676239014
13,0.24150000512599945,2.1364898681640625,0.25099998712539673,2.123969316482544
14,0.24889999628067017,2.1158337593078613,0.2554999887943268,2.1037189960479736
15,0.2583000063896179,2.0959064960479736,0.26499998569488525,2.084805965423584
16,0.2597000002861023,2.0775043964385986,0.2615000009536743,2.069760799407959
17,0.265500009059906,2.061060667037964,0.27549999952316284,2.0540945529937744
18,0.2680000066757202,2.0468201637268066,0.27250000834465027,2.0389175415039062
19,0.2736000120639801,2.033090353012085,0.2775000035762787,2.026118516921997
20,0.2775000035762787,2.021929979324341,0.2874999940395355,2.0172719955444336
21,0.27469998598098755,2.012455463409424,0.27900001406669617,2.009333372116089
22,0.2822999954223633,2.002943277359009,0.2619999945163727,2.01493239402771
23,0.28299999237060547,1.995341181755066,0.2784999907016754,1.9955897331237793
24,0.28299999237060547,1.9874054193496704,0.273499995470047,2.0060582160949707
25,0.2874999940395355,1.9810539484024048,0.28600001335144043,1.9794716835021973
26,0.2948000133037567,1.9731472730636597,0.28949999809265137,1.9762834310531616
27,0.296999990940094,1.9667322635650635,0.29750001430511475,1.9664900302886963
28,0.2971999943256378,1.9606300592422485,0.2879999876022339,1.9649051427841187
29,0.29980000853538513,1.9550060033798218,0.2994999885559082,1.9557020664215088
30,0.3018999993801117,1.9493849277496338,0.2919999957084656,1.94805908203125
31,0.3068999946117401,1.9433437585830688,0.3050000071525574,1.9451961517333984
32,0.31049999594688416,1.9380472898483276,0.29899999499320984,1.937745213508606
33,0.3100000023841858,1.9322140216827393,0.30250000953674316,1.9315309524536133
34,0.3140999972820282,1.9268851280212402,0.30399999022483826,1.9339627027511597
35,0.31520000100135803,1.9202899932861328,0.3095000088214874,1.933422565460205
36,0.319599986076355,1.9157415628433228,0.31200000643730164,1.9247750043869019
37,0.32190001010894775,1.9099736213684082,0.31150001287460327,1.912298321723938
38,0.32359999418258667,1.904235601425171,0.3244999945163727,1.905344009399414
39,0.32850000262260437,1.8984259366989136,0.32350000739097595,1.9063118696212769
40,0.32919999957084656,1.8916434049606323,0.31450000405311584,1.9061568975448608
41,0.3310000002384186,1.888014793395996,0.31150001287460327,1.9168403148651123
42,0.33329999446868896,1.8821728229522705,0.33250001072883606,1.8886840343475342
43,0.3328999876976013,1.8760368824005127,0.33149999380111694,1.8857452869415283
44,0.3361999988555908,1.8710894584655762,0.33550000190734863,1.8756097555160522
45,0.34049999713897705,1.8653837442398071,0.33899998664855957,1.8684186935424805
46,0.33809998631477356,1.8595503568649292,0.31949999928474426,1.8936413526535034
47,0.34310001134872437,1.8543217182159424,0.33649998903274536,1.8648958206176758
48,0.34310001134872437,1.848698616027832,0.3449999988079071,1.851767659187317
49,0.3465999960899353,1.842496633529663,0.3375000059604645,1.8508282899856567
50,0.3479999899864197,1.837114691734314,0.3449999988079071,1.8482346534729004
51,0.351500004529953,1.8315702676773071,0.3440000116825104,1.8395251035690308
52,0.35440000891685486,1.8255352973937988,0.351500004529953,1.8357783555984497
53,0.35690000653266907,1.8212224245071411,0.33149999380111694,1.8416352272033691
54,0.3582000136375427,1.8169689178466797,0.3440000116825104,1.831945776939392
55,0.36039999127388,1.8103810548782349,0.3319999873638153,1.8446046113967896
56,0.3617999851703644,1.8055609464645386,0.3465000092983246,1.8220524787902832
57,0.36090001463890076,1.800385594367981,0.3474999964237213,1.8162660598754883
58,0.36480000615119934,1.7964019775390625,0.3425000011920929,1.8254985809326172
59,0.36800000071525574,1.792509913444519,0.34549999237060547,1.8254762887954712
60,0.3693999946117401,1.7854796648025513,0.35749998688697815,1.821296215057373
61,0.3707999885082245,1.7815173864364624,0.36550000309944153,1.813708782196045
62,0.373199999332428,1.775679111480713,0.32899999618530273,1.8532503843307495
63,0.3799999952316284,1.7722302675247192,0.320499986410141,1.8439239263534546
64,0.37529999017715454,1.7687242031097412,0.3319999873638153,1.8071731328964233
65,0.3774000108242035,1.761823058128357,0.35850000381469727,1.776194453239441
66,0.3774999976158142,1.7587461471557617,0.36149999499320984,1.7850786447525024
67,0.3817000091075897,1.7545865774154663,0.35749998688697815,1.781414270401001
68,0.3815000057220459,1.7495304346084595,0.36800000071525574,1.7884401082992554
69,0.38199999928474426,1.7460724115371704,0.34200000762939453,1.7978969812393188
70,0.3882000148296356,1.7424900531768799,0.3375000059604645,1.7969332933425903
71,0.3833000063896179,1.7393847703933716,0.3714999854564667,1.7579994201660156
72,0.38690000772476196,1.7338093519210815,0.3555000126361847,1.778437614440918
73,0.3903000056743622,1.7294988632202148,0.3605000078678131,1.7606605291366577
74,0.3880999982357025,1.7259610891342163,0.3634999990463257,1.7592763900756836
75,0.39079999923706055,1.721771240234375,0.3824999928474426,1.7467412948608398
76,0.3930000066757202,1.7182164192199707,0.367000013589859,1.7639621496200562
77,0.39250001311302185,1.7149327993392944,0.3564999997615814,1.751826286315918
78,0.3950999975204468,1.710243582725525,0.3790000081062317,1.7807482481002808
79,0.399399995803833,1.7054890394210815,0.3765000104904175,1.7485747337341309
80,0.398499995470047,1.703525185585022,0.37549999356269836,1.7658956050872803
81,0.39820000529289246,1.6999870538711548,0.38850000500679016,1.714627742767334
82,0.39899998903274536,1.696474552154541,0.3720000088214874,1.7554903030395508
83,0.399399995803833,1.6921197175979614,0.3785000145435333,1.762276530265808
84,0.4036000072956085,1.6903492212295532,0.37950000166893005,1.7241432666778564
85,0.40630000829696655,1.6838396787643433,0.3540000021457672,1.7730571031570435
86,0.4009000062942505,1.6809449195861816,0.38499999046325684,1.704095482826233
87,0.40450000762939453,1.67728590965271,0.38499999046325684,1.7068663835525513
88,0.40540000796318054,1.6757800579071045,0.3855000138282776,1.7142388820648193
89,0.4099000096321106,1.6704034805297852,0.39800000190734863,1.7063961029052734
90,0.40709999203681946,1.6684038639068604,0.3434999883174896,1.7872071266174316
91,0.4074999988079071,1.6636629104614258,0.4050000011920929,1.7114520072937012
92,0.40939998626708984,1.6610406637191772,0.3779999911785126,1.8047881126403809
93,0.41449999809265137,1.6570818424224854,0.390500009059906,1.7219268083572388
94,0.41359999775886536,1.651857614517212,0.40049999952316284,1.6793686151504517
95,0.4122999906539917,1.6491904258728027,0.37549999356269836,1.7005611658096313
96,0.41609999537467957,1.6456528902053833,0.3675000071525574,1.792693018913269
97,0.41290000081062317,1.6425189971923828,0.4034999907016754,1.6835538148880005
98,0.4205000102519989,1.6374582052230835,0.39800000190734863,1.7225769758224487
99,0.4198000133037567,1.6345539093017578,0.3970000147819519,1.6965456008911133
100,0.4178999960422516,1.631742238998413,0.40149998664855957,1.675154447555542
101,0.421999990940094,1.6279886960983276,0.35600000619888306,1.7511482238769531
102,0.4235000014305115,1.6253670454025269,0.3659999966621399,1.7413827180862427
103,0.4226999878883362,1.6229238510131836,0.4165000021457672,1.6702176332473755
104,0.4235999882221222,1.6179839372634888,0.38600000739097595,1.6962833404541016
105,0.424699991941452,1.6151999235153198,0.3995000123977661,1.670449137687683
106,0.42559999227523804,1.6122931241989136,0.3840000033378601,1.678389549255371
107,0.4250999987125397,1.6078004837036133,0.41200000047683716,1.647312045097351
108,0.4268999993801117,1.604299783706665,0.42649999260902405,1.637052297592163
109,0.43070000410079956,1.600416898727417,0.41999998688697815,1.6293836832046509
110,0.4316999912261963,1.5978282690048218,0.4025000035762787,1.7026536464691162
111,0.4307999908924103,1.5956273078918457,0.3919999897480011,1.664188265800476
112,0.4327999949455261,1.5918575525283813,0.40450000762939453,1.6604558229446411
113,0.43220001459121704,1.588942050933838,0.4099999964237213,1.6469179391860962
114,0.43149998784065247,1.584944486618042,0.38850000500679016,1.7770969867706299
115,0.43630000948905945,1.5846896171569824,0.40849998593330383,1.6850671768188477
116,0.43540000915527344,1.580845594406128,0.4154999852180481,1.6552385091781616
117,0.44279998540878296,1.5758856534957886,0.42500001192092896,1.6360009908676147
118,0.43560001254081726,1.574046015739441,0.42100000381469727,1.6295764446258545
119,0.4422999918460846,1.571258544921875,0.43149998784065247,1.5971299409866333
120,0.44040000438690186,1.5666249990463257,0.3944999873638153,1.629265546798706
121,0.4433000087738037,1.5654577016830444,0.42800000309944153,1.6118884086608887
122,0.4456000030040741,1.560022234916687,0.429500013589859,1.5965903997421265
123,0.44200000166893005,1.5593241453170776,0.4320000112056732,1.6135560274124146
124,0.448199987411499,1.554954171180725,0.42399999499320984,1.595761775970459
125,0.4472000002861023,1.5526546239852905,0.43149998784065247,1.6146804094314575
126,0.4496000111103058,1.5491970777511597,0.43799999356269836,1.6114311218261719
127,0.4465000033378601,1.5464142560958862,0.41850000619888306,1.6175135374069214
128,0.4487000107765198,1.543906807899475,0.3995000123977661,1.785884141921997
129,0.4499000012874603,1.5457158088684082,0.4440000057220459,1.5703665018081665
130,0.45399999618530273,1.5383386611938477,0.4424999952316284,1.5730549097061157
131,0.4489000141620636,1.5378276109695435,0.42800000309944153,1.6013426780700684
132,0.44839999079704285,1.53464937210083,0.4375,1.5714515447616577
133,0.4553000032901764,1.5305503606796265,0.4309999942779541,1.5891611576080322
134,0.45500001311302185,1.528353214263916,0.4415000081062317,1.5618935823440552
135,0.454800009727478,1.526995062828064,0.41200000047683716,1.6181968450546265
136,0.453000009059906,1.5256993770599365,0.4189999997615814,1.5920226573944092
137,0.45559999346733093,1.5225071907043457,0.4465000033378601,1.5753896236419678
138,0.45579999685287476,1.5216736793518066,0.44200000166893005,1.5575227737426758
139,0.45820000767707825,1.5171409845352173,0.44699999690055847,1.5612802505493164
140,0.46149998903274536,1.5129417181015015,0.4424999952316284,1.6051825284957886
141,0.4596000015735626,1.5121746063232422,0.43849998712539673,1.5954304933547974
142,0.4587000012397766,1.510262370109558,0.4390000104904175,1.5876967906951904
143,0.4618000090122223,1.5088833570480347,0.44600000977516174,1.5452656745910645
144,0.4616999924182892,1.5060317516326904,0.43849998712539673,1.5675326585769653
145,0.4643000066280365,1.5044995546340942,0.42750000953674316,1.585803508758545
146,0.4641999900341034,1.5012611150741577,0.4415000081062317,1.5511690378189087
147,0.4618000090122223,1.4983280897140503,0.44200000166893005,1.5653667449951172
148,0.4657000005245209,1.4967714548110962,0.382999986410141,1.7429686784744263
149,0.4636000096797943,1.4978268146514893,0.35899999737739563,1.8987398147583008
150,0.4648999869823456,1.495849370956421,0.43700000643730164,1.5578256845474243
151,0.4661000072956085,1.490190863609314,0.4410000145435333,1.5570451021194458
152,0.4683000147342682,1.4884088039398193,0.4065000116825104,1.6879267692565918
153,0.47110000252723694,1.4881051778793335,0.4350000023841858,1.598879098892212
154,0.46889999508857727,1.4863719940185547,0.4544999897480011,1.5253233909606934
155,0.47369998693466187,1.4826548099517822,0.40400001406669617,1.6150329113006592
156,0.46970000863075256,1.4848235845565796,0.4390000104904175,1.568010687828064
157,0.4693000018596649,1.4803900718688965,0.4569999873638153,1.5318377017974854
158,0.4765999913215637,1.4754087924957275,0.45100000500679016,1.5320262908935547
159,0.47369998693466187,1.4758687019348145,0.45399999618530273,1.5762442350387573
160,0.4763000011444092,1.473834753036499,0.41999998688697815,1.5927485227584839
161,0.4772999882698059,1.4707368612289429,0.4104999899864197,1.6530832052230835
162,0.4749999940395355,1.4709895849227905,0.42500001192092896,1.634999394416809
163,0.4756999909877777,1.4683408737182617,0.453000009059906,1.5652029514312744
164,0.47769999504089355,1.4672070741653442,0.4390000104904175,1.5470796823501587
165,0.477400004863739,1.4656704664230347,0.47600001096725464,1.5104126930236816
166,0.47929999232292175,1.461908221244812,0.46299999952316284,1.5094529390335083
167,0.4828999936580658,1.4596714973449707,0.45350000262260437,1.5319547653198242
168,0.48249998688697815,1.4562420845031738,0.445499986410141,1.6442978382110596
169,0.47940000891685486,1.460669994354248,0.4659999907016754,1.5079916715621948
170,0.47760000824928284,1.455973744392395,0.4325000047683716,1.5567903518676758
171,0.47929999232292175,1.4582493305206299,0.30250000953674316,2.304429292678833
172,0.47940000891685486,1.464520812034607,0.4235000014305115,1.6383918523788452
173,0.47839999198913574,1.454393744468689,0.4449999928474426,1.5540333986282349
174,0.48010000586509705,1.4509695768356323,0.4390000104904175,1.604438066482544
175,0.4846999943256378,1.4477320909500122,0.46000000834465027,1.5188966989517212
176,0.4837000072002411,1.4453144073486328,0.45399999618530273,1.5185281038284302
177,0.4860000014305115,1.4430065155029297,0.4415000081062317,1.5530345439910889
178,0.4830999970436096,1.442150354385376,0.45100000500679016,1.5249983072280884
179,0.48339998722076416,1.4420671463012695,0.45399999618530273,1.5279711484909058
180,0.48429998755455017,1.4381306171417236,0.4514999985694885,1.5754576921463013
181,0.48809999227523804,1.437119483947754,0.46549999713897705,1.50579833984375
182,0.4884999990463257,1.4366835355758667,0.4555000066757202,1.5283315181732178
183,0.49079999327659607,1.431887149810791,0.4584999978542328,1.5172487497329712
184,0.4896000027656555,1.430633783340454,0.4659999907016754,1.516394019126892
185,0.48910000920295715,1.4309009313583374,0.47099998593330383,1.513553500175476
186,0.4918000102043152,1.4290519952774048,0.4189999997615814,1.610872745513916
187,0.4927000105381012,1.4295074939727783,0.4494999945163727,1.5997164249420166
188,0.4876999855041504,1.425824522972107,0.4805000126361847,1.470876693725586
189,0.4887000024318695,1.4278756380081177,0.46399998664855957,1.5296357870101929
190,0.4925000071525574,1.42112135887146,0.4659999907016754,1.503175139427185
191,0.4973999857902527,1.4201213121414185,0.4480000138282776,1.5460280179977417
192,0.49390000104904175,1.4222285747528076,0.4690000116825104,1.5055633783340454
193,0.49619999527931213,1.4172914028167725,0.48350000381469727,1.4820021390914917
194,0.4952999949455261,1.4146220684051514,0.47699999809265137,1.473281741142273
195,0.49480000138282776,1.416152000427246,0.4729999899864197,1.4844623804092407
196,0.49880000948905945,1.4129520654678345,0.4625000059604645,1.4974169731140137
197,0.49950000643730164,1.412941336631775,0.4724999964237213,1.4925438165664673
198,0.4982999861240387,1.4089916944503784,0.47850000858306885,1.4890215396881104
199,0.4973999857902527,1.4083000421524048,0.48649999499320984,1.4696556329727173
200,0.4984999895095825,1.405853271484375,0.4480000138282776,1.5790258646011353
201,0.49869999289512634,1.4091359376907349,0.47450000047683716,1.4960838556289673
202,0.5016999840736389,1.4047735929489136,0.4749999940395355,1.4894403219223022
203,0.499099999666214,1.4031999111175537,0.4724999964237213,1.4754127264022827
204,0.5008999705314636,1.403321623802185,0.48100000619888306,1.4670276641845703
205,0.4997999966144562,1.399871826171875,0.4625000059604645,1.4948365688323975
206,0.5016000270843506,1.3987728357315063,0.48750001192092896,1.4580128192901611
207,0.5006999969482422,1.3964020013809204,0.46149998903274536,1.5232781171798706
208,0.5004000067710876,1.3977065086364746,0.4830000102519989,1.4677937030792236
209,0.5027999877929688,1.3921494483947754,0.49549999833106995,1.4498653411865234
210,0.5041000247001648,1.3938753604888916,0.453000009059906,1.523353934288025
211,0.506600022315979,1.3917725086212158,0.47699999809265137,1.494818091392517
212,0.5022000074386597,1.3897135257720947,0.43950000405311584,1.574349284172058
213,0.506600022315979,1.388442039489746,0.4779999852180481,1.45927095413208
214,0.5056999921798706,1.3884273767471313,0.4580000042915344,1.5212630033493042
215,0.5081999897956848,1.3849678039550781,0.4814999997615814,1.4694328308105469
216,0.5024999976158142,1.3859741687774658,0.476500004529953,1.4675612449645996
217,0.5091000199317932,1.3803129196166992,0.4584999978542328,1.594321846961975
218,0.5024999976158142,1.3868978023529053,0.47099998593330383,1.5478944778442383
219,0.5076000094413757,1.381177544593811,0.48899999260902405,1.4575401544570923
220,0.5145999789237976,1.3760446310043335,0.48500001430511475,1.4554028511047363
221,0.5117999911308289,1.3790472745895386,0.4620000123977661,1.4877943992614746
222,0.5127000212669373,1.3756632804870605,0.4860000014305115,1.4533740282058716
223,0.5128999948501587,1.375650405883789,0.48649999499320984,1.4537981748580933
224,0.5108000040054321,1.372878074645996,0.4675000011920929,1.4880266189575195
225,0.5127999782562256,1.3697853088378906,0.4584999978542328,1.5248667001724243
226,0.5145999789237976,1.3687000274658203,0.4830000102519989,1.467499017715454
227,0.5123999714851379,1.369581699371338,0.4959999918937683,1.4421501159667969
228,0.5108000040054321,1.3685274124145508,0.41200000047683716,1.736227035522461
229,0.5121999979019165,1.3665902614593506,0.4625000059604645,1.5791599750518799
230,0.5123000144958496,1.3700449466705322,0.4584999978542328,1.499484896659851
231,0.5163000226020813,1.3620284795761108,0.4790000021457672,1.4593321084976196
232,0.5151000022888184,1.3614027500152588,0.44699999690055847,1.526441216468811
233,0.517799973487854,1.3602020740509033,0.4650000035762787,1.4666956663131714
234,0.5170999765396118,1.362028956413269,0.453000009059906,1.568650484085083
235,0.5170999765396118,1.3598847389221191,0.49900001287460327,1.43886399269104
236,0.5200999975204468,1.3555854558944702,0.49149999022483826,1.4437885284423828
237,0.5206999778747559,1.3551104068756104,0.47749999165534973,1.4546855688095093
238,0.5185999870300293,1.3539599180221558,0.4869999885559082,1.4845982789993286
239,0.5205000042915344,1.3506754636764526,0.45750001072883606,1.5092462301254272
240,0.5189999938011169,1.3498988151550293,0.3395000100135803,2.018207550048828
241,0.5206999778747559,1.3523067235946655,0.4724999964237213,1.4645779132843018
242,0.5221999883651733,1.3484143018722534,0.492000013589859,1.4515141248703003
243,0.5194000005722046,1.3471274375915527,0.4925000071525574,1.454568862915039
244,0.5223000049591064,1.3438408374786377,0.48500001430511475,1.4586870670318604
245,0.520799994468689,1.346652865409851,0.49799999594688416,1.4151488542556763
246,0.5248000025749207,1.3426740169525146,0.47450000047683716,1.4530354738235474
247,0.5224000215530396,1.3409967422485352,0.45100000500679016,1.5360491275787354
248,0.5216000080108643,1.343980312347412,0.460999995470047,1.4782766103744507
249,0.5220000147819519,1.3376836776733398,0.4724999964237213,1.4677213430404663
250,0.5286999940872192,1.3387142419815063,0.43950000405311584,1.6001405715942383
251,0.5238000154495239,1.3409909009933472,0.4814999997615814,1.432420015335083
252,0.5264000296592712,1.3347207307815552,0.48750001192092896,1.441001296043396
253,0.5270000100135803,1.3351666927337646,0.45350000262260437,1.5144665241241455
254,0.5264999866485596,1.3329830169677734,0.5009999871253967,1.4532222747802734
255,0.5282999873161316,1.3315069675445557,0.44999998807907104,1.534794807434082
256,0.5281000137329102,1.330430030822754,0.42250001430511475,1.5793818235397339
257,0.5242999792098999,1.334937334060669,0.4684999883174896,1.4885375499725342
258,0.5311999917030334,1.3295625448226929,0.4950000047683716,1.4227899312973022
259,0.5313000082969666,1.327268123626709,0.48899999260902405,1.416487455368042
260,0.5322999954223633,1.3238478899002075,0.4934999942779541,1.4252651929855347
261,0.5340999960899353,1.3218921422958374,0.49549999833106995,1.4630885124206543
262,0.5299999713897705,1.3234935998916626,0.512499988079071,1.400226354598999
263,0.5360000133514404,1.322805643081665,0.49149999022483826,1.4494913816452026
264,0.5293999910354614,1.3227101564407349,0.48649999499320984,1.429445505142212
265,0.5278000235557556,1.3221153020858765,0.49050000309944153,1.4326412677764893
266,0.5311999917030334,1.3184205293655396,0.492000013589859,1.4372645616531372
267,0.5339999794960022,1.3189626932144165,0.49399998784065247,1.441889762878418
268,0.5347999930381775,1.3173969984054565,0.5019999742507935,1.4019194841384888
269,0.5343999862670898,1.316561222076416,0.4814999997615814,1.4285693168640137
270,0.5365999937057495,1.3133412599563599,0.5,1.4200201034545898
271,0.5339999794960022,1.3113501071929932,0.4724999964237213,1.468536138534546
272,0.5360000133514404,1.313647985458374,0.5,1.4085081815719604
273,0.5356000065803528,1.3076527118682861,0.5049999952316284,1.3955074548721313
274,0.5379999876022339,1.308576226234436,0.47850000858306885,1.473846197128296
275,0.539900004863739,1.310300588607788,0.45750001072883606,1.529036045074463
276,0.5357999801635742,1.3087944984436035,0.503000020980835,1.4234126806259155
277,0.5357999801635742,1.3061044216156006,0.503000020980835,1.4093886613845825
278,0.5389000177383423,1.3052279949188232,0.49799999594688416,1.4170838594436646
279,0.5404000282287598,1.3030922412872314,0.4959999918937683,1.4253439903259277
280,0.5404999852180481,1.3016769886016846,0.48350000381469727,1.4386897087097168
281,0.5425999760627747,1.298218011856079,0.5019999742507935,1.412517786026001
282,0.5404999852180481,1.3021855354309082,0.4959999918937683,1.4199316501617432
283,0.541100025177002,1.2987614870071411,0.4975000023841858,1.4119377136230469
284,0.5450000166893005,1.2938445806503296,0.5005000233650208,1.4061620235443115
285,0.5425999760627747,1.2947523593902588,0.46549999713897705,1.4896936416625977
286,0.5414999723434448,1.2939013242721558,0.4749999940395355,1.484544038772583
287,0.5388000011444092,1.2984737157821655,0.3785000145435333,1.8567910194396973
288,0.5429999828338623,1.2963608503341675,0.5040000081062317,1.4087119102478027
289,0.5440000295639038,1.2909462451934814,0.5109999775886536,1.3964635133743286
290,0.546500027179718,1.2901499271392822,0.5005000233650208,1.4080697298049927
291,0.546500027179718,1.2869302034378052,0.5084999799728394,1.3876211643218994
292,0.5457000136375427,1.2904870510101318,0.49799999594688416,1.3982487916946411
293,0.5480999946594238,1.2864257097244263,0.5024999976158142,1.3980916738510132
294,0.5454000234603882,1.2862740755081177,0.41499999165534973,1.7156269550323486
295,0.5453000068664551,1.28934907913208,0.48249998688697815,1.4376877546310425
296,0.5493999719619751,1.2823433876037598,0.5070000290870667,1.3972609043121338
297,0.5485000014305115,1.2823649644851685,0.5134999752044678,1.3898053169250488
298,0.5504000186920166,1.283362627029419,0.5065000057220459,1.3831876516342163
299,0.5490999817848206,1.2807247638702393,0.4975000023841858,1.3968052864074707
300,0.5482000112533569,1.2778491973876953,0.5024999976158142,1.3799769878387451
301,0.5497000217437744,1.2818212509155273,0.4424999952316284,1.5608930587768555
302,0.5515999794006348,1.277596354484558,0.5070000290870667,1.3935256004333496
303,0.5511999726295471,1.275364637374878,0.4325000047683716,1.7253007888793945
304,0.5498999953269958,1.2777514457702637,0.4970000088214874,1.3911341428756714
305,0.5511000156402588,1.2763468027114868,0.445499986410141,1.5203725099563599
306,0.5547000169754028,1.2738152742385864,0.5049999952316284,1.3949006795883179
307,0.5509999990463257,1.2714451551437378,0.503000020980835,1.4482828378677368
308,0.5507000088691711,1.2718744277954102,0.4970000088214874,1.3914397954940796
309,0.5532000064849854,1.2664828300476074,0.5044999718666077,1.409645915031433
310,0.5516999959945679,1.268469214439392,0.49799999594688416,1.3966763019561768
311,0.5536999702453613,1.2664868831634521,0.4884999990463257,1.4243394136428833
312,0.5544999837875366,1.2723463773727417,0.5070000290870667,1.3813371658325195
313,0.5555999875068665,1.2618603706359863,0.5059999823570251,1.392561912536621
314,0.5533999800682068,1.2638273239135742,0.5130000114440918,1.3627873659133911
315,0.555899977684021,1.2623895406723022,0.49300000071525574,1.4228414297103882
316,0.5552999973297119,1.2671840190887451,0.5019999742507935,1.40446937084198
317,0.5533999800682068,1.2632285356521606,0.5130000114440918,1.358417272567749
318,0.5598000288009644,1.2584857940673828,0.5049999952316284,1.3732647895812988
319,0.557699978351593,1.2599061727523804,0.49399998784065247,1.4216814041137695
320,0.555400013923645,1.2561670541763306,0.5070000290870667,1.3780826330184937
321,0.5570999979972839,1.2564597129821777,0.512499988079071,1.370224118232727
322,0.5583000183105469,1.2566349506378174,0.4650000035762787,1.5255882740020752
323,0.5593000054359436,1.2567110061645508,0.4934999942779541,1.4238399267196655
324,0.560699999332428,1.2564916610717773,0.48249998688697815,1.4437884092330933
325,0.5620999932289124,1.2538866996765137,0.4424999952316284,1.548811435699463
326,0.5587999820709229,1.2511738538742065,0.5105000138282776,1.3913100957870483
327,0.5598999857902527,1.2502940893173218,0.49900001287460327,1.4414818286895752
328,0.5561000108718872,1.2499103546142578,0.5149999856948853,1.3634557723999023
329,0.5633999705314636,1.2479255199432373,0.5184999704360962,1.3594526052474976
330,0.5618000030517578,1.2449413537979126,0.4659999907016754,1.479697823524475
331,0.5612000226974487,1.2462424039840698,0.5134999752044678,1.409446120262146
332,0.5644999742507935,1.2472243309020996,0.5065000057220459,1.385762333869934
333,0.5629000067710876,1.244396686553955,0.5180000066757202,1.3551228046417236
334,0.5605000257492065,1.2421072721481323,0.4805000126361847,1.4718416929244995
335,0.5609999895095825,1.2440317869186401,0.5109999775886536,1.3541797399520874
336,0.5618000030517578,1.239870309829712,0.5049999952316284,1.3960967063903809
337,0.5618000030517578,1.239932656288147,0.5139999985694885,1.3770593404769897
338,0.5648000240325928,1.2407604455947876,0.5115000009536743,1.3672549724578857
339,0.5687000155448914,1.2360599040985107,0.5024999976158142,1.3914532661437988
340,0.5644000172615051,1.2359344959259033,0.4970000088214874,1.4185385704040527
341,0.5669999718666077,1.2359519004821777,0.5130000114440918,1.393308401107788
342,0.5683000087738037,1.2359663248062134,0.5115000009536743,1.3764275312423706
343,0.5641000270843506,1.2318490743637085,0.503000020980835,1.3862781524658203
344,0.567300021648407,1.2358644008636475,0.5189999938011169,1.3633595705032349
345,0.5663999915122986,1.2341667413711548,0.5105000138282776,1.3700995445251465
346,0.5685999989509583,1.2301747798919678,0.5055000185966492,1.3695640563964844
347,0.5702999830245972,1.2280337810516357,0.5134999752044678,1.393198013305664
348,0.5692999958992004,1.2285832166671753,0.5170000195503235,1.360756754875183
349,0.5690000057220459,1.2295148372650146,0.484499990940094,1.4469165802001953
350,0.5709999799728394,1.2263357639312744,0.4490000009536743,1.605204701423645
351,0.5677000284194946,1.2277456521987915,0.4544999897480011,1.4984937906265259
352,0.5716000199317932,1.2256048917770386,0.512499988079071,1.3626772165298462
353,0.5688999891281128,1.2220802307128906,0.5230000019073486,1.3562012910842896
354,0.5659999847412109,1.2224879264831543,0.5170000195503235,1.3610687255859375
355,0.5720999836921692,1.2205348014831543,0.47850000858306885,1.4469590187072754
356,0.5713000297546387,1.2184679508209229,0.48100000619888306,1.5397658348083496
357,0.5702000260353088,1.2213200330734253,0.4945000112056732,1.427038311958313
358,0.5705000162124634,1.2203787565231323,0.5080000162124634,1.3573887348175049
359,0.5741999745368958,1.219923496246338,0.492000013589859,1.4301550388336182
360,0.5722000002861023,1.218553900718689,0.5220000147819519,1.37064528465271
361,0.574999988079071,1.2125719785690308,0.492000013589859,1.4388023614883423
362,0.5734999775886536,1.2115963697433472,0.5049999952316284,1.3619701862335205
363,0.5709999799728394,1.212566614151001,0.5199999809265137,1.3870991468429565
364,0.5719000101089478,1.212278962135315,0.5095000267028809,1.360098123550415
365,0.5716000199317932,1.212405800819397,0.4894999861717224,1.4065580368041992
366,0.5741999745368958,1.209028720855713,0.5164999961853027,1.3394972085952759
367,0.5799000263214111,1.2073172330856323,0.46299999952316284,1.5537536144256592
368,0.5748000144958496,1.2093706130981445,0.515999972820282,1.363900899887085
369,0.5755000114440918,1.206162691116333,0.5239999890327454,1.329903244972229
370,0.579200029373169,1.205661416053772,0.5145000219345093,1.3700039386749268
371,0.5785999894142151,1.2092082500457764,0.4894999861717224,1.4287524223327637
372,0.5764999985694885,1.2054747343063354,0.48750001192092896,1.4474139213562012
373,0.5766000151634216,1.201186180114746,0.5109999775886536,1.3504981994628906
374,0.578000009059906,1.200989007949829,0.46050000190734863,1.4745652675628662
375,0.5759000182151794,1.2010122537612915,0.512499988079071,1.3587106466293335
376,0.5794000029563904,1.2022267580032349,0.43950000405311584,1.7073180675506592
377,0.5785999894142151,1.2039294242858887,0.5245000123977661,1.35219407081604
378,0.5773000121116638,1.196244478225708,0.476500004529953,1.4763336181640625
379,0.578000009059906,1.1983954906463623,0.515500009059906,1.3645728826522827
380,0.5791000127792358,1.1968704462051392,0.5024999976158142,1.4077600240707397
381,0.583899974822998,1.1908745765686035,0.5295000076293945,1.3300482034683228
382,0.5813999772071838,1.193630337715149,0.5174999833106995,1.358855962753296
383,0.5791000127792358,1.1913151741027832,0.5170000195503235,1.3513033390045166
384,0.58160001039505,1.1896400451660156,0.5249999761581421,1.3276185989379883
385,0.5835000276565552,1.1911683082580566,0.5320000052452087,1.3518178462982178
386,0.5849999785423279,1.1875698566436768,0.5149999856948853,1.3520727157592773
387,0.579800009727478,1.1887844800949097,0.5264999866485596,1.3317257165908813
388,0.5809000134468079,1.1897703409194946,0.44699999690055847,1.545812964439392
389,0.5839999914169312,1.188704252243042,0.49799999594688416,1.4307390451431274
390,0.5830000042915344,1.1866273880004883,0.5304999947547913,1.3282151222229004
391,0.583299994468689,1.1866830587387085,0.5149999856948853,1.3795119524002075
392,0.5843999981880188,1.1820622682571411,0.5180000066757202,1.3360884189605713
393,0.5867999792098999,1.1795340776443481,0.4970000088214874,1.400894045829773
394,0.5853999853134155,1.1839629411697388,0.4984999895095825,1.404088020324707
395,0.5809000134468079,1.1820800304412842,0.5245000123977661,1.337060570716858
396,0.5856000185012817,1.182833194732666,0.5034999847412109,1.3883845806121826
397,0.5842999815940857,1.1818472146987915,0.48899999260902405,1.418056607246399
398,0.5856000185012817,1.1781402826309204,0.4869999885559082,1.4487311840057373
399,0.5839999914169312,1.1799037456512451,0.5220000147819519,1.350894570350647
400,0.5864999890327454,1.1736036539077759,0.5235000252723694,1.3673557043075562
401,0.5870000123977661,1.1771808862686157,0.5325000286102295,1.3322882652282715
402,0.5873000025749207,1.1723620891571045,0.5174999833106995,1.3591114282608032
403,0.5909000039100647,1.1717045307159424,0.5260000228881836,1.3490312099456787
404,0.5902000069618225,1.174721121788025,0.5044999718666077,1.3697185516357422
405,0.590499997138977,1.1723116636276245,0.445499986410141,1.681310772895813
406,0.5888000130653381,1.1734817028045654,0.5074999928474426,1.3798729181289673
407,0.5925999879837036,1.1695828437805176,0.5109999775886536,1.3522251844406128
408,0.590399980545044,1.168074369430542,0.5289999842643738,1.3251715898513794
409,0.5921000242233276,1.165675401687622,0.5174999833106995,1.3625502586364746
410,0.5946000218391418,1.1605994701385498,0.5044999718666077,1.4282046556472778
411,0.5892999768257141,1.1630361080169678,0.5329999923706055,1.3165314197540283
412,0.5929999947547913,1.1647114753723145,0.4449999928474426,1.5911837816238403
413,0.59170001745224,1.1684085130691528,0.515500009059906,1.3881536722183228
414,0.5949000120162964,1.1605619192123413,0.5130000114440918,1.3570048809051514
415,0.589900016784668,1.1643142700195312,0.49900001287460327,1.4135669469833374
416,0.593999981880188,1.1580779552459717,0.5149999856948853,1.3525179624557495
417,0.5954999923706055,1.1564576625823975,0.5299999713897705,1.3286031484603882
418,0.592199981212616,1.1564371585845947,0.43050000071525574,1.6168042421340942
419,0.5934000015258789,1.1629315614700317,0.5080000162124634,1.3934768438339233
420,0.5938000082969666,1.1545580625534058,0.503000020980835,1.4152417182922363
421,0.59579998254776,1.1530396938323975,0.4429999887943268,1.6809524297714233
422,0.5958999991416931,1.1559855937957764,0.4950000047683716,1.461916446685791
423,0.5950999855995178,1.1510311365127563,0.5040000081062317,1.4776560068130493
424,0.5967000126838684,1.1485912799835205,0.476500004529953,1.4858330488204956
425,0.595300018787384,1.1529690027236938,0.5260000228881836,1.345391035079956
426,0.5982000231742859,1.1487642526626587,0.5139999985694885,1.3612821102142334
427,0.6013000011444092,1.1458678245544434,0.5394999980926514,1.3102997541427612
428,0.5981000065803528,1.1451939344406128,0.534500002861023,1.301866054534912
429,0.5967000126838684,1.1453990936279297,0.3955000042915344,1.8491498231887817
430,0.5957000255584717,1.154866337776184,0.5210000276565552,1.3873248100280762
431,0.597100019454956,1.1426395177841187,0.5320000052452087,1.3268797397613525
432,0.5985999703407288,1.144088625907898,0.4869999885559082,1.4285420179367065
433,0.6060000061988831,1.1405659914016724,0.5394999980926514,1.299640417098999
434,0.5997999906539917,1.138340711593628,0.5239999890327454,1.3349381685256958
435,0.5979999899864197,1.137073278427124,0.5295000076293945,1.3359001874923706
436,0.6032000184059143,1.1368286609649658,0.5329999923706055,1.3297505378723145
437,0.6037999987602234,1.1353987455368042,0.5299999713897705,1.3318744897842407
438,0.602400004863739,1.1359875202178955,0.5180000066757202,1.4016718864440918
439,0.6007999777793884,1.1342345476150513,0.5249999761581421,1.333111047744751
440,0.6015999913215637,1.1335252523422241,0.5360000133514404,1.3362759351730347
441,0.6047999858856201,1.1344752311706543,0.5254999995231628,1.321657419204712
442,0.6047000288963318,1.1333937644958496,0.5385000109672546,1.2912753820419312
443,0.6051999926567078,1.1310821771621704,0.5230000019073486,1.4025335311889648
444,0.6029999852180481,1.1317801475524902,0.46000000834465027,1.540103793144226
445,0.6057999730110168,1.1304874420166016,0.515999972820282,1.3535475730895996
446,0.605400025844574,1.1303962469100952,0.4855000078678131,1.4404810667037964
447,0.6078000068664551,1.1254277229309082,0.47049999237060547,1.5410252809524536
448,0.6050999760627747,1.1285490989685059,0.4964999854564667,1.4173518419265747
449,0.6090999841690063,1.1299479007720947,0.5360000133514404,1.3056774139404297
450,0.6061000227928162,1.1250269412994385,0.5235000252723694,1.3378833532333374
451,0.6046000123023987,1.1252497434616089,0.503000020980835,1.402391791343689
452,0.6079000234603882,1.124279499053955,0.5425000190734863,1.3111979961395264
453,0.607200026512146,1.1175932884216309,0.5115000009536743,1.3792845010757446
454,0.6069999933242798,1.1185672283172607,0.527999997138977,1.3266916275024414
455,0.6080999970436096,1.1164181232452393,0.5335000157356262,1.3264613151550293
456,0.6085000038146973,1.119719386100769,0.5425000190734863,1.30866277217865
457,0.6086999773979187,1.1174777746200562,0.5095000267028809,1.407934546470642
458,0.6093000173568726,1.118927001953125,0.5055000185966492,1.3751879930496216
459,0.6110000014305115,1.1132524013519287,0.5419999957084656,1.314528465270996
460,0.6133000254631042,1.1155600547790527,0.5289999842643738,1.3664008378982544
461,0.6133999824523926,1.1132326126098633,0.49799999594688416,1.417184591293335
462,0.609000027179718,1.115871787071228,0.5059999823570251,1.4016857147216797
463,0.6115000247955322,1.112059235572815,0.5295000076293945,1.3198202848434448
464,0.6126000285148621,1.1102017164230347,0.5214999914169312,1.3400171995162964
465,0.6132000088691711,1.1108002662658691,0.5214999914169312,1.3372689485549927
466,0.6119999885559082,1.1079410314559937,0.5400000214576721,1.3168798685073853
467,0.6136999726295471,1.108498454093933,0.49300000071525574,1.4133304357528687
468,0.6148999929428101,1.1060354709625244,0.531499981880188,1.3540059328079224
469,0.6133000254631042,1.1074339151382446,0.5024999976158142,1.3846263885498047
470,0.6169999837875366,1.1050171852111816,0.5335000157356262,1.3208483457565308
471,0.6158999800682068,1.1066501140594482,0.546999990940094,1.2878347635269165
472,0.6152999997138977,1.1012027263641357,0.5425000190734863,1.2902027368545532
473,0.6151000261306763,1.1031111478805542,0.5360000133514404,1.3354696035385132
474,0.6111000180244446,1.1031345129013062,0.5339999794960022,1.3021115064620972
475,0.614799976348877,1.1013516187667847,0.5289999842643738,1.3217417001724243
476,0.6154000163078308,1.0978997945785522,0.5145000219345093,1.3631397485733032
477,0.6176999807357788,1.098215103149414,0.5184999704360962,1.3553845882415771
478,0.6147000193595886,1.0974211692810059,0.4519999921321869,1.6058801412582397
479,0.6171000003814697,1.0999486446380615,0.5220000147819519,1.3686087131500244
480,0.6183000206947327,1.0944032669067383,0.5425000190734863,1.307620882987976
481,0.6195999979972839,1.0919175148010254,0.5289999842643738,1.3602890968322754
482,0.620199978351593,1.0949203968048096,0.5,1.4362231492996216
483,0.6169999837875366,1.092909812927246,0.5335000157356262,1.325521469116211
484,0.6201000213623047,1.0927962064743042,0.5364999771118164,1.3061293363571167
485,0.6216999888420105,1.0907361507415771,0.550000011920929,1.2900259494781494
486,0.6241000294685364,1.089215874671936,0.5385000109672546,1.3080490827560425
487,0.6218000054359436,1.0852961540222168,0.5504999756813049,1.2989780902862549
488,0.6187000274658203,1.0883748531341553,0.5239999890327454,1.372969150543213
489,0.6205999851226807,1.0870293378829956,0.5400000214576721,1.2983484268188477
490,0.6208000183105469,1.0850310325622559,0.5410000085830688,1.3321870565414429
491,0.6215000152587891,1.0861313343048096,0.5404999852180481,1.2853765487670898
492,0.6229000091552734,1.082283616065979,0.492000013589859,1.4732788801193237
493,0.6215999722480774,1.0821611881256104,0.5364999771118164,1.3313019275665283
494,0.6208000183105469,1.0842491388320923,0.5230000019073486,1.4326725006103516
495,0.6233000159263611,1.0842329263687134,0.5264999866485596,1.3378947973251343
496,0.6259999871253967,1.0794568061828613,0.5099999904632568,1.4248842000961304
497,0.6204000115394592,1.0813976526260376,0.5450000166893005,1.2946112155914307
498,0.6270999908447266,1.0781726837158203,0.5389999747276306,1.292276382446289
499,0.6245999932289124,1.0737030506134033,0.534500002861023,1.3168647289276123
500,0.6255000233650208,1.0759925842285156,0.5410000085830688,1.2954626083374023
501,0.6273999810218811,1.075026512145996,0.5375000238418579,1.3380646705627441
502,0.6287000179290771,1.0736685991287231,0.531499981880188,1.3805675506591797
503,0.6291000247001648,1.0737584829330444,0.5015000104904175,1.4273490905761719
504,0.6272000074386597,1.0724128484725952,0.546500027179718,1.3488256931304932
505,0.6262000203132629,1.0733684301376343,0.5569999814033508,1.2654006481170654
506,0.6279000043869019,1.0707156658172607,0.5454999804496765,1.2913281917572021
507,0.6276999711990356,1.0653986930847168,0.5299999713897705,1.320614218711853
508,0.6312000155448914,1.0715733766555786,0.5325000286102295,1.3138655424118042
509,0.6251000165939331,1.0709211826324463,0.5404999852180481,1.3452070951461792
510,0.6299999952316284,1.0648167133331299,0.5249999761581421,1.3194668292999268
511,0.6333000063896179,1.0627474784851074,0.5224999785423279,1.370629906654358
512,0.6312000155448914,1.0621851682662964,0.5385000109672546,1.2926121950149536
513,0.6288999915122986,1.0621377229690552,0.5379999876022339,1.311455249786377
514,0.6291000247001648,1.0636858940124512,0.4880000054836273,1.5703705549240112
515,0.6308000087738037,1.0674493312835693,0.5419999957084656,1.3207170963287354
516,0.6312000155448914,1.0593841075897217,0.4124999940395355,1.6714714765548706
517,0.6342999935150146,1.0632106065750122,0.5220000147819519,1.4146836996078491
518,0.6304000020027161,1.060351848602295,0.5214999914169312,1.3493136167526245
519,0.6313999891281128,1.0568208694458008,0.4790000021457672,1.5099263191223145
520,0.6291999816894531,1.0557544231414795,0.5080000162124634,1.3679101467132568
521,0.6366000175476074,1.0531270503997803,0.5274999737739563,1.340541124343872
522,0.6330000162124634,1.0535370111465454,0.5385000109672546,1.3163173198699951
523,0.6344000101089478,1.0492403507232666,0.5134999752044678,1.4135688543319702
524,0.6324999928474426,1.0541967153549194,0.5180000066757202,1.3579471111297607
525,0.633899986743927,1.050580620765686,0.43299999833106995,1.7256680727005005
526,0.6345000267028809,1.0543222427368164,0.5389999747276306,1.3212440013885498
527,0.6338000297546387,1.049176812171936,0.5285000205039978,1.3361680507659912
528,0.6363999843597412,1.0489866733551025,0.5404999852180481,1.3273842334747314
529,0.637499988079071,1.0468482971191406,0.48399999737739563,1.5829304456710815
530,0.6363000273704529,1.0527245998382568,0.5394999980926514,1.3190220594406128
531,0.6366000175476074,1.0457367897033691,0.5529999732971191,1.26810884475708
532,0.6406999826431274,1.0416548252105713,0.5339999794960022,1.3267426490783691
533,0.6378999948501587,1.0445383787155151,0.5320000052452087,1.3248169422149658
534,0.63919997215271,1.0440213680267334,0.5494999885559082,1.2950600385665894
535,0.6388999819755554,1.0404777526855469,0.5299999713897705,1.3520715236663818
536,0.6383000016212463,1.041280746459961,0.512499988079071,1.470759391784668
537,0.6353999972343445,1.0452830791473389,0.5220000147819519,1.3774161338806152
538,0.6403999924659729,1.0359479188919067,0.559499979019165,1.279598355293274
539,0.6431999802589417,1.0326107740402222,0.49549999833106995,1.4360440969467163
540,0.6416000127792358,1.0387485027313232,0.5364999771118164,1.318459153175354
541,0.6399999856948853,1.036319613456726,0.5460000038146973,1.320181131362915
542,0.6437000036239624,1.033595085144043,0.5059999823570251,1.3870654106140137
543,0.6428999900817871,1.0346235036849976,0.5544999837875366,1.2749254703521729
544,0.6412000060081482,1.032745599746704,0.5540000200271606,1.2826080322265625
545,0.6399999856948853,1.0357753038406372,0.45100000500679016,1.6133995056152344
546,0.6431000232696533,1.03759765625,0.5184999704360962,1.3883742094039917
547,0.6448000073432922,1.030461311340332,0.5590000152587891,1.2708163261413574
548,0.6482999920845032,1.0264569520950317,0.5534999966621399,1.2855291366577148
549,0.6421999931335449,1.029500126838684,0.5335000157356262,1.4054902791976929
550,0.6467000246047974,1.0268839597702026,0.5404999852180481,1.3493201732635498
551,0.6459000110626221,1.0266975164413452,0.559499979019165,1.2771024703979492
552,0.6442999839782715,1.0278114080429077,0.5429999828338623,1.3263368606567383
553,0.6460000276565552,1.0224723815917969,0.5370000004768372,1.3245662450790405
554,0.6428999900817871,1.0280827283859253,0.546999990940094,1.3364267349243164
555,0.6456999778747559,1.0213826894760132,0.5515000224113464,1.2783269882202148
556,0.6446999907493591,1.0246070623397827,0.5339999794960022,1.369259238243103
557,0.6455000042915344,1.0172934532165527,0.5360000133514404,1.302559494972229
558,0.6524999737739563,1.0194905996322632,0.546999990940094,1.3314777612686157
559,0.6485999822616577,1.0169503688812256,0.5074999928474426,1.4629508256912231
560,0.6453999876976013,1.0202223062515259,0.5475000143051147,1.3199797868728638
561,0.6510000228881836,1.0170254707336426,0.5105000138282776,1.4004290103912354
562,0.6428999900817871,1.016364336013794,0.5460000038146973,1.2999320030212402
563,0.650600016117096,1.0117595195770264,0.5490000247955322,1.2877466678619385
564,0.6514000296592712,1.0126514434814453,0.5644999742507935,1.2536908388137817
565,0.6477000117301941,1.0140982866287231,0.5049999952316284,1.4846243858337402
566,0.6496999859809875,1.0151805877685547,0.5199999809265137,1.3547117710113525
567,0.6509000062942505,1.0127086639404297,0.5385000109672546,1.3445956707000732
568,0.6492999792098999,1.0094925165176392,0.5435000061988831,1.3286312818527222
569,0.6518999934196472,1.0112050771713257,0.5444999933242798,1.3010395765304565
570,0.6498000025749207,1.0053528547286987,0.5479999780654907,1.3193187713623047
571,0.6547999978065491,1.0035359859466553,0.5565000176429749,1.2752728462219238
572,0.651199996471405,1.005082130432129,0.5590000152587891,1.272438645362854
573,0.6518999934196472,1.0068223476409912,0.5605000257492065,1.2683802843093872
574,0.6499999761581421,1.0041124820709229,0.5354999899864197,1.3701945543289185
575,0.656000018119812,1.0009368658065796,0.5375000238418579,1.3395600318908691
576,0.6561999917030334,1.0060386657714844,0.4740000069141388,1.5740782022476196
577,0.6502000093460083,1.0093423128128052,0.5525000095367432,1.261643409729004
578,0.6534000039100647,0.9986567497253418,0.5440000295639038,1.3300124406814575
579,0.6560999751091003,0.9995309710502625,0.4934999942779541,1.5390408039093018
580,0.6489999890327454,1.0093567371368408,0.5214999914169312,1.4039011001586914
581,0.6521000266075134,1.000959038734436,0.5385000109672546,1.317717432975769
582,0.6585000157356262,0.9973136782646179,0.565500020980835,1.2791587114334106
583,0.6531000137329102,0.9954970479011536,0.5625,1.2671908140182495
584,0.6547999978065491,0.9926677942276001,0.5475000143051147,1.3074301481246948
585,0.6557000279426575,0.9950371384620667,0.5394999980926514,1.320824384689331
586,0.652400016784668,0.9931194186210632,0.5550000071525574,1.2792940139770508
587,0.6601999998092651,0.9920525550842285,0.5705000162124634,1.2457505464553833
588,0.6581000089645386,0.9904641509056091,0.5059999823570251,1.4563325643539429
589,0.6581000089645386,0.988599419593811,0.5544999837875366,1.2677054405212402
590,0.6581000089645386,0.9861480593681335,0.5684999823570251,1.2724796533584595
591,0.6606000065803528,0.9833667278289795,0.5285000205039978,1.3836989402770996
592,0.6596999764442444,0.9874010682106018,0.5419999957084656,1.3538144826889038
593,0.6646999716758728,0.9835643768310547,0.49399998784065247,1.4794197082519531
594,0.6579999923706055,0.9926704168319702,0.5015000104904175,1.4695056676864624
595,0.6586999893188477,0.9853839874267578,0.5494999885559082,1.307493805885315
596,0.6588000059127808,0.9870375990867615,0.5569999814033508,1.2703665494918823
597,0.6578999757766724,0.9844499230384827,0.5375000238418579,1.307165503501892
598,0.6589999794960022,0.98074871301651,0.5640000104904175,1.2478350400924683
599,0.6567000150680542,0.984226644039154,0.550000011920929,1.2905093431472778
600,0.6640999913215637,0.9805631041526794,0.5419999957084656,1.3090002536773682
601,0.664900004863739,0.9770986437797546,0.5220000147819519,1.421074628829956
602,0.661300003528595,0.9792414307594299,0.5619999766349792,1.2638813257217407
603,0.6654000282287598,0.9753749966621399,0.5504999756813049,1.278389811515808
604,0.6651999950408936,0.9774274230003357,0.5410000085830688,1.3547128438949585
605,0.6620000004768372,0.974524974822998,0.5519999861717224,1.2901057004928589
606,0.6674000024795532,0.9760786890983582,0.5575000047683716,1.2767436504364014
607,0.664900004863739,0.9760378003120422,0.5400000214576721,1.3153504133224487
608,0.6643000245094299,0.971800684928894,0.5195000171661377,1.4582855701446533
609,0.6665999889373779,0.9749307632446289,0.5444999933242798,1.3110755681991577
610,0.6639000177383423,0.9699212908744812,0.5515000224113464,1.276475429534912
611,0.6679999828338623,0.9689669013023376,0.5580000281333923,1.2651257514953613
612,0.6668999791145325,0.968222439289093,0.5584999918937683,1.2712109088897705
613,0.66839998960495,0.9675483107566833,0.546999990940094,1.3016510009765625
614,0.6693000197410583,0.9651720523834229,0.4684999883174896,1.5524938106536865
615,0.666100025177002,0.966850221157074,0.5554999709129333,1.2858792543411255
616,0.6672999858856201,0.9633975625038147,0.5494999885559082,1.3093825578689575
617,0.6671000123023987,0.964242160320282,0.5565000176429749,1.2968250513076782
618,0.6690999865531921,0.9637625217437744,0.5239999890327454,1.3683034181594849
619,0.671500027179718,0.96173495054245,0.4830000102519989,1.6180161237716675
620,0.6682000160217285,0.9648143649101257,0.5494999885559082,1.3110920190811157
621,0.6717000007629395,0.9600105285644531,0.565500020980835,1.2754603624343872
622,0.6721000075340271,0.958945631980896,0.5649999976158142,1.252389669418335
623,0.6699000000953674,0.9595620036125183,0.5289999842643738,1.3797146081924438
624,0.670799970626831,0.9570566415786743,0.5235000252723694,1.377225399017334
625,0.6740999817848206,0.9548205137252808,0.5590000152587891,1.282734990119934
626,0.6743999719619751,0.954742968082428,0.5674999952316284,1.265139102935791
627,0.6741999983787537,0.955036997795105,0.5605000257492065,1.26497483253479
628,0.6728000044822693,0.9520197510719299,0.5515000224113464,1.3083133697509766
629,0.6766999959945679,0.9508495926856995,0.5235000252723694,1.3912553787231445
630,0.6736999750137329,0.9542853236198425,0.5720000267028809,1.2751624584197998
631,0.6710000038146973,0.9516238570213318,0.5389999747276306,1.3247427940368652
632,0.6780999898910522,0.948596179485321,0.5410000085830688,1.32009756565094
633,0.6759999990463257,0.9487336874008179,0.5394999980926514,1.332241177558899
634,0.6766999959945679,0.9492031335830688,0.5569999814033508,1.365572214126587
635,0.6765000224113464,0.9452791810035706,0.5644999742507935,1.2643425464630127
636,0.6740999817848206,0.9486544728279114,0.5659999847412109,1.2517262697219849
637,0.6776000261306763,0.9411444067955017,0.5235000252723694,1.417580008506775
638,0.6754000186920166,0.9439840912818909,0.5684999823570251,1.2470333576202393
639,0.6783000230789185,0.941594123840332,0.5329999923706055,1.3482844829559326
640,0.677299976348877,0.9429165124893188,0.47049999237060547,1.5647456645965576
641,0.6764000058174133,0.9444682598114014,0.5575000047683716,1.2883732318878174
642,0.6761000156402588,0.9411145448684692,0.5145000219345093,1.4386179447174072
643,0.6765000224113464,0.946160078048706,0.5285000205039978,1.3720333576202393
644,0.675000011920929,0.9408775568008423,0.5565000176429749,1.279290795326233
645,0.6823999881744385,0.9398970603942871,0.5740000009536743,1.246647834777832
646,0.680400013923645,0.9327232241630554,0.5605000257492065,1.2736786603927612
647,0.679099977016449,0.9363612532615662,0.5174999833106995,1.4283031225204468
648,0.6808000206947327,0.9349002242088318,0.484499990940094,1.5241116285324097
649,0.6776999831199646,0.9330235123634338,0.5615000128746033,1.2894721031188965
650,0.6797999739646912,0.9341474771499634,0.5640000104904175,1.3460503816604614
651,0.6830999851226807,0.9307486414909363,0.5485000014305115,1.2991878986358643
652,0.6815000176429749,0.9303290843963623,0.5410000085830688,1.3211357593536377
653,0.6794000267982483,0.9322646260261536,0.5304999947547913,1.3493517637252808
654,0.6836000084877014,0.9257729649543762,0.5385000109672546,1.356359839439392
655,0.682200014591217,0.9300010800361633,0.546500027179718,1.3121479749679565
656,0.6816999912261963,0.9289122223854065,0.5019999742507935,1.5081676244735718
657,0.6833999752998352,0.9277384877204895,0.5699999928474426,1.2518142461776733
658,0.685699999332428,0.9239780306816101,0.5440000295639038,1.3604663610458374
659,0.680899977684021,0.9286375045776367,0.5695000290870667,1.252098798751831
660,0.6829000115394592,0.921669065952301,0.5375000238418579,1.3370435237884521
661,0.6829000115394592,0.927513837814331,0.5640000104904175,1.2732365131378174
662,0.6826000213623047,0.9268269538879395,0.574999988079071,1.2436304092407227
663,0.682699978351593,0.9210819602012634,0.5600000023841858,1.292995810508728
664,0.6827999949455261,0.9243159890174866,0.5389999747276306,1.3398751020431519
665,0.6869999766349792,0.9198728799819946,0.5740000009536743,1.2521764039993286
666,0.6822999715805054,0.919948160648346,0.5285000205039978,1.3339849710464478
667,0.6859999895095825,0.9169371128082275,0.5519999861717224,1.3122223615646362
668,0.6855999827384949,0.9159558415412903,0.5475000143051147,1.3357527256011963
669,0.6875,0.9141111373901367,0.4855000078678131,1.5238381624221802
670,0.6861000061035156,0.9222176671028137,0.5509999990463257,1.3264000415802002
671,0.6881999969482422,0.9155831933021545,0.5665000081062317,1.2605266571044922
672,0.6898000240325928,0.9126871824264526,0.5740000009536743,1.239328384399414
673,0.6879000067710876,0.9152287840843201,0.550000011920929,1.3191845417022705
674,0.6897000074386597,0.9105652570724487,0.5479999780654907,1.3077795505523682
675,0.6909999847412109,0.9080610275268555,0.5414999723434448,1.3890324831008911
676,0.6941999793052673,0.9061126112937927,0.578000009059906,1.2449311017990112
677,0.6906999945640564,0.9027597904205322,0.5419999957084656,1.3646079301834106
678,0.6880999803543091,0.9078806638717651,0.5559999942779541,1.2901774644851685
679,0.6902999877929688,0.9061842560768127,0.5559999942779541,1.329562783241272
680,0.6945000290870667,0.9048784971237183,0.531000018119812,1.3763915300369263
681,0.690500020980835,0.9017502069473267,0.5609999895095825,1.3247488737106323
682,0.6876999735832214,0.9060300588607788,0.5550000071525574,1.298080563545227
683,0.690500020980835,0.9041537046432495,0.550000011920929,1.3035246133804321
684,0.6913999915122986,0.8995025157928467,0.5494999885559082,1.3188116550445557
685,0.6980999708175659,0.8996196985244751,0.4959999918937683,1.5216588973999023
686,0.6929000020027161,0.9064978361129761,0.5404999852180481,1.4116955995559692
687,0.6930000185966492,0.899419903755188,0.5565000176429749,1.2849537134170532
688,0.6942999958992004,0.8967368006706238,0.531000018119812,1.4599876403808594
689,0.694599986076355,0.8979892730712891,0.5680000185966492,1.2568697929382324
690,0.694599986076355,0.8947591781616211,0.4794999957084656,1.6611425876617432
691,0.6935999989509583,0.8982324004173279,0.4410000145435333,1.8573757410049438
692,0.6962000131607056,0.8990145325660706,0.5525000095367432,1.3165290355682373
693,0.6952999830245972,0.8939279317855835,0.5814999938011169,1.2432098388671875
694,0.6985999941825867,0.8909886479377747,0.5559999942779541,1.320130705833435
695,0.698199987411499,0.8911654353141785,0.527999997138977,1.3960423469543457
696,0.6960999965667725,0.8916879892349243,0.5460000038146973,1.3717901706695557
697,0.6919999718666077,0.8935402631759644,0.5254999995231628,1.4509377479553223
698,0.7003999948501587,0.8862939476966858,0.5130000114440918,1.4819260835647583
699,0.6941999793052673,0.8904392719268799,0.5690000057220459,1.2870506048202515
700,0.6990000009536743,0.8836154341697693,0.5304999947547913,1.3399120569229126
701,0.703499972820282,0.883751630783081,0.5740000009536743,1.2501895427703857
702,0.6974999904632568,0.8846825957298279,0.5320000052452087,1.3939123153686523
703,0.6969000101089478,0.886493444442749,0.5099999904632568,1.4483373165130615
704,0.6965000033378601,0.8925172090530396,0.5634999871253967,1.2934361696243286
705,0.7038000226020813,0.8790193200111389,0.5705000162124634,1.2690588235855103
706,0.6995999813079834,0.8827539086341858,0.5360000133514404,1.3521264791488647
707,0.6998999714851379,0.8824484348297119,0.5674999952316284,1.2595157623291016
708,0.7002999782562256,0.8757392764091492,0.574999988079071,1.24514901638031
709,0.7016000151634216,0.877277135848999,0.578499972820282,1.2680397033691406
710,0.7017999887466431,0.8790497183799744,0.5690000057220459,1.2758893966674805
711,0.7062000036239624,0.8738658428192139,0.5665000081062317,1.2780760526657104
712,0.7021999955177307,0.8761500120162964,0.5504999756813049,1.3493036031723022
713,0.7024999856948853,0.8763534426689148,0.574999988079071,1.258000135421753
714,0.7017999887466431,0.8726855516433716,0.5740000009536743,1.2531157732009888
715,0.7057999968528748,0.8714200258255005,0.5699999928474426,1.2563883066177368
716,0.7053999900817871,0.8738452196121216,0.5705000162124634,1.261321783065796
717,0.7071999907493591,0.8701835870742798,0.5590000152587891,1.3132296800613403
718,0.7045000195503235,0.8714962601661682,0.5665000081062317,1.2637829780578613
719,0.7056999802589417,0.8711740970611572,0.4950000047683716,1.5083444118499756
720,0.7060999870300293,0.8725177645683289,0.5320000052452087,1.3862873315811157
721,0.7062000036239624,0.8676394820213318,0.5605000257492065,1.2923482656478882
722,0.7080000042915344,0.868112325668335,0.5674999952316284,1.29411780834198
723,0.7064999938011169,0.8628408312797546,0.5504999756813049,1.3983824253082275
724,0.708299994468689,0.8654705882072449,0.5210000276565552,1.413670301437378
725,0.70660001039505,0.8684739470481873,0.578499972820282,1.2374926805496216
726,0.708299994468689,0.8630026578903198,0.5515000224113464,1.2982814311981201
727,0.7049999833106995,0.864272952079773,0.5565000176429749,1.3107846975326538
728,0.7103000283241272,0.8598938584327698,0.5379999876022339,1.3809099197387695
729,0.7106000185012817,0.8614649176597595,0.5680000185966492,1.2731494903564453
730,0.7105000019073486,0.856877326965332,0.5674999952316284,1.2794370651245117
731,0.7105000019073486,0.8566683530807495,0.5099999904632568,1.4475640058517456
732,0.7038000226020813,0.8608722686767578,0.574999988079071,1.2786166667938232
733,0.7110999822616577,0.8533377647399902,0.5519999861717224,1.328302264213562
734,0.7063000202178955,0.8570832014083862,0.5684999823570251,1.3012853860855103
735,0.7099999785423279,0.8560565710067749,0.5490000247955322,1.3643079996109009
736,0.7089999914169312,0.8544718623161316,0.5475000143051147,1.341809868812561
737,0.7124000191688538,0.8514198064804077,0.5809999704360962,1.2349064350128174
738,0.7121000289916992,0.8528187274932861,0.578499972820282,1.2497767210006714
739,0.7150999903678894,0.8505857586860657,0.5669999718666077,1.3198777437210083
740,0.713100016117096,0.8489683866500854,0.546999990940094,1.3490911722183228
741,0.7111999988555908,0.8504015803337097,0.5385000109672546,1.4142236709594727
742,0.7116000056266785,0.8505336046218872,0.5745000243186951,1.270894169807434
743,0.7121999859809875,0.850860059261322,0.5805000066757202,1.26189124584198
744,0.7177000045776367,0.841330885887146,0.47200000286102295,1.7038949728012085
745,0.7138000130653381,0.8528875112533569,0.5680000185966492,1.2587696313858032
746,0.7139999866485596,0.8433359265327454,0.5304999947547913,1.4091405868530273
747,0.7135000228881836,0.8451406359672546,0.5435000061988831,1.3790903091430664
748,0.7116000056266785,0.8468875288963318,0.5669999718666077,1.2893030643463135
749,0.7157999873161316,0.8409714102745056,0.5544999837875366,1.2998788356781006
750,0.7161999940872192,0.8394812345504761,0.5494999885559082,1.357649326324463
751,0.7200999855995178,0.8390308618545532,0.5580000281333923,1.29280686378479
752,0.7195000052452087,0.8371386528015137,0.4950000047683716,1.5419045686721802
753,0.7145000100135803,0.8449659943580627,0.5634999871253967,1.2835094928741455
754,0.7182000279426575,0.8337224721908569,0.5544999837875366,1.3185042142868042
755,0.7174999713897705,0.8392400145530701,0.5720000267028809,1.2721437215805054
756,0.7186999917030334,0.8372111320495605,0.5684999823570251,1.2913316488265991
757,0.722599983215332,0.8302447199821472,0.5684999823570251,1.274086356163025
758,0.7188000082969666,0.8327067494392395,0.5105000138282776,1.5111337900161743
759,0.7192000150680542,0.8357650637626648,0.5680000185966492,1.2628999948501587
760,0.7189000248908997,0.8341090083122253,0.578499972820282,1.2460023164749146
761,0.7207000255584717,0.828992486000061,0.550000011920929,1.3413403034210205
762,0.7210000157356262,0.8287991285324097,0.546500027179718,1.3117647171020508
763,0.7196000218391418,0.8262217044830322,0.5644999742507935,1.2800462245941162
764,0.7235000133514404,0.8272414803504944,0.5849999785423279,1.2439770698547363
765,0.7239000201225281,0.8240774273872375,0.5149999856948853,1.424202799797058
766,0.7211999893188477,0.8290963768959045,0.546999990940094,1.3472037315368652
767,0.7181000113487244,0.8254914283752441,0.5730000138282776,1.2586206197738647
768,0.7210000157356262,0.8236255049705505,0.5830000042915344,1.2397403717041016
769,0.725600004196167,0.8209594488143921,0.546500027179718,1.4081412553787231
770,0.7215999960899353,0.8259083032608032,0.5705000162124634,1.2885715961456299
771,0.7202000021934509,0.8243091702461243,0.5264999866485596,1.47361421585083
772,0.7232999801635742,0.8189131021499634,0.5860000252723694,1.2525273561477661
773,0.7249000072479248,0.8162133693695068,0.5699999928474426,1.2641445398330688
774,0.7246000170707703,0.8181386590003967,0.5690000057220459,1.2579716444015503
775,0.7232000231742859,0.8186361193656921,0.590499997138977,1.2346395254135132
776,0.724399983882904,0.8159652352333069,0.5544999837875366,1.3275744915008545
777,0.7242000102996826,0.8186357021331787,0.5709999799728394,1.2632145881652832
778,0.722100019454956,0.8176117539405823,0.5770000219345093,1.2788710594177246
779,0.7261000275611877,0.8134511113166809,0.5575000047683716,1.328721046447754
780,0.7253999710083008,0.8149374723434448,0.5584999918937683,1.3301891088485718
781,0.7243000268936157,0.8133273124694824,0.5364999771118164,1.4283862113952637
782,0.7235999703407288,0.8154968619346619,0.5734999775886536,1.2696057558059692
783,0.7257999777793884,0.8110840916633606,0.5860000252723694,1.274999976158142
784,0.725600004196167,0.8091898560523987,0.5580000281333923,1.3307150602340698
785,0.7267000079154968,0.8104922771453857,0.5809999704360962,1.2649503946304321
786,0.727400004863739,0.8063004612922668,0.5425000190734863,1.3834365606307983
787,0.7275999784469604,0.8101125359535217,0.5515000224113464,1.35088050365448
788,0.7269999980926514,0.8104184865951538,0.5649999976158142,1.3360086679458618
789,0.7305999994277954,0.8054485321044922,0.5534999966621399,1.3935048580169678
790,0.7285000085830688,0.8060104846954346,0.578499972820282,1.2762596607208252
791,0.7311000227928162,0.8040560483932495,0.5845000147819519,1.262291431427002
792,0.7246999740600586,0.8036388754844666,0.546999990940094,1.3713825941085815
793,0.7300999760627747,0.8080083131790161,0.5600000023841858,1.3289364576339722
794,0.7336999773979187,0.7998380661010742,0.5525000095367432,1.3850257396697998
795,0.7307000160217285,0.8056597113609314,0.5379999876022339,1.4314372539520264
796,0.7275000214576721,0.8077982664108276,0.5759999752044678,1.294377326965332
797,0.7305999994277954,0.7987012267112732,0.5820000171661377,1.2625923156738281
798,0.7314000129699707,0.7963120937347412,0.5789999961853027,1.2669950723648071
799,0.7346000075340271,0.7923287153244019,0.5665000081062317,1.32757568359375
800,0.7355999946594238,0.7940444946289062,0.5299999713897705,1.4324469566345215
801,0.7321000099182129,0.7936220169067383,0.5534999966621399,1.3212475776672363
802,0.7351999878883362,0.7942104339599609,0.5960000157356262,1.2402533292770386
803,0.7300999760627747,0.7932220101356506,0.5724999904632568,1.2952933311462402
804,0.7324000000953674,0.7920122146606445,0.5575000047683716,1.3520699739456177
805,0.7329999804496765,0.7930057644844055,0.5920000076293945,1.2544680833816528
806,0.7350000143051147,0.7896867394447327,0.5770000219345093,1.3014386892318726
807,0.7355999946594238,0.7899201512336731,0.5899999737739563,1.2434200048446655
808,0.7379999756813049,0.7847010493278503,0.5339999794960022,1.3936125040054321
809,0.7329000234603882,0.788182258605957,0.5644999742507935,1.2717732191085815
810,0.7353000044822693,0.7878429293632507,0.5485000014305115,1.4464515447616577
811,0.7282999753952026,0.7946015000343323,0.5699999928474426,1.282960295677185
812,0.733299970626831,0.7866045236587524,0.5394999980926514,1.4131290912628174
813,0.7351999878883362,0.7855024337768555,0.5544999837875366,1.341950535774231
814,0.7346000075340271,0.7811245918273926,0.5444999933242798,1.33843195438385
815,0.741599977016449,0.7779280543327332,0.5695000290870667,1.3132355213165283
816,0.7361999750137329,0.780309796333313,0.5540000200271606,1.3319231271743774
817,0.7411999702453613,0.7803283929824829,0.5130000114440918,1.4987711906433105
818,0.7342000007629395,0.7826456427574158,0.5774999856948853,1.2703250646591187
819,0.7364000082015991,0.7845665812492371,0.5619999766349792,1.3121581077575684
820,0.7389000058174133,0.7779502272605896,0.4964999854564667,1.563928484916687
821,0.7372000217437744,0.7826632857322693,0.5795000195503235,1.2770423889160156
822,0.7401999831199646,0.7767225503921509,0.5805000066757202,1.2822829484939575
823,0.739799976348877,0.7768334746360779,0.5475000143051147,1.3742024898529053
824,0.7353000044822693,0.7780032753944397,0.5889999866485596,1.2637490034103394
825,0.7404000163078308,0.774042010307312,0.5659999847412109,1.3040415048599243
826,0.7408000230789185,0.7703899145126343,0.5600000023841858,1.32187020778656
827,0.7398999929428101,0.7726231813430786,0.5515000224113464,1.3752100467681885
828,0.7390000224113464,0.770744800567627,0.5870000123977661,1.2551342248916626
829,0.741100013256073,0.7712352275848389,0.5460000038146973,1.3708178997039795
830,0.7404000163078308,0.7702153325080872,0.5755000114440918,1.2854607105255127
831,0.7451000213623047,0.7689287066459656,0.5874999761581421,1.250680923461914
832,0.7443000078201294,0.7641185522079468,0.5730000138282776,1.2684396505355835
833,0.7404999732971191,0.7704326510429382,0.5529999732971191,1.3912652730941772
834,0.7427999973297119,0.7654744982719421,0.5814999938011169,1.280863881111145
835,0.7454000115394592,0.7658941745758057,0.5669999718666077,1.3397161960601807
836,0.7455999851226807,0.765563428401947,0.5239999890327454,1.4214950799942017
837,0.7462999820709229,0.7646130323410034,0.5525000095367432,1.3396161794662476
838,0.7450000047683716,0.7617082595825195,0.5450000166893005,1.417280673980713
839,0.7452999949455261,0.7614274621009827,0.5454999804496765,1.3664977550506592
840,0.7422999739646912,0.7653791904449463,0.5220000147819519,1.5136303901672363
841,0.7469000220298767,0.7605918049812317,0.5659999847412109,1.3323066234588623
842,0.7487999796867371,0.7596777081489563,0.5665000081062317,1.3008813858032227
843,0.7455000281333923,0.7604458332061768,0.559499979019165,1.3535491228103638
844,0.7462999820709229,0.7588275671005249,0.5444999933242798,1.3976435661315918
845,0.7475000023841858,0.7581939697265625,0.5690000057220459,1.3556160926818848
846,0.7470999956130981,0.7552013397216797,0.5630000233650208,1.3345426321029663
847,0.7468000054359436,0.7536299228668213,0.5515000224113464,1.3838140964508057
848,0.7498000264167786,0.7524917125701904,0.5720000267028809,1.3300838470458984
849,0.7459999918937683,0.753006100654602,0.5845000147819519,1.2638463973999023
850,0.7516000270843506,0.7504974603652954,0.5659999847412109,1.299147367477417
851,0.7504000067710876,0.7487227320671082,0.578499972820282,1.2729214429855347
852,0.7487000226974487,0.7531254887580872,0.5450000166893005,1.3599932193756104
853,0.75,0.7496340870857239,0.5605000257492065,1.3492848873138428
854,0.748199999332428,0.7475706338882446,0.574999988079071,1.2974756956100464
855,0.7502999901771545,0.7478841543197632,0.5600000023841858,1.3607662916183472
856,0.7512000203132629,0.7437949180603027,0.5755000114440918,1.2755857706069946
857,0.75,0.7427647709846497,0.5479999780654907,1.4214998483657837
858,0.7527999877929688,0.7459361553192139,0.5705000162124634,1.3100745677947998
859,0.7512000203132629,0.7432935237884521,0.4970000088214874,1.6838752031326294
860,0.7519999742507935,0.7461267113685608,0.5920000076293945,1.2686160802841187
861,0.7508999705314636,0.7426732778549194,0.5640000104904175,1.3230160474777222
862,0.7502999901771545,0.7389663457870483,0.5730000138282776,1.300920844078064
863,0.7540000081062317,0.7380162477493286,0.5774999856948853,1.2986403703689575
864,0.7487000226974487,0.7437666654586792,0.5709999799728394,1.2965598106384277
865,0.7555999755859375,0.735706090927124,0.5674999952316284,1.317314624786377
866,0.7559000253677368,0.7420268058776855,0.559499979019165,1.3981842994689941
867,0.7530999779701233,0.739296555519104,0.5590000152587891,1.391732931137085
868,0.7567999958992004,0.7383384108543396,0.5860000252723694,1.2516472339630127
869,0.7569000124931335,0.7338101267814636,0.5565000176429749,1.364060401916504
870,0.7529000043869019,0.7380203604698181,0.5550000071525574,1.369647741317749
871,0.7574999928474426,0.7339674830436707,0.5855000019073486,1.2667348384857178
872,0.7534999847412109,0.733208179473877,0.5454999804496765,1.4483580589294434
873,0.7533000111579895,0.7358710169792175,0.5274999737739563,1.514056921005249
874,0.7595000267028809,0.7316577434539795,0.574999988079071,1.3332455158233643
875,0.7563999891281128,0.7257277369499207,0.5640000104904175,1.3366434574127197
876,0.7576000094413757,0.7261704802513123,0.5189999938011169,1.5078561305999756
877,0.7544000148773193,0.731616735458374,0.5805000066757202,1.2760839462280273
878,0.7608000040054321,0.7242159247398376,0.5759999752044678,1.3166723251342773
879,0.7577999830245972,0.7256137728691101,0.5529999732971191,1.383838415145874
880,0.7592999935150146,0.7273801565170288,0.5494999885559082,1.3706027269363403
881,0.7580999732017517,0.7252326011657715,0.5245000123977661,1.4909765720367432
882,0.755299985408783,0.7273191213607788,0.5120000243186951,1.6744043827056885
883,0.7577000260353088,0.7257160544395447,0.5684999823570251,1.30009925365448
884,0.7613000273704529,0.7196683883666992,0.5820000171661377,1.2751585245132446
885,0.7628999948501587,0.7180642485618591,0.590499997138977,1.2618366479873657
886,0.7601000070571899,0.7226579189300537,0.5164999961853027,1.4743918180465698
887,0.7598999738693237,0.7170206308364868,0.5860000252723694,1.2902824878692627
888,0.76419997215271,0.7183767557144165,0.49549999833106995,1.6956411600112915
889,0.7591000199317932,0.7235084772109985,0.5734999775886536,1.2925244569778442
890,0.7677000164985657,0.7129588723182678,0.5680000185966492,1.4069929122924805
891,0.7627999782562256,0.7147691249847412,0.5805000066757202,1.2976270914077759
892,0.761900007724762,0.7168515920639038,0.5824999809265137,1.3010036945343018
893,0.7674000263214111,0.71285480260849,0.5745000243186951,1.3054180145263672
894,0.7657999992370605,0.713157057762146,0.5419999957084656,1.5050771236419678
895,0.7631999850273132,0.712302029132843,0.5490000247955322,1.362533688545227
896,0.7646999955177307,0.7096458077430725,0.5690000057220459,1.3551647663116455
897,0.7696999907493591,0.7085889577865601,0.5540000200271606,1.3477768898010254
898,0.7648000121116638,0.709579348564148,0.5659999847412109,1.3415182828903198
899,0.7645000219345093,0.7054640650749207,0.5575000047683716,1.3806142807006836
900,0.767300009727478,0.7081624865531921,0.5515000224113464,1.401330590248108
901,0.766700029373169,0.7075346112251282,0.5354999899864197,1.437347173690796
902,0.7626000046730042,0.7075997591018677,0.5634999871253967,1.3609305620193481
903,0.7675999999046326,0.7051507830619812,0.5479999780654907,1.416700839996338
904,0.766700029373169,0.7040387988090515,0.5690000057220459,1.3442015647888184
905,0.7656999826431274,0.7048642039299011,0.5929999947547913,1.2655531167984009
906,0.7681000232696533,0.6994413733482361,0.5419999957084656,1.4841228723526
907,0.7684000134468079,0.7053785920143127,0.5189999938011169,1.6081241369247437
908,0.7662000060081482,0.7027243375778198,0.5625,1.3301573991775513
909,0.767799973487854,0.6992930173873901,0.5734999775886536,1.3103023767471313
910,0.767300009727478,0.7032458782196045,0.5590000152587891,1.3492183685302734
911,0.7703999876976013,0.6949435472488403,0.5715000033378601,1.3102256059646606
912,0.7688999772071838,0.699623703956604,0.5540000200271606,1.4054744243621826
913,0.7731999754905701,0.6966261267662048,0.5914999842643738,1.2694730758666992
914,0.7742999792098999,0.6906395554542542,0.5410000085830688,1.4312841892242432
915,0.7703999876976013,0.6966709494590759,0.5795000195503235,1.3113716840744019
916,0.7671999931335449,0.6981990933418274,0.5630000233650208,1.3393347263336182
917,0.7666000127792358,0.695318341255188,0.5139999985694885,1.5733782052993774
918,0.76910001039505,0.6938816905021667,0.5249999761581421,1.5040781497955322
919,0.7705000042915344,0.6953872442245483,0.593500018119812,1.2691514492034912
920,0.771399974822998,0.6890442371368408,0.5839999914169312,1.3325365781784058
921,0.7736999988555908,0.690083384513855,0.5809999704360962,1.2798280715942383
922,0.7763000130653381,0.6842244863510132,0.5730000138282776,1.3510040044784546
923,0.7753999829292297,0.6881957650184631,0.5554999709129333,1.3663582801818848
924,0.7738000154495239,0.6878109574317932,0.5724999904632568,1.3685442209243774
925,0.7753999829292297,0.6818336248397827,0.5770000219345093,1.3303277492523193
926,0.777400016784668,0.68393474817276,0.5375000238418579,1.4518253803253174
927,0.7736999988555908,0.6840925216674805,0.5600000023841858,1.3412303924560547
928,0.7734000086784363,0.6840987801551819,0.5669999718666077,1.3843697309494019
929,0.7803000211715698,0.6769540905952454,0.5709999799728394,1.3332618474960327
930,0.7746999859809875,0.6797740459442139,0.5929999947547913,1.2676116228103638
931,0.7724000215530396,0.6808440685272217,0.5889999866485596,1.2762259244918823
932,0.7759000062942505,0.6780009865760803,0.5740000009536743,1.3337266445159912
933,0.7766000032424927,0.6816800832748413,0.5435000061988831,1.383372187614441
934,0.7730000019073486,0.6825106739997864,0.5730000138282776,1.3966014385223389
935,0.7752000093460083,0.6779047846794128,0.5569999814033508,1.3834238052368164
936,0.7767999768257141,0.6753260493278503,0.5770000219345093,1.3144803047180176
937,0.772599995136261,0.6812565922737122,0.5404999852180481,1.4763877391815186
938,0.7788000106811523,0.6756592392921448,0.5245000123977661,1.5178779363632202
939,0.77920001745224,0.6771803498268127,0.5504999756813049,1.4035401344299316
940,0.781499981880188,0.6741536855697632,0.5820000171661377,1.2916767597198486
941,0.7799000144004822,0.6708821058273315,0.4625000059604645,1.8519370555877686
942,0.776199996471405,0.6764976978302002,0.5575000047683716,1.3719063997268677
943,0.7795000076293945,0.6685767769813538,0.5770000219345093,1.3535882234573364
944,0.7857999801635742,0.6665729880332947,0.47200000286102295,1.9018784761428833
945,0.7796000242233276,0.6692692041397095,0.5149999856948853,1.6092259883880615
946,0.7803000211715698,0.668613851070404,0.5270000100135803,1.579755425453186
947,0.78329998254776,0.6631342768669128,0.5674999952316284,1.3167446851730347
948,0.7785000205039978,0.6730118989944458,0.5419999957084656,1.460121750831604
949,0.7822999954223633,0.6673577427864075,0.5109999775886536,1.491265058517456
950,0.7825999855995178,0.6672137379646301,0.49050000309944153,1.645721197128296
951,0.7810999751091003,0.6656277775764465,0.5730000138282776,1.3500572443008423
952,0.7835000157356262,0.6624524593353271,0.5755000114440918,1.332687258720398
953,0.7860999703407288,0.6604432463645935,0.5260000228881836,1.5633281469345093
954,0.7870000004768372,0.659717321395874,0.5569999814033508,1.3748648166656494
955,0.7818999886512756,0.6605555415153503,0.5615000128746033,1.3657457828521729
956,0.7839999794960022,0.6583986878395081,0.5659999847412109,1.360611081123352
957,0.7840999960899353,0.6555927395820618,0.5659999847412109,1.3715232610702515
958,0.7868000268936157,0.6573449969291687,0.5485000014305115,1.441954255104065
959,0.7860999703407288,0.6563834547996521,0.5809999704360962,1.2875211238861084
960,0.7886000275611877,0.652567982673645,0.5659999847412109,1.339776635169983
961,0.7860000133514404,0.6525427103042603,0.5644999742507935,1.3579740524291992
962,0.7857000231742859,0.6530938148498535,0.5644999742507935,1.336998462677002
963,0.7892000079154968,0.6537158489227295,0.5864999890327454,1.3229349851608276
964,0.7882000207901001,0.6507635116577148,0.5525000095367432,1.448974370956421
965,0.7904000282287598,0.6461737751960754,0.5320000052452087,1.5140832662582397
966,0.788100004196167,0.6538125276565552,0.5864999890327454,1.278960943222046
967,0.7878999710083008,0.6449908018112183,0.5740000009536743,1.329609751701355
968,0.7958999872207642,0.6435151696205139,0.5425000190734863,1.4687352180480957
969,0.7906000018119812,0.6477731466293335,0.5074999928474426,1.5846492052078247
970,0.7914000153541565,0.648729681968689,0.5814999938011169,1.3065760135650635
971,0.7912999987602234,0.6421869397163391,0.550000011920929,1.435580849647522
972,0.7901999950408936,0.6445680856704712,0.5690000057220459,1.3489946126937866
973,0.7888000011444092,0.6452961564064026,0.5350000262260437,1.5020508766174316
974,0.7918999791145325,0.6430730819702148,0.5444999933242798,1.4073160886764526
975,0.7906000018119812,0.6400524973869324,0.5855000019073486,1.3019315004348755
976,0.7907000184059143,0.6387033462524414,0.5665000081062317,1.3298758268356323
977,0.7871000170707703,0.6467873454093933,0.5864999890327454,1.3553515672683716
978,0.7926999926567078,0.6363000869750977,0.5950000286102295,1.2886435985565186
979,0.7907000184059143,0.6398155093193054,0.5690000057220459,1.3275357484817505
980,0.7924000024795532,0.6410493850708008,0.578000009059906,1.3611762523651123
981,0.791100025177002,0.6376705169677734,0.5544999837875366,1.3863766193389893
982,0.7940999865531921,0.6376495957374573,0.578499972820282,1.3335002660751343
983,0.796500027179718,0.6297798156738281,0.5709999799728394,1.361779808998108
984,0.7953000068664551,0.6316425204277039,0.5615000128746033,1.4038701057434082
985,0.7940999865531921,0.6316463351249695,0.5805000066757202,1.3530787229537964
986,0.7954999804496765,0.6301323771476746,0.5745000243186951,1.4474527835845947
987,0.7954999804496765,0.6344698071479797,0.5734999775886536,1.3599553108215332
988,0.7930999994277954,0.6290829181671143,0.5814999938011169,1.3349138498306274
989,0.791100025177002,0.6362496614456177,0.5695000290870667,1.3683527708053589
990,0.796999990940094,0.6279698014259338,0.5630000233650208,1.3357458114624023
991,0.8001999855041504,0.6283639073371887,0.5425000190734863,1.497032880783081
992,0.7972000241279602,0.6305726766586304,0.574999988079071,1.3859272003173828
993,0.7932000160217285,0.6271740794181824,0.5239999890327454,1.5381072759628296
994,0.7994999885559082,0.6250772476196289,0.5544999837875366,1.5039743185043335
995,0.7990999817848206,0.6209897398948669,0.5895000100135803,1.2969567775726318
996,0.7979999780654907,0.62221759557724,0.5730000138282776,1.3531436920166016
997,0.7978000044822693,0.6266351342201233,0.590499997138977,1.2939505577087402
998,0.8008000254631042,0.6192830801010132,0.5379999876022339,1.4862030744552612
999,0.7993999719619751,0.6231483817100525,0.5730000138282776,1.3441340923309326
