epoch,accuracy,loss,val_accuracy,val_loss
0,0.10409999638795853,2.3050498962402344,0.11949999630451202,2.2958273887634277
1,0.11270000040531158,2.2907979488372803,0.12099999934434891,2.285512924194336
2,0.11919999867677689,2.281874656677246,0.12800000607967377,2.2770864963531494
3,0.13019999861717224,2.273846387863159,0.13850000500679016,2.2690868377685547
4,0.14720000326633453,2.2653520107269287,0.16099999845027924,2.259887933731079
5,0.16259999573230743,2.256023645401001,0.17499999701976776,2.24995756149292
6,0.17550000548362732,2.2454264163970947,0.19300000369548798,2.238119125366211
7,0.19349999725818634,2.2329280376434326,0.20100000500679016,2.225243091583252
8,0.20669999718666077,2.2189431190490723,0.21299999952316284,2.2100605964660645
9,0.2207999974489212,2.2034759521484375,0.21549999713897705,2.19376540184021
10,0.2337999939918518,2.1866865158081055,0.22599999606609344,2.177952766418457
11,0.2370000034570694,2.1687049865722656,0.24250000715255737,2.158994197845459
12,0.2410999983549118,2.1493566036224365,0.23649999499320984,2.138068437576294
13,0.24529999494552612,2.129243850708008,0.25699999928474426,2.1171047687530518
14,0.250900000333786,2.1096065044403076,0.2549999952316284,2.0978903770446777
15,0.2581000030040741,2.0905442237854004,0.2554999887943268,2.081162214279175
16,0.25870001316070557,2.072899103164673,0.25850000977516174,2.065563201904297
17,0.2635999917984009,2.056619882583618,0.26899999380111694,2.05293869972229
18,0.27160000801086426,2.042832136154175,0.2644999921321869,2.0340893268585205
19,0.27250000834465027,2.02892804145813,0.2775000035762787,2.0232996940612793
20,0.27639999985694885,2.0177526473999023,0.2775000035762787,2.012524127960205
21,0.2782000005245209,2.0079240798950195,0.2630000114440918,2.006742238998413
22,0.2806999981403351,1.9984099864959717,0.27149999141693115,2.004683494567871
23,0.2849000096321106,1.9903161525726318,0.27950000762939453,1.9901326894760132
24,0.28450000286102295,1.9822980165481567,0.2815000116825104,1.9920412302017212
25,0.28940001130104065,1.9752206802368164,0.28850001096725464,1.9730039834976196
26,0.29409998655319214,1.9675415754318237,0.2865000069141388,1.967900276184082
27,0.29420000314712524,1.9611443281173706,0.30300000309944153,1.960626482963562
28,0.29580000042915344,1.9542244672775269,0.2865000069141388,1.9610545635223389
29,0.2969000041484833,1.9483089447021484,0.30300000309944153,1.949885368347168
30,0.30070000886917114,1.9425947666168213,0.2930000126361847,1.9411810636520386
31,0.3034000098705292,1.9358959197998047,0.3050000071525574,1.9385738372802734
32,0.3100999891757965,1.9304267168045044,0.3019999861717224,1.9337708950042725
33,0.31040000915527344,1.9247275590896606,0.3005000054836273,1.9241591691970825
34,0.3082999885082245,1.9187852144241333,0.30149999260902405,1.9215143918991089
35,0.3147999942302704,1.9120886325836182,0.3100000023841858,1.919289231300354
36,0.3192000091075897,1.9073504209518433,0.3034999966621399,1.9194374084472656
37,0.3206000030040741,1.9013338088989258,0.31049999594688416,1.9060828685760498
38,0.32179999351501465,1.895409345626831,0.3070000112056732,1.8993940353393555
39,0.32749998569488525,1.8897053003311157,0.31049999594688416,1.9010984897613525
40,0.3321000039577484,1.8823275566101074,0.3140000104904175,1.8990836143493652
41,0.3321000039577484,1.8786697387695312,0.30550000071525574,1.9097234010696411
42,0.33469998836517334,1.872564673423767,0.31700000166893005,1.8790866136550903
43,0.3343999981880188,1.8664089441299438,0.3244999945163727,1.8782176971435547
44,0.33799999952316284,1.8611944913864136,0.32249999046325684,1.869382381439209
45,0.34119999408721924,1.8551300764083862,0.335999995470047,1.8605104684829712
46,0.34549999237060547,1.8493266105651855,0.3050000071525574,1.8914015293121338
47,0.34850001335144043,1.8437658548355103,0.33149999380111694,1.8551729917526245
48,0.3456000089645386,1.838349461555481,0.33399999141693115,1.8447844982147217
49,0.3499000072479248,1.8319345712661743,0.3375000059604645,1.8459014892578125
50,0.35199999809265137,1.8264245986938477,0.33899998664855957,1.8391538858413696
51,0.3547999858856201,1.8209537267684937,0.3434999883174896,1.8340275287628174
52,0.35899999737739563,1.8143765926361084,0.34150001406669617,1.8273307085037231
53,0.3560999929904938,1.809966802597046,0.3425000011920929,1.8327605724334717
54,0.36079999804496765,1.8055763244628906,0.33399999141693115,1.827804684638977
55,0.36160001158714294,1.7988706827163696,0.3384999930858612,1.832141399383545
56,0.3653999865055084,1.7939465045928955,0.34700000286102295,1.828232765197754
57,0.3709999918937683,1.788490653038025,0.34549999237060547,1.8133487701416016
58,0.36980000138282776,1.7840343713760376,0.33399999141693115,1.821686029434204
59,0.37119999527931213,1.780410885810852,0.3409999907016754,1.8172158002853394
60,0.37139999866485596,1.7730629444122314,0.34950000047683716,1.8063429594039917
61,0.3776000142097473,1.7685329914093018,0.3479999899864197,1.8030611276626587
62,0.375,1.7620218992233276,0.33550000190734863,1.8405095338821411
63,0.3853999972343445,1.7584015130996704,0.335999995470047,1.8328477144241333
64,0.3813999891281128,1.7551265954971313,0.34299999475479126,1.804004192352295
65,0.38179999589920044,1.747646450996399,0.36000001430511475,1.7714463472366333
66,0.3865000009536743,1.7436798810958862,0.3529999852180481,1.7756870985031128
67,0.3882000148296356,1.739842414855957,0.36149999499320984,1.7662959098815918
68,0.3898000121116638,1.733842372894287,0.3529999852180481,1.7771974802017212
69,0.38960000872612,1.729614496231079,0.35199999809265137,1.781882405281067
70,0.39489999413490295,1.7259901762008667,0.35199999809265137,1.7943698167800903
71,0.3939000070095062,1.7223187685012817,0.3634999990463257,1.7518119812011719
72,0.39750000834465027,1.7162293195724487,0.35199999809265137,1.7570475339889526
73,0.40119999647140503,1.711203694343567,0.36399999260902405,1.7446351051330566
74,0.39660000801086426,1.7068941593170166,0.3675000071525574,1.7419129610061646
75,0.3970000147819519,1.7022441625595093,0.3799999952316284,1.7311561107635498
76,0.4032999873161316,1.6979738473892212,0.3785000145435333,1.7410693168640137
77,0.40299999713897705,1.6937285661697388,0.3610000014305115,1.7402372360229492
78,0.40700000524520874,1.6887258291244507,0.3695000112056732,1.7655954360961914
79,0.4081999957561493,1.6831088066101074,0.38350000977516174,1.7387577295303345
80,0.40790000557899475,1.6807271242141724,0.3720000088214874,1.7365387678146362
81,0.4083999991416931,1.676705241203308,0.3930000066757202,1.6981356143951416
82,0.4083999991416931,1.672835350036621,0.37700000405311584,1.7402876615524292
83,0.4122999906539917,1.6680794954299927,0.37450000643730164,1.7568556070327759
84,0.41510000824928284,1.666562557220459,0.3840000033378601,1.7107471227645874
85,0.4185999929904938,1.6587553024291992,0.34700000286102295,1.7819559574127197
86,0.4138999879360199,1.655962347984314,0.39399999380111694,1.6896382570266724
87,0.42100000381469727,1.651729702949524,0.38100001215934753,1.6941516399383545
88,0.41819998621940613,1.6498539447784424,0.398499995470047,1.6904323101043701
89,0.4196999967098236,1.6440026760101318,0.3995000123977661,1.6822845935821533
90,0.42089998722076416,1.6414873600006104,0.30649998784065247,1.838887333869934
91,0.421099990606308,1.6378370523452759,0.3959999978542328,1.6880429983139038
92,0.42579999566078186,1.633908987045288,0.3700000047683716,1.780360221862793
93,0.4302999973297119,1.6299431324005127,0.3869999945163727,1.7022587060928345
94,0.42879998683929443,1.6246256828308105,0.4065000116825104,1.6650779247283936
95,0.42899999022483826,1.6221624612808228,0.40049999952316284,1.6679198741912842
96,0.4309000074863434,1.6180195808410645,0.34450000524520874,1.825537919998169
97,0.430400013923645,1.6155105829238892,0.39649999141693115,1.6615211963653564
98,0.4325000047683716,1.6093194484710693,0.3840000033378601,1.7052781581878662
99,0.4334999918937683,1.6071221828460693,0.39100000262260437,1.6897163391113281
100,0.4318000078201294,1.6044917106628418,0.390500009059906,1.6595734357833862
101,0.436599999666214,1.6009246110916138,0.36000001430511475,1.7383519411087036
102,0.43619999289512634,1.5978344678878784,0.3330000042915344,1.7796990871429443
103,0.43720000982284546,1.5967248678207397,0.4129999876022339,1.665105938911438
104,0.43650001287460327,1.5909496545791626,0.398499995470047,1.6634092330932617
105,0.44040000438690186,1.5871374607086182,0.40299999713897705,1.6472301483154297
106,0.44269999861717224,1.585526704788208,0.3889999985694885,1.6622929573059082
107,0.4399000108242035,1.581278681755066,0.4169999957084656,1.6295931339263916
108,0.445499986410141,1.577850103378296,0.42149999737739563,1.6151506900787354
109,0.4481000006198883,1.5749837160110474,0.42100000381469727,1.6161706447601318
110,0.44749999046325684,1.572444200515747,0.3894999921321869,1.6890133619308472
111,0.44519999623298645,1.5706555843353271,0.40849998593330383,1.6565861701965332
112,0.4447999894618988,1.567284345626831,0.42399999499320984,1.6288363933563232
113,0.4480000138282776,1.563478946685791,0.40549999475479126,1.64340341091156
114,0.44690001010894775,1.5604501962661743,0.37049999833106995,1.8342746496200562
115,0.44920000433921814,1.5620633363723755,0.4020000100135803,1.6612008810043335
116,0.4489000141620636,1.5577070713043213,0.40849998593330383,1.6595364809036255
117,0.45179998874664307,1.553796410560608,0.4205000102519989,1.6415510177612305
118,0.4523000121116638,1.5521199703216553,0.41749998927116394,1.617672324180603
119,0.4535999894142151,1.550069808959961,0.4339999854564667,1.581151008605957
120,0.4546999931335449,1.5454466342926025,0.414000004529953,1.6212165355682373
121,0.45649999380111694,1.545064091682434,0.4235000014305115,1.6098902225494385
122,0.4562999904155731,1.5394829511642456,0.4350000023841858,1.5835086107254028
123,0.454800009727478,1.5385836362838745,0.43149998784065247,1.6075743436813354
124,0.4578000009059906,1.5355415344238281,0.4320000112056732,1.5918877124786377
125,0.4577000141143799,1.5336854457855225,0.41100001335144043,1.6668626070022583
126,0.4596000015735626,1.5318089723587036,0.4359999895095825,1.5860111713409424
127,0.460099995136261,1.5287448167800903,0.4255000054836273,1.6070702075958252
128,0.4602000117301941,1.525620460510254,0.39250001311302185,1.7900974750518799
129,0.4602000117301941,1.5293583869934082,0.4339999854564667,1.5651944875717163
130,0.4657000005245209,1.521523356437683,0.4410000145435333,1.566451907157898
131,0.4627000093460083,1.5220836400985718,0.42500001192092896,1.604369044303894
132,0.461899995803833,1.5192365646362305,0.4390000104904175,1.5642783641815186
133,0.4666999876499176,1.5147351026535034,0.4390000104904175,1.5756795406341553
134,0.4674000144004822,1.5130466222763062,0.44749999046325684,1.5681910514831543
135,0.4684999883174896,1.5120550394058228,0.4230000078678131,1.6223777532577515
136,0.4657999873161316,1.5119086503982544,0.4230000078678131,1.6018935441970825
137,0.46709999442100525,1.5083221197128296,0.42250001430511475,1.5876518487930298
138,0.46619999408721924,1.5093433856964111,0.453000009059906,1.5497660636901855
139,0.46650001406669617,1.5046639442443848,0.43799999356269836,1.561143159866333
140,0.4722999930381775,1.4998717308044434,0.41749998927116394,1.6343661546707153
141,0.4697999954223633,1.5004301071166992,0.42899999022483826,1.5930993556976318
142,0.47029998898506165,1.4975696802139282,0.429500013589859,1.61463463306427
143,0.47099998593330383,1.4970639944076538,0.4480000138282776,1.5402207374572754
144,0.4715000092983246,1.4949856996536255,0.4099999964237213,1.6126354932785034
145,0.47360000014305115,1.4939088821411133,0.4300000071525574,1.5841091871261597
146,0.47519999742507935,1.4897652864456177,0.4390000104904175,1.5793349742889404
147,0.47760000824928284,1.4865827560424805,0.4255000054836273,1.5752898454666138
148,0.4779999852180481,1.4861094951629639,0.36149999499320984,1.779829740524292
149,0.4772999882698059,1.48744797706604,0.3479999899864197,2.018002986907959
150,0.47360000014305115,1.4872068166732788,0.4410000145435333,1.553324818611145
151,0.4767000079154968,1.4790128469467163,0.4124999940395355,1.5890625715255737
152,0.48030000925064087,1.478110432624817,0.4065000116825104,1.7120459079742432
153,0.478300005197525,1.4791688919067383,0.4345000088214874,1.58919358253479
154,0.4779999852180481,1.4761756658554077,0.4555000066757202,1.5184828042984009
155,0.4810999929904938,1.4714986085891724,0.398499995470047,1.6350553035736084
156,0.4805000126361847,1.4770272970199585,0.41350001096725464,1.6152565479278564
157,0.48159998655319214,1.4717936515808105,0.44749999046325684,1.5389190912246704
158,0.48260000348091125,1.4671214818954468,0.4339999854564667,1.5440452098846436
159,0.48089998960494995,1.466418981552124,0.44749999046325684,1.5913455486297607
160,0.48350000381469727,1.464925765991211,0.4020000100135803,1.627895474433899
161,0.48660001158714294,1.4615286588668823,0.39500001072883606,1.6626137495040894
162,0.4830000102519989,1.4627794027328491,0.4169999957084656,1.6492947340011597
163,0.486299991607666,1.4593249559402466,0.4404999911785126,1.5700842142105103
164,0.48590001463890076,1.4589674472808838,0.4259999990463257,1.578873872756958
165,0.4875999987125397,1.4573701620101929,0.4634999930858612,1.5216933488845825
166,0.4885999858379364,1.454555630683899,0.4634999930858612,1.5167609453201294
167,0.48539999127388,1.4521350860595703,0.4449999928474426,1.5326954126358032
168,0.49050000309944153,1.4474942684173584,0.4359999895095825,1.6313903331756592
169,0.49059998989105225,1.4518444538116455,0.46549999713897705,1.5063310861587524
170,0.4851999878883362,1.4486054182052612,0.43700000643730164,1.5538753271102905
171,0.48579999804496765,1.4507427215576172,0.28949999809265137,2.411958694458008
172,0.4869000017642975,1.4585037231445312,0.43549999594688416,1.5847054719924927
173,0.48750001192092896,1.4464778900146484,0.4429999887943268,1.5323317050933838
174,0.4925999939441681,1.4423198699951172,0.4205000102519989,1.6430813074111938
175,0.4959999918937683,1.4409085512161255,0.4494999945163727,1.543359398841858
176,0.49309998750686646,1.4381322860717773,0.44749999046325684,1.5209587812423706
177,0.4934000074863434,1.435715675354004,0.4494999945163727,1.5610606670379639
178,0.4945000112056732,1.4334721565246582,0.4404999911785126,1.5373444557189941
179,0.4945000112056732,1.4344727993011475,0.4309999942779541,1.5638437271118164
180,0.4934000074863434,1.430433988571167,0.4399999976158142,1.6067447662353516
181,0.49380001425743103,1.4306367635726929,0.44449999928474426,1.5351749658584595
182,0.49219998717308044,1.4304612874984741,0.4544999897480011,1.5130748748779297
183,0.5011000037193298,1.4237710237503052,0.44850000739097595,1.55559241771698
184,0.5001999735832214,1.422545313835144,0.4634999930858612,1.5089280605316162
185,0.49790000915527344,1.4235665798187256,0.4569999873638153,1.5364835262298584
186,0.4959999918937683,1.421900749206543,0.4129999876022339,1.5961947441101074
187,0.49900001287460327,1.4233802556991577,0.4339999854564667,1.6299891471862793
188,0.4966000020503998,1.4189071655273438,0.4740000069141388,1.4734231233596802
189,0.5044999718666077,1.4202157258987427,0.44449999928474426,1.538682460784912
190,0.4961000084877014,1.4135475158691406,0.45100000500679016,1.533367395401001
191,0.4997999966144562,1.4135180711746216,0.42800000309944153,1.5781197547912598
192,0.499099999666214,1.4154956340789795,0.4749999940395355,1.5015437602996826
193,0.5013999938964844,1.4103312492370605,0.47049999237060547,1.500757098197937
194,0.5040000081062317,1.4082809686660767,0.4794999957084656,1.5006945133209229
195,0.5008999705314636,1.4105279445648193,0.47099998593330383,1.4790549278259277
196,0.5052000284194946,1.4078936576843262,0.44999998807907104,1.5235453844070435
197,0.503000020980835,1.4062860012054443,0.44200000166893005,1.543896198272705
198,0.5105999708175659,1.4036656618118286,0.4740000069141388,1.524928092956543
199,0.5063999891281128,1.4024120569229126,0.4880000054836273,1.4747895002365112
200,0.5094000101089478,1.3990098237991333,0.4375,1.5952801704406738
201,0.5044000148773193,1.4025315046310425,0.46700000762939453,1.5034345388412476
202,0.5088000297546387,1.39889395236969,0.46549999713897705,1.4985285997390747
203,0.5105999708175659,1.3964624404907227,0.4690000116825104,1.4735511541366577
204,0.5055000185966492,1.3957997560501099,0.47450000047683716,1.4791299104690552
205,0.5063999891281128,1.3937493562698364,0.43050000071525574,1.5494475364685059
206,0.5052000284194946,1.3928009271621704,0.4814999997615814,1.4675248861312866
207,0.510699987411499,1.389866590499878,0.44600000977516174,1.545175313949585
208,0.506600022315979,1.392739176750183,0.45750001072883606,1.491115927696228
209,0.5156000256538391,1.3850078582763672,0.4790000021457672,1.455809473991394
210,0.510699987411499,1.3883938789367676,0.4514999985694885,1.5600554943084717
211,0.5127999782562256,1.3850197792053223,0.47099998593330383,1.4815342426300049
212,0.511900007724762,1.3816641569137573,0.4034999907016754,1.6554315090179443
213,0.5095000267028809,1.381859302520752,0.4519999921321869,1.4819245338439941
214,0.5120000243186951,1.3824727535247803,0.4684999883174896,1.5043518543243408
215,0.5138999819755554,1.3773012161254883,0.4740000069141388,1.504465103149414
216,0.5102999806404114,1.3798480033874512,0.4684999883174896,1.4695868492126465
217,0.5175999999046326,1.3737618923187256,0.4555000066757202,1.5610244274139404
218,0.5128999948501587,1.3790494203567505,0.4634999930858612,1.5468593835830688
219,0.515500009059906,1.3727679252624512,0.49300000071525574,1.470067024230957
220,0.5178999900817871,1.3697127103805542,0.4779999852180481,1.4629733562469482
221,0.5184999704360962,1.3719786405563354,0.4259999990463257,1.5544689893722534
222,0.5203999876976013,1.3693238496780396,0.4869999885559082,1.4489880800247192
223,0.5182999968528748,1.3697786331176758,0.4729999899864197,1.4722316265106201
224,0.5192999839782715,1.3678972721099854,0.45249998569488525,1.5026416778564453
225,0.5167999863624573,1.3634889125823975,0.45100000500679016,1.5440300703048706
226,0.5230000019073486,1.36044180393219,0.4560000002384186,1.5503712892532349
227,0.5159000158309937,1.3617188930511475,0.4884999990463257,1.464320182800293
228,0.5217999815940857,1.3614230155944824,0.40299999713897705,1.7879127264022827
229,0.521399974822998,1.3585138320922852,0.4490000009536743,1.5923547744750977
230,0.5217000246047974,1.3619276285171509,0.46299999952316284,1.509321928024292
231,0.5248000025749207,1.3541773557662964,0.476500004529953,1.4715615510940552
232,0.5241000056266785,1.353020191192627,0.46149998903274536,1.4964059591293335
233,0.5224999785423279,1.3517285585403442,0.4650000035762787,1.4767152070999146
234,0.5231999754905701,1.3537455797195435,0.445499986410141,1.6232242584228516
235,0.525600016117096,1.3530173301696777,0.5019999742507935,1.4429333209991455
236,0.5267000198364258,1.3486319780349731,0.48249998688697815,1.4461300373077393
237,0.527899980545044,1.348703384399414,0.4794999957084656,1.4482043981552124
238,0.5231000185012817,1.3473711013793945,0.4794999957084656,1.5259697437286377
239,0.5230000019073486,1.34367036819458,0.43149998784065247,1.536142349243164
240,0.5282999873161316,1.3416054248809814,0.3050000071525574,2.290799617767334
241,0.5266000032424927,1.3477386236190796,0.47999998927116394,1.4480494260787964
242,0.5309000015258789,1.3401135206222534,0.4934999942779541,1.4722858667373657
243,0.5278000235557556,1.3414057493209839,0.47099998593330383,1.4634673595428467
244,0.5303000211715698,1.335358738899231,0.4819999933242798,1.4575731754302979
245,0.5284000039100647,1.3396917581558228,0.4970000088214874,1.4191179275512695
246,0.5303999781608582,1.3336938619613647,0.4830000102519989,1.4510226249694824
247,0.5321000218391418,1.3320029973983765,0.4399999976158142,1.530645728111267
248,0.5332000255584717,1.3375064134597778,0.46700000762939453,1.4751856327056885
249,0.5325999855995178,1.3274261951446533,0.43799999356269836,1.5333819389343262
250,0.5340999960899353,1.3302472829818726,0.43950000405311584,1.5627954006195068
251,0.5311999917030334,1.3332523107528687,0.48750001192092896,1.4301180839538574
252,0.5342000126838684,1.325942039489746,0.4724999964237213,1.456686019897461
253,0.5318999886512756,1.3257639408111572,0.45100000500679016,1.5143823623657227
254,0.5357999801635742,1.3247356414794922,0.4699999988079071,1.497282862663269
255,0.5386999845504761,1.3232522010803223,0.4359999895095825,1.5606242418289185
256,0.5329999923706055,1.3217856884002686,0.43299999833106995,1.5496419668197632
257,0.5353000164031982,1.3246766328811646,0.47350001335144043,1.508147120475769
258,0.5351999998092651,1.3210012912750244,0.4805000126361847,1.4497140645980835
259,0.5356000065803528,1.3192720413208008,0.4909999966621399,1.4275859594345093
260,0.536300003528595,1.3149083852767944,0.49399998784065247,1.4239462614059448
261,0.5364999771118164,1.312049150466919,0.46950000524520874,1.5369393825531006
262,0.5390999913215637,1.3146417140960693,0.515500009059906,1.400826096534729
263,0.5400999784469604,1.3134480714797974,0.4659999907016754,1.5305668115615845
264,0.5370000004768372,1.3140472173690796,0.4805000126361847,1.4268453121185303
265,0.5370000004768372,1.3117668628692627,0.4894999861717224,1.4562731981277466
266,0.5415999889373779,1.3098605871200562,0.5109999775886536,1.4133739471435547
267,0.5396999716758728,1.3091117143630981,0.49900001287460327,1.429584264755249
268,0.5385000109672546,1.3086037635803223,0.48500001430511475,1.4325947761535645
269,0.5406000018119812,1.3065544366836548,0.45899999141693115,1.485116958618164
270,0.5425000190734863,1.3057016134262085,0.4814999997615814,1.4678972959518433
271,0.5385000109672546,1.3033181428909302,0.47049999237060547,1.4610342979431152
272,0.5388000011444092,1.3050861358642578,0.48899999260902405,1.4216704368591309
273,0.5421000123023987,1.297511100769043,0.5065000057220459,1.4036710262298584
274,0.5419999957084656,1.3002537488937378,0.4569999873638153,1.5426051616668701
275,0.5436999797821045,1.3014591932296753,0.47600001096725464,1.497075080871582
276,0.541700005531311,1.2967618703842163,0.49799999594688416,1.4476252794265747
277,0.54339998960495,1.294440507888794,0.5015000104904175,1.4166128635406494
278,0.5464000105857849,1.2949447631835938,0.4855000078678131,1.4468728303909302
279,0.5482000112533569,1.291803002357483,0.4595000147819519,1.4553643465042114
280,0.5472000241279602,1.2906049489974976,0.4909999966621399,1.4650388956069946
281,0.5483999848365784,1.2867308855056763,0.5024999976158142,1.4069015979766846
282,0.5497000217437744,1.2915358543395996,0.4715000092983246,1.4543391466140747
283,0.550000011920929,1.2866991758346558,0.4884999990463257,1.437856912612915
284,0.5482000112533569,1.2829612493515015,0.4884999990463257,1.4115861654281616
285,0.548799991607666,1.2835499048233032,0.44200000166893005,1.5400274991989136
286,0.5509999990463257,1.283369541168213,0.41499999165534973,1.6421751976013184
287,0.5468999743461609,1.291257381439209,0.3889999985694885,1.8433746099472046
288,0.5486999750137329,1.287156343460083,0.4934999942779541,1.4403339624404907
289,0.5529999732971191,1.2781058549880981,0.49950000643730164,1.3996708393096924
290,0.5521000027656555,1.2778117656707764,0.4945000112056732,1.4033854007720947
291,0.551800012588501,1.2741862535476685,0.5009999871253967,1.3954044580459595
292,0.5503000020980835,1.2787071466445923,0.4959999918937683,1.3981308937072754
293,0.5543000102043152,1.2717852592468262,0.5095000267028809,1.4158598184585571
294,0.5534999966621399,1.2756798267364502,0.4059999883174896,1.8051934242248535
295,0.5514000058174133,1.2793794870376587,0.4934999942779541,1.4158848524093628
296,0.554099977016449,1.268978238105774,0.4950000047683716,1.4143104553222656
297,0.5544000267982483,1.2690608501434326,0.5115000009536743,1.3874465227127075
298,0.5570999979972839,1.2702988386154175,0.5049999952316284,1.4048205614089966
299,0.5548999905586243,1.2703050374984741,0.4869999885559082,1.4232770204544067
300,0.5559999942779541,1.263763427734375,0.4970000088214874,1.3912149667739868
301,0.5543000102043152,1.2693376541137695,0.4465000033378601,1.5351592302322388
302,0.555899977684021,1.2647597789764404,0.5095000267028809,1.3907065391540527
303,0.5583000183105469,1.2626278400421143,0.41499999165534973,1.8204398155212402
304,0.5554999709129333,1.266668677330017,0.4975000023841858,1.3830294609069824
305,0.557200014591217,1.2620958089828491,0.41600000858306885,1.6060268878936768
306,0.5586000084877014,1.262336015701294,0.5090000033378601,1.4185458421707153
307,0.5562000274658203,1.2594799995422363,0.5015000104904175,1.4661641120910645
308,0.5627999901771545,1.2555338144302368,0.48899999260902405,1.4288792610168457
309,0.5608000159263611,1.2516928911209106,0.5189999938011169,1.3743289709091187
310,0.5615000128746033,1.2522263526916504,0.49549999833106995,1.4073486328125
311,0.5622000098228455,1.2534009218215942,0.4494999945163727,1.4890028238296509
312,0.557699978351593,1.2608908414840698,0.5024999976158142,1.3838727474212646
313,0.5640000104904175,1.2463436126708984,0.5120000243186951,1.4212441444396973
314,0.5651999711990356,1.249258279800415,0.5,1.3843964338302612
315,0.5604000091552734,1.248049020767212,0.49149999022483826,1.4559638500213623
316,0.5616000294685364,1.2546724081039429,0.48899999260902405,1.4125698804855347
317,0.5608999729156494,1.250921368598938,0.5164999961853027,1.3620502948760986
318,0.5667999982833862,1.2434468269348145,0.5024999976158142,1.3638474941253662
319,0.5622000098228455,1.2463136911392212,0.4909999966621399,1.4327731132507324
320,0.567799985408783,1.2377759218215942,0.5044999718666077,1.385056495666504
321,0.5662000179290771,1.2411963939666748,0.4869999885559082,1.4081997871398926
322,0.5673999786376953,1.2427209615707397,0.4729999899864197,1.4551728963851929
323,0.5633000135421753,1.2407640218734741,0.4634999930858612,1.4632446765899658
324,0.5609999895095825,1.2425388097763062,0.492000013589859,1.4233344793319702
325,0.5669000148773193,1.236902117729187,0.43700000643730164,1.5932679176330566
326,0.5680000185966492,1.23516047000885,0.4884999990463257,1.4573261737823486
327,0.5648999810218811,1.2343897819519043,0.49900001287460327,1.4756485223770142
328,0.5669000148773193,1.2365044355392456,0.5095000267028809,1.3861258029937744
329,0.5742999911308289,1.2292232513427734,0.5230000019073486,1.3519067764282227
330,0.5728999972343445,1.2278997898101807,0.4699999988079071,1.4875171184539795
331,0.5690000057220459,1.2287447452545166,0.4794999957084656,1.505090355873108
332,0.5705999732017517,1.2332143783569336,0.48649999499320984,1.4109588861465454
333,0.5705000162124634,1.2259615659713745,0.5090000033378601,1.3584321737289429
334,0.5690000057220459,1.224489688873291,0.4580000042915344,1.538344144821167
335,0.5705999732017517,1.2268130779266357,0.5040000081062317,1.3666194677352905
336,0.5713000297546387,1.223189353942871,0.48399999737739563,1.4013763666152954
337,0.5706999897956848,1.2227623462677002,0.5034999847412109,1.387101173400879
338,0.5730999708175659,1.2220450639724731,0.48750001192092896,1.3944441080093384
339,0.5741999745368958,1.2177464962005615,0.48500001430511475,1.4502288103103638
340,0.5699999928474426,1.2194730043411255,0.47850000858306885,1.4884060621261597
341,0.57669997215271,1.2182749509811401,0.5105000138282776,1.4149324893951416
342,0.5738999843597412,1.217165470123291,0.5115000009536743,1.4018911123275757
343,0.5759999752044678,1.2160943746566772,0.48399999737739563,1.4371556043624878
344,0.5720000267028809,1.2192342281341553,0.4984999895095825,1.469747543334961
345,0.5735999941825867,1.2168949842453003,0.512499988079071,1.3821738958358765
346,0.5795000195503235,1.2104008197784424,0.4984999895095825,1.4009003639221191
347,0.5784000158309937,1.210202693939209,0.5210000276565552,1.402103066444397
348,0.578000009059906,1.2087355852127075,0.5074999928474426,1.3939502239227295
349,0.578499972820282,1.2120028734207153,0.4034999907016754,1.6559300422668457
350,0.5777000188827515,1.2100818157196045,0.44999998807907104,1.6129366159439087
351,0.5774000287055969,1.205582857131958,0.45649999380111694,1.4807300567626953
352,0.5789999961853027,1.2047839164733887,0.5184999704360962,1.3676514625549316
353,0.5803999900817871,1.2027745246887207,0.5329999923706055,1.3438585996627808
354,0.57669997215271,1.202567219734192,0.5040000081062317,1.4085183143615723
355,0.5819000005722046,1.2027733325958252,0.4779999852180481,1.4567391872406006
356,0.5825999975204468,1.197454810142517,0.4569999873638153,1.6744256019592285
357,0.5830000042915344,1.202501654624939,0.4869999885559082,1.4300694465637207
358,0.5807999968528748,1.1997900009155273,0.5109999775886536,1.363448977470398
359,0.5770999789237976,1.2008740901947021,0.4869999885559082,1.442779779434204
360,0.5828999876976013,1.2005624771118164,0.5174999833106995,1.4070512056350708
361,0.5827999711036682,1.1928250789642334,0.49950000643730164,1.4239563941955566
362,0.5853000283241272,1.1920782327651978,0.5105000138282776,1.3564451932907104
363,0.5857999920845032,1.190402626991272,0.5189999938011169,1.3956410884857178
364,0.5861999988555908,1.1925524473190308,0.4950000047683716,1.3783797025680542
365,0.5845000147819519,1.1904594898223877,0.46799999475479126,1.4339433908462524
366,0.5827999711036682,1.1899528503417969,0.5070000290870667,1.3504152297973633
367,0.5884000062942505,1.184903860092163,0.47600001096725464,1.494560956954956
368,0.5849999785423279,1.186627984046936,0.5115000009536743,1.3619521856307983
369,0.5870000123977661,1.184375524520874,0.5299999713897705,1.3385385274887085
370,0.5900999903678894,1.183518409729004,0.5210000276565552,1.3555909395217896
371,0.5853000283241272,1.1896557807922363,0.4934999942779541,1.4210759401321411
372,0.5860000252723694,1.184418797492981,0.48750001192092896,1.448284387588501
373,0.5863999724388123,1.1796133518218994,0.5009999871253967,1.3607546091079712
374,0.5913000106811523,1.1771268844604492,0.4544999897480011,1.523168921470642
375,0.5896000266075134,1.1790330410003662,0.5059999823570251,1.4230096340179443
376,0.5866000056266785,1.1817805767059326,0.4325000047683716,1.7572065591812134
377,0.5864999890327454,1.1868265867233276,0.5005000233650208,1.3959989547729492
378,0.5899999737739563,1.1722835302352905,0.4300000071525574,1.627433180809021
379,0.5889999866485596,1.1779662370681763,0.512499988079071,1.3889312744140625
380,0.589900016784668,1.173411250114441,0.5070000290870667,1.4189655780792236
381,0.5958999991416931,1.1666673421859741,0.512499988079071,1.3586056232452393
382,0.5932999849319458,1.1728246212005615,0.5149999856948853,1.3764665126800537
383,0.5902000069618225,1.169129490852356,0.5074999928474426,1.3774255514144897
384,0.5928999781608582,1.1678513288497925,0.5304999947547913,1.3315088748931885
385,0.590399980545044,1.1713321208953857,0.531499981880188,1.3671882152557373
386,0.5978999733924866,1.1621919870376587,0.5055000185966492,1.3734042644500732
387,0.5946000218391418,1.1654369831085205,0.5105000138282776,1.3440439701080322
388,0.5935999751091003,1.1651732921600342,0.44850000739097595,1.57817804813385
389,0.5947999954223633,1.1666892766952515,0.4684999883174896,1.5128436088562012
390,0.5940999984741211,1.1648271083831787,0.5205000042915344,1.3620996475219727
391,0.5932000279426575,1.16420316696167,0.531000018119812,1.3718756437301636
392,0.5983999967575073,1.1578598022460938,0.5270000100135803,1.3331745862960815
393,0.5985999703407288,1.1568347215652466,0.5024999976158142,1.4069788455963135
394,0.5946999788284302,1.1631920337677002,0.47850000858306885,1.459243655204773
395,0.5932999849319458,1.1600539684295654,0.512499988079071,1.3563491106033325
396,0.5928999781608582,1.1576603651046753,0.4934999942779541,1.4565831422805786
397,0.5899999737739563,1.1616764068603516,0.4544999897480011,1.498787522315979
398,0.597100019454956,1.1545995473861694,0.47450000047683716,1.5100884437561035
399,0.5961999893188477,1.1567983627319336,0.5145000219345093,1.3554468154907227
400,0.6003999710083008,1.1507593393325806,0.4984999895095825,1.4560976028442383
401,0.6036999821662903,1.1513701677322388,0.5260000228881836,1.3357784748077393
402,0.6014999747276306,1.1459863185882568,0.49399998784065247,1.4027169942855835
403,0.6011999845504761,1.1467504501342773,0.5224999785423279,1.332303524017334
404,0.5999000072479248,1.1477285623550415,0.49399998784065247,1.4216833114624023
405,0.6021000146865845,1.146039366722107,0.40299999713897705,1.8337453603744507
406,0.5965999960899353,1.1569608449935913,0.49300000071525574,1.417484998703003
407,0.6025000214576721,1.1420423984527588,0.5040000081062317,1.3614898920059204
408,0.6043999791145325,1.1413668394088745,0.5325000286102295,1.320540189743042
409,0.6060000061988831,1.1395530700683594,0.512499988079071,1.3878998756408691
410,0.6060000061988831,1.1339998245239258,0.4625000059604645,1.6307588815689087
411,0.6057999730110168,1.140272617340088,0.5220000147819519,1.3256709575653076
412,0.6047000288963318,1.142430305480957,0.43849998712539673,1.5816609859466553
413,0.6067000031471252,1.140445351600647,0.5184999704360962,1.3875799179077148
414,0.6043000221252441,1.1335712671279907,0.49950000643730164,1.3829244375228882
415,0.6029999852180481,1.140921711921692,0.4620000123977661,1.5140531063079834
416,0.603600025177002,1.132535457611084,0.49549999833106995,1.4061520099639893
417,0.6100999712944031,1.131561517715454,0.5065000057220459,1.3510034084320068
418,0.6078000068664551,1.1301308870315552,0.39750000834465027,1.7563064098358154
419,0.6028000116348267,1.140411376953125,0.5174999833106995,1.3639142513275146
420,0.6093000173568726,1.126206874847412,0.4860000014305115,1.4598188400268555
421,0.613099992275238,1.1270664930343628,0.4309999942779541,1.7133992910385132
422,0.6075999736785889,1.1289455890655518,0.49549999833106995,1.4464014768600464
423,0.6132000088691711,1.123334288597107,0.5019999742507935,1.459706425666809
424,0.6140000224113464,1.1191128492355347,0.45500001311302185,1.5444585084915161
425,0.6078000068664551,1.1252365112304688,0.5120000243186951,1.3773609399795532
426,0.6096000075340271,1.12174391746521,0.5350000262260437,1.3163756132125854
427,0.6126000285148621,1.1187214851379395,0.5339999794960022,1.3429300785064697
428,0.6129000186920166,1.1161800622940063,0.534500002861023,1.3092507123947144
429,0.6105999946594238,1.1201807260513306,0.38999998569488525,1.8753383159637451
430,0.6049000024795532,1.1266367435455322,0.49149999022483826,1.5213103294372559
431,0.6136999726295471,1.114069938659668,0.5360000133514404,1.3517192602157593
432,0.6126000285148621,1.1159732341766357,0.4715000092983246,1.456580638885498
433,0.6133999824523926,1.1126391887664795,0.5329999923706055,1.3204623460769653
434,0.6207000017166138,1.108757495880127,0.5164999961853027,1.3461450338363647
435,0.6172000169754028,1.1065137386322021,0.5370000004768372,1.3322898149490356
436,0.6171000003814697,1.108620047569275,0.5145000219345093,1.3716634511947632
437,0.6159999966621399,1.1054320335388184,0.5099999904632568,1.359837532043457
438,0.6190999746322632,1.1063034534454346,0.5109999775886536,1.4168356657028198
439,0.616599977016449,1.1052988767623901,0.5410000085830688,1.299689531326294
440,0.618399977684021,1.1019229888916016,0.5404999852180481,1.3405801057815552
441,0.6190000176429749,1.1041984558105469,0.5304999947547913,1.3221864700317383
442,0.6179999709129333,1.1065446138381958,0.5404999852180481,1.3018853664398193
443,0.6176000237464905,1.1005358695983887,0.5444999933242798,1.3613979816436768
444,0.6162999868392944,1.1014827489852905,0.45750001072883606,1.5206327438354492
445,0.6230999827384949,1.099631905555725,0.5145000219345093,1.3888976573944092
446,0.6189000010490417,1.1001313924789429,0.4819999933242798,1.4490740299224854
447,0.6241000294685364,1.0945039987564087,0.45750001072883606,1.5696738958358765
448,0.6229000091552734,1.097502589225769,0.45399999618530273,1.5595893859863281
449,0.6173999905586243,1.1019829511642456,0.5479999780654907,1.284850835800171
450,0.6197999715805054,1.0954105854034424,0.4880000054836273,1.473730444908142
451,0.625,1.0972504615783691,0.47350001335144043,1.5217523574829102
452,0.6216999888420105,1.0982784032821655,0.5425000190734863,1.3263098001480103
453,0.6238999962806702,1.0850125551223755,0.515999972820282,1.3682732582092285
454,0.6255000233650208,1.0859901905059814,0.534500002861023,1.3183906078338623
455,0.6234999895095825,1.0862473249435425,0.4964999854564667,1.423216462135315
456,0.6251999735832214,1.0923980474472046,0.5224999785423279,1.3496428728103638
457,0.6256999969482422,1.0867972373962402,0.5115000009536743,1.4232882261276245
458,0.6272000074386597,1.0880199670791626,0.4925000071525574,1.412680983543396
459,0.6273999810218811,1.0814850330352783,0.5335000157356262,1.3420640230178833
460,0.6274999976158142,1.0851826667785645,0.5099999904632568,1.4643343687057495
461,0.6269000172615051,1.084943413734436,0.4934999942779541,1.4302374124526978
462,0.6248000264167786,1.0856108665466309,0.5109999775886536,1.3991446495056152
463,0.6297000050544739,1.0799061059951782,0.5400000214576721,1.3064302206039429
464,0.6266000270843506,1.0783159732818604,0.5214999914169312,1.342253565788269
465,0.626800000667572,1.0820671319961548,0.5120000243186951,1.3417980670928955
466,0.6266000270843506,1.0757697820663452,0.5304999947547913,1.3418365716934204
467,0.6299999952316284,1.0758109092712402,0.42649999260902405,1.6296336650848389
468,0.6281999945640564,1.075372576713562,0.5299999713897705,1.3819118738174438
469,0.6340000033378601,1.0740268230438232,0.48899999260902405,1.4370918273925781
470,0.6283000111579895,1.0752263069152832,0.5139999985694885,1.3673206567764282
471,0.6302000284194946,1.0763541460037231,0.5379999876022339,1.3258012533187866
472,0.6328999996185303,1.068616271018982,0.5435000061988831,1.2956788539886475
473,0.6284000277519226,1.0731128454208374,0.5379999876022339,1.3729075193405151
474,0.6294000148773193,1.0702937841415405,0.531499981880188,1.329260230064392
475,0.6291999816894531,1.070326328277588,0.5254999995231628,1.3440927267074585
476,0.633899986743927,1.0651110410690308,0.48500001430511475,1.445650339126587
477,0.6323000192642212,1.0663007497787476,0.5235000252723694,1.3394414186477661
478,0.6315000057220459,1.0633668899536133,0.4194999933242798,1.7894693613052368
479,0.6290000081062317,1.0719515085220337,0.5040000081062317,1.4293088912963867
480,0.6312999725341797,1.0622985363006592,0.5385000109672546,1.3509271144866943
481,0.6328999996185303,1.0577600002288818,0.512499988079071,1.4153591394424438
482,0.6323999762535095,1.0643188953399658,0.47699999809265137,1.4775969982147217
483,0.6345000267028809,1.0632528066635132,0.5404999852180481,1.3087306022644043
484,0.6365000009536743,1.0581872463226318,0.5569999814033508,1.2939728498458862
485,0.6334999799728394,1.0577648878097534,0.5419999957084656,1.320239543914795
486,0.6389999985694885,1.0574227571487427,0.5485000014305115,1.2963247299194336
487,0.6384000182151794,1.0531187057495117,0.550000011920929,1.3171486854553223
488,0.6367999911308289,1.0555678606033325,0.5149999856948853,1.3940116167068481
489,0.6370000243186951,1.0563631057739258,0.5389999747276306,1.3205617666244507
490,0.6363000273704529,1.0518471002578735,0.527999997138977,1.3875728845596313
491,0.6410999894142151,1.0546619892120361,0.5400000214576721,1.2931232452392578
492,0.6391000151634216,1.0480320453643799,0.5145000219345093,1.3778843879699707
493,0.6407999992370605,1.0472995042800903,0.5254999995231628,1.3746380805969238
494,0.63919997215271,1.0542584657669067,0.5285000205039978,1.3926523923873901
495,0.6391000151634216,1.051681399345398,0.5370000004768372,1.341302514076233
496,0.6396999955177307,1.045274019241333,0.5105000138282776,1.4204388856887817
497,0.6384999752044678,1.0465912818908691,0.5375000238418579,1.3534114360809326
498,0.644599974155426,1.0457723140716553,0.5044999718666077,1.411341905593872
499,0.6412000060081482,1.0413745641708374,0.5220000147819519,1.3252228498458862
500,0.6425999999046326,1.0413070917129517,0.527999997138977,1.3411262035369873
501,0.6425999999046326,1.043866753578186,0.527999997138977,1.3780871629714966
502,0.644599974155426,1.0411350727081299,0.5360000133514404,1.360819935798645
503,0.6438000202178955,1.0412306785583496,0.5214999914169312,1.3687983751296997
504,0.6449000239372253,1.0400354862213135,0.5220000147819519,1.3793500661849976
505,0.6435999870300293,1.039707899093628,0.5529999732971191,1.274903655052185
506,0.6445000171661377,1.0390572547912598,0.5224999785423279,1.3388853073120117
507,0.6424000263214111,1.0324658155441284,0.5429999828338623,1.319749355316162
508,0.6489999890327454,1.0378117561340332,0.5205000042915344,1.4006215333938599
509,0.6437000036239624,1.037998914718628,0.5440000295639038,1.3487356901168823
510,0.6445000171661377,1.0324997901916504,0.5429999828338623,1.3232837915420532
511,0.6478999853134155,1.0270161628723145,0.49549999833106995,1.4187216758728027
512,0.6489999890327454,1.027296543121338,0.5210000276565552,1.3469830751419067
513,0.642799973487854,1.028244137763977,0.5475000143051147,1.3125547170639038
514,0.641700029373169,1.0315561294555664,0.4884999990463257,1.63163423538208
515,0.6456999778747559,1.0340099334716797,0.534500002861023,1.3678932189941406
516,0.649399995803833,1.0248243808746338,0.4074999988079071,1.7761095762252808
517,0.640999972820282,1.030526876449585,0.43650001287460327,1.770334243774414
518,0.6456000208854675,1.0325287580490112,0.5189999938011169,1.383423924446106
519,0.6485000252723694,1.0222582817077637,0.4970000088214874,1.4538744688034058
520,0.6478999853134155,1.0202480554580688,0.4959999918937683,1.4545471668243408
521,0.6510000228881836,1.019397258758545,0.531000018119812,1.3286387920379639
522,0.6521999835968018,1.0196443796157837,0.546999990940094,1.3311830759048462
523,0.6517000198364258,1.0138213634490967,0.5044999718666077,1.4468915462493896
524,0.6496999859809875,1.0185270309448242,0.4984999895095825,1.3807117938995361
525,0.6492999792098999,1.018152117729187,0.4269999861717224,1.752258539199829
526,0.649399995803833,1.0185246467590332,0.5389999747276306,1.3491697311401367
527,0.6504999995231628,1.0117725133895874,0.503000020980835,1.394680380821228
528,0.6523000001907349,1.0133899450302124,0.5130000114440918,1.3912947177886963
529,0.6542999744415283,1.0124136209487915,0.5130000114440918,1.4287532567977905
530,0.6491000056266785,1.0117403268814087,0.5425000190734863,1.3112685680389404
531,0.652899980545044,1.008679747581482,0.550000011920929,1.2879002094268799
532,0.6603000164031982,1.007415533065796,0.5304999947547913,1.3626747131347656
533,0.656000018119812,1.0076556205749512,0.4950000047683716,1.4556397199630737
534,0.6546000242233276,1.0113428831100464,0.5494999885559082,1.315197467803955
535,0.6557999849319458,1.0028613805770874,0.4909999966621399,1.4923051595687866
536,0.6523000001907349,1.0063506364822388,0.492000013589859,1.5377159118652344
537,0.6556000113487244,1.0070371627807617,0.4580000042915344,1.5698093175888062
538,0.6549000144004822,1.0009459257125854,0.5669999718666077,1.2696555852890015
539,0.65829998254776,0.994968831539154,0.4819999933242798,1.4993470907211304
540,0.6549000144004822,1.0033235549926758,0.5235000252723694,1.3592936992645264
541,0.6601999998092651,1.0011454820632935,0.5410000085830688,1.3574049472808838
542,0.6554999947547913,0.9973540306091309,0.4880000054836273,1.4638549089431763
543,0.6543999910354614,1.002197027206421,0.5534999966621399,1.3130813837051392
544,0.6568999886512756,0.9952909350395203,0.5410000085830688,1.3215248584747314
545,0.6547999978065491,1.0013494491577148,0.42500001192092896,1.7549450397491455
546,0.6528000235557556,1.003617763519287,0.5235000252723694,1.3925447463989258
547,0.6581000089645386,0.9931339621543884,0.5625,1.2718284130096436
548,0.6610999703407288,0.988861620426178,0.5414999723434448,1.3533406257629395
549,0.6575999855995178,0.9917639493942261,0.5230000019073486,1.4758285284042358
550,0.6570000052452087,0.9900497794151306,0.5264999866485596,1.3945322036743164
551,0.6639999747276306,0.9895512461662292,0.5580000281333923,1.299784779548645
552,0.6597999930381775,0.9941412210464478,0.5389999747276306,1.3262512683868408
553,0.6633999943733215,0.9836084246635437,0.515999972820282,1.4189549684524536
554,0.6588000059127808,0.9924198985099792,0.5264999866485596,1.3984206914901733
555,0.6593000292778015,0.9856816530227661,0.531000018119812,1.348078966140747
556,0.6633999943733215,0.9888339042663574,0.5090000033378601,1.530397891998291
557,0.6632999777793884,0.9834672808647156,0.512499988079071,1.3903133869171143
558,0.6664000153541565,0.9833161234855652,0.5335000157356262,1.381891131401062
559,0.6651999950408936,0.977465033531189,0.503000020980835,1.452099323272705
560,0.6633999943733215,0.9840345978736877,0.5375000238418579,1.3490360975265503
561,0.666100025177002,0.9794034957885742,0.5264999866485596,1.3665481805801392
562,0.6597999930381775,0.9816884994506836,0.5509999990463257,1.3251417875289917
563,0.6665999889373779,0.9753139615058899,0.5715000033378601,1.2646715641021729
564,0.666700005531311,0.9753754138946533,0.5544999837875366,1.29252028465271
565,0.6644999980926514,0.9760717749595642,0.4514999985694885,1.706828236579895
566,0.6621000170707703,0.9800340533256531,0.5005000233650208,1.444637417793274
567,0.664900004863739,0.9757242202758789,0.4794999957084656,1.5398672819137573
568,0.6643000245094299,0.9749540090560913,0.5199999809265137,1.3931277990341187
569,0.6661999821662903,0.9734219908714294,0.5394999980926514,1.3016854524612427
570,0.6693000197410583,0.966442883014679,0.4984999895095825,1.5175600051879883
571,0.6703000068664551,0.9681304693222046,0.5659999847412109,1.274979829788208
572,0.6694999933242798,0.9671244025230408,0.5709999799728394,1.2698115110397339
573,0.6686999797821045,0.9670817255973816,0.5680000185966492,1.2759381532669067
574,0.6661999821662903,0.9651117920875549,0.5174999833106995,1.4934660196304321
575,0.6696000099182129,0.9643762707710266,0.5360000133514404,1.3247106075286865
576,0.6664000153541565,0.9685593843460083,0.47749999165534973,1.5449851751327515
577,0.6690000295639038,0.9747520685195923,0.5180000066757202,1.3867067098617554
578,0.6743000149726868,0.9610937237739563,0.5410000085830688,1.3557360172271729
579,0.6736000180244446,0.961076557636261,0.4699999988079071,1.6311180591583252
580,0.6658999919891357,0.9716097712516785,0.534500002861023,1.3474992513656616
581,0.6717000007629395,0.962798535823822,0.534500002861023,1.3332600593566895
582,0.6740000247955322,0.9576703906059265,0.5544999837875366,1.333846926689148
583,0.6711999773979187,0.9595993161201477,0.5680000185966492,1.2778887748718262
584,0.6726999878883362,0.9534327387809753,0.5335000157356262,1.3844376802444458
585,0.6696000099182129,0.961678147315979,0.5270000100135803,1.3768374919891357
586,0.6692000031471252,0.9575760960578918,0.5544999837875366,1.2891470193862915
587,0.6747999787330627,0.9522319436073303,0.5659999847412109,1.291013240814209
588,0.676800012588501,0.9540068507194519,0.5109999775886536,1.4260095357894897
589,0.6746000051498413,0.949505090713501,0.5295000076293945,1.3322210311889648
590,0.676800012588501,0.949745237827301,0.5575000047683716,1.3091343641281128
591,0.6783000230789185,0.9439166784286499,0.5320000052452087,1.406507134437561
592,0.6786999702453613,0.9492144584655762,0.5370000004768372,1.4010977745056152
593,0.6790000200271606,0.9459540247917175,0.4634999930858612,1.5882658958435059
594,0.6766999959945679,0.9572762846946716,0.47699999809265137,1.5549179315567017
595,0.6744999885559082,0.9495753049850464,0.550000011920929,1.336312174797058
596,0.6740000247955322,0.949472188949585,0.559499979019165,1.2991747856140137
597,0.6789000034332275,0.9457033276557922,0.5289999842643738,1.352961778640747
598,0.6775000095367432,0.9433722496032715,0.5644999742507935,1.2731739282608032
599,0.6782000064849854,0.9477173686027527,0.5609999895095825,1.2835601568222046
600,0.6805999875068665,0.9406508803367615,0.5519999861717224,1.2855651378631592
601,0.6847000122070312,0.9376353621482849,0.5024999976158142,1.492893099784851
602,0.6776000261306763,0.94643235206604,0.5490000247955322,1.3095805644989014
603,0.6812999844551086,0.938530683517456,0.5435000061988831,1.2980961799621582
604,0.6783000230789185,0.9387999176979065,0.5354999899864197,1.341174840927124
605,0.6791999936103821,0.9345507025718689,0.48100000619888306,1.4963525533676147
606,0.6789000034332275,0.9408437609672546,0.5490000247955322,1.2993744611740112
607,0.6820999979972839,0.9380996823310852,0.5609999895095825,1.2889792919158936
608,0.683899998664856,0.9295377135276794,0.5134999752044678,1.473698377609253
609,0.6790000200271606,0.9350261688232422,0.5019999742507935,1.465268611907959
610,0.6808000206947327,0.9305383563041687,0.5640000104904175,1.2605684995651245
611,0.6815999746322632,0.9302560687065125,0.5379999876022339,1.3340768814086914
612,0.6823999881744385,0.9300253987312317,0.5339999794960022,1.336632251739502
613,0.6840999722480774,0.9271965622901917,0.5304999947547913,1.335046410560608
614,0.6876999735832214,0.9251603484153748,0.44699999690055847,1.673536777496338
615,0.6848000288009644,0.9282774329185486,0.5429999828338623,1.3614033460617065
616,0.6858000159263611,0.9261948466300964,0.5770000219345093,1.265178918838501
617,0.6868000030517578,0.9232486486434937,0.5414999723434448,1.3541369438171387
618,0.6866000294685364,0.9224628210067749,0.5024999976158142,1.4864113330841064
619,0.6858999729156494,0.9248066544532776,0.4169999957084656,1.930385708808899
620,0.6808000206947327,0.9283430576324463,0.5325000286102295,1.3437162637710571
621,0.6881999969482422,0.9194450378417969,0.5659999847412109,1.2838395833969116
622,0.6887000203132629,0.9210621118545532,0.5625,1.2786303758621216
623,0.6841999888420105,0.9220082759857178,0.4964999854564667,1.5051602125167847
624,0.6858999729156494,0.9181481599807739,0.5034999847412109,1.4474009275436401
625,0.6872000098228455,0.9164618849754333,0.5569999814033508,1.307785987854004
626,0.6881999969482422,0.9135884642601013,0.5715000033378601,1.2474257946014404
627,0.6897000074386597,0.9112036228179932,0.5554999709129333,1.2748383283615112
628,0.6866999864578247,0.9110487103462219,0.5360000133514404,1.3407546281814575
629,0.6901000142097473,0.9105227589607239,0.4934999942779541,1.5099542140960693
630,0.6881999969482422,0.9144384860992432,0.5740000009536743,1.281032681465149
631,0.6909999847412109,0.9101986289024353,0.5525000095367432,1.2876644134521484
632,0.6912999749183655,0.9074870347976685,0.5224999785423279,1.3920897245407104
633,0.6912000179290771,0.9069445133209229,0.5450000166893005,1.322106957435608
634,0.6898999810218811,0.9074215888977051,0.5534999966621399,1.3765374422073364
635,0.6944000124931335,0.9043904542922974,0.5534999966621399,1.3190103769302368
636,0.6920999884605408,0.9079938530921936,0.559499979019165,1.274443507194519
637,0.694599986076355,0.9016023278236389,0.531499981880188,1.4127302169799805
638,0.6972000002861023,0.9028306603431702,0.5494999885559082,1.295139193534851
639,0.6965000033378601,0.8997825384140015,0.44749999046325684,1.6519653797149658
640,0.6937999725341797,0.907599925994873,0.43799999356269836,1.718522071838379
641,0.6922000050544739,0.9030430912971497,0.5479999780654907,1.3406997919082642
642,0.6945000290870667,0.8991442322731018,0.4909999966621399,1.5272048711776733
643,0.6919000148773193,0.9082268476486206,0.5239999890327454,1.4018076658248901
644,0.6929000020027161,0.9011518359184265,0.5295000076293945,1.3502202033996582
645,0.6930999755859375,0.9005987048149109,0.5740000009536743,1.2589880228042603
646,0.6988999843597412,0.8903045654296875,0.5450000166893005,1.3001844882965088
647,0.6972000002861023,0.8968080282211304,0.4945000112056732,1.4865062236785889
648,0.6955000162124634,0.8965741991996765,0.4334999918937683,1.7674381732940674
649,0.6973999738693237,0.8956011533737183,0.5674999952316284,1.307257056236267
650,0.7002999782562256,0.8917228579521179,0.5640000104904175,1.3331509828567505
651,0.6990000009536743,0.8878539800643921,0.5565000176429749,1.299991488456726
652,0.7003999948501587,0.8896372318267822,0.5504999756813049,1.3313010931015015
653,0.6992999911308289,0.8897687792778015,0.5120000243186951,1.4554436206817627
654,0.6963000297546387,0.8876366019248962,0.5120000243186951,1.4381240606307983
655,0.6965000033378601,0.8922900557518005,0.5270000100135803,1.4170969724655151
656,0.6933000087738037,0.8916049003601074,0.5404999852180481,1.346204400062561
657,0.7006999850273132,0.8844529390335083,0.5584999918937683,1.3282972574234009
658,0.7038000226020813,0.8852401375770569,0.5254999995231628,1.3489112854003906
659,0.6992999911308289,0.8890033960342407,0.5644999742507935,1.2881455421447754
660,0.7020000219345093,0.8811615109443665,0.5644999742507935,1.2974096536636353
661,0.7014999985694885,0.8816367983818054,0.5600000023841858,1.301970362663269
662,0.6990000009536743,0.8864327073097229,0.5630000233650208,1.2911494970321655
663,0.7010999917984009,0.8815047740936279,0.5389999747276306,1.3487012386322021
664,0.7023000121116638,0.8836501836776733,0.5239999890327454,1.3872660398483276
665,0.7071999907493591,0.8768131732940674,0.5565000176429749,1.2987263202667236
666,0.7035999894142151,0.8765881061553955,0.5164999961853027,1.370401382446289
667,0.705299973487854,0.8755213022232056,0.5184999704360962,1.4528181552886963
668,0.704800009727478,0.8786515593528748,0.5649999976158142,1.2755805253982544
669,0.7028999924659729,0.8723939657211304,0.39800000190734863,1.918959379196167
670,0.7002000212669373,0.8865150213241577,0.5065000057220459,1.487638235092163
671,0.7059000134468079,0.8760597705841064,0.5419999957084656,1.3116055727005005
672,0.7046999931335449,0.8726645708084106,0.5709999799728394,1.2689951658248901
673,0.7049999833106995,0.8727535009384155,0.5519999861717224,1.3440018892288208
674,0.7069000005722046,0.8672882914543152,0.49900001287460327,1.4953246116638184
675,0.7081999778747559,0.8684308528900146,0.515500009059906,1.492134690284729
676,0.7064999938011169,0.8658234477043152,0.5625,1.3060719966888428
677,0.7078999876976013,0.8606455326080322,0.4869999885559082,1.6217929124832153
678,0.7060999870300293,0.8693593740463257,0.5084999799728394,1.4089794158935547
679,0.7081999778747559,0.8674213886260986,0.5680000185966492,1.303534984588623
680,0.7107999920845032,0.8620185256004333,0.5295000076293945,1.367110013961792
681,0.7078999876976013,0.8601921796798706,0.5435000061988831,1.365773320198059
682,0.7085000276565552,0.859779953956604,0.5544999837875366,1.3215464353561401
683,0.710099995136261,0.8605911135673523,0.5575000047683716,1.2860835790634155
684,0.7099000215530396,0.8567258715629578,0.5180000066757202,1.4942824840545654
685,0.7077000141143799,0.8615192174911499,0.4650000035762787,1.702627420425415
686,0.7110999822616577,0.8636511564254761,0.5205000042915344,1.4817973375320435
687,0.711899995803833,0.8565390706062317,0.5580000281333923,1.2982960939407349
688,0.7110000252723694,0.8548257946968079,0.46950000524520874,1.7450592517852783
689,0.7117000222206116,0.8589979410171509,0.5699999928474426,1.2693918943405151
690,0.7116000056266785,0.8512478470802307,0.445499986410141,1.7842365503311157
691,0.707099974155426,0.8588359355926514,0.5034999847412109,1.5565940141677856
692,0.7125999927520752,0.8547375798225403,0.534500002861023,1.359141230583191
693,0.7132999897003174,0.8493037223815918,0.5580000281333923,1.3066765069961548
694,0.7110000252723694,0.8490727543830872,0.5460000038146973,1.3629790544509888
695,0.7146999835968018,0.849815845489502,0.5354999899864197,1.4192419052124023
696,0.7131999731063843,0.8531781435012817,0.5569999814033508,1.3568440675735474
697,0.7117000222206116,0.8511714935302734,0.47999998927116394,1.615472674369812
698,0.7142999768257141,0.8476744294166565,0.4855000078678131,1.5961763858795166
699,0.7110999822616577,0.8481606245040894,0.5575000047683716,1.2984395027160645
700,0.7175999879837036,0.841225802898407,0.5264999866485596,1.3875596523284912
701,0.7164000272750854,0.8403751850128174,0.574999988079071,1.2765278816223145
702,0.7160000205039978,0.8413233160972595,0.5289999842643738,1.440542459487915
703,0.7160000205039978,0.8459745049476624,0.5329999923706055,1.3665921688079834
704,0.718500018119812,0.8447426557540894,0.5559999942779541,1.3330751657485962
705,0.7185999751091003,0.835267186164856,0.5429999828338623,1.3401002883911133
706,0.715499997138977,0.8410745859146118,0.5184999704360962,1.3902925252914429
707,0.7164000272750854,0.8410767316818237,0.5745000243186951,1.2653480768203735
708,0.7200000286102295,0.8344920873641968,0.550000011920929,1.3096625804901123
709,0.7179999947547913,0.8334757685661316,0.5590000152587891,1.3566811084747314
710,0.7214000225067139,0.8377881050109863,0.5529999732971191,1.2985999584197998
711,0.7182000279426575,0.8309981226921082,0.5544999837875366,1.3390482664108276
712,0.7178999781608582,0.8325385451316833,0.5095000267028809,1.5352447032928467
713,0.7186999917030334,0.8359032273292542,0.5509999990463257,1.3288487195968628
714,0.7210999727249146,0.8269621133804321,0.5600000023841858,1.293782353401184
715,0.722100019454956,0.829163670539856,0.5605000257492065,1.296633243560791
716,0.7247999906539917,0.8300513625144958,0.5475000143051147,1.3216971158981323
717,0.7218999862670898,0.8275007009506226,0.5210000276565552,1.5113970041275024
718,0.72079998254776,0.8331575393676758,0.5690000057220459,1.2627227306365967
719,0.7222999930381775,0.8262338638305664,0.476500004529953,1.5798341035842896
720,0.7214000225067139,0.8311089873313904,0.5070000290870667,1.4810090065002441
721,0.7226999998092651,0.8228796720504761,0.5630000233650208,1.297156810760498
722,0.7243000268936157,0.8242279291152954,0.5494999885559082,1.3376991748809814
723,0.7261999845504761,0.8202410340309143,0.5354999899864197,1.4632277488708496
724,0.7261000275611877,0.8234288096427917,0.5220000147819519,1.428037166595459
725,0.718500018119812,0.824535071849823,0.5699999928474426,1.2747931480407715
726,0.7263000011444092,0.8194546103477478,0.5414999723434448,1.40353262424469
727,0.7228999733924866,0.821729302406311,0.5544999837875366,1.3124034404754639
728,0.7289999723434448,0.8143138885498047,0.5544999837875366,1.3303582668304443
729,0.7269999980926514,0.816531240940094,0.5460000038146973,1.3203250169754028
730,0.7253999710083008,0.8146979212760925,0.5605000257492065,1.3251904249191284
731,0.7251999974250793,0.8147088885307312,0.49300000071525574,1.5399768352508545
732,0.7268000245094299,0.8153313994407654,0.5565000176429749,1.3258631229400635
733,0.7312999963760376,0.8087388277053833,0.5479999780654907,1.319088101387024
734,0.7290999889373779,0.8114936351776123,0.5659999847412109,1.304741621017456
735,0.728600025177002,0.8112242221832275,0.527999997138977,1.4719290733337402
736,0.7263000011444092,0.8119959831237793,0.512499988079071,1.410614252090454
737,0.7324000000953674,0.8068886995315552,0.5789999961853027,1.2723654508590698
738,0.7310000061988831,0.8065321445465088,0.5569999814033508,1.3102858066558838
739,0.7314000129699707,0.8092496991157532,0.5475000143051147,1.4190775156021118
740,0.7269999980926514,0.8066551089286804,0.5214999914169312,1.4863417148590088
741,0.7275999784469604,0.8077918887138367,0.5040000081062317,1.5871766805648804
742,0.7297999858856201,0.8087538480758667,0.5519999861717224,1.3339877128601074
743,0.7315000295639038,0.8084940314292908,0.5580000281333923,1.3267338275909424
744,0.7364000082015991,0.7970197200775146,0.37599998712539673,2.330569267272949
745,0.7267000079154968,0.8237667679786682,0.5640000104904175,1.3061919212341309
746,0.7328000068664551,0.8003766536712646,0.5199999809265137,1.5102723836898804
747,0.7358999848365784,0.7982946038246155,0.5479999780654907,1.3343476057052612
748,0.730400025844574,0.7994797229766846,0.5425000190734863,1.3826786279678345
749,0.7361000180244446,0.7967209815979004,0.5235000252723694,1.4592958688735962
750,0.7343999743461609,0.795969545841217,0.515999972820282,1.4771678447723389
751,0.7365000247955322,0.7949955463409424,0.5189999938011169,1.4516469240188599
752,0.7342000007629395,0.7938945889472961,0.47600001096725464,1.6188944578170776
753,0.7335000038146973,0.801399290561676,0.5590000152587891,1.2891817092895508
754,0.7387999892234802,0.7881640791893005,0.5134999752044678,1.4668816328048706
755,0.7373999953269958,0.7946584224700928,0.527999997138977,1.4277764558792114
756,0.7354000210762024,0.79395592212677,0.565500020980835,1.2926878929138184
757,0.7384999990463257,0.7863866686820984,0.5584999918937683,1.3144783973693848
758,0.7396000027656555,0.7865347862243652,0.527999997138977,1.4475234746932983
759,0.7391999959945679,0.7883657217025757,0.5575000047683716,1.28300142288208
760,0.7355999946594238,0.7906144261360168,0.5479999780654907,1.3568284511566162
761,0.7368000149726868,0.7859010100364685,0.5454999804496765,1.347644567489624
762,0.7422000169754028,0.7844853401184082,0.5264999866485596,1.3676241636276245
763,0.7416999936103821,0.7799516916275024,0.5659999847412109,1.2930845022201538
764,0.7386000156402588,0.7851662039756775,0.5709999799728394,1.2919683456420898
765,0.7439000010490417,0.7791846394538879,0.5184999704360962,1.3979591131210327
766,0.7379999756813049,0.78434157371521,0.546999990940094,1.365101933479309
767,0.7415000200271606,0.7795819044113159,0.5649999976158142,1.2902859449386597
768,0.7351999878883362,0.7788378000259399,0.578000009059906,1.2692129611968994
769,0.7444999814033508,0.7747402787208557,0.5485000014305115,1.393835186958313
770,0.7432000041007996,0.7802976369857788,0.5684999823570251,1.2744076251983643
771,0.7386999726295471,0.7814303636550903,0.4880000054836273,1.6273993253707886
772,0.7440999746322632,0.7744534611701965,0.559499979019165,1.2976253032684326
773,0.7433000206947327,0.7729018330574036,0.5569999814033508,1.3317203521728516
774,0.7419000267982483,0.771696150302887,0.5649999976158142,1.310550570487976
775,0.739300012588501,0.7727042436599731,0.5740000009536743,1.2577327489852905
776,0.7459999918937683,0.771017849445343,0.5400000214576721,1.4253733158111572
777,0.7430999875068665,0.7749001979827881,0.5724999904632568,1.2988044023513794
778,0.7418000102043152,0.7725256681442261,0.5695000290870667,1.3116035461425781
779,0.7470999956130981,0.7662767171859741,0.5304999947547913,1.4706544876098633
780,0.7472000122070312,0.7694792151451111,0.5534999966621399,1.3661847114562988
781,0.7444999814033508,0.7687816023826599,0.527999997138977,1.474233865737915
782,0.7432000041007996,0.7739366292953491,0.5335000157356262,1.4196604490280151
783,0.7459999918937683,0.7667374610900879,0.5515000224113464,1.3751400709152222
784,0.745199978351593,0.763938844203949,0.5569999814033508,1.326115608215332
785,0.7473999857902527,0.7636279463768005,0.5709999799728394,1.2728556394577026
786,0.7445999979972839,0.7591663599014282,0.5214999914169312,1.4793344736099243
787,0.744700014591217,0.7651777267456055,0.5339999794960022,1.4067598581314087
788,0.7455000281333923,0.7642945051193237,0.5329999923706055,1.4542900323867798
789,0.7458000183105469,0.7586354613304138,0.5385000109672546,1.406392216682434
790,0.7473000288009644,0.7596397399902344,0.5755000114440918,1.2983232736587524
791,0.7477999925613403,0.7586841583251953,0.5674999952316284,1.3146897554397583
792,0.7466999888420105,0.7600933313369751,0.5260000228881836,1.4394067525863647
793,0.7465000152587891,0.7624426484107971,0.5230000019073486,1.4677740335464478
794,0.7495999932289124,0.7547513842582703,0.5199999809265137,1.5187463760375977
795,0.7470999956130981,0.7630435824394226,0.5070000290870667,1.5423903465270996
796,0.7504000067710876,0.7600991129875183,0.5644999742507935,1.3307629823684692
797,0.7469000220298767,0.7516902089118958,0.5695000290870667,1.328170657157898
798,0.7516999840736389,0.7502697706222534,0.5540000200271606,1.3240677118301392
799,0.7537000179290771,0.7471548318862915,0.5550000071525574,1.3535107374191284
800,0.7495999932289124,0.7508141994476318,0.5289999842643738,1.4287121295928955
801,0.748199999332428,0.745193600654602,0.5615000128746033,1.3106493949890137
802,0.7511000037193298,0.7478019595146179,0.5835000276565552,1.262380599975586
803,0.7515000104904175,0.7479470372200012,0.5529999732971191,1.3409022092819214
804,0.7519999742507935,0.7463761568069458,0.5565000176429749,1.380493402481079
805,0.7534000277519226,0.7452431917190552,0.5605000257492065,1.330407738685608
806,0.7547000050544739,0.7413271069526672,0.531499981880188,1.4719328880310059
807,0.7538999915122986,0.7447370290756226,0.5479999780654907,1.3376591205596924
808,0.7541000247001648,0.7396586537361145,0.5425000190734863,1.33232581615448
809,0.7554000020027161,0.7407874464988708,0.5509999990463257,1.3720959424972534
810,0.7512999773025513,0.7426312565803528,0.5389999747276306,1.4597759246826172
811,0.7497000098228455,0.7500379085540771,0.5479999780654907,1.375546932220459
812,0.7524999976158142,0.7415728569030762,0.5289999842643738,1.4865962266921997
813,0.7511000037193298,0.7407832145690918,0.5109999775886536,1.4714654684066772
814,0.7591999769210815,0.7355499267578125,0.5364999771118164,1.3946267366409302
815,0.756600022315979,0.733514666557312,0.5220000147819519,1.4760334491729736
816,0.7570000290870667,0.7353541254997253,0.5609999895095825,1.3526984453201294
817,0.758899986743927,0.7314497232437134,0.5479999780654907,1.3634451627731323
818,0.7548999786376953,0.7359020709991455,0.5699999928474426,1.3093557357788086
819,0.7566999793052673,0.7382802963256836,0.5544999837875366,1.376742959022522
820,0.7603999972343445,0.7319742441177368,0.4675000011920929,1.8327069282531738
821,0.7591000199317932,0.7386913299560547,0.5659999847412109,1.3356646299362183
822,0.756600022315979,0.7308915257453918,0.5824999809265137,1.2756158113479614
823,0.7592999935150146,0.7266595959663391,0.5540000200271606,1.3905521631240845
824,0.756600022315979,0.7318316102027893,0.546999990940094,1.4222031831741333
825,0.7599999904632568,0.724251925945282,0.5634999871253967,1.333789348602295
826,0.7588000297546387,0.7224159240722656,0.4884999990463257,1.678341269493103
827,0.7595999836921692,0.7299920320510864,0.5550000071525574,1.3451759815216064
828,0.7609999775886536,0.7237503528594971,0.559499979019165,1.3399691581726074
829,0.7595000267028809,0.7231677770614624,0.5605000257492065,1.3154618740081787
830,0.7573000192642212,0.7244545817375183,0.5644999742507935,1.3568785190582275
831,0.7594000101089478,0.7227015495300293,0.5450000166893005,1.4191428422927856
832,0.7631000280380249,0.7165763974189758,0.5544999837875366,1.3272420167922974
833,0.7598999738693237,0.7256759405136108,0.559499979019165,1.3657678365707397
834,0.7677000164985657,0.715973973274231,0.5640000104904175,1.3579208850860596
835,0.761900007724762,0.7194823026657104,0.5590000152587891,1.37478768825531
836,0.7631999850273132,0.7152069807052612,0.5379999876022339,1.3885433673858643
837,0.7641000151634216,0.7155038118362427,0.5285000205039978,1.4722809791564941
838,0.7631999850273132,0.7163566946983337,0.49399998784065247,1.6766146421432495
839,0.7581999897956848,0.7178896069526672,0.5400000214576721,1.405269980430603
840,0.7601000070571899,0.7167057394981384,0.5429999828338623,1.4863189458847046
841,0.766700029373169,0.7115572094917297,0.5065000057220459,1.5549671649932861
842,0.7656000256538391,0.7131958603858948,0.5534999966621399,1.3771982192993164
843,0.7674999833106995,0.7101102471351624,0.5350000262260437,1.4624390602111816
844,0.7680000066757202,0.7120702862739563,0.5410000085830688,1.4043985605239868
845,0.7681999802589417,0.7058194875717163,0.5170000195503235,1.5949538946151733
846,0.765500009059906,0.7093266844749451,0.5274999737739563,1.483506679534912
847,0.7660999894142151,0.7085312604904175,0.5479999780654907,1.4083820581436157
848,0.763700008392334,0.7095473408699036,0.5205000042915344,1.49534273147583
849,0.7662000060081482,0.70864337682724,0.5419999957084656,1.403601050376892
850,0.7674000263214111,0.7050830721855164,0.5525000095367432,1.3355871438980103
851,0.7705000042915344,0.7008625268936157,0.5600000023841858,1.333272099494934
852,0.7620999813079834,0.7081408500671387,0.5544999837875366,1.413588523864746
853,0.7724000215530396,0.6987199783325195,0.5619999766349792,1.3742337226867676
854,0.7720999717712402,0.6969224214553833,0.5580000281333923,1.3519622087478638
855,0.767799973487854,0.7001255750656128,0.5759999752044678,1.285162091255188
856,0.774399995803833,0.6925042271614075,0.5485000014305115,1.4170044660568237
857,0.767799973487854,0.6940122842788696,0.5440000295639038,1.4172577857971191
858,0.7717999815940857,0.6945902109146118,0.5724999904632568,1.3219081163406372
859,0.7750999927520752,0.6898171305656433,0.5479999780654907,1.4026399850845337
860,0.7735000252723694,0.6938615441322327,0.5734999775886536,1.322853922843933
861,0.7712000012397766,0.6953955292701721,0.5379999876022339,1.4184436798095703
862,0.7749999761581421,0.6941043734550476,0.5600000023841858,1.355424165725708
863,0.7727000117301941,0.6918762922286987,0.5705000162124634,1.3292040824890137
864,0.7710000276565552,0.6942024827003479,0.5400000214576721,1.4562139511108398
865,0.7763000130653381,0.6872577667236328,0.5214999914169312,1.4654712677001953
866,0.7699000239372253,0.6966701745986938,0.5584999918937683,1.4161700010299683
867,0.7724999785423279,0.6895813345909119,0.5554999709129333,1.3670538663864136
868,0.7760000228881836,0.6854180097579956,0.5640000104904175,1.3249895572662354
869,0.7764999866485596,0.6848286390304565,0.5210000276565552,1.5038270950317383
870,0.7746000289916992,0.6897793412208557,0.5525000095367432,1.3963881731033325
871,0.7756999731063843,0.6854260563850403,0.5669999718666077,1.3378641605377197
872,0.7749000191688538,0.6841314435005188,0.5509999990463257,1.4387977123260498
873,0.7742999792098999,0.6828182935714722,0.5145000219345093,1.6462799310684204
874,0.7723000049591064,0.6838490962982178,0.5590000152587891,1.3842028379440308
875,0.7802000045776367,0.6734626293182373,0.5515000224113464,1.390570044517517
876,0.7767999768257141,0.6781277060508728,0.5,1.5973188877105713
877,0.7795000076293945,0.6823334097862244,0.5605000257492065,1.3567262887954712
878,0.7781999707221985,0.6725749373435974,0.5479999780654907,1.4509057998657227
879,0.776199996471405,0.6753219962120056,0.5550000071525574,1.4078158140182495
880,0.7771000266075134,0.6811084747314453,0.5320000052452087,1.4605128765106201
881,0.777400016784668,0.6767599582672119,0.503000020980835,1.581037163734436
882,0.7793999910354614,0.6763591170310974,0.5205000042915344,1.6451565027236938
883,0.7793999910354614,0.6781109571456909,0.5640000104904175,1.341662883758545
884,0.7781999707221985,0.6730823516845703,0.5490000247955322,1.4317554235458374
885,0.7757999897003174,0.6745801568031311,0.5550000071525574,1.4074532985687256
886,0.7804999947547913,0.6750632524490356,0.5235000252723694,1.489707589149475
887,0.7767999768257141,0.6702279448509216,0.5479999780654907,1.434635877609253
888,0.782800018787384,0.6692063212394714,0.4620000123977661,1.8192567825317383
889,0.7731000185012817,0.6799757480621338,0.5730000138282776,1.3370349407196045
890,0.7833999991416931,0.6630468964576721,0.5090000033378601,1.6713413000106812
891,0.782800018787384,0.6667490005493164,0.5820000171661377,1.3275099992752075
892,0.7849000096321106,0.6663670539855957,0.5525000095367432,1.435166597366333
893,0.7820000052452087,0.6623901128768921,0.5724999904632568,1.3106218576431274
894,0.7803999781608582,0.6652538180351257,0.5370000004768372,1.5198240280151367
895,0.784500002861023,0.6636921763420105,0.5519999861717224,1.382737398147583
896,0.7849000096321106,0.6609487533569336,0.5375000238418579,1.4455080032348633
897,0.7854999899864197,0.6580498218536377,0.531000018119812,1.4488674402236938
898,0.7842000126838684,0.6595300436019897,0.5515000224113464,1.403606653213501
899,0.7867000102996826,0.6562705636024475,0.5540000200271606,1.4164447784423828
900,0.7878999710083008,0.6549279093742371,0.5370000004768372,1.518851399421692
901,0.7871999740600586,0.6595311760902405,0.5115000009536743,1.5604819059371948
902,0.7831000089645386,0.6596810817718506,0.5005000233650208,1.62321937084198
903,0.7850000262260437,0.6570062041282654,0.5554999709129333,1.4197776317596436
904,0.7889000177383423,0.6507056355476379,0.5554999709129333,1.3989514112472534
905,0.7824000120162964,0.654558002948761,0.5684999823570251,1.3555082082748413
906,0.7903000116348267,0.648871660232544,0.5364999771118164,1.5569769144058228
907,0.7889000177383423,0.6540782451629639,0.527999997138977,1.5479168891906738
908,0.7882999777793884,0.6514696478843689,0.5575000047683716,1.3451406955718994
909,0.7900999784469604,0.6473875045776367,0.5550000071525574,1.403660535812378
910,0.7839000225067139,0.653764545917511,0.5485000014305115,1.4319956302642822
911,0.7888000011444092,0.6506064534187317,0.5590000152587891,1.3381643295288086
912,0.7860999703407288,0.6505086421966553,0.5139999985694885,1.5823941230773926
913,0.7860999703407288,0.6502114534378052,0.5724999904632568,1.3863111734390259
914,0.7939000129699707,0.640010416507721,0.4945000112056732,1.6602935791015625
915,0.7893999814987183,0.6497292518615723,0.5600000023841858,1.3849226236343384
916,0.7904000282287598,0.6457738280296326,0.5404999852180481,1.4281396865844727
917,0.7912999987602234,0.6438294053077698,0.4555000066757202,2.0539298057556152
918,0.7912999987602234,0.6478429436683655,0.5065000057220459,1.609618902206421
919,0.7894999980926514,0.6455815434455872,0.5734999775886536,1.3353263139724731
920,0.79339998960495,0.6374378800392151,0.5450000166893005,1.4442100524902344
921,0.7918999791145325,0.6396329998970032,0.5734999775886536,1.3023850917816162
922,0.7957000136375427,0.631574809551239,0.5625,1.3898366689682007
923,0.7937999963760376,0.6370802521705627,0.5600000023841858,1.3507813215255737
924,0.7915999889373779,0.6357766389846802,0.5220000147819519,1.5905787944793701
925,0.796500027179718,0.6349400281906128,0.5720000267028809,1.3662514686584473
926,0.7942000031471252,0.6337879300117493,0.5295000076293945,1.6509218215942383
927,0.7968999743461609,0.6327317357063293,0.5379999876022339,1.4321669340133667
928,0.7946000099182129,0.6315958499908447,0.5584999918937683,1.42484712600708
929,0.7968000173568726,0.6242088079452515,0.5425000190734863,1.4559277296066284
930,0.7944999933242798,0.6289384961128235,0.5770000219345093,1.3359558582305908
931,0.7972000241279602,0.6265475749969482,0.5525000095367432,1.4001175165176392
932,0.7961000204086304,0.6296741962432861,0.5640000104904175,1.3628156185150146
933,0.79830002784729,0.6312255263328552,0.5429999828338623,1.414006233215332
934,0.7907000184059143,0.6334657073020935,0.5630000233650208,1.439498782157898
935,0.7993000149726868,0.6237031817436218,0.534500002861023,1.5309641361236572
936,0.7990000247955322,0.6222881078720093,0.5220000147819519,1.5854727029800415
937,0.7872999906539917,0.6400145292282104,0.5429999828338623,1.4759626388549805
938,0.7979000210762024,0.6219667792320251,0.5164999961853027,1.559526801109314
939,0.7975999712944031,0.6271046996116638,0.5580000281333923,1.4130266904830933
940,0.8004999756813049,0.619577169418335,0.5690000057220459,1.3836815357208252
941,0.7990999817848206,0.6217067241668701,0.49050000309944153,1.7825498580932617
942,0.7979999780654907,0.6242743134498596,0.5105000138282776,1.5706902742385864
943,0.7996000051498413,0.6158517599105835,0.5649999976158142,1.391865849494934
944,0.8051999807357788,0.6134112477302551,0.4880000054836273,1.9627074003219604
945,0.802299976348877,0.6176187992095947,0.48249998688697815,1.7410271167755127
946,0.8015999794006348,0.6163798570632935,0.5270000100135803,1.6406303644180298
947,0.8011000156402588,0.6120173931121826,0.5649999976158142,1.3526819944381714
948,0.7986000180244446,0.620709240436554,0.5260000228881836,1.5417699813842773
949,0.8004999756813049,0.6148114800453186,0.49799999594688416,1.661370873451233
950,0.7990999817848206,0.6204020977020264,0.5249999761581421,1.511436939239502
951,0.8044000267982483,0.6098884344100952,0.546999990940094,1.4749362468719482
952,0.8062999844551086,0.6079993844032288,0.5479999780654907,1.4471687078475952
953,0.8008000254631042,0.6097750067710876,0.5149999856948853,1.5874661207199097
954,0.807200014591217,0.6019464135169983,0.5515000224113464,1.4236043691635132
955,0.8043000102043152,0.6069499254226685,0.5444999933242798,1.4684176445007324
956,0.8025000095367432,0.6073830723762512,0.531499981880188,1.535986304283142
957,0.8034999966621399,0.6037020683288574,0.5575000047683716,1.4053846597671509
958,0.8047000169754028,0.6009095907211304,0.5164999961853027,1.606499433517456
959,0.8046000003814697,0.6066763401031494,0.5509999990463257,1.4190617799758911
960,0.8105999827384949,0.6000774502754211,0.5709999799728394,1.3823281526565552
961,0.8064000010490417,0.599173367023468,0.5339999794960022,1.4561272859573364
962,0.8051999807357788,0.5994822382926941,0.5615000128746033,1.3647276163101196
963,0.8052999973297119,0.5995892286300659,0.5460000038146973,1.5486876964569092
964,0.804099977016449,0.5987380146980286,0.5509999990463257,1.4145246744155884
965,0.8059999942779541,0.5945487022399902,0.5024999976158142,1.725213646888733
966,0.8011000156402588,0.6065858602523804,0.5619999766349792,1.4173322916030884
967,0.8087000250816345,0.5931310057640076,0.5440000295639038,1.4387511014938354
968,0.8094000220298767,0.5952305197715759,0.5575000047683716,1.4160430431365967
969,0.8065999746322632,0.5932302474975586,0.4334999918937683,2.0044844150543213
970,0.8069999814033508,0.6004779934883118,0.5644999742507935,1.4164811372756958
971,0.810699999332428,0.5889634490013123,0.5364999771118164,1.4943679571151733
972,0.8097000122070312,0.5940868854522705,0.5569999814033508,1.4490680694580078
973,0.8090000152587891,0.5888770222663879,0.5450000166893005,1.5388171672821045
974,0.8101999759674072,0.5890161991119385,0.5299999713897705,1.5346932411193848
975,0.8098999857902527,0.5883153080940247,0.5565000176429749,1.4237462282180786
976,0.8159000277519226,0.5799402594566345,0.5605000257492065,1.4106266498565674
977,0.8087000250816345,0.5964515805244446,0.5715000033378601,1.4158169031143188
978,0.8125,0.582613468170166,0.5755000114440918,1.3541007041931152
979,0.8141000270843506,0.5836833715438843,0.5695000290870667,1.3846158981323242
980,0.8137000203132629,0.5819692611694336,0.559499979019165,1.4695513248443604
981,0.8140000104904175,0.5803933143615723,0.531000018119812,1.549882411956787
982,0.8126999735832214,0.5817702412605286,0.5565000176429749,1.4645932912826538
983,0.8148000240325928,0.5751814842224121,0.5450000166893005,1.4754610061645508
984,0.8137999773025513,0.5769594311714172,0.534500002861023,1.5233349800109863
985,0.8156999945640564,0.5798865556716919,0.5659999847412109,1.4178324937820435
986,0.8172000050544739,0.575697124004364,0.5370000004768372,1.597129464149475
987,0.8158000111579895,0.5801944136619568,0.5404999852180481,1.5031541585922241
988,0.8163999915122986,0.575166642665863,0.5479999780654907,1.5341827869415283
989,0.8149999976158142,0.5824742913246155,0.5235000252723694,1.5424467325210571
990,0.8118000030517578,0.5732942223548889,0.5364999771118164,1.5577173233032227
991,0.8137000203132629,0.5776322484016418,0.4715000092983246,1.9932368993759155
992,0.8105999827384949,0.5906326770782471,0.5605000257492065,1.4734809398651123
993,0.8159000277519226,0.5735030174255371,0.5249999761581421,1.6219521760940552
994,0.8179000020027161,0.5677021145820618,0.5335000157356262,1.59624183177948
995,0.8177000284194946,0.5658076405525208,0.5619999766349792,1.4399895668029785
996,0.8198000192642212,0.5672387480735779,0.5730000138282776,1.4108010530471802
997,0.8187999725341797,0.5714879631996155,0.5724999904632568,1.3798677921295166
998,0.8148999810218811,0.5670027136802673,0.5429999828338623,1.5179423093795776
999,0.817799985408783,0.5695475339889526,0.5540000200271606,1.417252779006958
