epoch,accuracy,loss,val_accuracy,val_loss
0,0.10279999673366547,2.302239418029785,0.11699999868869781,2.294370651245117
1,0.1362999975681305,2.2878828048706055,0.13750000298023224,2.2843575477600098
2,0.14900000393390656,2.2784504890441895,0.1445000022649765,2.2756237983703613
3,0.15000000596046448,2.2696425914764404,0.14100000262260437,2.2674782276153564
4,0.15729999542236328,2.2606863975524902,0.14949999749660492,2.258474826812744
5,0.1680999994277954,2.251100540161133,0.1589999943971634,2.248230457305908
6,0.17599999904632568,2.240473508834839,0.1679999977350235,2.237241506576538
7,0.1875,2.228579521179199,0.1875,2.2254509925842285
8,0.19850000739097595,2.2152345180511475,0.1914999932050705,2.2104928493499756
9,0.21699999272823334,2.20015287399292,0.20250000059604645,2.194281816482544
10,0.22339999675750732,2.1834545135498047,0.21449999511241913,2.1782360076904297
11,0.23569999635219574,2.1656033992767334,0.2329999953508377,2.15983247756958
12,0.24660000205039978,2.1463465690612793,0.23100000619888306,2.1392743587493896
13,0.25189998745918274,2.1261889934539795,0.24799999594688416,2.1171700954437256
14,0.2621999979019165,2.106064558029175,0.24699999392032623,2.0980002880096436
15,0.26660001277923584,2.0868799686431885,0.26350000500679016,2.080075979232788
16,0.27129998803138733,2.069075345993042,0.2554999887943268,2.0634870529174805
17,0.2768000066280365,2.052785634994507,0.2619999945163727,2.0520944595336914
18,0.28029999136924744,2.0392491817474365,0.27300000190734863,2.034665822982788
19,0.28600001335144043,2.0254454612731934,0.27399998903274536,2.0228726863861084
20,0.2879999876022339,2.014172315597534,0.2720000147819519,2.013767719268799
21,0.29190000891685486,2.004469633102417,0.26899999380111694,2.0063600540161133
22,0.2937999963760376,1.9948350191116333,0.26649999618530273,2.00972843170166
23,0.29350000619888306,1.9867925643920898,0.2879999876022339,1.989936351776123
24,0.2962000072002411,1.978562831878662,0.27300000190734863,1.9974466562271118
25,0.3012000024318695,1.9718213081359863,0.29350000619888306,1.9707250595092773
26,0.3025999963283539,1.9637218713760376,0.2879999876022339,1.9691823720932007
27,0.3050000071525574,1.9571908712387085,0.2955000102519989,1.9609174728393555
28,0.30959999561309814,1.9505107402801514,0.2849999964237213,1.9592801332473755
29,0.31060001254081726,1.9445122480392456,0.2939999997615814,1.9492583274841309
30,0.3122999966144562,1.9385583400726318,0.2955000102519989,1.9404536485671997
31,0.3154999911785126,1.931694507598877,0.3070000112056732,1.9385017156600952
32,0.3190000057220459,1.9264874458312988,0.3034999966621399,1.9322584867477417
33,0.3181999921798706,1.920534372329712,0.30149999260902405,1.9237757921218872
34,0.31779998540878296,1.915071725845337,0.3084999918937683,1.925095796585083
35,0.32420000433921814,1.9081056118011475,0.31450000405311584,1.9258873462677002
36,0.3248000144958496,1.9038758277893066,0.31200000643730164,1.9169143438339233
37,0.3303999900817871,1.8976123332977295,0.31450000405311584,1.903926968574524
38,0.33559998869895935,1.891611099243164,0.3230000138282776,1.8977851867675781
39,0.33480000495910645,1.8858273029327393,0.3174999952316284,1.8996292352676392
40,0.33730000257492065,1.878639817237854,0.31850001215934753,1.8975136280059814
41,0.34040001034736633,1.8749632835388184,0.3140000104904175,1.899253487586975
42,0.33959999680519104,1.8688546419143677,0.3345000147819519,1.8806689977645874
43,0.34139999747276306,1.86299467086792,0.33500000834465027,1.8756605386734009
44,0.3375999927520752,1.8574814796447754,0.3330000042915344,1.8681011199951172
45,0.3490000069141388,1.8517853021621704,0.34049999713897705,1.8599810600280762
46,0.3481999933719635,1.8459080457687378,0.3100000023841858,1.8843944072723389
47,0.35260000824928284,1.8399513959884644,0.3425000011920929,1.8528972864151
48,0.3495999872684479,1.8349639177322388,0.3465000092983246,1.842320203781128
49,0.3564999997615814,1.8281170129776,0.33899998664855957,1.8422359228134155
50,0.35920000076293945,1.8229224681854248,0.3499999940395355,1.8391892910003662
51,0.3610000014305115,1.8171191215515137,0.3465000092983246,1.8340034484863281
52,0.3643999993801117,1.8106638193130493,0.3540000021457672,1.8246440887451172
53,0.3650999963283539,1.8063527345657349,0.34200000762939453,1.8259925842285156
54,0.36500000953674316,1.8016746044158936,0.3540000021457672,1.8229246139526367
55,0.36890000104904175,1.7947908639907837,0.3425000011920929,1.827868938446045
56,0.37139999866485596,1.7901179790496826,0.3434999883174896,1.821315050125122
57,0.37459999322891235,1.7844462394714355,0.3479999899864197,1.8109513521194458
58,0.37439998984336853,1.7802401781082153,0.3319999873638153,1.8303911685943604
59,0.37560001015663147,1.7764619588851929,0.3449999988079071,1.8116101026535034
60,0.37459999322891235,1.7689052820205688,0.3569999933242798,1.8106234073638916
61,0.38089999556541443,1.7648154497146606,0.35899999737739563,1.806076169013977
62,0.3824000060558319,1.7585099935531616,0.3375000059604645,1.846124529838562
63,0.3840000033378601,1.754780888557434,0.3409999907016754,1.8238922357559204
64,0.3864000141620636,1.751094937324524,0.3529999852180481,1.7855688333511353
65,0.3874000012874603,1.7436715364456177,0.36149999499320984,1.7723305225372314
66,0.38530001044273376,1.740295171737671,0.3630000054836273,1.7732559442520142
67,0.3903000056743622,1.7365679740905762,0.37950000166893005,1.75919771194458
68,0.39079999923706055,1.7308012247085571,0.3634999990463257,1.7660107612609863
69,0.39079999923706055,1.7264140844345093,0.3569999933242798,1.780258297920227
70,0.39640000462532043,1.722874641418457,0.3540000021457672,1.7826036214828491
71,0.3968000113964081,1.7191874980926514,0.36899998784065247,1.7494107484817505
72,0.3968000113964081,1.713222622871399,0.35600000619888306,1.7637795209884644
73,0.4027000069618225,1.7085827589035034,0.3684999942779541,1.7436580657958984
74,0.39820000529289246,1.7048300504684448,0.3659999966621399,1.7510453462600708
75,0.399399995803833,1.7000805139541626,0.375,1.7401974201202393
76,0.4027000069618225,1.6959642171859741,0.37450000643730164,1.7508660554885864
77,0.4032000005245209,1.6921463012695312,0.3659999966621399,1.7344868183135986
78,0.40230000019073486,1.686909556388855,0.375,1.764500379562378
79,0.40709999203681946,1.6814744472503662,0.3774999976158142,1.7344090938568115
80,0.4083000123500824,1.6796199083328247,0.3734999895095825,1.7508035898208618
81,0.40709999203681946,1.6755056381225586,0.3955000042915344,1.699995756149292
82,0.40790000557899475,1.6716375350952148,0.3720000088214874,1.7372634410858154
83,0.4129999876022339,1.6670656204223633,0.3720000088214874,1.7549437284469604
84,0.41190001368522644,1.6650500297546387,0.3734999895095825,1.7116577625274658
85,0.4156000018119812,1.657834529876709,0.3504999876022339,1.7702834606170654
86,0.4147999882698059,1.6552067995071411,0.3930000066757202,1.691383957862854
87,0.4178999960422516,1.6508132219314575,0.3785000145435333,1.6932045221328735
88,0.4140999913215637,1.6485744714736938,0.38499999046325684,1.7086460590362549
89,0.41990000009536743,1.6433398723602295,0.39800000190734863,1.6873729228973389
90,0.41990000009536743,1.6408936977386475,0.32850000262260437,1.7717921733856201
91,0.41830000281333923,1.6362552642822266,0.4020000100135803,1.6896142959594727
92,0.42179998755455017,1.632863998413086,0.3709999918937683,1.7832543849945068
93,0.4253000020980835,1.629235863685608,0.398499995470047,1.6898314952850342
94,0.4259999990463257,1.6243847608566284,0.4065000116825104,1.6580873727798462
95,0.42480000853538513,1.6211776733398438,0.3944999873638153,1.6685690879821777
96,0.42899999022483826,1.6175051927566528,0.35100001096725464,1.8323676586151123
97,0.4287000000476837,1.6145492792129517,0.4050000011920929,1.6599279642105103
98,0.43309998512268066,1.6088871955871582,0.3869999945163727,1.7287275791168213
99,0.4296000003814697,1.6068975925445557,0.40049999952316284,1.6743685007095337
100,0.42980000376701355,1.6033549308776855,0.3894999921321869,1.6691762208938599
101,0.43320000171661377,1.5998579263687134,0.3700000047683716,1.7119194269180298
102,0.4345000088214874,1.5965745449066162,0.3529999852180481,1.7384626865386963
103,0.4318000078201294,1.5953761339187622,0.4065000116825104,1.678780198097229
104,0.4392000138759613,1.5906195640563965,0.3919999897480011,1.6713271141052246
105,0.4381999969482422,1.5867335796356201,0.4009999930858612,1.6428569555282593
106,0.4377000033855438,1.5847429037094116,0.38749998807907104,1.6587692499160767
107,0.4390000104904175,1.5804561376571655,0.41749998927116394,1.6290863752365112
108,0.4413999915122986,1.5769799947738647,0.4124999940395355,1.6234050989151
109,0.4408999979496002,1.5743463039398193,0.42649999260902405,1.613639235496521
110,0.4422000050544739,1.57155179977417,0.39100000262260437,1.6812925338745117
111,0.4424000084400177,1.5697522163391113,0.398499995470047,1.6459617614746094
112,0.4447999894618988,1.5660004615783691,0.41850000619888306,1.6365551948547363
113,0.4478999972343445,1.5628081560134888,0.39750000834465027,1.6319652795791626
114,0.44620001316070557,1.5591834783554077,0.3855000138282776,1.7401316165924072
115,0.4431000053882599,1.5596611499786377,0.3930000066757202,1.6738290786743164
116,0.4465999901294708,1.5568854808807373,0.39899998903274536,1.649674892425537
117,0.4507000148296356,1.5520901679992676,0.4255000054836273,1.6182260513305664
118,0.44940000772476196,1.5506553649902344,0.4189999997615814,1.6176187992095947
119,0.45190000534057617,1.548913598060608,0.4325000047683716,1.5828969478607178
120,0.4544000029563904,1.543830156326294,0.41999998688697815,1.6067476272583008
121,0.45419999957084656,1.5435311794281006,0.41600000858306885,1.6088758707046509
122,0.4546000063419342,1.5380557775497437,0.43050000071525574,1.5856125354766846
123,0.45320001244544983,1.536987066268921,0.43849998712539673,1.6071128845214844
124,0.45649999380111694,1.5337547063827515,0.42250001430511475,1.5939359664916992
125,0.45989999175071716,1.5321952104568481,0.4269999861717224,1.641965627670288
126,0.45730000734329224,1.529129147529602,0.4375,1.5868024826049805
127,0.4562000036239624,1.5268828868865967,0.4230000078678131,1.599556565284729
128,0.460999995470047,1.5241113901138306,0.40049999952316284,1.7359607219696045
129,0.4602000117301941,1.5261573791503906,0.44749999046325684,1.5673491954803467
130,0.4616999924182892,1.5196585655212402,0.4359999895095825,1.5655004978179932
131,0.4577000141143799,1.519569754600525,0.4205000102519989,1.6011074781417847
132,0.4629000127315521,1.516800045967102,0.44200000166893005,1.5588239431381226
133,0.46160000562667847,1.5124213695526123,0.42750000953674316,1.5767087936401367
134,0.4629000127315521,1.5109694004058838,0.43849998712539673,1.5632117986679077
135,0.462799996137619,1.5100066661834717,0.4309999942779541,1.6013418436050415
136,0.4634999930858612,1.5085934400558472,0.398499995470047,1.628090739250183
137,0.4645000100135803,1.5060038566589355,0.4390000104904175,1.5713908672332764
138,0.4641999900341034,1.5058493614196777,0.4505000114440918,1.5476757287979126
139,0.4672999978065491,1.5007591247558594,0.4424999952316284,1.5531105995178223
140,0.4684999883174896,1.4969955682754517,0.43950000405311584,1.6235315799713135
141,0.46720001101493835,1.4971764087677002,0.44350001215934753,1.5671814680099487
142,0.4715000092983246,1.4948922395706177,0.4334999918937683,1.619314432144165
143,0.4675999879837036,1.4946966171264648,0.44699999690055847,1.5387784242630005
144,0.4726000130176544,1.4911727905273438,0.4350000023841858,1.569265604019165
145,0.4708999991416931,1.4907488822937012,0.4320000112056732,1.5768532752990723
146,0.47290000319480896,1.4865942001342773,0.43650001287460327,1.5650054216384888
147,0.47130000591278076,1.484175443649292,0.4410000145435333,1.5567575693130493
148,0.4729999899864197,1.4819450378417969,0.3580000102519989,1.7878870964050293
149,0.4740999937057495,1.4848437309265137,0.33799999952316284,2.0209500789642334
150,0.47540000081062317,1.4848836660385132,0.4255000054836273,1.5673620700836182
151,0.477400004863739,1.4763189554214478,0.429500013589859,1.5590908527374268
152,0.47600001096725464,1.4756748676300049,0.41749998927116394,1.6724640130996704
153,0.47600001096725464,1.4751027822494507,0.44350001215934753,1.577358365058899
154,0.48030000925064087,1.472548484802246,0.45899999141693115,1.5127785205841064
155,0.4797999858856201,1.4690920114517212,0.39800000190734863,1.623877763748169
156,0.4781000018119812,1.4733344316482544,0.43650001287460327,1.5680569410324097
157,0.48350000381469727,1.4674865007400513,0.4490000009536743,1.533106803894043
158,0.4814999997615814,1.4631280899047852,0.44999998807907104,1.5476124286651611
159,0.4832000136375427,1.4637887477874756,0.4490000009536743,1.5877426862716675
160,0.482699990272522,1.4623091220855713,0.42399999499320984,1.5940483808517456
161,0.48190000653266907,1.458044409751892,0.40849998593330383,1.6411058902740479
162,0.48010000586509705,1.4595586061477661,0.4180000126361847,1.62327241897583
163,0.4823000133037567,1.4560574293136597,0.43799999356269836,1.5644161701202393
164,0.4869000017642975,1.455275058746338,0.4505000114440918,1.5440797805786133
165,0.4844000041484833,1.4540622234344482,0.4659999907016754,1.5064313411712646
166,0.4860000014305115,1.4495924711227417,0.47450000047683716,1.4996000528335571
167,0.48500001430511475,1.4484738111495972,0.44449999928474426,1.5281994342803955
168,0.4867999851703644,1.444746732711792,0.43549999594688416,1.651877522468567
169,0.49000000953674316,1.4488273859024048,0.46700000762939453,1.5000133514404297
170,0.48739999532699585,1.4448574781417847,0.43700000643730164,1.5504401922225952
171,0.48969998955726624,1.4466599225997925,0.2915000021457672,2.3997139930725098
172,0.4876999855041504,1.4539066553115845,0.4165000021457672,1.6439985036849976
173,0.49070000648498535,1.443283200263977,0.4505000114440918,1.5291999578475952
174,0.492900013923645,1.4392250776290894,0.44850000739097595,1.5919908285140991
175,0.49390000104904175,1.43637216091156,0.44999998807907104,1.5478335618972778
176,0.4934000074863434,1.4345576763153076,0.4399999976158142,1.5313224792480469
177,0.4943999946117401,1.4320380687713623,0.45100000500679016,1.5372389554977417
178,0.49320000410079956,1.4308037757873535,0.4334999918937683,1.528960108757019
179,0.4927999973297119,1.431702971458435,0.4424999952316284,1.540748953819275
180,0.49619999527931213,1.4276645183563232,0.43849998712539673,1.6298748254776
181,0.4952999949455261,1.428145408630371,0.47049999237060547,1.5077450275421143
182,0.49709999561309814,1.4271758794784546,0.4595000147819519,1.5018559694290161
183,0.49970000982284546,1.4211969375610352,0.445499986410141,1.5247693061828613
184,0.5009999871253967,1.4195456504821777,0.46149998903274536,1.5203925371170044
185,0.5006999969482422,1.4203741550445557,0.460999995470047,1.5125700235366821
186,0.4993000030517578,1.4188110828399658,0.4050000011920929,1.6006996631622314
187,0.4970000088214874,1.4195224046707153,0.4404999911785126,1.611205816268921
188,0.5016000270843506,1.4155460596084595,0.47749999165534973,1.4635577201843262
189,0.5023999810218811,1.4173392057418823,0.45350000262260437,1.52617347240448
190,0.5005000233650208,1.410844087600708,0.46299999952316284,1.5078471899032593
191,0.5024999976158142,1.4102833271026611,0.4404999911785126,1.5674464702606201
192,0.5020999908447266,1.4123444557189941,0.47600001096725464,1.4846948385238647
193,0.5051000118255615,1.4067375659942627,0.48249998688697815,1.4813157320022583
194,0.5016999840736389,1.404560923576355,0.47850000858306885,1.4875397682189941
195,0.5029000043869019,1.4069193601608276,0.4645000100135803,1.4872795343399048
196,0.5063999891281128,1.4032081365585327,0.4560000002384186,1.5106042623519897
197,0.5077000260353088,1.4028979539871216,0.47450000047683716,1.4832100868225098
198,0.5088000297546387,1.3977341651916504,0.46299999952316284,1.515011191368103
199,0.5092999935150146,1.3986321687698364,0.47749999165534973,1.4728823900222778
200,0.5090000033378601,1.3954758644104004,0.4465000033378601,1.5923560857772827
201,0.5055000185966492,1.3989089727401733,0.4699999988079071,1.5013750791549683
202,0.5083000063896179,1.3942166566848755,0.4584999978542328,1.499016284942627
203,0.5105999708175659,1.3930922746658325,0.4715000092983246,1.4670404195785522
204,0.5115000009536743,1.3930391073226929,0.4690000116825104,1.4836784601211548
205,0.5091000199317932,1.3898457288742065,0.43149998784065247,1.5314573049545288
206,0.5080999732017517,1.390049934387207,0.4860000014305115,1.4691122770309448
207,0.5123000144958496,1.3862602710723877,0.45649999380111694,1.5050275325775146
208,0.5098999738693237,1.3884391784667969,0.460999995470047,1.4844809770584106
209,0.5135999917984009,1.3824865818023682,0.4894999861717224,1.4435818195343018
210,0.5138000249862671,1.3846940994262695,0.44850000739097595,1.5308504104614258
211,0.5127000212669373,1.3817590475082397,0.4830000102519989,1.488232135772705
212,0.5123999714851379,1.3794361352920532,0.42800000309944153,1.599709153175354
213,0.5128999948501587,1.378603219985962,0.476500004529953,1.4643025398254395
214,0.5151000022888184,1.3785039186477661,0.4699999988079071,1.4811080694198608
215,0.5182999968528748,1.373975157737732,0.47099998593330383,1.4896783828735352
216,0.5123000144958496,1.3754034042358398,0.4855000078678131,1.4504269361495972
217,0.5189999938011169,1.3688549995422363,0.46149998903274536,1.5744386911392212
218,0.5120999813079834,1.3761638402938843,0.4595000147819519,1.5333813428878784
219,0.520799994468689,1.370764136314392,0.48500001430511475,1.468016505241394
220,0.5200999975204468,1.3657493591308594,0.4884999990463257,1.4489450454711914
221,0.5196999907493591,1.3676382303237915,0.43950000405311584,1.5266411304473877
222,0.5205000042915344,1.3647178411483765,0.49000000953674316,1.4459424018859863
223,0.5212000012397766,1.3658350706100464,0.48399999737739563,1.4482123851776123
224,0.5214999914169312,1.3619579076766968,0.44449999928474426,1.5140045881271362
225,0.5203999876976013,1.360335111618042,0.46299999952316284,1.5400866270065308
226,0.5214999914169312,1.3572375774383545,0.4659999907016754,1.4927780628204346
227,0.5177000164985657,1.359171748161316,0.49549999833106995,1.441084861755371
228,0.5217999815940857,1.3573031425476074,0.3765000104904175,1.8659814596176147
229,0.5249999761581421,1.3560314178466797,0.4634999930858612,1.5544956922531128
230,0.5241000056266785,1.3573569059371948,0.4740000069141388,1.4801853895187378
231,0.5264000296592712,1.3509286642074585,0.48649999499320984,1.4502204656600952
232,0.5231999754905701,1.350058674812317,0.46650001406669617,1.488173246383667
233,0.5250999927520752,1.348037600517273,0.46050000190734863,1.4748365879058838
234,0.5253999829292297,1.350158452987671,0.44350001215934753,1.5947175025939941
235,0.5277000069618225,1.3489768505096436,0.5074999928474426,1.430551290512085
236,0.527899980545044,1.3435019254684448,0.48500001430511475,1.4456191062927246
237,0.5296000242233276,1.3443976640701294,0.49000000953674316,1.4420249462127686
238,0.5278000235557556,1.3426328897476196,0.47450000047683716,1.4934444427490234
239,0.5321000218391418,1.3388309478759766,0.44600000977516174,1.518639087677002
240,0.5285000205039978,1.3379676342010498,0.33500000834465027,2.0867526531219482
241,0.52920001745224,1.3416142463684082,0.47999998927116394,1.4392073154449463
242,0.5313000082969666,1.336241602897644,0.4970000088214874,1.4412506818771362
243,0.5311999917030334,1.3357560634613037,0.4740000069141388,1.4662761688232422
244,0.5321999788284302,1.3318595886230469,0.4884999990463257,1.4809898138046265
245,0.5317999720573425,1.3342355489730835,0.5019999742507935,1.4017521142959595
246,0.5324000120162964,1.3298741579055786,0.4880000054836273,1.452566385269165
247,0.5325999855995178,1.3285753726959229,0.44850000739097595,1.5304150581359863
248,0.5318999886512756,1.332713007926941,0.4645000100135803,1.4703421592712402
249,0.5322999954223633,1.3241766691207886,0.4569999873638153,1.493404746055603
250,0.5336999893188477,1.3264065980911255,0.43849998712539673,1.5840506553649902
251,0.5327000021934509,1.3285632133483887,0.49000000953674316,1.4310826063156128
252,0.5382000207901001,1.3219687938690186,0.49149999022483826,1.4257912635803223
253,0.5370000004768372,1.320943832397461,0.4625000059604645,1.4917120933532715
254,0.5378999710083008,1.3199243545532227,0.49149999022483826,1.4496082067489624
255,0.5430999994277954,1.3178541660308838,0.46650001406669617,1.4967553615570068
256,0.5404000282287598,1.3173707723617554,0.4390000104904175,1.532397985458374
257,0.5386000275611877,1.3197264671325684,0.4830000102519989,1.451505422592163
258,0.5357999801635742,1.3158153295516968,0.48500001430511475,1.4293478727340698
259,0.5396000146865845,1.3148208856582642,0.4894999861717224,1.4214317798614502
260,0.5404999852180481,1.3094745874404907,0.5,1.4129983186721802
261,0.5432999730110168,1.3080151081085205,0.5040000081062317,1.422675371170044
262,0.5419999957084656,1.3087354898452759,0.5210000276565552,1.3907545804977417
263,0.5443999767303467,1.3081964254379272,0.48249998688697815,1.4664756059646606
264,0.5389000177383423,1.3086717128753662,0.4779999852180481,1.4396536350250244
265,0.538100004196167,1.30929434299469,0.5,1.438069224357605
266,0.5440000295639038,1.3038066625595093,0.49549999833106995,1.4050769805908203
267,0.5393000245094299,1.3049870729446411,0.5090000033378601,1.4178569316864014
268,0.5440000295639038,1.3021411895751953,0.4984999895095825,1.4000756740570068
269,0.5418000221252441,1.3012784719467163,0.4595000147819519,1.480535864830017
270,0.544700026512146,1.2990739345550537,0.5164999961853027,1.4008679389953613
271,0.5421000123023987,1.2955595254898071,0.46149998903274536,1.487235188484192
272,0.541100025177002,1.2995737791061401,0.5009999871253967,1.4024062156677246
273,0.5454999804496765,1.2915303707122803,0.515999972820282,1.3908236026763916
274,0.542900025844574,1.2936618328094482,0.4650000035762787,1.504538655281067
275,0.5444999933242798,1.2949541807174683,0.4519999921321869,1.5292010307312012
276,0.5450999736785889,1.2927491664886475,0.5019999742507935,1.4373959302902222
277,0.5479000210762024,1.2887828350067139,0.5055000185966492,1.416685700416565
278,0.5496000051498413,1.2898480892181396,0.4894999861717224,1.4323874711990356
279,0.5497999787330627,1.2868541479110718,0.48399999737739563,1.4524204730987549
280,0.54830002784729,1.2850704193115234,0.5130000114440918,1.4063864946365356
281,0.5476999878883362,1.2811498641967773,0.512499988079071,1.3916999101638794
282,0.5498999953269958,1.2869631052017212,0.4964999854564667,1.404224157333374
283,0.5509999990463257,1.2808939218521118,0.4975000023841858,1.4172533750534058
284,0.5515999794006348,1.2773483991622925,0.5040000081062317,1.3958877325057983
285,0.5522000193595886,1.2775908708572388,0.46399998664855957,1.465804100036621
286,0.5478000044822693,1.2769685983657837,0.484499990940094,1.466120958328247
287,0.5512999892234802,1.281295895576477,0.42149999737739563,1.7149239778518677
288,0.5511999726295471,1.278778076171875,0.5019999742507935,1.457735538482666
289,0.5547999739646912,1.2723774909973145,0.5254999995231628,1.3773658275604248
290,0.5562000274658203,1.2723511457443237,0.5180000066757202,1.3809151649475098
291,0.551800012588501,1.2683123350143433,0.512499988079071,1.3754879236221313
292,0.5508999824523926,1.2732017040252686,0.5034999847412109,1.382690668106079
293,0.5579000115394592,1.267488718032837,0.5095000267028809,1.3899474143981934
294,0.5544999837875366,1.2678284645080566,0.43149998784065247,1.677184820175171
295,0.5562999844551086,1.273226022720337,0.4950000047683716,1.4267375469207764
296,0.5572999715805054,1.2636735439300537,0.5059999823570251,1.402873158454895
297,0.5586000084877014,1.2632211446762085,0.5120000243186951,1.4012457132339478
298,0.5586000084877014,1.2653446197509766,0.5095000267028809,1.3953450918197632
299,0.5551999807357788,1.2628527879714966,0.4934999942779541,1.4051581621170044
300,0.5580999851226807,1.258769154548645,0.5070000290870667,1.3788774013519287
301,0.558899998664856,1.2635561227798462,0.46299999952316284,1.5136737823486328
302,0.5601000189781189,1.2574348449707031,0.5134999752044678,1.3781938552856445
303,0.5618000030517578,1.2565315961837769,0.40799999237060547,1.8496519327163696
304,0.5577999949455261,1.2608129978179932,0.5170000195503235,1.3658314943313599
305,0.5616999864578247,1.2559980154037476,0.4334999918937683,1.5377304553985596
306,0.5601000189781189,1.2536836862564087,0.5099999904632568,1.3741090297698975
307,0.5620999932289124,1.2522879838943481,0.5109999775886536,1.4434971809387207
308,0.5605000257492065,1.2506526708602905,0.5055000185966492,1.3931134939193726
309,0.5629000067710876,1.2461512088775635,0.5180000066757202,1.3791918754577637
310,0.5620999932289124,1.2467221021652222,0.5130000114440918,1.374636173248291
311,0.5645999908447266,1.2455332279205322,0.4729999899864197,1.456372857093811
312,0.5619000196456909,1.2533059120178223,0.515999972820282,1.3819538354873657
313,0.5665000081062317,1.2405744791030884,0.5164999961853027,1.3810206651687622
314,0.5655999779701233,1.243349313735962,0.5274999737739563,1.3533014059066772
315,0.5667999982833862,1.2406408786773682,0.5049999952316284,1.404211401939392
316,0.5648000240325928,1.2458125352859497,0.5095000267028809,1.3860673904418945
317,0.5629000067710876,1.2419824600219727,0.5235000252723694,1.3418564796447754
318,0.5690000057220459,1.2377684116363525,0.515500009059906,1.3525338172912598
319,0.5669000148773193,1.2384412288665771,0.492000013589859,1.4351294040679932
320,0.5673999786376953,1.2329540252685547,0.5049999952316284,1.3969613313674927
321,0.5659000277519226,1.2352097034454346,0.49900001287460327,1.3841607570648193
322,0.5717999935150146,1.2351796627044678,0.4779999852180481,1.4576588869094849
323,0.5656999945640564,1.234251618385315,0.4975000023841858,1.410678505897522
324,0.5680000185966492,1.234815239906311,0.4514999985694885,1.501777172088623
325,0.5697000026702881,1.2321041822433472,0.445499986410141,1.555135726928711
326,0.5740000009536743,1.2273939847946167,0.5065000057220459,1.4375540018081665
327,0.5677000284194946,1.2276910543441772,0.5034999847412109,1.4940142631530762
328,0.5720000267028809,1.228088617324829,0.5270000100135803,1.344862937927246
329,0.5738000273704529,1.2231953144073486,0.5285000205039978,1.355076551437378
330,0.5737000107765198,1.2221784591674805,0.4490000009536743,1.5493566989898682
331,0.5740000009536743,1.2244576215744019,0.48500001430511475,1.5117449760437012
332,0.5767999887466431,1.2258530855178833,0.5059999823570251,1.3833184242248535
333,0.5756000280380249,1.2196227312088013,0.5134999752044678,1.352475881576538
334,0.5727999806404114,1.2192730903625488,0.460999995470047,1.5565426349639893
335,0.5741999745368958,1.2204114198684692,0.5180000066757202,1.347502589225769
336,0.5774999856948853,1.2149032354354858,0.5005000233650208,1.3884037733078003
337,0.5733000040054321,1.215718388557434,0.5090000033378601,1.394122838973999
338,0.5719000101089478,1.2146871089935303,0.5149999856948853,1.356535792350769
339,0.5799999833106995,1.2117618322372437,0.5149999856948853,1.3859995603561401
340,0.5770000219345093,1.2099028825759888,0.5074999928474426,1.4248791933059692
341,0.5788000226020813,1.2116398811340332,0.5109999775886536,1.3803565502166748
342,0.5806000232696533,1.210787057876587,0.5224999785423279,1.3825764656066895
343,0.5766000151634216,1.2084628343582153,0.5015000104904175,1.382232427597046
344,0.5730000138282776,1.2114222049713135,0.5329999923706055,1.3482900857925415
345,0.5800999999046326,1.2084342241287231,0.5195000171661377,1.369144320487976
346,0.5799000263214111,1.2045420408248901,0.5095000267028809,1.362903356552124
347,0.5807999968528748,1.2017537355422974,0.5120000243186951,1.388729453086853
348,0.5785999894142151,1.2017639875411987,0.5299999713897705,1.3585989475250244
349,0.5753999948501587,1.2032755613327026,0.4555000066757202,1.5237987041473389
350,0.5824999809265137,1.2003607749938965,0.45750001072883606,1.599478840827942
351,0.5824999809265137,1.1994929313659668,0.46549999713897705,1.4791446924209595
352,0.5809999704360962,1.1983386278152466,0.5180000066757202,1.357649803161621
353,0.5787000060081482,1.1947565078735352,0.5335000157356262,1.3468430042266846
354,0.5806000232696533,1.1959463357925415,0.5134999752044678,1.3647425174713135
355,0.5828999876976013,1.1929935216903687,0.5065000057220459,1.4148846864700317
356,0.5830000042915344,1.1906607151031494,0.4645000100135803,1.5997391939163208
357,0.5830000042915344,1.193619728088379,0.4909999966621399,1.4395420551300049
358,0.5828999876976013,1.1934442520141602,0.515500009059906,1.34877347946167
359,0.5857999920845032,1.191788911819458,0.4884999990463257,1.4657270908355713
360,0.5849000215530396,1.191988468170166,0.5360000133514404,1.3613265752792358
361,0.5852000117301941,1.1841989755630493,0.5019999742507935,1.412945032119751
362,0.5863000154495239,1.183103084564209,0.5249999761581421,1.3378883600234985
363,0.5889000296592712,1.1835131645202637,0.5214999914169312,1.3995836973190308
364,0.5820000171661377,1.1841261386871338,0.48899999260902405,1.3990182876586914
365,0.5874000191688538,1.1839104890823364,0.47999998927116394,1.4108449220657349
366,0.588699996471405,1.180125117301941,0.5289999842643738,1.3193554878234863
367,0.5906999707221985,1.177085280418396,0.48399999737739563,1.4745539426803589
368,0.5896000266075134,1.180204153060913,0.5164999961853027,1.3542507886886597
369,0.5874000191688538,1.1762036085128784,0.5389999747276306,1.3305736780166626
370,0.593999981880188,1.1753653287887573,0.5065000057220459,1.380353569984436
371,0.5874000191688538,1.1820732355117798,0.5015000104904175,1.4258617162704468
372,0.5910999774932861,1.1747913360595703,0.48750001192092896,1.4232617616653442
373,0.5946000218391418,1.1706647872924805,0.5139999985694885,1.3383978605270386
374,0.5902000069618225,1.1696079969406128,0.45249998569488525,1.5448369979858398
375,0.5899999737739563,1.1720497608184814,0.515999972820282,1.376560091972351
376,0.5947999954223633,1.1712976694107056,0.4300000071525574,1.7778936624526978
377,0.5906000137329102,1.1757633686065674,0.5115000009536743,1.3747243881225586
378,0.595300018787384,1.1648377180099487,0.45399999618530273,1.5407183170318604
379,0.592199981212616,1.1677166223526,0.5295000076293945,1.3307801485061646
380,0.593500018119812,1.1644806861877441,0.5120000243186951,1.3904448747634888
381,0.600600004196167,1.1584887504577637,0.5339999794960022,1.3315941095352173
382,0.5982000231742859,1.1617763042449951,0.5295000076293945,1.3458305597305298
383,0.5942999720573425,1.160011887550354,0.5084999799728394,1.3588318824768066
384,0.6004999876022339,1.1569488048553467,0.534500002861023,1.314185619354248
385,0.5947999954223633,1.1616721153259277,0.5285000205039978,1.3822602033615112
386,0.600600004196167,1.1542874574661255,0.5239999890327454,1.3471204042434692
387,0.59579998254776,1.1566977500915527,0.5320000052452087,1.3271641731262207
388,0.5983999967575073,1.155434489250183,0.47999998927116394,1.4670206308364868
389,0.5968000292778015,1.1546024084091187,0.5059999823570251,1.4241880178451538
390,0.6010000109672546,1.1536561250686646,0.5444999933242798,1.2979580163955688
391,0.6007000207901001,1.1526880264282227,0.5339999794960022,1.347098469734192
392,0.6017000079154968,1.1479785442352295,0.5379999876022339,1.3115686178207397
393,0.6018999814987183,1.147596836090088,0.5199999809265137,1.352935552597046
394,0.6014000177383423,1.1529396772384644,0.5024999976158142,1.4147907495498657
395,0.5996999740600586,1.149827003479004,0.5210000276565552,1.3369389772415161
396,0.5997999906539917,1.1479322910308838,0.5080000162124634,1.4000765085220337
397,0.5981000065803528,1.1500489711761475,0.46000000834465027,1.4935113191604614
398,0.6026999950408936,1.1448124647140503,0.47749999165534973,1.5109694004058838
399,0.5996000170707703,1.1467055082321167,0.5134999752044678,1.3585995435714722
400,0.6049000024795532,1.1398054361343384,0.5180000066757202,1.3965975046157837
401,0.6011000275611877,1.1424686908721924,0.5199999809265137,1.3352566957473755
402,0.6065000295639038,1.1377055644989014,0.5130000114440918,1.3803781270980835
403,0.6068000197410583,1.1371313333511353,0.5394999980926514,1.3149551153182983
404,0.6083999872207642,1.1391416788101196,0.5139999985694885,1.3876621723175049
405,0.6044999957084656,1.1360609531402588,0.41449999809265137,1.8099298477172852
406,0.6013000011444092,1.1437504291534424,0.48750001192092896,1.4270116090774536
407,0.6089000105857849,1.1346744298934937,0.5130000114440918,1.3702763319015503
408,0.6093999743461609,1.1309778690338135,0.5354999899864197,1.3296692371368408
409,0.6071000099182129,1.1303541660308838,0.5425000190734863,1.3128466606140137
410,0.608299970626831,1.1240334510803223,0.512499988079071,1.38914155960083
411,0.6105999946594238,1.1287225484848022,0.5375000238418579,1.319219708442688
412,0.6079999804496765,1.1304166316986084,0.42649999260902405,1.6727797985076904
413,0.607200026512146,1.134458065032959,0.5245000123977661,1.3616067171096802
414,0.6128000020980835,1.124642252922058,0.5364999771118164,1.3233745098114014
415,0.6075999736785889,1.1281946897506714,0.49900001287460327,1.4282737970352173
416,0.6128000020980835,1.1220958232879639,0.5224999785423279,1.3620054721832275
417,0.6137999892234802,1.119737148284912,0.5295000076293945,1.3500690460205078
418,0.6103000044822693,1.120255947113037,0.39899998903274536,1.7401314973831177
419,0.6062999963760376,1.1282060146331787,0.5335000157356262,1.3714478015899658
420,0.6116999983787537,1.1161819696426392,0.4884999990463257,1.4617315530776978
421,0.6175000071525574,1.1156041622161865,0.3944999873638153,1.8685908317565918
422,0.6122000217437744,1.121534824371338,0.5289999842643738,1.3696351051330566
423,0.6176000237464905,1.1119285821914673,0.5174999833106995,1.426792860031128
424,0.617900013923645,1.1088879108428955,0.49549999833106995,1.4593137502670288
425,0.6176999807357788,1.1124908924102783,0.5005000233650208,1.392500638961792
426,0.619700014591217,1.1113827228546143,0.5400000214576721,1.31121826171875
427,0.6169000267982483,1.1083290576934814,0.5485000014305115,1.3102461099624634
428,0.6194999814033508,1.106697678565979,0.5400000214576721,1.3104475736618042
429,0.6183000206947327,1.1076974868774414,0.34549999237060547,2.143228054046631
430,0.609000027179718,1.121887445449829,0.5289999842643738,1.378170132637024
431,0.6208000183105469,1.1031254529953003,0.5375000238418579,1.3343018293380737
432,0.6182000041007996,1.1036014556884766,0.4894999861717224,1.4099445343017578
433,0.6227999925613403,1.1009427309036255,0.5419999957084656,1.2880527973175049
434,0.6223999857902527,1.0975751876831055,0.5295000076293945,1.3292560577392578
435,0.6248999834060669,1.095841884613037,0.534500002861023,1.3407719135284424
436,0.6218000054359436,1.0977892875671387,0.5260000228881836,1.3806605339050293
437,0.6230000257492065,1.095046043395996,0.5394999980926514,1.3059146404266357
438,0.6236000061035156,1.0946595668792725,0.5360000133514404,1.3894081115722656
439,0.6261000037193298,1.0932904481887817,0.5354999899864197,1.330749750137329
440,0.6247000098228455,1.090327501296997,0.5350000262260437,1.3569878339767456
441,0.6230999827384949,1.0941851139068604,0.5295000076293945,1.3042285442352295
442,0.6240000128746033,1.093576431274414,0.5509999990463257,1.2939618825912476
443,0.6248999834060669,1.0887720584869385,0.5360000133514404,1.3932300806045532
444,0.6215000152587891,1.090286135673523,0.4690000116825104,1.4992854595184326
445,0.6243000030517578,1.0885752439498901,0.5145000219345093,1.3893245458602905
446,0.6237000226974487,1.0879440307617188,0.4814999997615814,1.4513250589370728
447,0.6274999976158142,1.08243989944458,0.5009999871253967,1.4827122688293457
448,0.628000020980835,1.0855770111083984,0.515999972820282,1.4017751216888428
449,0.6215000152587891,1.0886571407318115,0.5460000038146973,1.2791739702224731
450,0.6276000142097473,1.0819560289382935,0.5184999704360962,1.3546886444091797
451,0.6266999840736389,1.0829070806503296,0.5019999742507935,1.4118906259536743
452,0.6270999908447266,1.0827898979187012,0.5529999732971191,1.2985645532608032
453,0.6295999884605408,1.0751283168792725,0.5230000019073486,1.3381855487823486
454,0.6312999725341797,1.072959542274475,0.534500002861023,1.3177125453948975
455,0.6284999847412109,1.0732684135437012,0.5210000276565552,1.3667123317718506
456,0.6276000142097473,1.0766725540161133,0.5494999885559082,1.3126134872436523
457,0.6305000185966492,1.0736055374145508,0.5224999785423279,1.365893840789795
458,0.6333000063896179,1.0768921375274658,0.512499988079071,1.3656293153762817
459,0.6330000162124634,1.0691978931427002,0.5490000247955322,1.3041911125183105
460,0.6351000070571899,1.0701555013656616,0.5170000195503235,1.4143790006637573
461,0.633400022983551,1.0712476968765259,0.4945000112056732,1.4306589365005493
462,0.6305999755859375,1.0714527368545532,0.5120000243186951,1.437059760093689
463,0.6363999843597412,1.0682191848754883,0.5254999995231628,1.3464466333389282
464,0.632099986076355,1.0667163133621216,0.5295000076293945,1.3323861360549927
465,0.6331999897956848,1.0677238702774048,0.5364999771118164,1.3283330202102661
466,0.6355999708175659,1.0642191171646118,0.5419999957084656,1.318831443786621
467,0.6363999843597412,1.0627892017364502,0.47350001335144043,1.4764478206634521
468,0.6328999996185303,1.0606786012649536,0.531499981880188,1.3469747304916382
469,0.6385999917984009,1.0617367029190063,0.5074999928474426,1.3932514190673828
470,0.6335999965667725,1.0630117654800415,0.5235000252723694,1.357775092124939
471,0.6305999755859375,1.0629398822784424,0.5605000257492065,1.2702218294143677
472,0.6355000138282776,1.0552608966827393,0.5550000071525574,1.2780816555023193
473,0.6330000162124634,1.0601439476013184,0.5490000247955322,1.3257274627685547
474,0.6367999911308289,1.0546753406524658,0.546500027179718,1.2805613279342651
475,0.6344000101089478,1.0553115606307983,0.5394999980926514,1.3087694644927979
476,0.6421999931335449,1.0507011413574219,0.49799999594688416,1.4318379163742065
477,0.6378999948501587,1.052493929862976,0.5285000205039978,1.3535319566726685
478,0.6437000036239624,1.0486403703689575,0.48750001192092896,1.492495059967041
479,0.6389999985694885,1.0521681308746338,0.5410000085830688,1.3279887437820435
480,0.6378999948501587,1.0467736721038818,0.5529999732971191,1.2958152294158936
481,0.6430000066757202,1.0442878007888794,0.5164999961853027,1.3913713693618774
482,0.6394000053405762,1.0473473072052002,0.4869999885559082,1.4703980684280396
483,0.6377000212669373,1.049109935760498,0.5214999914169312,1.3472059965133667
484,0.6416000127792358,1.043552041053772,0.5659999847412109,1.2672088146209717
485,0.6407999992370605,1.0421172380447388,0.5485000014305115,1.2962392568588257
486,0.6456999778747559,1.0424233675003052,0.5550000071525574,1.2750922441482544
487,0.6434999704360962,1.0375432968139648,0.546999990940094,1.328798532485962
488,0.6431000232696533,1.040958046913147,0.5249999761581421,1.3882440328598022
489,0.641700029373169,1.0402370691299438,0.5575000047683716,1.2763645648956299
490,0.6420999765396118,1.0368423461914062,0.5285000205039978,1.3833398818969727
491,0.6434000134468079,1.0377089977264404,0.5490000247955322,1.2852438688278198
492,0.6453999876976013,1.033406138420105,0.484499990940094,1.5238685607910156
493,0.6435999870300293,1.0329999923706055,0.5350000262260437,1.340915560722351
494,0.6449000239372253,1.0359646081924438,0.5490000247955322,1.3358839750289917
495,0.6466000080108643,1.0366559028625488,0.5299999713897705,1.3435145616531372
496,0.6446999907493591,1.030925989151001,0.5080000162124634,1.4714276790618896
497,0.6453999876976013,1.0315344333648682,0.5410000085830688,1.3416818380355835
498,0.6470999717712402,1.0307966470718384,0.531499981880188,1.3197762966156006
499,0.6478999853134155,1.024385690689087,0.5460000038146973,1.299117922782898
500,0.6437000036239624,1.0270143747329712,0.5454999804496765,1.2908400297164917
501,0.6474999785423279,1.0267254114151,0.5460000038146973,1.3474041223526
502,0.6496999859809875,1.0239745378494263,0.5285000205039978,1.4001222848892212
503,0.6463000178337097,1.0234286785125732,0.5095000267028809,1.4165815114974976
504,0.6481999754905701,1.0230152606964111,0.5444999933242798,1.3446359634399414
505,0.6484000086784363,1.0240670442581177,0.5529999732971191,1.2705495357513428
506,0.6521999835968018,1.0202585458755493,0.5485000014305115,1.2933119535446167
507,0.6532999873161316,1.0146311521530151,0.5419999957084656,1.3402100801467896
508,0.6518999934196472,1.0226081609725952,0.5375000238418579,1.3553733825683594
509,0.6499999761581421,1.020613193511963,0.5565000176429749,1.323727011680603
510,0.6545000076293945,1.014631986618042,0.5360000133514404,1.295623540878296
511,0.6553999781608582,1.009399652481079,0.531499981880188,1.3228002786636353
512,0.6528000235557556,1.00931715965271,0.534500002861023,1.320840835571289
513,0.65420001745224,1.0099263191223145,0.5584999918937683,1.266903281211853
514,0.6517999768257141,1.0137848854064941,0.4984999895095825,1.5883151292800903
515,0.6506999731063843,1.0180386304855347,0.5440000295639038,1.3352712392807007
516,0.6516000032424927,1.008894681930542,0.4065000116825104,1.760379672050476
517,0.6514000296592712,1.0124260187149048,0.49399998784065247,1.5832300186157227
518,0.6553999781608582,1.0133048295974731,0.5105000138282776,1.3973267078399658
519,0.6550999879837036,1.0066852569580078,0.4934999942779541,1.4604625701904297
520,0.654699981212616,1.0054569244384766,0.46000000834465027,1.5850521326065063
521,0.6543999910354614,1.0042661428451538,0.5410000085830688,1.3212758302688599
522,0.6611999869346619,0.9991534948348999,0.5559999942779541,1.32682204246521
523,0.6575000286102295,0.9974145293235779,0.5095000267028809,1.4581184387207031
524,0.6589000225067139,1.001114010810852,0.5264999866485596,1.346718192100525
525,0.6610999703407288,0.9977594017982483,0.4169999957084656,1.7789357900619507
526,0.6590999960899353,1.0027397871017456,0.5515000224113464,1.302698016166687
527,0.6575999855995178,0.9964518547058105,0.5024999976158142,1.4302568435668945
528,0.6585999727249146,0.995301365852356,0.5435000061988831,1.3320176601409912
529,0.6622999906539917,0.9945992231369019,0.512499988079071,1.4632748365402222
530,0.6578999757766724,0.9963265657424927,0.5419999957084656,1.3216854333877563
531,0.6603000164031982,0.9897505044937134,0.5605000257492065,1.2790195941925049
532,0.666700005531311,0.9871642589569092,0.5444999933242798,1.3391247987747192
533,0.6632999777793884,0.9886831045150757,0.534500002861023,1.3486123085021973
534,0.6657999753952026,0.9904305934906006,0.546999990940094,1.2870385646820068
535,0.6644999980926514,0.9851002097129822,0.5270000100135803,1.3670521974563599
536,0.6618000268936157,0.9849573373794556,0.5015000104904175,1.501212239265442
537,0.6632999777793884,0.989052951335907,0.5024999976158142,1.4044528007507324
538,0.6640999913215637,0.9814950227737427,0.5680000185966492,1.265440583229065
539,0.6639000177383423,0.9765458703041077,0.47600001096725464,1.5268393754959106
540,0.6617000102996826,0.9853054881095886,0.5220000147819519,1.382114052772522
541,0.6672000288963318,0.981015145778656,0.5625,1.284361720085144
542,0.6628000140190125,0.9781783223152161,0.5139999985694885,1.382129430770874
543,0.661899983882904,0.9807906150817871,0.5540000200271606,1.2814477682113647
544,0.6669999957084656,0.9751896262168884,0.5600000023841858,1.295555591583252
545,0.6643999814987183,0.9813210964202881,0.4790000021457672,1.573714017868042
546,0.6657000184059143,0.9791605472564697,0.5364999771118164,1.3888620138168335
547,0.6686999797821045,0.9734680652618408,0.5734999775886536,1.2542492151260376
548,0.6705999970436096,0.9689871072769165,0.5649999976158142,1.2739248275756836
549,0.6703000068664551,0.9698361158370972,0.5379999876022339,1.4380269050598145
550,0.6707000136375427,0.9705827236175537,0.5435000061988831,1.3305976390838623
551,0.6736999750137329,0.9679261445999146,0.5590000152587891,1.2909644842147827
552,0.6725000143051147,0.9713192582130432,0.5325000286102295,1.3384610414505005
553,0.6765000224113464,0.9629536867141724,0.531499981880188,1.3689323663711548
554,0.6690999865531921,0.9713656306266785,0.5350000262260437,1.370743989944458
555,0.6711999773979187,0.9633340835571289,0.5485000014305115,1.3400307893753052
556,0.6718999743461609,0.9661358594894409,0.5419999957084656,1.4088563919067383
557,0.6744999885559082,0.9584173560142517,0.5115000009536743,1.4036208391189575
558,0.6751999855041504,0.9621666073799133,0.5210000276565552,1.4108926057815552
559,0.6743999719619751,0.9575534462928772,0.5120000243186951,1.408232569694519
560,0.6730999946594238,0.9625583291053772,0.5490000247955322,1.3328880071640015
561,0.6735000014305115,0.9597693085670471,0.5174999833106995,1.3858662843704224
562,0.6722999811172485,0.9602400660514832,0.5580000281333923,1.2914988994598389
563,0.6782000064849854,0.9527424573898315,0.5709999799728394,1.260297417640686
564,0.6758999824523926,0.9525582790374756,0.5634999871253967,1.257744312286377
565,0.6754000186920166,0.9542768597602844,0.46050000190734863,1.661742925643921
566,0.6729000210762024,0.9617642760276794,0.5164999961853027,1.3896464109420776
567,0.6735000014305115,0.9537329077720642,0.5435000061988831,1.351264238357544
568,0.6765999794006348,0.9514163136482239,0.5460000038146973,1.3192311525344849
569,0.6775000095367432,0.9506221413612366,0.5400000214576721,1.334467887878418
570,0.677299976348877,0.9462966918945312,0.5584999918937683,1.3112379312515259
571,0.6816999912261963,0.9420313239097595,0.5565000176429749,1.2876731157302856
572,0.6815000176429749,0.944719135761261,0.5619999766349792,1.2926970720291138
573,0.6780999898910522,0.9462873935699463,0.5695000290870667,1.2652994394302368
574,0.6794999837875366,0.9421473741531372,0.5320000052452087,1.422033429145813
575,0.6807000041007996,0.9401249289512634,0.5385000109672546,1.33402419090271
576,0.6769999861717224,0.947406530380249,0.5080000162124634,1.4603807926177979
577,0.6765999794006348,0.9464828968048096,0.550000011920929,1.3297539949417114
578,0.6819999814033508,0.937684178352356,0.5695000290870667,1.2806529998779297
579,0.6786999702453613,0.9361323118209839,0.48350000381469727,1.624722957611084
580,0.6804999709129333,0.949455738067627,0.5274999737739563,1.3863765001296997
581,0.680400013923645,0.9376670122146606,0.5494999885559082,1.3039700984954834
582,0.6826000213623047,0.9330907464027405,0.5619999766349792,1.2867343425750732
583,0.678600013256073,0.9354737401008606,0.5644999742507935,1.2522515058517456
584,0.6794000267982483,0.929391086101532,0.5590000152587891,1.3032329082489014
585,0.682200014591217,0.9354269504547119,0.5554999709129333,1.3035396337509155
586,0.6834999918937683,0.9314621090888977,0.5504999756813049,1.311428189277649
587,0.6859999895095825,0.9285772442817688,0.5690000057220459,1.2704801559448242
588,0.6825000047683716,0.9306575059890747,0.515999972820282,1.4313056468963623
589,0.6807000041007996,0.9257766604423523,0.5674999952316284,1.2489665746688843
590,0.6863999962806702,0.9232567548751831,0.5774999856948853,1.254358172416687
591,0.6890000104904175,0.9218613505363464,0.5224999785423279,1.4154260158538818
592,0.6887000203132629,0.9230040907859802,0.5525000095367432,1.370119571685791
593,0.6858999729156494,0.9217637777328491,0.4975000023841858,1.5547313690185547
594,0.6832000017166138,0.9318471550941467,0.5170000195503235,1.4275219440460205
595,0.6834999918937683,0.9210948944091797,0.5630000233650208,1.2730563879013062
596,0.6852999925613403,0.9241039156913757,0.5770000219345093,1.265934944152832
597,0.6851000189781189,0.9247681498527527,0.5235000252723694,1.384998083114624
598,0.689300000667572,0.9186241030693054,0.5745000243186951,1.2478463649749756
599,0.6869000196456909,0.9228232502937317,0.5705000162124634,1.2667479515075684
600,0.6927000284194946,0.913743257522583,0.5605000257492065,1.2924376726150513
601,0.694599986076355,0.9124420881271362,0.5230000019073486,1.4255733489990234
602,0.6912000179290771,0.9154205918312073,0.5550000071525574,1.280899167060852
603,0.6895999908447266,0.913413941860199,0.5404999852180481,1.3029285669326782
604,0.6891000270843506,0.9150044918060303,0.5084999799728394,1.437248706817627
605,0.6891999840736389,0.9116368293762207,0.5295000076293945,1.334873914718628
606,0.6931999921798706,0.9094765782356262,0.5795000195503235,1.2599338293075562
607,0.6923999786376953,0.9140699505805969,0.5540000200271606,1.2920784950256348
608,0.6949999928474426,0.9057355523109436,0.5270000100135803,1.4645798206329346
609,0.691100001335144,0.9091582894325256,0.5239999890327454,1.41917085647583
610,0.6919999718666077,0.9057753682136536,0.5640000104904175,1.253443956375122
611,0.6949999928474426,0.9011582136154175,0.5454999804496765,1.3218284845352173
612,0.6947000026702881,0.903473436832428,0.5475000143051147,1.331344485282898
613,0.694100022315979,0.9042970538139343,0.5360000133514404,1.3242534399032593
614,0.6934999823570251,0.9004068374633789,0.45500001311302185,1.6357842683792114
615,0.6941999793052673,0.9013887643814087,0.5554999709129333,1.281968593597412
616,0.7003999948501587,0.8970434665679932,0.5580000281333923,1.3039120435714722
617,0.6948999762535095,0.8986936807632446,0.546500027179718,1.3323155641555786
618,0.6955000162124634,0.8959245085716248,0.5264999866485596,1.4103033542633057
619,0.6948000192642212,0.8976821303367615,0.4154999852180481,2.0071778297424316
620,0.6941999793052673,0.9025815725326538,0.5490000247955322,1.2855321168899536
621,0.6991000175476074,0.8915848731994629,0.5764999985694885,1.2829341888427734
622,0.698199987411499,0.8917090892791748,0.5475000143051147,1.3001809120178223
623,0.6998999714851379,0.8924757838249207,0.49149999022483826,1.521666169166565
624,0.6966000199317932,0.8935820460319519,0.5264999866485596,1.4059016704559326
625,0.7002999782562256,0.8863958716392517,0.5709999799728394,1.2653794288635254
626,0.7009999752044678,0.8889564275741577,0.5615000128746033,1.2890267372131348
627,0.7027999758720398,0.8861426711082458,0.5580000281333923,1.298142910003662
628,0.7020000219345093,0.8850744366645813,0.5569999814033508,1.2809860706329346
629,0.6998999714851379,0.8828392624855042,0.4860000014305115,1.5256984233856201
630,0.7006999850273132,0.8880347609519958,0.5734999775886536,1.2736884355545044
631,0.7023000121116638,0.8837682604789734,0.5565000176429749,1.2948156595230103
632,0.7091000080108643,0.8785582780838013,0.5504999756813049,1.3037199974060059
633,0.7059000134468079,0.8786517381668091,0.574999988079071,1.2583608627319336
634,0.7059000134468079,0.8775669932365417,0.5644999742507935,1.365246057510376
635,0.703499972820282,0.8771247267723083,0.5715000033378601,1.2737464904785156
636,0.7031999826431274,0.8820202350616455,0.578000009059906,1.236930251121521
637,0.7056000232696533,0.8720507621765137,0.5435000061988831,1.3676259517669678
638,0.7063000202178955,0.8744357228279114,0.5669999718666077,1.2462774515151978
639,0.7089999914169312,0.8716458082199097,0.5245000123977661,1.3989543914794922
640,0.7027999758720398,0.8744915127754211,0.4934999942779541,1.5517849922180176
641,0.7044000029563904,0.8743604421615601,0.5099999904632568,1.4962559938430786
642,0.7062000036239624,0.8731687664985657,0.48649999499320984,1.5612975358963013
643,0.6988999843597412,0.879810631275177,0.5109999775886536,1.4684362411499023
644,0.7052000164985657,0.8736635446548462,0.5425000190734863,1.3220356702804565
645,0.7098000049591064,0.870186984539032,0.5855000019073486,1.2453935146331787
646,0.713699996471405,0.8602726459503174,0.5210000276565552,1.3796306848526
647,0.7096999883651733,0.8683647513389587,0.5299999713897705,1.4129300117492676
648,0.7121999859809875,0.8675320148468018,0.5070000290870667,1.462700366973877
649,0.7074999809265137,0.8607114553451538,0.5809999704360962,1.26865816116333
650,0.7085999846458435,0.8639373183250427,0.578499972820282,1.2893612384796143
651,0.7105000019073486,0.8594627976417542,0.5429999828338623,1.3453783988952637
652,0.7092000246047974,0.8587971925735474,0.5325000286102295,1.402590274810791
653,0.7113999724388123,0.8615020513534546,0.5299999713897705,1.4208214282989502
654,0.7081000208854675,0.8558372855186462,0.5289999842643738,1.4164413213729858
655,0.7092000246047974,0.8612158298492432,0.5540000200271606,1.3351808786392212
656,0.7087000012397766,0.8600027561187744,0.5375000238418579,1.3773146867752075
657,0.7113999724388123,0.8557465672492981,0.5770000219345093,1.268221139907837
658,0.7139000296592712,0.8534029126167297,0.5410000085830688,1.3771775960922241
659,0.7142000198364258,0.8575416803359985,0.5795000195503235,1.247148036956787
660,0.7139000296592712,0.8521947264671326,0.5419999957084656,1.3501641750335693
661,0.7142999768257141,0.8561237454414368,0.5734999775886536,1.2591997385025024
662,0.7135999798774719,0.8563882112503052,0.5680000185966492,1.2753952741622925
663,0.7121999859809875,0.8489248156547546,0.5440000295639038,1.379453420639038
664,0.7099999785423279,0.8532047867774963,0.5550000071525574,1.302059531211853
665,0.7172999978065491,0.843863844871521,0.5814999938011169,1.2433513402938843
666,0.7125999927520752,0.8467442393302917,0.550000011920929,1.3176164627075195
667,0.7160999774932861,0.8443548679351807,0.5385000109672546,1.3675822019577026
668,0.7200999855995178,0.842772364616394,0.5690000057220459,1.2783219814300537
669,0.7160000205039978,0.8410385847091675,0.4855000078678131,1.5740482807159424
670,0.7179999947547913,0.848781943321228,0.5235000252723694,1.4534538984298706
671,0.7161999940872192,0.8452094793319702,0.5494999885559082,1.3261210918426514
672,0.7186999917030334,0.8403025269508362,0.5709999799728394,1.273543119430542
673,0.7163000106811523,0.8428786993026733,0.5625,1.3287365436553955
674,0.724399983882904,0.8339402079582214,0.5074999928474426,1.5121015310287476
675,0.7170000076293945,0.8361585140228271,0.5224999785423279,1.489524245262146
676,0.7228000164031982,0.8342171907424927,0.5889999866485596,1.2549221515655518
677,0.7208999991416931,0.8287936449050903,0.5099999904632568,1.4953416585922241
678,0.7222999930381775,0.8343399167060852,0.546999990940094,1.3184477090835571
679,0.7196000218391418,0.8347668051719666,0.546999990940094,1.3763883113861084
680,0.7247999906539917,0.8284927010536194,0.4814999997615814,1.5684415102005005
681,0.7229999899864197,0.827777624130249,0.559499979019165,1.3349475860595703
682,0.7232000231742859,0.8272581100463867,0.5475000143051147,1.3069928884506226
683,0.7214999794960022,0.8269752860069275,0.5830000042915344,1.2308800220489502
684,0.7226999998092651,0.8232457041740417,0.5149999856948853,1.4715816974639893
685,0.723800003528595,0.8286811709403992,0.44749999046325684,1.795684576034546
686,0.7218000292778015,0.8373778462409973,0.5490000247955322,1.3702728748321533
687,0.7282999753952026,0.8227324485778809,0.5605000257492065,1.3028438091278076
688,0.722100019454956,0.8241396546363831,0.49149999022483826,1.6388499736785889
689,0.7264000177383423,0.8241550922393799,0.5580000281333923,1.2983847856521606
690,0.7264000177383423,0.8186138868331909,0.4729999899864197,1.7140719890594482
691,0.7250000238418579,0.8233140707015991,0.5205000042915344,1.5097532272338867
692,0.7279999852180481,0.8192961812019348,0.5550000071525574,1.349448800086975
693,0.7258999943733215,0.8200617432594299,0.578000009059906,1.2753809690475464
694,0.7236999869346619,0.8172187209129333,0.5389999747276306,1.4037189483642578
695,0.7303000092506409,0.8130894303321838,0.5419999957084656,1.4150874614715576
696,0.7245000004768372,0.8152718544006348,0.5475000143051147,1.3795008659362793
697,0.7258999943733215,0.820759654045105,0.5230000019073486,1.4581778049468994
698,0.7314000129699707,0.8084927201271057,0.4699999988079071,1.676121711730957
699,0.727400004863739,0.8159050345420837,0.5755000114440918,1.2728257179260254
700,0.7285000085830688,0.8070845007896423,0.5005000233650208,1.4879070520401
701,0.7350000143051147,0.803310215473175,0.5590000152587891,1.3058710098266602
702,0.7297999858856201,0.8076819181442261,0.5400000214576721,1.4258029460906982
703,0.7296000123023987,0.813498854637146,0.5360000133514404,1.3922139406204224
704,0.7294999957084656,0.8083974719047546,0.5740000009536743,1.27858304977417
705,0.7342000007629395,0.7987837791442871,0.5849999785423279,1.2419854402542114
706,0.7283999919891357,0.8059844970703125,0.5450000166893005,1.3348366022109985
707,0.7289999723434448,0.8081198930740356,0.5849999785423279,1.2307637929916382
708,0.7361000180244446,0.7969807386398315,0.5485000014305115,1.3479958772659302
709,0.733299970626831,0.7993195652961731,0.5705000162124634,1.362334132194519
710,0.7307999730110168,0.8019586205482483,0.5649999976158142,1.280429482460022
711,0.7372000217437744,0.7944974303245544,0.5360000133514404,1.4470583200454712
712,0.732699990272522,0.798991322517395,0.5134999752044678,1.491224765777588
713,0.73580002784729,0.7974536418914795,0.5605000257492065,1.3210477828979492
714,0.7386999726295471,0.7917295694351196,0.5630000233650208,1.3324798345565796
715,0.7391999959945679,0.7927680015563965,0.5534999966621399,1.3543362617492676
716,0.7350000143051147,0.7974878549575806,0.574999988079071,1.2556661367416382
717,0.7379999756813049,0.7904955744743347,0.5625,1.3601306676864624
718,0.7364000082015991,0.7947902679443359,0.578000009059906,1.2613714933395386
719,0.7373999953269958,0.7929040789604187,0.5189999938011169,1.4772518873214722
720,0.7366999983787537,0.7891977429389954,0.5540000200271606,1.3176106214523315
721,0.7411999702453613,0.7857796549797058,0.5649999976158142,1.2782015800476074
722,0.7379000186920166,0.7875367403030396,0.5504999756813049,1.3718570470809937
723,0.7444999814033508,0.7819052338600159,0.5354999899864197,1.5013930797576904
724,0.7396000027656555,0.7843115329742432,0.49399998784065247,1.5693835020065308
725,0.7351999878883362,0.7935303449630737,0.5774999856948853,1.2629183530807495
726,0.7425000071525574,0.7824176549911499,0.5394999980926514,1.383657693862915
727,0.7376999855041504,0.7834722399711609,0.5350000262260437,1.4118646383285522
728,0.7394000291824341,0.7787575721740723,0.5289999842643738,1.4559556245803833
729,0.7390999794006348,0.7805912494659424,0.578000009059906,1.2570781707763672
730,0.7401999831199646,0.7770611047744751,0.5674999952316284,1.3299440145492554
731,0.7458000183105469,0.7754191160202026,0.4970000088214874,1.5470060110092163
732,0.7394000291824341,0.780659019947052,0.5674999952316284,1.3207508325576782
733,0.7476999759674072,0.7733679413795471,0.546500027179718,1.334465742111206
734,0.7412999868392944,0.776150107383728,0.5715000033378601,1.2976840734481812
735,0.7432000041007996,0.7718654870986938,0.5414999723434448,1.3779301643371582
736,0.7419999837875366,0.7746251821517944,0.5354999899864197,1.3916058540344238
737,0.7476999759674072,0.7709654569625854,0.5820000171661377,1.2653510570526123
738,0.7429999709129333,0.7695972919464111,0.5590000152587891,1.3155685663223267
739,0.7488999962806702,0.7688999176025391,0.5640000104904175,1.3453510999679565
740,0.7458999752998352,0.7668363451957703,0.5059999823570251,1.6149543523788452
741,0.7394999861717224,0.7790771722793579,0.5139999985694885,1.5703072547912598
742,0.7465000152587891,0.7677874565124512,0.5619999766349792,1.3726311922073364
743,0.7455000281333923,0.7684653997421265,0.5805000066757202,1.2910106182098389
744,0.7516999840736389,0.7584867477416992,0.40700000524520874,2.1127853393554688
745,0.7386999726295471,0.7826300859451294,0.5764999985694885,1.2856059074401855
746,0.746399998664856,0.7608430981636047,0.5354999899864197,1.4416383504867554
747,0.7515000104904175,0.7582931518554688,0.5230000019073486,1.4591401815414429
748,0.7473999857902527,0.7602648735046387,0.565500020980835,1.3385581970214844
749,0.7483000159263611,0.7594280242919922,0.5274999737739563,1.4678298234939575
750,0.7523999810218811,0.7572896480560303,0.5139999985694885,1.460753083229065
751,0.7529000043869019,0.7545005679130554,0.5230000019073486,1.4742991924285889
752,0.7513999938964844,0.7537997364997864,0.43700000643730164,1.89066481590271
753,0.7462000250816345,0.7643239498138428,0.5770000219345093,1.2668564319610596
754,0.7558000087738037,0.7471963167190552,0.546500027179718,1.3702551126480103
755,0.7540000081062317,0.7565695643424988,0.546999990940094,1.3566361665725708
756,0.7516000270843506,0.7510900497436523,0.5544999837875366,1.3497827053070068
757,0.753600001335144,0.7448729276657104,0.5609999895095825,1.3547829389572144
758,0.7558000087738037,0.7469128370285034,0.5534999966621399,1.4199379682540894
759,0.7544000148773193,0.7496798038482666,0.5755000114440918,1.2883237600326538
760,0.7502999901771545,0.7476696968078613,0.5674999952316284,1.29985511302948
761,0.7562999725341797,0.7448992729187012,0.5450000166893005,1.4040695428848267
762,0.753000020980835,0.746514618396759,0.5550000071525574,1.3163766860961914
763,0.7559999823570251,0.7387573719024658,0.5529999732971191,1.3682518005371094
764,0.7527999877929688,0.74559485912323,0.5375000238418579,1.383119821548462
765,0.7573000192642212,0.7383348941802979,0.5224999785423279,1.441533088684082
766,0.7556999921798706,0.7422401309013367,0.5569999814033508,1.3679835796356201
767,0.7551000118255615,0.7419049143791199,0.5609999895095825,1.3088427782058716
768,0.7538999915122986,0.7387227416038513,0.593500018119812,1.254529595375061
769,0.7620000243186951,0.731024980545044,0.5640000104904175,1.3939995765686035
770,0.7526999711990356,0.7409203052520752,0.5770000219345093,1.2799862623214722
771,0.7566999793052673,0.738580584526062,0.4964999854564667,1.5964235067367554
772,0.7585999965667725,0.7331752181053162,0.5485000014305115,1.3590108156204224
773,0.7635999917984009,0.7293354868888855,0.5680000185966492,1.3171008825302124
774,0.7605999708175659,0.7295823693275452,0.5565000176429749,1.3793890476226807
775,0.7542999982833862,0.7355942726135254,0.5755000114440918,1.2945524454116821
776,0.7591999769210815,0.7296505570411682,0.5534999966621399,1.3948156833648682
777,0.7590000033378601,0.7340170741081238,0.5674999952316284,1.3192598819732666
778,0.760699987411499,0.7292234897613525,0.5809999704360962,1.3254152536392212
779,0.7646999955177307,0.7232336401939392,0.5540000200271606,1.4055224657058716
780,0.7657999992370605,0.7247623801231384,0.5554999709129333,1.414635181427002
781,0.7613999843597412,0.7278786301612854,0.5410000085830688,1.4153426885604858
782,0.7609000205993652,0.7317162752151489,0.5600000023841858,1.3197122812271118
783,0.7633000016212463,0.7237839698791504,0.5824999809265137,1.3141984939575195
784,0.7645999789237976,0.7221605777740479,0.5674999952316284,1.314422607421875
785,0.765999972820282,0.7202191352844238,0.5755000114440918,1.2844243049621582
786,0.7649000287055969,0.7202953100204468,0.5425000190734863,1.4129382371902466
787,0.7613000273704529,0.72171950340271,0.559499979019165,1.3397936820983887
788,0.7639999985694885,0.7216957211494446,0.5590000152587891,1.3807625770568848
789,0.7645000219345093,0.7138935327529907,0.546500027179718,1.4139692783355713
790,0.7651000022888184,0.7168574929237366,0.5615000128746033,1.3668761253356934
791,0.7657999992370605,0.7160792946815491,0.5835000276565552,1.3152228593826294
792,0.7644000053405762,0.713226318359375,0.5254999995231628,1.5040864944458008
793,0.7623000144958496,0.723889172077179,0.5665000081062317,1.3411866426467896
794,0.7685999870300293,0.7103675007820129,0.48649999499320984,1.6652946472167969
795,0.7649000287055969,0.7222186326980591,0.4964999854564667,1.6523593664169312
796,0.7628999948501587,0.7194568514823914,0.5544999837875366,1.3512799739837646
797,0.7664999961853027,0.7073026299476624,0.5774999856948853,1.2941107749938965
798,0.76910001039505,0.7053297162055969,0.5669999718666077,1.3144348859786987
799,0.7698000073432922,0.7041445970535278,0.5724999904632568,1.3433470726013184
800,0.76419997215271,0.7071346044540405,0.5440000295639038,1.384824275970459
801,0.7730000019073486,0.7018548250198364,0.5189999938011169,1.5080291032791138
802,0.7698000073432922,0.7004709243774414,0.5845000147819519,1.2792549133300781
803,0.7723000049591064,0.7012717723846436,0.5715000033378601,1.3673344850540161
804,0.7724999785423279,0.7012279629707336,0.5644999742507935,1.3410944938659668
805,0.7702999711036682,0.7010830044746399,0.5730000138282776,1.340955376625061
806,0.7757999897003174,0.6989285349845886,0.5799999833106995,1.3097527027130127
807,0.7692000269889832,0.6988693475723267,0.5600000023841858,1.3736965656280518
808,0.7728999853134155,0.697485089302063,0.550000011920929,1.369864821434021
809,0.7749000191688538,0.6945694088935852,0.5715000033378601,1.3336760997772217
810,0.7739999890327454,0.6940944790840149,0.5615000128746033,1.4280939102172852
811,0.7687000036239624,0.7042927742004395,0.5835000276565552,1.2929470539093018
812,0.7724999785423279,0.6957563757896423,0.5274999737739563,1.4680451154708862
813,0.7684999704360962,0.6951755285263062,0.531000018119812,1.4436759948730469
814,0.7749999761581421,0.6897112727165222,0.546500027179718,1.4106838703155518
815,0.777400016784668,0.6864220499992371,0.5584999918937683,1.34463632106781
816,0.7789999842643738,0.6868619918823242,0.5640000104904175,1.3627703189849854
817,0.7789000272750854,0.6841387152671814,0.48750001192092896,1.6070656776428223
818,0.7706000208854675,0.6978166699409485,0.5830000042915344,1.2789316177368164
819,0.771399974822998,0.6933973431587219,0.5354999899864197,1.4297540187835693
820,0.777999997138977,0.6874647736549377,0.503000020980835,1.64943265914917
821,0.781000018119812,0.6870004534721375,0.5619999766349792,1.3432085514068604
822,0.7746000289916992,0.6884490251541138,0.5814999938011169,1.2921080589294434
823,0.7781999707221985,0.6818130612373352,0.574999988079071,1.3339143991470337
824,0.7775999903678894,0.682523250579834,0.5839999914169312,1.3161702156066895
825,0.7768999934196472,0.6806974411010742,0.5360000133514404,1.4529281854629517
826,0.7813000082969666,0.6764000654220581,0.5619999766349792,1.3536531925201416
827,0.7817999720573425,0.6766764521598816,0.5515000224113464,1.4088280200958252
828,0.7814000248908997,0.6767286658287048,0.5889999866485596,1.2742867469787598
829,0.7809000015258789,0.6740704774856567,0.5709999799728394,1.337633490562439
830,0.7784000039100647,0.6774139404296875,0.5569999814033508,1.389166235923767
831,0.7817999720573425,0.6760602593421936,0.5575000047683716,1.400655746459961
832,0.7820000052452087,0.6702282428741455,0.5329999923706055,1.4487873315811157
833,0.77920001745224,0.6806176900863647,0.5860000252723694,1.2818007469177246
834,0.7849000096321106,0.6684755086898804,0.5814999938011169,1.314782738685608
835,0.7817000150680542,0.6711938381195068,0.5665000081062317,1.400063395500183
836,0.7870000004768372,0.6666362881660461,0.4970000088214874,1.5447649955749512
837,0.7789000272750854,0.672438383102417,0.574999988079071,1.35276198387146
838,0.7851999998092651,0.6662423610687256,0.5350000262260437,1.4777841567993164
839,0.777999997138977,0.6680045127868652,0.5745000243186951,1.3301737308502197
840,0.7825000286102295,0.669508159160614,0.5329999923706055,1.5218665599822998
841,0.7842000126838684,0.6629748344421387,0.5630000233650208,1.3887888193130493
842,0.7850000262260437,0.6653000712394714,0.5580000281333923,1.397889494895935
843,0.7840999960899353,0.6633331179618835,0.5034999847412109,1.5861769914627075
844,0.784500002861023,0.6651471853256226,0.5335000157356262,1.4473481178283691
845,0.7878999710083008,0.6601556539535522,0.5370000004768372,1.551140546798706
846,0.7885000109672546,0.6646109223365784,0.5410000085830688,1.467434048652649
847,0.7870000004768372,0.6565951704978943,0.5774999856948853,1.3675868511199951
848,0.7889000177383423,0.6551058292388916,0.5605000257492065,1.3698300123214722
849,0.7900000214576721,0.6564747095108032,0.5684999823570251,1.3344708681106567
850,0.7870000004768372,0.6572904586791992,0.5565000176429749,1.3653162717819214
851,0.7858999967575073,0.6548514366149902,0.5774999856948853,1.3058679103851318
852,0.784500002861023,0.6577140688896179,0.5454999804496765,1.4022328853607178
853,0.795199990272522,0.6492758989334106,0.578000009059906,1.3554601669311523
854,0.7874000072479248,0.651070773601532,0.5764999985694885,1.3270692825317383
855,0.7857999801635742,0.6512423753738403,0.5795000195503235,1.3121893405914307
856,0.7954000234603882,0.6437546014785767,0.5814999938011169,1.3232299089431763
857,0.7940999865531921,0.6433849334716797,0.5724999904632568,1.3430018424987793
858,0.7929999828338623,0.6467529535293579,0.5734999775886536,1.3177192211151123
859,0.7922000288963318,0.6443970203399658,0.5034999847412109,1.6642866134643555
860,0.788100004196167,0.6521179676055908,0.578499972820282,1.3213326930999756
861,0.7919999957084656,0.6430042386054993,0.5584999918937683,1.3833824396133423
862,0.7922000288963318,0.6399177312850952,0.5730000138282776,1.3321396112442017
863,0.7954000234603882,0.6422873735427856,0.5715000033378601,1.3206053972244263
864,0.7900000214576721,0.6463896632194519,0.578000009059906,1.3339691162109375
865,0.7950999736785889,0.6365116834640503,0.5335000157356262,1.4360873699188232
866,0.7919999957084656,0.6458733677864075,0.5730000138282776,1.385841727256775
867,0.7936000227928162,0.6391770243644714,0.5855000019073486,1.311360239982605
868,0.7950999736785889,0.6352670788764954,0.5630000233650208,1.368901014328003
869,0.7950000166893005,0.6346328854560852,0.5009999871253967,1.5674183368682861
870,0.791700005531311,0.6435388922691345,0.5550000071525574,1.3687275648117065
871,0.7936999797821045,0.6349602341651917,0.574999988079071,1.3201932907104492
872,0.7929999828338623,0.6382861137390137,0.5304999947547913,1.5595937967300415
873,0.7922000288963318,0.6388543844223022,0.5005000233650208,1.7152366638183594
874,0.794700026512146,0.6378874778747559,0.5789999961853027,1.3610318899154663
875,0.7994999885559082,0.6213359236717224,0.5684999823570251,1.403088092803955
876,0.8001999855041504,0.6254900097846985,0.4790000021457672,1.790560007095337
877,0.7960000038146973,0.6382896900177002,0.5640000104904175,1.3776503801345825
878,0.7979000210762024,0.6245704293251038,0.5515000224113464,1.4964340925216675
879,0.7968000173568726,0.6264228820800781,0.5789999961853027,1.3736966848373413
880,0.7954000234603882,0.6329073309898376,0.5394999980926514,1.454359531402588
881,0.8004000186920166,0.6245759725570679,0.5070000290870667,1.5461150407791138
882,0.7990999817848206,0.6266958713531494,0.5364999771118164,1.6227344274520874
883,0.8011999726295471,0.622474193572998,0.559499979019165,1.3658664226531982
884,0.8014000058174133,0.6207927465438843,0.5609999895095825,1.383413553237915
885,0.8014000058174133,0.618958055973053,0.5680000185966492,1.3938111066818237
886,0.7991999983787537,0.6231983304023743,0.5289999842643738,1.5062285661697388
887,0.8051000237464905,0.6126347780227661,0.5774999856948853,1.3978407382965088
888,0.8044999837875366,0.6141685843467712,0.5044999718666077,1.7191553115844727
889,0.7967000007629395,0.6248295307159424,0.5605000257492065,1.4048982858657837
890,0.8037999868392944,0.614206850528717,0.5554999709129333,1.5165561437606812
891,0.8043000102043152,0.6183410882949829,0.5820000171661377,1.389311671257019
892,0.8051000237464905,0.6134169697761536,0.5830000042915344,1.3402926921844482
893,0.8026000261306763,0.6115916967391968,0.5730000138282776,1.343156337738037
894,0.8021000027656555,0.6115580797195435,0.5444999933242798,1.5146064758300781
895,0.8076000213623047,0.6123387813568115,0.5805000066757202,1.317041039466858
896,0.8055999875068665,0.6100172996520996,0.5385000109672546,1.4921302795410156
897,0.8087999820709229,0.6053686738014221,0.5534999966621399,1.3873376846313477
898,0.8046000003814697,0.6068377494812012,0.5350000262260437,1.475801944732666
899,0.8108000159263611,0.6046292781829834,0.5414999723434448,1.4901553392410278
900,0.8077999949455261,0.6052417159080505,0.5565000176429749,1.442911982536316
901,0.8076000213623047,0.6085631251335144,0.5239999890327454,1.5567229986190796
902,0.8034999966621399,0.6099693179130554,0.5605000257492065,1.4318127632141113
903,0.8084999918937683,0.6008359789848328,0.5295000076293945,1.4940619468688965
904,0.8111000061035156,0.5992079973220825,0.5615000128746033,1.4773759841918945
905,0.8083000183105469,0.6006187796592712,0.5789999961853027,1.3701051473617554
906,0.8112000226974487,0.5941622257232666,0.5634999871253967,1.4950082302093506
907,0.8119000196456909,0.6017093658447266,0.5195000171661377,1.641348123550415
908,0.8095999956130981,0.5972173810005188,0.5630000233650208,1.4041779041290283
909,0.8083000183105469,0.593696117401123,0.5789999961853027,1.3494921922683716
910,0.8087999820709229,0.5990545749664307,0.5605000257492065,1.3951399326324463
911,0.8125,0.591324508190155,0.5740000009536743,1.3585894107818604
912,0.8111000061035156,0.5950314402580261,0.559499979019165,1.4220112562179565
913,0.8108999729156494,0.5951842069625854,0.5640000104904175,1.4162636995315552
914,0.8151999711990356,0.5866075754165649,0.5005000233650208,1.6207467317581177
915,0.8100000023841858,0.596012532711029,0.5590000152587891,1.4859257936477661
916,0.8100000023841858,0.5933790802955627,0.5289999842643738,1.5378254652023315
917,0.8120999932289124,0.5893706679344177,0.4945000112056732,1.7676396369934082
918,0.8136000037193298,0.5896480679512024,0.5055000185966492,1.7613444328308105
919,0.8100000023841858,0.590438961982727,0.5874999761581421,1.354068398475647
920,0.8159999847412109,0.5841163396835327,0.5705000162124634,1.4108564853668213
921,0.8144999742507935,0.5862962603569031,0.5554999709129333,1.4055109024047852
922,0.8181999921798706,0.5800681710243225,0.5774999856948853,1.3998079299926758
923,0.8162000179290771,0.5835326910018921,0.5669999718666077,1.378652572631836
924,0.8154000043869019,0.578605592250824,0.5565000176429749,1.5156257152557373
925,0.815500020980835,0.5782405734062195,0.5640000104904175,1.444399118423462
926,0.8177000284194946,0.5806642174720764,0.5404999852180481,1.5370604991912842
927,0.8216000199317932,0.576147198677063,0.5304999947547913,1.4683918952941895
928,0.8185999989509583,0.5765328407287598,0.5584999918937683,1.4249913692474365
929,0.8202000260353088,0.569153368473053,0.5565000176429749,1.4340453147888184
930,0.8188999891281128,0.5723382830619812,0.578000009059906,1.367548942565918
931,0.8215000033378601,0.5710117220878601,0.5534999966621399,1.382378339767456
932,0.8159000277519226,0.5757253170013428,0.5490000247955322,1.4565556049346924
933,0.8194000124931335,0.5745087265968323,0.5529999732971191,1.4241580963134766
934,0.8198999762535095,0.5713692307472229,0.5559999942779541,1.5161036252975464
935,0.8184000253677368,0.5737568140029907,0.5640000104904175,1.4025659561157227
936,0.8223999738693237,0.5663431286811829,0.5625,1.4422428607940674
937,0.8173999786376953,0.573801577091217,0.546500027179718,1.5071420669555664
938,0.8202999830245972,0.5672600865364075,0.4880000054836273,1.8226226568222046
939,0.820900022983551,0.5728254318237305,0.5575000047683716,1.41576087474823
940,0.8223999738693237,0.5668758153915405,0.5705000162124634,1.3663110733032227
941,0.8242999911308289,0.5658835172653198,0.5120000243186951,1.6709669828414917
942,0.8177000284194946,0.5695492029190063,0.546500027179718,1.537588119506836
943,0.8263000249862671,0.5594475269317627,0.5684999823570251,1.4443480968475342
944,0.8248999714851379,0.5585236549377441,0.4959999918937683,1.8983808755874634
945,0.8267999887466431,0.5592231750488281,0.460999995470047,2.10886549949646
946,0.8210999965667725,0.5680009722709656,0.5174999833106995,1.6795356273651123
947,0.8256999850273132,0.5570102334022522,0.5720000267028809,1.3856490850448608
948,0.8194000124931335,0.5652481317520142,0.546999990940094,1.4679439067840576
949,0.826200008392334,0.5564674735069275,0.5245000123977661,1.5918254852294922
950,0.8219000101089478,0.5633039474487305,0.5055000185966492,1.690049409866333
951,0.82669997215271,0.5555793046951294,0.5580000281333923,1.4351023435592651
952,0.8260999917984009,0.551888644695282,0.5770000219345093,1.3839329481124878
953,0.8270999789237976,0.5510739088058472,0.5099999904632568,1.6800352334976196
954,0.8300999999046326,0.5490615963935852,0.5730000138282776,1.3766109943389893
955,0.8255000114440918,0.545937716960907,0.5649999976158142,1.4218122959136963
956,0.8299999833106995,0.5506389141082764,0.5644999742507935,1.4533095359802246
957,0.8276000022888184,0.5438028573989868,0.5770000219345093,1.3769502639770508
958,0.8281000256538391,0.5485869646072388,0.5260000228881836,1.5910362005233765
959,0.8294000029563904,0.5489922165870667,0.5690000057220459,1.3999747037887573
960,0.8307999968528748,0.5449349284172058,0.5720000267028809,1.407408595085144
961,0.8324999809265137,0.5426949858665466,0.5619999766349792,1.3948675394058228
962,0.8331000208854675,0.5428706407546997,0.5730000138282776,1.3907567262649536
963,0.8312000036239624,0.5430814027786255,0.5764999985694885,1.4375321865081787
964,0.8313000202178955,0.5399377346038818,0.5544999837875366,1.4373822212219238
965,0.8345999717712402,0.5353872776031494,0.5389999747276306,1.5868698358535767
966,0.8309000134468079,0.5442600846290588,0.5814999938011169,1.393572211265564
967,0.8348000049591064,0.5334771871566772,0.5569999814033508,1.4468351602554321
968,0.8371000289916992,0.533035933971405,0.5684999823570251,1.3992167711257935
969,0.8299999833106995,0.5380974411964417,0.503000020980835,1.635539174079895
970,0.8295000195503235,0.5428114533424377,0.5899999737739563,1.3561183214187622
971,0.8363999724388123,0.5292996764183044,0.5519999861717224,1.463282823562622
972,0.8341000080108643,0.5338903665542603,0.5644999742507935,1.4478448629379272
973,0.8327999711036682,0.5347050428390503,0.5504999756813049,1.5553431510925293
974,0.8352000117301941,0.5326988101005554,0.5049999952316284,1.714836835861206
975,0.833899974822998,0.5314728021621704,0.5774999856948853,1.3889142274856567
976,0.8392000198364258,0.5235739946365356,0.5435000061988831,1.5084433555603027
977,0.8276000022888184,0.5418132543563843,0.5699999928474426,1.4735963344573975
978,0.8363999724388123,0.5247380137443542,0.5824999809265137,1.3431769609451294
979,0.8317000269889832,0.5276548266410828,0.5490000247955322,1.4830296039581299
980,0.833899974822998,0.5292268991470337,0.5600000023841858,1.470770239830017
981,0.8330000042915344,0.5245463848114014,0.5460000038146973,1.49129319190979
982,0.8363999724388123,0.5251867771148682,0.559499979019165,1.5036635398864746
983,0.8410000205039978,0.5156564116477966,0.5264999866485596,1.6110775470733643
984,0.8360000252723694,0.5222132205963135,0.5534999966621399,1.4626892805099487
985,0.840399980545044,0.5200163722038269,0.5649999976158142,1.4706850051879883
986,0.8407999873161316,0.5178016424179077,0.5649999976158142,1.5357983112335205
987,0.8367000222206116,0.5221348404884338,0.5569999814033508,1.437936782836914
988,0.8431000113487244,0.5140798091888428,0.5299999713897705,1.639102578163147
989,0.8353999853134155,0.5276301503181458,0.5224999785423279,1.6554358005523682
990,0.8384000062942505,0.5184123516082764,0.5680000185966492,1.4339128732681274
991,0.8424000144004822,0.5128865242004395,0.4959999918937683,1.9054081439971924
992,0.836899995803833,0.5258709192276001,0.5619999766349792,1.567123293876648
993,0.8410999774932861,0.5153459310531616,0.5354999899864197,1.6232805252075195
994,0.8432999849319458,0.5080556273460388,0.5774999856948853,1.446405291557312
995,0.8427000045776367,0.5071293711662292,0.5745000243186951,1.4744611978530884
996,0.8406999707221985,0.5126169919967651,0.5519999861717224,1.5780404806137085
997,0.8396999835968018,0.5155419707298279,0.5569999814033508,1.4555644989013672
998,0.8452000021934509,0.5055118799209595,0.5460000038146973,1.5713924169540405
999,0.8411999940872192,0.5142097473144531,0.5490000247955322,1.4872654676437378
