epoch,accuracy,loss,val_accuracy,val_loss
0,0.08389999717473984,2.304433822631836,0.08649999648332596,2.3022754192352295
1,0.1005999967455864,2.297523021697998,0.11249999701976776,2.2958710193634033
2,0.11800000071525574,2.2919232845306396,0.13650000095367432,2.2899632453918457
3,0.14219999313354492,2.2864742279052734,0.16099999845027924,2.284741163253784
4,0.16040000319480896,2.281259298324585,0.1850000023841858,2.2794079780578613
5,0.17389999330043793,2.275770664215088,0.19449999928474426,2.273637533187866
6,0.17900000512599945,2.2697389125823975,0.19750000536441803,2.267169952392578
7,0.18690000474452972,2.2630221843719482,0.1899999976158142,2.260455369949341
8,0.19599999487400055,2.255192518234253,0.2084999978542328,2.251279592514038
9,0.20340000092983246,2.245981454849243,0.2045000046491623,2.241492986679077
10,0.20909999310970306,2.23544979095459,0.20999999344348907,2.230264663696289
11,0.21040000021457672,2.223314046859741,0.20749999582767487,2.217665910720825
12,0.21459999680519104,2.2096245288848877,0.21899999678134918,2.202470541000366
13,0.22020000219345093,2.1941885948181152,0.2240000069141388,2.185642957687378
14,0.22210000455379486,2.1772193908691406,0.22450000047683716,2.167445659637451
15,0.2298000007867813,2.158907175064087,0.2345000058412552,2.149721622467041
16,0.2328999936580658,2.1404201984405518,0.21950000524520874,2.1309423446655273
17,0.2378000020980835,2.121655225753784,0.23899999260902405,2.113028049468994
18,0.2425999939441681,2.1041762828826904,0.23649999499320984,2.0952208042144775
19,0.2443999946117401,2.086949348449707,0.24400000274181366,2.0785515308380127
20,0.24660000205039978,2.0716991424560547,0.2535000145435333,2.0634372234344482
21,0.2542000114917755,2.0583157539367676,0.2460000067949295,2.05385160446167
22,0.25699999928474426,2.0461413860321045,0.2475000023841858,2.0456960201263428
23,0.25940001010894775,2.035648822784424,0.26600000262260437,2.0337302684783936
24,0.26460000872612,2.0262725353240967,0.2475000023841858,2.039595603942871
25,0.2639000117778778,2.0183465480804443,0.25699999928474426,2.0169835090637207
26,0.2712000012397766,2.0093369483947754,0.2574999928474426,2.007812738418579
27,0.2718000113964081,2.001605749130249,0.2644999921321869,2.0007400512695312
28,0.2768999934196472,1.9944552183151245,0.2630000114440918,1.9953662157058716
29,0.27880001068115234,1.9875518083572388,0.27300000190734863,1.9904447793960571
30,0.2833000123500824,1.9807099103927612,0.2750000059604645,1.980204701423645
31,0.2818000018596649,1.973749041557312,0.2784999907016754,1.978454351425171
32,0.2892000079154968,1.9672998189926147,0.27950000762939453,1.9696786403656006
33,0.2865000069141388,1.960913896560669,0.27900001406669617,1.962186574935913
34,0.2944999933242798,1.954319715499878,0.28299999237060547,1.9573092460632324
35,0.2978000044822693,1.9469187259674072,0.2865000069141388,1.9528416395187378
36,0.3012999892234802,1.9409574270248413,0.2854999899864197,1.9549658298492432
37,0.3052999973297119,1.9345359802246094,0.2879999876022339,1.940842628479004
38,0.3068999946117401,1.927903175354004,0.29100000858306885,1.932279109954834
39,0.30799999833106995,1.9214494228363037,0.3019999861717224,1.9285962581634521
40,0.31200000643730164,1.9137980937957764,0.29899999499320984,1.9252560138702393
41,0.31130000948905945,1.908721923828125,0.29899999499320984,1.9312807321548462
42,0.3163999915122986,1.9024261236190796,0.30250000953674316,1.9116166830062866
43,0.31439998745918274,1.8954956531524658,0.30250000953674316,1.9079641103744507
44,0.31929999589920044,1.8899720907211304,0.3165000081062317,1.895189642906189
45,0.32120001316070557,1.8839470148086548,0.31850001215934753,1.8904210329055786
46,0.3264000117778778,1.8779828548431396,0.3009999990463257,1.9106720685958862
47,0.32850000262260437,1.8726484775543213,0.3199999928474426,1.8832578659057617
48,0.32749998569488525,1.8666869401931763,0.3199999928474426,1.873931884765625
49,0.3330000042915344,1.860721468925476,0.328000009059906,1.8704279661178589
50,0.33340001106262207,1.8555470705032349,0.33000001311302185,1.8673627376556396
51,0.3377000093460083,1.8503146171569824,0.3199999928474426,1.860553503036499
52,0.3434999883174896,1.8446580171585083,0.3345000147819519,1.852615237236023
53,0.3434000015258789,1.8401156663894653,0.33399999141693115,1.850900650024414
54,0.3400000035762787,1.8360105752944946,0.3255000114440918,1.844988226890564
55,0.34610000252723694,1.8297193050384521,0.32749998569488525,1.8595131635665894
56,0.3483000099658966,1.8247320652008057,0.32899999618530273,1.8450746536254883
57,0.3499000072479248,1.8200857639312744,0.33649998903274536,1.8377795219421387
58,0.35190001130104065,1.8160754442214966,0.32600000500679016,1.8464975357055664
59,0.3529999852180481,1.812525987625122,0.3319999873638153,1.8362466096878052
60,0.3569999933242798,1.8060734272003174,0.3330000042915344,1.84203040599823
61,0.3580999970436096,1.8021248579025269,0.3375000059604645,1.8326069116592407
62,0.3573000133037567,1.796396255493164,0.33000001311302185,1.8498632907867432
63,0.36010000109672546,1.7928146123886108,0.3240000009536743,1.851751685142517
64,0.3628999888896942,1.7898627519607544,0.3449999988079071,1.8161026239395142
65,0.36340001225471497,1.7831615209579468,0.35600000619888306,1.7939307689666748
66,0.3635999858379364,1.7796838283538818,0.35899999737739563,1.8007490634918213
67,0.36739999055862427,1.7753249406814575,0.35899999737739563,1.7990669012069702
68,0.37119999527931213,1.7707818746566772,0.3569999933242798,1.7951093912124634
69,0.37229999899864197,1.7672607898712158,0.34549999237060547,1.8048996925354004
70,0.37290000915527344,1.7634185552597046,0.3375000059604645,1.807659387588501
71,0.37119999527931213,1.7599406242370605,0.3610000014305115,1.7722772359848022
72,0.3750999867916107,1.7541431188583374,0.33399999141693115,1.793157935142517
73,0.3781000077724457,1.7499057054519653,0.35350000858306885,1.7692017555236816
74,0.37959998846054077,1.7462544441223145,0.3580000102519989,1.7684388160705566
75,0.3788999915122986,1.7420250177383423,0.37049999833106995,1.7584224939346313
76,0.3765999972820282,1.7380294799804688,0.359499990940094,1.772068977355957
77,0.38029998540878296,1.7347484827041626,0.35850000381469727,1.7674458026885986
78,0.38530001044273376,1.7301400899887085,0.34850001335144043,1.7980726957321167
79,0.38499999046325684,1.725846529006958,0.36649999022483826,1.7551125288009644
80,0.384799987077713,1.722307562828064,0.3605000078678131,1.766069769859314
81,0.38429999351501465,1.7188117504119873,0.3774999976158142,1.7290871143341064
82,0.3871999979019165,1.7150052785873413,0.36800000071525574,1.7496572732925415
83,0.39079999923706055,1.7104847431182861,0.36800000071525574,1.7638981342315674
84,0.38920000195503235,1.708648443222046,0.37299999594688416,1.7378437519073486
85,0.3935999870300293,1.7024122476577759,0.35499998927116394,1.7781144380569458
86,0.391400009393692,1.6994972229003906,0.3799999952316284,1.7145111560821533
87,0.39340001344680786,1.6957308053970337,0.3930000066757202,1.7095506191253662
88,0.3935999870300293,1.6930441856384277,0.375,1.7207729816436768
89,0.39320001006126404,1.6881088018417358,0.39100000262260437,1.7073510885238647
90,0.3955000042915344,1.6853970289230347,0.3695000112056732,1.7339630126953125
91,0.3950999975204468,1.6805570125579834,0.39649999141693115,1.7097281217575073
92,0.39570000767707825,1.6784995794296265,0.3634999990463257,1.7928259372711182
93,0.40059998631477356,1.6743460893630981,0.3919999897480011,1.7123916149139404
94,0.40070000290870667,1.6690261363983154,0.3970000147819519,1.6884722709655762
95,0.400299996137619,1.6663212776184082,0.3869999945163727,1.6989182233810425
96,0.40560001134872437,1.6632148027420044,0.3384999930858612,1.8389261960983276
97,0.40290001034736633,1.659887671470642,0.39649999141693115,1.6856520175933838
98,0.4059999883174896,1.6548292636871338,0.3799999952316284,1.7241302728652954
99,0.4041999876499176,1.6519640684127808,0.39250001311302185,1.687649130821228
100,0.40779998898506165,1.6498090028762817,0.39250001311302185,1.6790568828582764
101,0.4058000147342682,1.6454713344573975,0.36399999260902405,1.74326753616333
102,0.4108999967575073,1.6426891088485718,0.3815000057220459,1.7138887643814087
103,0.4117000102996826,1.6403520107269287,0.39800000190734863,1.6801446676254272
104,0.4117000102996826,1.6362518072128296,0.39649999141693115,1.6858242750167847
105,0.4113999903202057,1.6329365968704224,0.40149998664855957,1.666185736656189
106,0.41519999504089355,1.630141258239746,0.3785000145435333,1.678278923034668
107,0.41690000891685486,1.6264458894729614,0.40950000286102295,1.6458799839019775
108,0.4162999987602234,1.6232997179031372,0.4104999899864197,1.6431528329849243
109,0.41839998960494995,1.619370937347412,0.4180000126361847,1.6353933811187744
110,0.4171000123023987,1.6171021461486816,0.398499995470047,1.684374213218689
111,0.42080000042915344,1.6148948669433594,0.3855000138282776,1.6734257936477661
112,0.4207000136375427,1.61191987991333,0.40700000524520874,1.6547303199768066
113,0.4212999939918518,1.6081514358520508,0.40700000524520874,1.639530062675476
114,0.42170000076293945,1.604706048965454,0.38850000500679016,1.7552802562713623
115,0.4214000105857849,1.6038432121276855,0.39399999380111694,1.6735951900482178
116,0.42089998722076416,1.6025160551071167,0.4074999988079071,1.6569433212280273
117,0.4268999993801117,1.5976237058639526,0.40700000524520874,1.6626932621002197
118,0.4230000078678131,1.5964546203613281,0.4165000021457672,1.6277769804000854
119,0.4311999976634979,1.5928560495376587,0.41499999165534973,1.6072545051574707
120,0.4307999908924103,1.5897188186645508,0.40049999952316284,1.6322420835494995
121,0.429500013589859,1.5884548425674438,0.4154999852180481,1.6160781383514404
122,0.430400013923645,1.5835893154144287,0.4189999997615814,1.605846643447876
123,0.4302999973297119,1.5827103853225708,0.4115000069141388,1.6398154497146606
124,0.4309999942779541,1.5794897079467773,0.4124999940395355,1.601993203163147
125,0.43290001153945923,1.5759763717651367,0.40450000762939453,1.6918458938598633
126,0.435699999332428,1.5745439529418945,0.42100000381469727,1.6250848770141602
127,0.43470001220703125,1.5716197490692139,0.39649999141693115,1.626346230506897
128,0.4361000061035156,1.5693565607070923,0.3944999873638153,1.7620048522949219
129,0.43529999256134033,1.572014570236206,0.42399999499320984,1.5964628458023071
130,0.4377000033855438,1.564546823501587,0.4205000102519989,1.5844640731811523
131,0.4350999891757965,1.564104676246643,0.40450000762939453,1.645446538925171
132,0.4375999867916107,1.5619993209838867,0.41600000858306885,1.5889520645141602
133,0.4374000132083893,1.5575851202011108,0.41449999809265137,1.6127398014068604
134,0.4422999918460846,1.5552446842193604,0.4300000071525574,1.580586314201355
135,0.4431999921798706,1.5538153648376465,0.4074999988079071,1.6339092254638672
136,0.4399999976158142,1.554995059967041,0.414000004529953,1.6064198017120361
137,0.44440001249313354,1.550704836845398,0.42750000953674316,1.5929608345031738
138,0.4424999952316284,1.5491098165512085,0.42649999260902405,1.5823092460632324
139,0.4480000138282776,1.5462307929992676,0.42399999499320984,1.5743085145950317
140,0.445499986410141,1.5429701805114746,0.42149999737739563,1.6023765802383423
141,0.4433000087738037,1.5414934158325195,0.41749998927116394,1.6261394023895264
142,0.44449999928474426,1.540791630744934,0.4169999957084656,1.6233798265457153
143,0.4487000107765198,1.5398603677749634,0.4309999942779541,1.5622025728225708
144,0.4498000144958496,1.5384565591812134,0.42500001192092896,1.5683579444885254
145,0.4471000134944916,1.5352940559387207,0.414000004529953,1.5949372053146362
146,0.4480000138282776,1.5322657823562622,0.42649999260902405,1.5643423795700073
147,0.44589999318122864,1.5300620794296265,0.4154999852180481,1.5970913171768188
148,0.45320001244544983,1.5278421640396118,0.35899999737739563,1.8115922212600708
149,0.44999998807907104,1.5309196710586548,0.3384999930858612,2.0646486282348633
150,0.4499000012874603,1.5308200120925903,0.4235000014305115,1.5676685571670532
151,0.44830000400543213,1.522413969039917,0.42649999260902405,1.5628973245620728
152,0.45329999923706055,1.522555947303772,0.40400001406669617,1.6596001386642456
153,0.4512999951839447,1.5205403566360474,0.4115000069141388,1.6143367290496826
154,0.4519999921321869,1.51936936378479,0.4375,1.547155737876892
155,0.4546000063419342,1.5159469842910767,0.3935000002384186,1.6220346689224243
156,0.4544000029563904,1.5183298587799072,0.4269999861717224,1.562879204750061
157,0.4521999955177307,1.5146629810333252,0.42399999499320984,1.5568554401397705
158,0.45750001072883606,1.510528326034546,0.43299999833106995,1.552932620048523
159,0.4580000042915344,1.5101975202560425,0.42750000953674316,1.629305362701416
160,0.4580000042915344,1.5097647905349731,0.4165000021457672,1.5672870874404907
161,0.460099995136261,1.504902720451355,0.43549999594688416,1.571304440498352
162,0.459199994802475,1.504406452178955,0.4009999930858612,1.6746567487716675
163,0.4578999876976013,1.5035682916641235,0.429500013589859,1.57754647731781
164,0.4586000144481659,1.5041608810424805,0.4325000047683716,1.5513131618499756
165,0.4627000093460083,1.5008238554000854,0.445499986410141,1.5324798822402954
166,0.45910000801086426,1.499150276184082,0.4339999854564667,1.542242169380188
167,0.4603999853134155,1.4961860179901123,0.43700000643730164,1.5399917364120483
168,0.4632999897003174,1.4934978485107422,0.4194999933242798,1.6902345418930054
169,0.4625999927520752,1.497570514678955,0.44850000739097595,1.5268609523773193
170,0.4650999903678894,1.492282748222351,0.4284999966621399,1.544829249382019
171,0.46209999918937683,1.4940358400344849,0.2784999907016754,2.406193256378174
172,0.46309998631477356,1.502899408340454,0.42100000381469727,1.5968416929244995
173,0.4618000090122223,1.491149663925171,0.429500013589859,1.5590776205062866
174,0.46309998631477356,1.4896944761276245,0.42899999022483826,1.5947916507720947
175,0.46470001339912415,1.4851970672607422,0.4350000023841858,1.5862213373184204
176,0.46700000762939453,1.4842909574508667,0.44350001215934753,1.5305269956588745
177,0.46540001034736633,1.48219633102417,0.43650001287460327,1.5513949394226074
178,0.4683000147342682,1.481021523475647,0.45350000262260437,1.5250730514526367
179,0.46709999442100525,1.4820157289505005,0.4205000102519989,1.5638997554779053
180,0.46889999508857727,1.477690577507019,0.42899999022483826,1.5947480201721191
181,0.4657000005245209,1.4766581058502197,0.44350001215934753,1.5164811611175537
182,0.4681999981403351,1.4776967763900757,0.4544999897480011,1.514670968055725
183,0.4726000130176544,1.471372365951538,0.4255000054836273,1.5581743717193604
184,0.4740000069141388,1.471516728401184,0.4244999885559082,1.5431225299835205
185,0.47350001335144043,1.4720052480697632,0.45249998569488525,1.542984962463379
186,0.46779999136924744,1.4713131189346313,0.4189999997615814,1.5828341245651245
187,0.47429999709129333,1.4704296588897705,0.4404999911785126,1.577006220817566
188,0.4715000092983246,1.4675222635269165,0.4595000147819519,1.4950778484344482
189,0.4731999933719635,1.469726324081421,0.4309999942779541,1.5840644836425781
190,0.4742000102996826,1.4635099172592163,0.453000009059906,1.5154705047607422
191,0.47540000081062317,1.4610836505889893,0.41499999165534973,1.6068099737167358
192,0.4763000011444092,1.4658846855163574,0.44999998807907104,1.530667781829834
193,0.4742000102996826,1.4602642059326172,0.453000009059906,1.5115457773208618
194,0.4754999876022339,1.4577288627624512,0.46650001406669617,1.4940251111984253
195,0.47429999709129333,1.4588035345077515,0.4620000123977661,1.513576865196228
196,0.47540000081062317,1.4569785594940186,0.4465000033378601,1.5098220109939575
197,0.47620001435279846,1.454143762588501,0.46299999952316284,1.4931749105453491
198,0.4763000011444092,1.4510997533798218,0.45399999618530273,1.5268664360046387
199,0.4781000018119812,1.4521275758743286,0.4465000033378601,1.5055888891220093
200,0.47859999537467957,1.4504215717315674,0.43549999594688416,1.5731627941131592
201,0.4767000079154968,1.4518321752548218,0.46000000834465027,1.4973053932189941
202,0.4794999957084656,1.4487931728363037,0.46050000190734863,1.4963529109954834
203,0.4779999852180481,1.447707176208496,0.4480000138282776,1.5028393268585205
204,0.47440001368522644,1.4467034339904785,0.47099998593330383,1.4883860349655151
205,0.4799000024795532,1.4446673393249512,0.4399999976158142,1.5050009489059448
206,0.4799000024795532,1.4449862241744995,0.46950000524520874,1.4929972887039185
207,0.47920000553131104,1.4426143169403076,0.4569999873638153,1.5169063806533813
208,0.48249998688697815,1.4445630311965942,0.45649999380111694,1.4932453632354736
209,0.4860999882221222,1.4375522136688232,0.4645000100135803,1.4789574146270752
210,0.48010000586509705,1.4407345056533813,0.4359999895095825,1.5976719856262207
211,0.48069998621940613,1.4376124143600464,0.45350000262260437,1.5495140552520752
212,0.4839000105857849,1.4346221685409546,0.41449999809265137,1.6116641759872437
213,0.4830000102519989,1.435171127319336,0.46549999713897705,1.4751415252685547
214,0.48399999737739563,1.4326666593551636,0.4505000114440918,1.53944993019104
215,0.48669999837875366,1.4314621686935425,0.46549999713897705,1.49225914478302
216,0.48559999465942383,1.4329458475112915,0.46650001406669617,1.4770971536636353
217,0.48669999837875366,1.427433729171753,0.45399999618530273,1.608530879020691
218,0.48539999127388,1.4335702657699585,0.45399999618530273,1.558173656463623
219,0.4869000017642975,1.4286011457443237,0.46950000524520874,1.5011733770370483
220,0.48840001225471497,1.424971342086792,0.4620000123977661,1.485113263130188
221,0.4903999865055084,1.42542564868927,0.4645000100135803,1.4829787015914917
222,0.49000000953674316,1.4220502376556396,0.460999995470047,1.4806194305419922
223,0.4887999892234802,1.4240952730178833,0.46050000190734863,1.4706028699874878
224,0.4918000102043152,1.4204329252243042,0.4449999928474426,1.5218391418457031
225,0.4860000014305115,1.42057466506958,0.4339999854564667,1.5797394514083862
226,0.4927999973297119,1.4177467823028564,0.47450000047683716,1.4777355194091797
227,0.4902999997138977,1.4169021844863892,0.47699999809265137,1.4656301736831665
228,0.4936999976634979,1.417419195175171,0.37700000405311584,1.8663008213043213
229,0.49239999055862427,1.4175584316253662,0.45100000500679016,1.5577398538589478
230,0.49140000343322754,1.4163986444473267,0.45500001311302185,1.4946691989898682
231,0.49380001425743103,1.4112658500671387,0.4690000116825104,1.485615849494934
232,0.49459999799728394,1.4112745523452759,0.44350001215934753,1.5352885723114014
233,0.4912000000476837,1.4095652103424072,0.45750001072883606,1.4879138469696045
234,0.4943000078201294,1.410036563873291,0.41200000047683716,1.695755958557129
235,0.49160000681877136,1.410385012626648,0.484499990940094,1.463047742843628
236,0.49470001459121704,1.4048837423324585,0.4749999940395355,1.4784212112426758
237,0.4950000047683716,1.4062528610229492,0.4595000147819519,1.4937423467636108
238,0.4950999915599823,1.4064979553222656,0.47099998593330383,1.5134702920913696
239,0.49900001287460327,1.401350736618042,0.43700000643730164,1.5246280431747437
240,0.49810001254081726,1.4014333486557007,0.3709999918937683,1.9278535842895508
241,0.4966999888420105,1.4034401178359985,0.47200000286102295,1.4554075002670288
242,0.49720001220703125,1.3988337516784668,0.4860000014305115,1.4829723834991455
243,0.49790000915527344,1.400445580482483,0.47099998593330383,1.4629604816436768
244,0.49939998984336853,1.3950650691986084,0.4659999907016754,1.4809887409210205
245,0.49959999322891235,1.398535966873169,0.4855000078678131,1.4398058652877808
246,0.5012999773025513,1.3949804306030273,0.4584999978542328,1.5062116384506226
247,0.501800000667572,1.3926982879638672,0.43700000643730164,1.5327600240707397
248,0.4999000132083893,1.3952003717422485,0.453000009059906,1.501619815826416
249,0.49939998984336853,1.3904324769973755,0.4519999921321869,1.5193012952804565
250,0.5044000148773193,1.3918355703353882,0.43700000643730164,1.5760987997055054
251,0.5006999969482422,1.39357328414917,0.4779999852180481,1.444365382194519
252,0.505299985408783,1.3868194818496704,0.4569999873638153,1.4655953645706177
253,0.503000020980835,1.386615514755249,0.44449999928474426,1.5421226024627686
254,0.5062999725341797,1.385964035987854,0.47699999809265137,1.4837466478347778
255,0.5055999755859375,1.3841408491134644,0.4154999852180481,1.6149287223815918
256,0.5054000020027161,1.385101556777954,0.42500001192092896,1.5962119102478027
257,0.5062999725341797,1.3871785402297974,0.453000009059906,1.5135622024536133
258,0.5030999779701233,1.3825225830078125,0.4740000069141388,1.4571136236190796
259,0.5065000057220459,1.3836416006088257,0.4729999899864197,1.4464757442474365
260,0.5073999762535095,1.377104640007019,0.48100000619888306,1.447318196296692
261,0.5065000057220459,1.3756769895553589,0.47699999809265137,1.4838299751281738
262,0.5074999928474426,1.3769001960754395,0.4909999966621399,1.4333162307739258
263,0.5099999904632568,1.3740593194961548,0.46399998664855957,1.4871160984039307
264,0.505299985408783,1.3768442869186401,0.47600001096725464,1.445776104927063
265,0.5084999799728394,1.3761793375015259,0.45899999141693115,1.4988040924072266
266,0.5074999928474426,1.3737949132919312,0.48750001192092896,1.440758228302002
267,0.508400022983551,1.3727167844772339,0.4814999997615814,1.4824225902557373
268,0.5077000260353088,1.3717529773712158,0.4754999876022339,1.455039381980896
269,0.5103999972343445,1.3710273504257202,0.4814999997615814,1.4281728267669678
270,0.5102999806404114,1.366971731185913,0.4894999861717224,1.4421072006225586
271,0.5103999972343445,1.3652963638305664,0.45249998569488525,1.5091190338134766
272,0.5115000009536743,1.3678771257400513,0.4790000021457672,1.4327296018600464
273,0.5127000212669373,1.3615750074386597,0.48649999499320984,1.4179449081420898
274,0.5108000040054321,1.363655686378479,0.47600001096725464,1.4647072553634644
275,0.5135999917984009,1.36466646194458,0.4424999952316284,1.5354743003845215
276,0.5138000249862671,1.3628332614898682,0.4819999933242798,1.4919495582580566
277,0.5144000053405762,1.3598387241363525,0.49799999594688416,1.429927110671997
278,0.5131999850273132,1.3592716455459595,0.48100000619888306,1.4295138120651245
279,0.51910001039505,1.3575348854064941,0.4514999985694885,1.4874712228775024
280,0.5167999863624573,1.3564560413360596,0.4819999933242798,1.4356260299682617
281,0.5149999856948853,1.3529900312423706,0.4934999942779541,1.430130124092102
282,0.5163000226020813,1.3602832555770874,0.4699999988079071,1.454707145690918
283,0.5162000060081482,1.3544822931289673,0.48100000619888306,1.4360637664794922
284,0.517300009727478,1.3486937284469604,0.48350000381469727,1.4392143487930298
285,0.515999972820282,1.3502967357635498,0.47049999237060547,1.4606825113296509
286,0.5145999789237976,1.3483327627182007,0.46299999952316284,1.4760068655014038
287,0.5159000158309937,1.3520805835723877,0.44350001215934753,1.6028873920440674
288,0.517300009727478,1.3503048419952393,0.49399998784065247,1.4263993501663208
289,0.5220999717712402,1.3446133136749268,0.4860000014305115,1.4269963502883911
290,0.524399995803833,1.3470045328140259,0.47200000286102295,1.457643985748291
291,0.520799994468689,1.3438560962677002,0.49799999594688416,1.4087589979171753
292,0.5202999711036682,1.3462666273117065,0.492000013589859,1.417629599571228
293,0.5224000215530396,1.3422616720199585,0.4975000023841858,1.4122964143753052
294,0.5227000117301941,1.3414850234985352,0.43549999594688416,1.6595940589904785
295,0.519599974155426,1.345421314239502,0.48750001192092896,1.4289777278900146
296,0.5241000056266785,1.3377541303634644,0.49000000953674316,1.4377096891403198
297,0.5228000283241272,1.3377292156219482,0.4909999966621399,1.4194778203964233
298,0.5200999975204468,1.3377183675765991,0.4984999895095825,1.4217746257781982
299,0.5245000123977661,1.33826744556427,0.4880000054836273,1.4112783670425415
300,0.5248000025749207,1.3332690000534058,0.49000000953674316,1.4114855527877808
301,0.5268999934196472,1.3371039628982544,0.4415000081062317,1.5564690828323364
302,0.5250999927520752,1.3332737684249878,0.49549999833106995,1.4313896894454956
303,0.5286999940872192,1.331947684288025,0.42399999499320984,1.7213727235794067
304,0.5238000154495239,1.334399700164795,0.5015000104904175,1.3976045846939087
305,0.5275999903678894,1.3307862281799316,0.4259999990463257,1.590059518814087
306,0.5249999761581421,1.3300145864486694,0.4894999861717224,1.446899652481079
307,0.5254999995231628,1.3299663066864014,0.4749999940395355,1.538357138633728
308,0.5281000137329102,1.326417088508606,0.4884999990463257,1.406107783317566
309,0.5252000093460083,1.323379635810852,0.49549999833106995,1.4037201404571533
310,0.5270000100135803,1.3232765197753906,0.48249998688697815,1.4248930215835571
311,0.5299000144004822,1.3239142894744873,0.484499990940094,1.4281113147735596
312,0.5303999781608582,1.327047348022461,0.49000000953674316,1.4079980850219727
313,0.5327000021934509,1.3173075914382935,0.4880000054836273,1.4092435836791992
314,0.5313000082969666,1.320021152496338,0.4950000047683716,1.3936339616775513
315,0.5304999947547913,1.3193037509918213,0.476500004529953,1.4487265348434448
316,0.5278000235557556,1.3218815326690674,0.4884999990463257,1.4236140251159668
317,0.5318999886512756,1.3192678689956665,0.5034999847412109,1.384031057357788
318,0.5350000262260437,1.3154094219207764,0.4984999895095825,1.3953994512557983
319,0.5332000255584717,1.3175854682922363,0.4860000014305115,1.4187730550765991
320,0.5360000133514404,1.3114372491836548,0.492000013589859,1.4157594442367554
321,0.5324000120162964,1.313364028930664,0.49900001287460327,1.3908556699752808
322,0.5358999967575073,1.3133244514465332,0.4645000100135803,1.5097206830978394
323,0.5349000096321106,1.3134708404541016,0.4724999964237213,1.4582573175430298
324,0.5339000225067139,1.3121432065963745,0.460999995470047,1.4850178956985474
325,0.5367000102996826,1.310451626777649,0.44699999690055847,1.5662740468978882
326,0.5379999876022339,1.3066526651382446,0.4950000047683716,1.4427498579025269
327,0.5335000157356262,1.306576132774353,0.49050000309944153,1.4836816787719727
328,0.5353000164031982,1.3078563213348389,0.5074999928474426,1.3930021524429321
329,0.5360999703407288,1.3039170503616333,0.5130000114440918,1.3855304718017578
330,0.5378999710083008,1.3017246723175049,0.4350000023841858,1.5620684623718262
331,0.5378000140190125,1.3043462038040161,0.5,1.435815691947937
332,0.5343000292778015,1.3056814670562744,0.48750001192092896,1.4104268550872803
333,0.5388000011444092,1.3005037307739258,0.5070000290870667,1.3847779035568237
334,0.5378000140190125,1.3001495599746704,0.43700000643730164,1.5901000499725342
335,0.5370000004768372,1.3005695343017578,0.4984999895095825,1.3854970932006836
336,0.5389000177383423,1.2960944175720215,0.48249998688697815,1.4351118803024292
337,0.5400999784469604,1.2969228029251099,0.5040000081062317,1.4143986701965332
338,0.5407999753952026,1.2969743013381958,0.5070000290870667,1.3949581384658813
339,0.5400000214576721,1.2936853170394897,0.4779999852180481,1.4563626050949097
340,0.5393000245094299,1.2945263385772705,0.49549999833106995,1.4093852043151855
341,0.5444999933242798,1.293851375579834,0.5105000138282776,1.4093817472457886
342,0.5424000024795532,1.294358730316162,0.5009999871253967,1.414931297302246
343,0.5440999865531921,1.2890422344207764,0.49050000309944153,1.4175187349319458
344,0.5400000214576721,1.2962865829467773,0.5230000019073486,1.3813945055007935
345,0.5440999865531921,1.2909114360809326,0.5065000057220459,1.3894543647766113
346,0.5428000092506409,1.2889515161514282,0.4964999854564667,1.390426754951477
347,0.5480999946594238,1.2851755619049072,0.49000000953674316,1.479925274848938
348,0.5455999970436096,1.2879778146743774,0.5015000104904175,1.3951010704040527
349,0.5460000038146973,1.2866411209106445,0.4819999933242798,1.445764422416687
350,0.5443000197410583,1.2839055061340332,0.44200000166893005,1.5766559839248657
351,0.5421000123023987,1.283510684967041,0.4634999930858612,1.490919828414917
352,0.5461000204086304,1.2831201553344727,0.5065000057220459,1.3741248846054077
353,0.5482000112533569,1.2804237604141235,0.5174999833106995,1.4034967422485352
354,0.545799970626831,1.2806669473648071,0.5115000009536743,1.3825523853302002
355,0.5494999885559082,1.2783031463623047,0.4814999997615814,1.4520529508590698
356,0.5450000166893005,1.2764804363250732,0.476500004529953,1.4813742637634277
357,0.5471000075340271,1.2782014608383179,0.46950000524520874,1.4583698511123657
358,0.5443999767303467,1.2788121700286865,0.5059999823570251,1.3779370784759521
359,0.5503000020980835,1.2783594131469727,0.4869999885559082,1.4306875467300415
360,0.5504999756813049,1.2774640321731567,0.5109999775886536,1.382973551750183
361,0.5523999929428101,1.2704293727874756,0.4959999918937683,1.4221144914627075
362,0.5529000163078308,1.2689270973205566,0.5115000009536743,1.3629870414733887
363,0.5501000285148621,1.2698150873184204,0.5120000243186951,1.4214229583740234
364,0.5490000247955322,1.2717708349227905,0.5139999985694885,1.366021990776062
365,0.554099977016449,1.2701256275177002,0.48399999737739563,1.4224952459335327
366,0.5548999905586243,1.2682453393936157,0.5084999799728394,1.3688267469406128
367,0.552299976348877,1.2662937641143799,0.4595000147819519,1.58089017868042
368,0.550599992275238,1.2681243419647217,0.49900001287460327,1.3803296089172363
369,0.5519999861717224,1.2656872272491455,0.5145000219345093,1.3587756156921387
370,0.5529000163078308,1.264923095703125,0.48750001192092896,1.4202632904052734
371,0.5508000254631042,1.2705259323120117,0.4970000088214874,1.406108021736145
372,0.5526000261306763,1.2629624605178833,0.4754999876022339,1.4622704982757568
373,0.5562000274658203,1.2609244585037231,0.5005000233650208,1.3855129480361938
374,0.5543000102043152,1.2603906393051147,0.46050000190734863,1.5072323083877563
375,0.5522000193595886,1.2623515129089355,0.5090000033378601,1.3732004165649414
376,0.5541999936103821,1.261590838432312,0.4514999985694885,1.672027826309204
377,0.5550000071525574,1.2620950937271118,0.4959999918937683,1.4123390913009644
378,0.5547999739646912,1.257275938987732,0.4410000145435333,1.610964298248291
379,0.5521000027656555,1.2597473859786987,0.5084999799728394,1.4042009115219116
380,0.5557000041007996,1.254875898361206,0.48899999260902405,1.4384034872055054
381,0.559499979019165,1.2524250745773315,0.5205000042915344,1.3547933101654053
382,0.5565999746322632,1.2521207332611084,0.5095000267028809,1.3683431148529053
383,0.5570999979972839,1.2513185739517212,0.5049999952316284,1.3719500303268433
384,0.5564000010490417,1.2492938041687012,0.5220000147819519,1.349705696105957
385,0.5604000091552734,1.2512065172195435,0.5184999704360962,1.3885612487792969
386,0.5616999864578247,1.2477620840072632,0.49799999594688416,1.3769245147705078
387,0.5577999949455261,1.2488317489624023,0.5109999775886536,1.3663201332092285
388,0.5611000061035156,1.2492321729660034,0.4690000116825104,1.4960137605667114
389,0.5594000220298767,1.2477608919143677,0.5040000081062317,1.4044554233551025
390,0.5630000233650208,1.2472299337387085,0.5174999833106995,1.354709506034851
391,0.5598999857902527,1.2455012798309326,0.4970000088214874,1.4336142539978027
392,0.5613999962806702,1.2438924312591553,0.515500009059906,1.3471465110778809
393,0.5637000203132629,1.2392127513885498,0.5015000104904175,1.3752716779708862
394,0.5613999962806702,1.243742823600769,0.45100000500679016,1.5694336891174316
395,0.5600000023841858,1.2443134784698486,0.5184999704360962,1.3622939586639404
396,0.5636000037193298,1.242652177810669,0.48649999499320984,1.46561861038208
397,0.559499979019165,1.244444727897644,0.46700000762939453,1.4931409358978271
398,0.5626000165939331,1.238521933555603,0.46149998903274536,1.506266713142395
399,0.5620999932289124,1.2404096126556396,0.5034999847412109,1.3641389608383179
400,0.5667999982833862,1.2350355386734009,0.4880000054836273,1.4577009677886963
401,0.5658000111579895,1.238983392715454,0.531000018119812,1.344616174697876
402,0.5638999938964844,1.2332234382629395,0.503000020980835,1.4159057140350342
403,0.5655999779701233,1.2334575653076172,0.5285000205039978,1.3441592454910278
404,0.5669999718666077,1.235109806060791,0.512499988079071,1.36530339717865
405,0.5659000277519226,1.233490228652954,0.4625000059604645,1.609406590461731
406,0.5655999779701233,1.2345057725906372,0.484499990940094,1.4486219882965088
407,0.5719000101089478,1.2327719926834106,0.5034999847412109,1.3892015218734741
408,0.565500020980835,1.2288761138916016,0.5245000123977661,1.3430914878845215
409,0.5687999725341797,1.2270612716674805,0.5295000076293945,1.3528801202774048
410,0.5680000185966492,1.2241358757019043,0.5049999952316284,1.423122525215149
411,0.5694000124931335,1.2271920442581177,0.5070000290870667,1.3584094047546387
412,0.5644000172615051,1.2287472486495972,0.4194999933242798,1.6523690223693848
413,0.5680000185966492,1.232617735862732,0.5040000081062317,1.3953204154968262
414,0.5680000185966492,1.2226827144622803,0.5049999952316284,1.3688470125198364
415,0.5692999958992004,1.2259037494659424,0.4970000088214874,1.4143582582473755
416,0.5745000243186951,1.2204381227493286,0.48249998688697815,1.4539018869400024
417,0.5722000002861023,1.2205206155776978,0.5174999833106995,1.3502129316329956
418,0.5702000260353088,1.2204877138137817,0.42800000309944153,1.6439948081970215
419,0.567300021648407,1.2256661653518677,0.4959999918937683,1.4371604919433594
420,0.5722000002861023,1.2174242734909058,0.49000000953674316,1.4758126735687256
421,0.5734999775886536,1.216123104095459,0.4339999854564667,1.666993498802185
422,0.5752999782562256,1.218477487564087,0.4345000088214874,1.6074312925338745
423,0.5716000199317932,1.216599464416504,0.4970000088214874,1.5170435905456543
424,0.5741999745368958,1.2120580673217773,0.4350000023841858,1.6146907806396484
425,0.5742999911308289,1.2174808979034424,0.5074999928474426,1.3716925382614136
426,0.5730000138282776,1.2136379480361938,0.5130000114440918,1.358687162399292
427,0.5769000053405762,1.209943413734436,0.5329999923706055,1.3252193927764893
428,0.5733000040054321,1.2104661464691162,0.5320000052452087,1.3263758420944214
429,0.5776000022888184,1.210109829902649,0.4099999964237213,1.8421823978424072
430,0.574999988079071,1.2180566787719727,0.5099999904632568,1.4267197847366333
431,0.5730999708175659,1.2084834575653076,0.5210000276565552,1.3368752002716064
432,0.5752000212669373,1.2100207805633545,0.48100000619888306,1.4908039569854736
433,0.5752000212669373,1.207597255706787,0.515999972820282,1.327675700187683
434,0.5807999968528748,1.203173041343689,0.4925000071525574,1.4316556453704834
435,0.580299973487854,1.203558087348938,0.5095000267028809,1.3623050451278687
436,0.5776000022888184,1.2027363777160645,0.5174999833106995,1.3720754384994507
437,0.5777999758720398,1.201158046722412,0.5264999866485596,1.348427176475525
438,0.5751000046730042,1.201338291168213,0.5210000276565552,1.3911595344543457
439,0.576200008392334,1.2001656293869019,0.5139999985694885,1.3417526483535767
440,0.5763999819755554,1.1995790004730225,0.5245000123977661,1.3352735042572021
441,0.5773000121116638,1.1994011402130127,0.5214999914169312,1.3745990991592407
442,0.5778999924659729,1.2006442546844482,0.5354999899864197,1.3130536079406738
443,0.578499972820282,1.1974928379058838,0.5214999914169312,1.3871753215789795
444,0.576200008392334,1.1980211734771729,0.4794999957084656,1.4874422550201416
445,0.58160001039505,1.1974713802337646,0.49950000643730164,1.3871461153030396
446,0.5781000256538391,1.197143316268921,0.4869999885559082,1.4477735757827759
447,0.5806000232696533,1.1919300556182861,0.4950000047683716,1.4566196203231812
448,0.580299973487854,1.1960700750350952,0.5099999904632568,1.3926359415054321
449,0.5806999802589417,1.1986758708953857,0.5370000004768372,1.3201285600662231
450,0.5831999778747559,1.1932324171066284,0.5149999856948853,1.3605468273162842
451,0.5817000269889832,1.1924381256103516,0.503000020980835,1.3915064334869385
452,0.5825999975204468,1.1910744905471802,0.5320000052452087,1.3397659063339233
453,0.5831000208854675,1.18486487865448,0.49549999833106995,1.4358289241790771
454,0.5855000019073486,1.1867629289627075,0.5149999856948853,1.3776596784591675
455,0.5837000012397766,1.186128854751587,0.5195000171661377,1.3525983095169067
456,0.5846999883651733,1.18833589553833,0.5180000066757202,1.3551733493804932
457,0.5823000073432922,1.1877319812774658,0.4925000071525574,1.4363869428634644
458,0.5838000178337097,1.1902772188186646,0.5184999704360962,1.3433345556259155
459,0.5841000080108643,1.1820732355117798,0.5479999780654907,1.3158680200576782
460,0.5837000012397766,1.183382511138916,0.5059999823570251,1.4216315746307373
461,0.5885999798774719,1.1835628747940063,0.5115000009536743,1.3842564821243286
462,0.5852000117301941,1.1836204528808594,0.4945000112056732,1.4153685569763184
463,0.5795999765396118,1.1831600666046143,0.5070000290870667,1.3621113300323486
464,0.5871000289916992,1.18121337890625,0.5139999985694885,1.339940071105957
465,0.5830000042915344,1.1827433109283447,0.5174999833106995,1.3687151670455933
466,0.5914999842643738,1.177677035331726,0.5389999747276306,1.3466062545776367
467,0.5823000073432922,1.180922031402588,0.4869999885559082,1.450157880783081
468,0.5884000062942505,1.1777644157409668,0.5460000038146973,1.3253408670425415
469,0.5878000259399414,1.1785606145858765,0.4959999918937683,1.4350460767745972
470,0.5853000283241272,1.1762174367904663,0.5199999809265137,1.3405866622924805
471,0.5859000086784363,1.1783766746520996,0.5375000238418579,1.327712059020996
472,0.5878999829292297,1.1718813180923462,0.5254999995231628,1.317254662513733
473,0.5875999927520752,1.1755198240280151,0.5304999947547913,1.354355812072754
474,0.5878000259399414,1.1762956380844116,0.5460000038146973,1.3041949272155762
475,0.5891000032424927,1.173439860343933,0.5195000171661377,1.3429549932479858
476,0.5914999842643738,1.1696617603302002,0.5080000162124634,1.3825269937515259
477,0.588100016117096,1.169579267501831,0.4934999942779541,1.4373321533203125
478,0.5911999940872192,1.1699551343917847,0.460999995470047,1.5410624742507935
479,0.5891000032424927,1.1710273027420044,0.5285000205039978,1.3766839504241943
480,0.5900999903678894,1.1663990020751953,0.5350000262260437,1.3109854459762573
481,0.5934000015258789,1.1632996797561646,0.5044999718666077,1.4136114120483398
482,0.5916000008583069,1.1675256490707397,0.4984999895095825,1.4173191785812378
483,0.5956000089645386,1.1669384241104126,0.5235000252723694,1.332106113433838
484,0.5903000235557556,1.163957118988037,0.5335000157356262,1.3190631866455078
485,0.5943999886512756,1.1663014888763428,0.5519999861717224,1.2948857545852661
486,0.595300018787384,1.163437843322754,0.531499981880188,1.3282887935638428
487,0.5899999737739563,1.1590125560760498,0.5544999837875366,1.3003411293029785
488,0.5920000076293945,1.1622215509414673,0.5174999833106995,1.3598440885543823
489,0.597100019454956,1.160306692123413,0.5180000066757202,1.3308950662612915
490,0.5961999893188477,1.1596529483795166,0.5264999866485596,1.3833142518997192
491,0.5918999910354614,1.1623533964157104,0.5404999852180481,1.3042960166931152
492,0.5938000082969666,1.156738519668579,0.48649999499320984,1.4891270399093628
493,0.593500018119812,1.156967043876648,0.5145000219345093,1.339073896408081
494,0.5954999923706055,1.1598329544067383,0.5245000123977661,1.451396107673645
495,0.5946999788284302,1.160714864730835,0.5264999866485596,1.3295177221298218
496,0.5983999967575073,1.1550695896148682,0.5,1.4396885633468628
497,0.5932000279426575,1.159738302230835,0.5065000057220459,1.403895616531372
498,0.5935999751091003,1.155212640762329,0.5005000233650208,1.425615668296814
499,0.5961999893188477,1.152541995048523,0.5295000076293945,1.3351200819015503
500,0.595300018787384,1.152712345123291,0.5389999747276306,1.3052321672439575
501,0.5974000096321106,1.1541566848754883,0.5304999947547913,1.3754509687423706
502,0.5982999801635742,1.151396632194519,0.5274999737739563,1.381126046180725
503,0.5986999869346619,1.1525146961212158,0.5080000162124634,1.4041589498519897
504,0.6014999747276306,1.150757074356079,0.5,1.4300734996795654
505,0.5983999967575073,1.1526113748550415,0.546500027179718,1.2852075099945068
506,0.5978000164031982,1.1483075618743896,0.5325000286102295,1.324556589126587
507,0.597100019454956,1.1449484825134277,0.5329999923706055,1.3082005977630615
508,0.5985999703407288,1.150252103805542,0.5214999914169312,1.372658133506775
509,0.5965999960899353,1.1515536308288574,0.5509999990463257,1.301044225692749
510,0.6010000109672546,1.1452230215072632,0.531000018119812,1.3112897872924805
511,0.6025000214576721,1.1420515775680542,0.4964999854564667,1.4337111711502075
512,0.6000000238418579,1.1421136856079102,0.5435000061988831,1.3008631467819214
513,0.6003000140190125,1.1425226926803589,0.5239999890327454,1.3345321416854858
514,0.5996000170707703,1.1474289894104004,0.49000000953674316,1.59548819065094
515,0.597599983215332,1.1504313945770264,0.5170000195503235,1.358467936515808
516,0.6025000214576721,1.14120614528656,0.41749998927116394,1.788203239440918
517,0.5986999869346619,1.1434252262115479,0.5130000114440918,1.4635810852050781
518,0.599399983882904,1.1406946182250977,0.5049999952316284,1.3944579362869263
519,0.6007000207901001,1.136925220489502,0.4814999997615814,1.4771692752838135
520,0.6021000146865845,1.1378282308578491,0.4964999854564667,1.3955107927322388
521,0.6026999950408936,1.1360082626342773,0.5379999876022339,1.3074883222579956
522,0.6047000288963318,1.135012149810791,0.5235000252723694,1.3387876749038696
523,0.6039999723434448,1.1317654848098755,0.46950000524520874,1.5867112874984741
524,0.6032000184059143,1.1389434337615967,0.492000013589859,1.4538127183914185
525,0.6031000018119812,1.1341958045959473,0.4325000047683716,1.7347291707992554
526,0.5993000268936157,1.1385161876678467,0.5339999794960022,1.3542253971099854
527,0.5989999771118164,1.1325963735580444,0.5214999914169312,1.3709272146224976
528,0.6029000282287598,1.133400559425354,0.5385000109672546,1.3150180578231812
529,0.6019999980926514,1.130540132522583,0.49549999833106995,1.5327156782150269
530,0.6017000079154968,1.1343082189559937,0.5370000004768372,1.3233693838119507
531,0.5972999930381775,1.1315380334854126,0.5460000038146973,1.2852870225906372
532,0.608299970626831,1.1250139474868774,0.527999997138977,1.326935052871704
533,0.6086999773979187,1.1258256435394287,0.5005000233650208,1.3740394115447998
534,0.6047999858856201,1.1296306848526,0.5410000085830688,1.3019659519195557
535,0.6054999828338623,1.1264042854309082,0.5385000109672546,1.3058782815933228
536,0.6050000190734863,1.125545620918274,0.5055000185966492,1.436440348625183
537,0.6065000295639038,1.1296361684799194,0.48500001430511475,1.4846065044403076
538,0.6092000007629395,1.1222881078720093,0.5630000233650208,1.2817015647888184
539,0.609499990940094,1.1181702613830566,0.49950000643730164,1.4421330690383911
540,0.6054999828338623,1.1246384382247925,0.5115000009536743,1.366351842880249
541,0.609499990940094,1.1221559047698975,0.5400000214576721,1.3207825422286987
542,0.6086000204086304,1.1213691234588623,0.5095000267028809,1.3831992149353027
543,0.6021000146865845,1.1232855319976807,0.5575000047683716,1.2947136163711548
544,0.607699990272522,1.1211572885513306,0.534500002861023,1.3086692094802856
545,0.607200026512146,1.123797059059143,0.44699999690055847,1.695663571357727
546,0.6040999889373779,1.1253669261932373,0.5304999947547913,1.3765007257461548
547,0.6098999977111816,1.1196423768997192,0.5619999766349792,1.273581862449646
548,0.6101999878883362,1.1155201196670532,0.5544999837875366,1.287331461906433
549,0.6083999872207642,1.1170457601547241,0.4884999990463257,1.6142573356628418
550,0.607200026512146,1.1162712574005127,0.5195000171661377,1.4254636764526367
551,0.6103000044822693,1.117572546005249,0.5479999780654907,1.3010541200637817
552,0.6097000241279602,1.1138942241668701,0.5210000276565552,1.380356788635254
553,0.6105999946594238,1.1125234365463257,0.5195000171661377,1.4045041799545288
554,0.6115999817848206,1.119250774383545,0.5274999737739563,1.3603757619857788
555,0.6083999872207642,1.1128510236740112,0.5299999713897705,1.3479303121566772
556,0.6111000180244446,1.1148751974105835,0.531000018119812,1.3873440027236938
557,0.6121000051498413,1.1082957983016968,0.5195000171661377,1.3534224033355713
558,0.6129999756813049,1.1111469268798828,0.5070000290870667,1.4110625982284546
559,0.6115999817848206,1.106921672821045,0.5080000162124634,1.4106074571609497
560,0.6122999787330627,1.1107773780822754,0.5485000014305115,1.3082939386367798
561,0.6134999990463257,1.1087290048599243,0.5080000162124634,1.4001760482788086
562,0.6104000210762024,1.1082561016082764,0.5325000286102295,1.3177529573440552
563,0.6147000193595886,1.1047371625900269,0.5444999933242798,1.283445119857788
564,0.6118999719619751,1.105880618095398,0.546999990940094,1.275500774383545
565,0.6086999773979187,1.1052851676940918,0.48750001192092896,1.5793324708938599
566,0.6118000149726868,1.109906554222107,0.47749999165534973,1.4859808683395386
567,0.6128000020980835,1.1069673299789429,0.5189999938011169,1.3746460676193237
568,0.6152999997138977,1.1016275882720947,0.5320000052452087,1.331067681312561
569,0.6123999953269958,1.105218529701233,0.5304999947547913,1.34103262424469
570,0.617900013923645,1.099581003189087,0.5509999990463257,1.3340297937393188
571,0.6171000003814697,1.0955212116241455,0.5419999957084656,1.3000329732894897
572,0.6159999966621399,1.0992039442062378,0.5544999837875366,1.2738362550735474
573,0.6121000051498413,1.0990986824035645,0.559499979019165,1.272243618965149
574,0.6175000071525574,1.095413327217102,0.5494999885559082,1.327502727508545
575,0.6150000095367432,1.0963236093521118,0.5425000190734863,1.2897354364395142
576,0.6137999892234802,1.1017779111862183,0.4934999942779541,1.4797673225402832
577,0.6126999855041504,1.10282564163208,0.5600000023841858,1.2741918563842773
578,0.6164000034332275,1.0940186977386475,0.5295000076293945,1.3383208513259888
579,0.6190999746322632,1.0948764085769653,0.4580000042915344,1.6296290159225464
580,0.61080002784729,1.1030762195587158,0.5080000162124634,1.401223063468933
581,0.6141999959945679,1.097183346748352,0.5450000166893005,1.3012675046920776
582,0.616599977016449,1.0916712284088135,0.5460000038146973,1.310639500617981
583,0.6159999966621399,1.0915381908416748,0.5609999895095825,1.2601549625396729
584,0.616599977016449,1.089895248413086,0.5170000195503235,1.3595077991485596
585,0.614300012588501,1.0950151681900024,0.5504999756813049,1.2916791439056396
586,0.6180999875068665,1.0906785726547241,0.5444999933242798,1.2970125675201416
587,0.6183000206947327,1.0902020931243896,0.5609999895095825,1.2634257078170776
588,0.6180999875068665,1.0878567695617676,0.48750001192092896,1.509257435798645
589,0.617900013923645,1.0881832838058472,0.5410000085830688,1.3269675970077515
590,0.6215000152587891,1.0869380235671997,0.5625,1.2766375541687012
591,0.621399998664856,1.0830496549606323,0.550000011920929,1.316178560256958
592,0.6187000274658203,1.0870630741119385,0.5444999933242798,1.3307892084121704
593,0.6202999949455261,1.0828336477279663,0.5180000066757202,1.3853436708450317
594,0.617900013923645,1.0907692909240723,0.5184999704360962,1.3505182266235352
595,0.6164000034332275,1.0852899551391602,0.5534999966621399,1.296108603477478
596,0.6186000108718872,1.0881593227386475,0.5625,1.289906620979309
597,0.6190000176429749,1.0903929471969604,0.5370000004768372,1.3027197122573853
598,0.6227999925613403,1.079309344291687,0.5669999718666077,1.2699177265167236
599,0.6194999814033508,1.0879240036010742,0.5674999952316284,1.2696586847305298
600,0.6212000250816345,1.082029938697815,0.5239999890327454,1.3173264265060425
601,0.6208999752998352,1.0771516561508179,0.4970000088214874,1.526869297027588
602,0.6207000017166138,1.083659052848816,0.5379999876022339,1.3134167194366455
603,0.6225000023841858,1.0784903764724731,0.546500027179718,1.280983805656433
604,0.6236000061035156,1.080448031425476,0.5220000147819519,1.3737856149673462
605,0.619700014591217,1.0781333446502686,0.5174999833106995,1.335106372833252
606,0.6201000213623047,1.0796902179718018,0.527999997138977,1.3543522357940674
607,0.6195999979972839,1.0823545455932617,0.5009999871253967,1.4329875707626343
608,0.6259999871253967,1.0751034021377563,0.5224999785423279,1.454390287399292
609,0.6208000183105469,1.077268123626709,0.5195000171661377,1.3714386224746704
610,0.6240000128746033,1.0756455659866333,0.5565000176429749,1.2730014324188232
611,0.6220999956130981,1.0725619792938232,0.5665000081062317,1.2635343074798584
612,0.6208000183105469,1.073603630065918,0.5230000019073486,1.3314473628997803
613,0.6233999729156494,1.073333501815796,0.5414999723434448,1.2901389598846436
614,0.6258999705314636,1.0698204040527344,0.48100000619888306,1.5483708381652832
615,0.6248999834060669,1.0710511207580566,0.5559999942779541,1.2705906629562378
616,0.6261000037193298,1.0683246850967407,0.5339999794960022,1.3352516889572144
617,0.6252999901771545,1.068831205368042,0.5394999980926514,1.3690340518951416
618,0.6273999810218811,1.0696691274642944,0.5184999704360962,1.3482904434204102
619,0.6294000148773193,1.067374348640442,0.44200000166893005,1.706319808959961
620,0.6245999932289124,1.07183039188385,0.546500027179718,1.2986832857131958
621,0.6279000043869019,1.0710855722427368,0.5640000104904175,1.2602605819702148
622,0.6248000264167786,1.06675386428833,0.5580000281333923,1.2697217464447021
623,0.6244999766349792,1.0695589780807495,0.5099999904632568,1.4045125246047974
624,0.6272000074386597,1.0664043426513672,0.534500002861023,1.3384804725646973
625,0.632099986076355,1.0617880821228027,0.5389999747276306,1.337851643562317
626,0.6280999779701233,1.0644804239273071,0.5619999766349792,1.272862434387207
627,0.6266999840736389,1.0619231462478638,0.5590000152587891,1.2659921646118164
628,0.6298999786376953,1.061415672302246,0.5479999780654907,1.2936793565750122
629,0.6272000074386597,1.0587819814682007,0.45899999141693115,1.5615102052688599
630,0.6269000172615051,1.0665934085845947,0.5544999837875366,1.2846887111663818
631,0.628000020980835,1.0619276762008667,0.5504999756813049,1.3013354539871216
632,0.6248999834060669,1.05948805809021,0.5320000052452087,1.3182727098464966
633,0.6312000155448914,1.0570517778396606,0.534500002861023,1.3257317543029785
634,0.633400022983551,1.0576082468032837,0.5419999957084656,1.381620168685913
635,0.6326000094413757,1.055423617362976,0.5460000038146973,1.3004223108291626
636,0.6291999816894531,1.0605838298797607,0.5690000057220459,1.2499072551727295
637,0.6328999996185303,1.0518336296081543,0.5360000133514404,1.3741339445114136
638,0.631600022315979,1.0564091205596924,0.5684999823570251,1.2435818910598755
639,0.6309999823570251,1.0544513463974,0.5015000104904175,1.4468398094177246
640,0.626800000667572,1.0570615530014038,0.4480000138282776,1.6571178436279297
641,0.6244999766349792,1.0584112405776978,0.5274999737739563,1.3055576086044312
642,0.6322000026702881,1.0550750494003296,0.5059999823570251,1.398111343383789
643,0.6305999755859375,1.0581201314926147,0.5584999918937683,1.264927625656128
644,0.6306999921798706,1.0538214445114136,0.5534999966621399,1.264833688735962
645,0.6341000199317932,1.0529600381851196,0.5699999928474426,1.2473750114440918
646,0.6366999745368958,1.0444657802581787,0.5400000214576721,1.3211923837661743
647,0.6294000148773193,1.0519903898239136,0.5024999976158142,1.4475730657577515
648,0.6313999891281128,1.0513176918029785,0.49549999833106995,1.4956666231155396
649,0.6291000247001648,1.0476715564727783,0.5644999742507935,1.2867990732192993
650,0.6309000253677368,1.047537088394165,0.5590000152587891,1.329332709312439
651,0.6337000131607056,1.046538233757019,0.5329999923706055,1.3171427249908447
652,0.6367999911308289,1.0434311628341675,0.5375000238418579,1.311404824256897
653,0.6342999935150146,1.0479263067245483,0.5509999990463257,1.3295148611068726
654,0.6358000040054321,1.0404562950134277,0.5220000147819519,1.3797860145568848
655,0.6338000297546387,1.0500203371047974,0.5354999899864197,1.3340964317321777
656,0.6291999816894531,1.0508215427398682,0.5389999747276306,1.3056011199951172
657,0.6366999745368958,1.043055772781372,0.5649999976158142,1.2654374837875366
658,0.6370999813079834,1.0400203466415405,0.5410000085830688,1.3392071723937988
659,0.6337000131607056,1.045547604560852,0.5745000243186951,1.232089638710022
660,0.6349999904632568,1.0406339168548584,0.5285000205039978,1.333789587020874
661,0.6341000199317932,1.0500004291534424,0.5659999847412109,1.2750767469406128
662,0.633899986743927,1.0440998077392578,0.5644999742507935,1.2531795501708984
663,0.6327000260353088,1.0406056642532349,0.5339999794960022,1.3412175178527832
664,0.6330000162124634,1.0441220998764038,0.5550000071525574,1.2701241970062256
665,0.6392999887466431,1.0349384546279907,0.5665000081062317,1.2573858499526978
666,0.6319000124931335,1.041776180267334,0.5375000238418579,1.3107575178146362
667,0.6377000212669373,1.0352118015289307,0.5494999885559082,1.308995008468628
668,0.6384000182151794,1.0351234674453735,0.5569999814033508,1.2568955421447754
669,0.6403999924659729,1.0363574028015137,0.47200000286102295,1.583271861076355
670,0.6358000040054321,1.043264389038086,0.5515000224113464,1.3034566640853882
671,0.6366000175476074,1.036532998085022,0.5565000176429749,1.2604689598083496
672,0.637499988079071,1.0366073846817017,0.5659999847412109,1.2605856657028198
673,0.6367999911308289,1.0398731231689453,0.5649999976158142,1.2665836811065674
674,0.6395000219345093,1.0296657085418701,0.515500009059906,1.3923221826553345
675,0.6376000046730042,1.0311068296432495,0.5350000262260437,1.3835642337799072
676,0.6359999775886536,1.0302008390426636,0.5745000243186951,1.235377550125122
677,0.6401000022888184,1.028562068939209,0.5184999704360962,1.408328652381897
678,0.6353999972343445,1.032508373260498,0.5264999866485596,1.348660945892334
679,0.638700008392334,1.0301789045333862,0.5615000128746033,1.2820221185684204
680,0.6424000263214111,1.0264089107513428,0.5134999752044678,1.4215564727783203
681,0.6410999894142151,1.027658224105835,0.5590000152587891,1.2883002758026123
682,0.6399999856948853,1.025123953819275,0.5379999876022339,1.349912405014038
683,0.6371999979019165,1.0294300317764282,0.5690000057220459,1.2580549716949463
684,0.642300009727478,1.0258539915084839,0.5364999771118164,1.3389192819595337
685,0.6442000269889832,1.0267223119735718,0.48249998688697815,1.4981838464736938
686,0.6402999758720398,1.0305334329605103,0.5414999723434448,1.3498338460922241
687,0.6421999931335449,1.0234439373016357,0.5180000066757202,1.3449832201004028
688,0.6391000151634216,1.0267891883850098,0.45899999141693115,1.6668108701705933
689,0.642300009727478,1.0285255908966064,0.5699999928474426,1.2485829591751099
690,0.6439999938011169,1.020108938217163,0.46650001406669617,1.7023284435272217
691,0.6439999938011169,1.0252562761306763,0.5239999890327454,1.4460121393203735
692,0.6466000080108643,1.021926760673523,0.5534999966621399,1.312461018562317
693,0.6428999900817871,1.0216082334518433,0.5485000014305115,1.3521358966827393
694,0.6434000134468079,1.019774079322815,0.546999990940094,1.3172366619110107
695,0.6456999778747559,1.0179073810577393,0.5264999866485596,1.350204348564148
696,0.6410999894142151,1.0223314762115479,0.5529999732971191,1.3446141481399536
697,0.6421999931335449,1.0240943431854248,0.5184999704360962,1.4208319187164307
698,0.6499000191688538,1.015639066696167,0.5404999852180481,1.3575332164764404
699,0.6417999863624573,1.0175683498382568,0.5565000176429749,1.2792704105377197
700,0.6474999785423279,1.014144778251648,0.5414999723434448,1.3174830675125122
701,0.6420999765396118,1.0120930671691895,0.5720000267028809,1.235341191291809
702,0.646399974822998,1.0137591361999512,0.5580000281333923,1.291819453239441
703,0.6452999711036682,1.0161669254302979,0.5350000262260437,1.3414769172668457
704,0.6394000053405762,1.018821358680725,0.5460000038146973,1.2920875549316406
705,0.645799994468689,1.0086019039154053,0.5404999852180481,1.3289172649383545
706,0.644599974155426,1.017934799194336,0.5479999780654907,1.2963461875915527
707,0.6473000049591064,1.0146557092666626,0.5774999856948853,1.2367323637008667
708,0.6492000222206116,1.0061774253845215,0.5684999823570251,1.241166353225708
709,0.649399995803833,1.009701132774353,0.565500020980835,1.249815821647644
710,0.6482999920845032,1.0130481719970703,0.5490000247955322,1.2946492433547974
711,0.6470999717712402,1.0070728063583374,0.5419999957084656,1.3029829263687134
712,0.647599995136261,1.0100916624069214,0.5444999933242798,1.327658772468567
713,0.6486999988555908,1.006491780281067,0.5580000281333923,1.2755348682403564
714,0.6491000056266785,1.0068237781524658,0.5569999814033508,1.3120967149734497
715,0.6477000117301941,1.0071719884872437,0.574999988079071,1.241699457168579
716,0.6510000228881836,1.0087709426879883,0.531000018119812,1.3236300945281982
717,0.6474999785423279,1.0060813426971436,0.5590000152587891,1.2936090230941772
718,0.6467999815940857,1.0060129165649414,0.5699999928474426,1.2420250177383423
719,0.6496999859809875,1.0048868656158447,0.5019999742507935,1.4304745197296143
720,0.6453999876976013,1.0064741373062134,0.5109999775886536,1.4529547691345215
721,0.6462000012397766,1.0054891109466553,0.5525000095367432,1.3214893341064453
722,0.6541000008583069,1.000669240951538,0.578000009059906,1.236743688583374
723,0.6527000069618225,0.9982293844223022,0.531499981880188,1.441369891166687
724,0.6484000086784363,1.0026150941848755,0.4880000054836273,1.5171157121658325
725,0.6452999711036682,1.0097981691360474,0.5580000281333923,1.2879945039749146
726,0.6517999768257141,0.9986795783042908,0.5529999732971191,1.2968565225601196
727,0.6488000154495239,1.0022454261779785,0.5600000023841858,1.287306547164917
728,0.6510000228881836,0.9980981349945068,0.5435000061988831,1.2985094785690308
729,0.6498000025749207,0.9996781945228577,0.5494999885559082,1.271744966506958
730,0.6507999897003174,0.9941974878311157,0.5699999928474426,1.2458410263061523
731,0.6586999893188477,0.9941449165344238,0.4959999918937683,1.4741623401641846
732,0.6536999940872192,0.9990484118461609,0.5444999933242798,1.3242385387420654
733,0.6552000045776367,0.991249144077301,0.5024999976158142,1.380856990814209
734,0.6492000222206116,1.0000169277191162,0.5584999918937683,1.2783026695251465
735,0.6532999873161316,0.9948242902755737,0.5659999847412109,1.2766956090927124
736,0.6509000062942505,0.9937832951545715,0.5605000257492065,1.251307725906372
737,0.6532999873161316,0.9904826283454895,0.5649999976158142,1.2537939548492432
738,0.6481000185012817,0.9910229444503784,0.5640000104904175,1.2690322399139404
739,0.6582000255584717,0.9910179972648621,0.5634999871253967,1.3071322441101074
740,0.6565999984741211,0.9894557595252991,0.5504999756813049,1.3422553539276123
741,0.6486999988555908,0.9961351752281189,0.5519999861717224,1.3168209791183472
742,0.6496000289916992,0.9897511005401611,0.5715000033378601,1.2663146257400513
743,0.6499000191688538,0.9928742051124573,0.5534999966621399,1.2893637418746948
744,0.6578999757766724,0.9822981357574463,0.4595000147819519,1.726663589477539
745,0.6509000062942505,0.9998494982719421,0.5590000152587891,1.269265055656433
746,0.652400016784668,0.985573947429657,0.5220000147819519,1.4496876001358032
747,0.6535999774932861,0.9902447462081909,0.5055000185966492,1.4373060464859009
748,0.6542999744415283,0.9920650124549866,0.5680000185966492,1.2569067478179932
749,0.6577000021934509,0.9865092635154724,0.5534999966621399,1.288299798965454
750,0.6542999744415283,0.982825756072998,0.5295000076293945,1.373056173324585
751,0.6592000126838684,0.982644259929657,0.5164999961853027,1.414461374282837
752,0.6583999991416931,0.9842561483383179,0.43950000405311584,1.72727632522583
753,0.6563000082969666,0.991415798664093,0.5860000252723694,1.228473424911499
754,0.659500002861023,0.9782840609550476,0.5339999794960022,1.3718125820159912
755,0.6550999879837036,0.9863415956497192,0.5375000238418579,1.3342653512954712
756,0.654699981212616,0.9844034910202026,0.5429999828338623,1.3248813152313232
757,0.6593999862670898,0.9789483547210693,0.5715000033378601,1.2653656005859375
758,0.6610000133514404,0.9771662950515747,0.5210000276565552,1.388527750968933
759,0.6582000255584717,0.9801744222640991,0.5770000219345093,1.2348039150238037
760,0.6592000126838684,0.9786480665206909,0.5674999952316284,1.2747234106063843
761,0.6575000286102295,0.9775396585464478,0.5444999933242798,1.3288350105285645
762,0.6589000225067139,0.9780523180961609,0.5475000143051147,1.2962698936462402
763,0.659600019454956,0.9743101596832275,0.5774999856948853,1.2483400106430054
764,0.6582000255584717,0.9758811593055725,0.5889999866485596,1.2219980955123901
765,0.661899983882904,0.9716989398002625,0.5199999809265137,1.3507908582687378
766,0.6585999727249146,0.978099524974823,0.531000018119812,1.3644856214523315
767,0.6589999794960022,0.9765482544898987,0.559499979019165,1.2839548587799072
768,0.6615999937057495,0.9720290899276733,0.5830000042915344,1.2275807857513428
769,0.6593999862670898,0.9704121947288513,0.5665000081062317,1.3242584466934204
770,0.6575999855995178,0.9749876856803894,0.5659999847412109,1.2408807277679443
771,0.6604999899864197,0.9791339635848999,0.5139999985694885,1.4719074964523315
772,0.6607999801635742,0.9674344658851624,0.5519999861717224,1.3072086572647095
773,0.661899983882904,0.9682308435440063,0.5824999809265137,1.2495218515396118
774,0.6635000109672546,0.9683671593666077,0.5669999718666077,1.27255117893219
775,0.6596999764442444,0.9704534411430359,0.5659999847412109,1.2727367877960205
776,0.6618000268936157,0.9687572121620178,0.5450000166893005,1.3534038066864014
777,0.6621000170707703,0.9728480577468872,0.574999988079071,1.2250401973724365
778,0.6596999764442444,0.9734200239181519,0.5590000152587891,1.3094415664672852
779,0.6618000268936157,0.9657914042472839,0.5529999732971191,1.3195358514785767
780,0.657800018787384,0.9676414132118225,0.5690000057220459,1.2683922052383423
781,0.6625999808311462,0.9648082852363586,0.5479999780654907,1.3034484386444092
782,0.6635000109672546,0.9672366976737976,0.5435000061988831,1.3432526588439941
783,0.6622999906539917,0.9661661386489868,0.5680000185966492,1.2626749277114868
784,0.6620000004768372,0.9654617309570312,0.546500027179718,1.3170241117477417
785,0.6629999876022339,0.9633376002311707,0.5715000033378601,1.2314106225967407
786,0.6614000201225281,0.9659853577613831,0.5720000267028809,1.2736105918884277
787,0.6628000140190125,0.9667109251022339,0.5724999904632568,1.2789738178253174
788,0.6624000072479248,0.9638159275054932,0.5630000233650208,1.3057411909103394
789,0.6625999808311462,0.9612801671028137,0.5515000224113464,1.3100851774215698
790,0.664900004863739,0.9601489305496216,0.5879999995231628,1.2095426321029663
791,0.6643999814987183,0.9605640769004822,0.5839999914169312,1.2331115007400513
792,0.6632000207901001,0.9596958756446838,0.5195000171661377,1.450595736503601
793,0.6625999808311462,0.9702187776565552,0.5630000233650208,1.2654858827590942
794,0.6643000245094299,0.9563886523246765,0.5264999866485596,1.4284048080444336
795,0.6624000072479248,0.9644463658332825,0.48350000381469727,1.6268589496612549
796,0.6636999845504761,0.9659119844436646,0.5615000128746033,1.2571786642074585
797,0.6668000221252441,0.9533295631408691,0.5740000009536743,1.227576494216919
798,0.6664000153541565,0.9547109603881836,0.5559999942779541,1.2990686893463135
799,0.6717000007629395,0.9523780345916748,0.559499979019165,1.2999173402786255
800,0.6671000123023987,0.9545893669128418,0.5249999761581421,1.3955813646316528
801,0.6689000129699707,0.9515353441238403,0.5525000095367432,1.280365228652954
802,0.6686000227928162,0.9500051736831665,0.5755000114440918,1.2537492513656616
803,0.6657999753952026,0.952170729637146,0.5519999861717224,1.303034782409668
804,0.6651999950408936,0.9543691277503967,0.5389999747276306,1.3783625364303589
805,0.6654000282287598,0.9546062350273132,0.5699999928474426,1.223123550415039
806,0.670799970626831,0.9480538368225098,0.5410000085830688,1.320000171661377
807,0.6674000024795532,0.9518420696258545,0.5724999904632568,1.2477213144302368
808,0.670199990272522,0.9461414217948914,0.546999990940094,1.3054338693618774
809,0.6692000031471252,0.9467594623565674,0.5730000138282776,1.2336900234222412
810,0.6636999845504761,0.9507213830947876,0.5644999742507935,1.3406728506088257
811,0.6693999767303467,0.9551787376403809,0.5745000243186951,1.2463288307189941
812,0.6682999730110168,0.9459881782531738,0.5385000109672546,1.3892282247543335
813,0.6669999957084656,0.9487218856811523,0.5849999785423279,1.2432500123977661
814,0.6725999712944031,0.9412437677383423,0.546999990940094,1.3159114122390747
815,0.6748999953269958,0.9413758516311646,0.5350000262260437,1.377634882926941
816,0.6672999858856201,0.9470926523208618,0.5575000047683716,1.2659916877746582
817,0.6703000068664551,0.9419535398483276,0.5320000052452087,1.3571380376815796
818,0.6693999767303467,0.9439942240715027,0.5699999928474426,1.2776316404342651
819,0.6640999913215637,0.9527727365493774,0.5625,1.2704170942306519
820,0.6717000007629395,0.9443085789680481,0.4650000035762787,1.724426507949829
821,0.6704999804496765,0.948979377746582,0.5630000233650208,1.272614598274231
822,0.6689000129699707,0.9514767527580261,0.5895000100135803,1.218448519706726
823,0.6690000295639038,0.9413331151008606,0.5680000185966492,1.2985167503356934
824,0.6704000234603882,0.9431082010269165,0.574999988079071,1.2562545537948608
825,0.6715999841690063,0.9429057836532593,0.5320000052452087,1.345969796180725
826,0.6725999712944031,0.9351644515991211,0.4869999885559082,1.5920603275299072
827,0.6718000173568726,0.9416095018386841,0.5540000200271606,1.2976890802383423
828,0.6733999848365784,0.9391926527023315,0.5799999833106995,1.2233740091323853
829,0.6730999946594238,0.935603141784668,0.5515000224113464,1.324503779411316
830,0.6693000197410583,0.9392614960670471,0.5835000276565552,1.2246960401535034
831,0.671500027179718,0.9350437521934509,0.5454999804496765,1.3480753898620605
832,0.6751000285148621,0.9337421655654907,0.5565000176429749,1.2730299234390259
833,0.6722000241279602,0.9425497055053711,0.5809999704360962,1.2559560537338257
834,0.67330002784729,0.9314500093460083,0.5669999718666077,1.2492008209228516
835,0.6743999719619751,0.9331037402153015,0.5634999871253967,1.320020318031311
836,0.6757000088691711,0.9338429570198059,0.5429999828338623,1.3252888917922974
837,0.6746000051498413,0.9319732189178467,0.5644999742507935,1.2789491415023804
838,0.6747000217437744,0.930361807346344,0.5285000205039978,1.4265073537826538
839,0.6761000156402588,0.9303368926048279,0.546500027179718,1.299500823020935
840,0.670799970626831,0.9348189234733582,0.5249999761581421,1.4174073934555054
841,0.6754999756813049,0.9301820397377014,0.578499972820282,1.2682278156280518
842,0.6761999726295471,0.927894651889801,0.5580000281333923,1.3138502836227417
843,0.6747000217437744,0.9310752153396606,0.5400000214576721,1.3578165769577026
844,0.6744999885559082,0.9306812286376953,0.5224999785423279,1.4392285346984863
845,0.6804999709129333,0.9313088655471802,0.5490000247955322,1.3696473836898804
846,0.6789000034332275,0.9265483617782593,0.5619999766349792,1.2842621803283691
847,0.6758999824523926,0.929351270198822,0.534500002861023,1.3959243297576904
848,0.6762999892234802,0.9259011745452881,0.5820000171661377,1.2299729585647583
849,0.6783999800682068,0.9248504042625427,0.5824999809265137,1.2513829469680786
850,0.6776000261306763,0.9264429807662964,0.5644999742507935,1.2668341398239136
851,0.6765000224113464,0.9242279529571533,0.5644999742507935,1.2508628368377686
852,0.6772000193595886,0.9269270300865173,0.565500020980835,1.318355917930603
853,0.682200014591217,0.9208177924156189,0.593999981880188,1.232606053352356
854,0.6789000034332275,0.9214887619018555,0.5619999766349792,1.276240587234497
855,0.6751000285148621,0.924002468585968,0.5734999775886536,1.272932529449463
856,0.6819000244140625,0.9190402626991272,0.5764999985694885,1.2511019706726074
857,0.6779000163078308,0.9201886653900146,0.5224999785423279,1.4332470893859863
858,0.6765999794006348,0.9230380058288574,0.5820000171661377,1.2277518510818481
859,0.6819999814033508,0.9168427586555481,0.44749999046325684,1.7858037948608398
860,0.6754000186920166,0.9267181754112244,0.578000009059906,1.2250311374664307
861,0.6758000254631042,0.9192672967910767,0.5450000166893005,1.3121836185455322
862,0.6787999868392944,0.9166288375854492,0.5339999794960022,1.3466671705245972
863,0.6805999875068665,0.9179114103317261,0.5724999904632568,1.2578881978988647
864,0.675000011920929,0.9263635873794556,0.5440000295639038,1.3439997434616089
865,0.682699978351593,0.9157071113586426,0.5569999814033508,1.2873551845550537
866,0.6791999936103821,0.9221309423446655,0.5730000138282776,1.2511268854141235
867,0.6758999824523926,0.9168443083763123,0.5634999871253967,1.2959163188934326
868,0.6807000041007996,0.9163702130317688,0.578499972820282,1.251267910003662
869,0.6814000010490417,0.9135673642158508,0.5360000133514404,1.3838313817977905
870,0.6808000206947327,0.9171121120452881,0.593500018119812,1.2099014520645142
871,0.6815000176429749,0.9119115471839905,0.578000009059906,1.2387824058532715
872,0.6791999936103821,0.9143216013908386,0.531000018119812,1.4550249576568604
873,0.6787999868392944,0.9151334762573242,0.5034999847412109,1.5395071506500244
874,0.6819000244140625,0.9132731556892395,0.565500020980835,1.3383355140686035
875,0.6820999979972839,0.9072695374488831,0.5824999809265137,1.2281373739242554
876,0.6837999820709229,0.9093337655067444,0.5145000219345093,1.4581555128097534
877,0.6800000071525574,0.9130816459655762,0.5839999914169312,1.2233375310897827
878,0.6861000061035156,0.9077852368354797,0.578499972820282,1.2616376876831055
879,0.6814000010490417,0.9061346650123596,0.5479999780654907,1.3890254497528076
880,0.679099977016449,0.9128094911575317,0.5460000038146973,1.342047095298767
881,0.6823999881744385,0.9107188582420349,0.515500009059906,1.4130442142486572
882,0.6801000237464905,0.911849319934845,0.5509999990463257,1.4075077772140503
883,0.6818000078201294,0.9098783135414124,0.5770000219345093,1.2343065738677979
884,0.6858000159263611,0.901070773601532,0.5669999718666077,1.2904607057571411
885,0.6837000250816345,0.9069942235946655,0.5720000267028809,1.2593367099761963
886,0.6825000047683716,0.9084216952323914,0.5145000219345093,1.379440188407898
887,0.6834999918937683,0.8993100523948669,0.5634999871253967,1.2587003707885742
888,0.6863999962806702,0.9030485153198242,0.47350001335144043,1.6588181257247925
889,0.6809999942779541,0.9126851558685303,0.578000009059906,1.2619149684906006
890,0.6833000183105469,0.8993287086486816,0.5665000081062317,1.3257702589035034
891,0.6869999766349792,0.8989375829696655,0.5870000123977661,1.2175612449645996
892,0.6873000264167786,0.9008522629737854,0.5659999847412109,1.3101085424423218
893,0.6844000220298767,0.8985101580619812,0.5584999918937683,1.2976195812225342
894,0.6823999881744385,0.9029924869537354,0.5145000219345093,1.5784446001052856
895,0.6873999834060669,0.8994279503822327,0.5895000100135803,1.23287832736969
896,0.6897000074386597,0.8963567614555359,0.5600000023841858,1.289317011833191
897,0.6868000030517578,0.8915458917617798,0.5210000276565552,1.4404911994934082
898,0.6843000054359436,0.8985222578048706,0.5270000100135803,1.4293574094772339
899,0.685699999332428,0.8975635766983032,0.5389999747276306,1.4115389585494995
900,0.6870999932289124,0.8947484493255615,0.5504999756813049,1.3813469409942627
901,0.6901000142097473,0.8973997235298157,0.5134999752044678,1.4089465141296387
902,0.6891000270843506,0.8965233564376831,0.5074999928474426,1.4489810466766357
903,0.6886000037193298,0.8962751030921936,0.559499979019165,1.3145782947540283
904,0.6858999729156494,0.8954935669898987,0.5695000290870667,1.251158595085144
905,0.6886000037193298,0.8941022753715515,0.5975000262260437,1.210209608078003
906,0.6901999711990356,0.8880399465560913,0.5410000085830688,1.4397765398025513
907,0.6902999877929688,0.8955298662185669,0.5065000057220459,1.567801833152771
908,0.6898999810218811,0.8905426859855652,0.5534999966621399,1.315758466720581
909,0.6883999705314636,0.8890201449394226,0.5795000195503235,1.2411072254180908
910,0.6865000128746033,0.8940070271492004,0.5400000214576721,1.4168871641159058
911,0.692799985408783,0.8901891708374023,0.5795000195503235,1.2438743114471436
912,0.6898000240325928,0.8862637877464294,0.5519999861717224,1.349055290222168
913,0.6891999840736389,0.8902921676635742,0.5494999885559082,1.3501002788543701
914,0.6899999976158142,0.8850192427635193,0.515999972820282,1.4234611988067627
915,0.6858000159263611,0.8930133581161499,0.5799999833106995,1.2275866270065308
916,0.6861000061035156,0.8884438276290894,0.5809999704360962,1.2491872310638428
917,0.6926000118255615,0.8841617107391357,0.5210000276565552,1.4756032228469849
918,0.6908000111579895,0.8849024176597595,0.5659999847412109,1.3320249319076538
919,0.6881999969482422,0.8886815309524536,0.574999988079071,1.2815852165222168
920,0.6904000043869019,0.8821752667427063,0.5789999961853027,1.2539610862731934
921,0.6897000074386597,0.8826867938041687,0.5695000290870667,1.2684742212295532
922,0.6929000020027161,0.8800495266914368,0.5910000205039978,1.224985122680664
923,0.6930000185966492,0.8841699361801147,0.5814999938011169,1.2416822910308838
924,0.6917999982833862,0.8845681548118591,0.5360000133514404,1.445434331893921
925,0.6933000087738037,0.8818390369415283,0.5814999938011169,1.2440547943115234
926,0.694599986076355,0.8784208297729492,0.5899999737739563,1.2348359823226929
927,0.6934999823570251,0.8780953288078308,0.5529999732971191,1.3254899978637695
928,0.6940000057220459,0.8776659965515137,0.5659999847412109,1.3107963800430298
929,0.690500020980835,0.8741137981414795,0.5615000128746033,1.3174021244049072
930,0.6891000270843506,0.8783567547798157,0.5920000076293945,1.2066690921783447
931,0.6915000081062317,0.8766909241676331,0.5734999775886536,1.2399295568466187
932,0.6883999705314636,0.8811811804771423,0.5824999809265137,1.230518102645874
933,0.6958000063896179,0.8765957951545715,0.5634999871253967,1.3452636003494263
934,0.6948000192642212,0.8772480487823486,0.5734999775886536,1.2834699153900146
935,0.691100001335144,0.8749596476554871,0.5335000157356262,1.4055516719818115
936,0.6935999989509583,0.8775150179862976,0.5849999785423279,1.262549877166748
937,0.6917999982833862,0.8818819522857666,0.5824999809265137,1.264614462852478
938,0.6952000260353088,0.8737509846687317,0.5414999723434448,1.3641465902328491
939,0.6947000026702881,0.8752874732017517,0.5855000019073486,1.2495285272598267
940,0.694100022315979,0.8680932521820068,0.5964999794960022,1.220743179321289
941,0.6945000290870667,0.8721192479133606,0.4309999942779541,1.9439619779586792
942,0.6960999965667725,0.8842912316322327,0.5400000214576721,1.3893201351165771
943,0.6963000297546387,0.8727179765701294,0.5889999866485596,1.2346932888031006
944,0.697700023651123,0.8684693574905396,0.4690000116825104,1.8304088115692139
945,0.6995000243186951,0.870083212852478,0.5115000009536743,1.5025012493133545
946,0.6956999897956848,0.870441198348999,0.5205000042915344,1.5282455682754517
947,0.6930999755859375,0.8684198260307312,0.5814999938011169,1.2233201265335083
948,0.6972000002861023,0.8718284368515015,0.5684999823570251,1.2919905185699463
949,0.6941999793052673,0.8684812784194946,0.559499979019165,1.3188085556030273
950,0.6962000131607056,0.8712266683578491,0.45350000262260437,1.7808538675308228
951,0.6937999725341797,0.8725537061691284,0.5774999856948853,1.2463260889053345
952,0.6967999935150146,0.8661851286888123,0.5690000057220459,1.28904128074646
953,0.6988000273704529,0.8669289350509644,0.515500009059906,1.4925148487091064
954,0.6991000175476074,0.8622714877128601,0.5809999704360962,1.2521507740020752
955,0.6998000144958496,0.8613966703414917,0.5534999966621399,1.339503288269043
956,0.699999988079071,0.8627026081085205,0.5199999809265137,1.4340554475784302
957,0.6967999935150146,0.8616103529930115,0.5475000143051147,1.3874287605285645
958,0.7003999948501587,0.8645360469818115,0.5724999904632568,1.2749149799346924
959,0.6990000009536743,0.862591028213501,0.5809999704360962,1.2277909517288208
960,0.7017999887466431,0.8571833968162537,0.5764999985694885,1.2514384984970093
961,0.6990000009536743,0.8580524325370789,0.546500027179718,1.3332278728485107
962,0.6966999769210815,0.8593985438346863,0.5705000162124634,1.257641077041626
963,0.703499972820282,0.8594121336936951,0.5680000185966492,1.3503661155700684
964,0.7039999961853027,0.8575845956802368,0.5799999833106995,1.2534042596817017
965,0.7008000016212463,0.8548762798309326,0.5139999985694885,1.4928570985794067
966,0.699400007724762,0.861794114112854,0.5985000133514404,1.2122124433517456
967,0.7031999826431274,0.8521944284439087,0.5805000066757202,1.259734034538269
968,0.7020999789237976,0.8565837144851685,0.5519999861717224,1.3532263040542603
969,0.7024999856948853,0.855737030506134,0.5180000066757202,1.5100536346435547
970,0.7009999752044678,0.8582149147987366,0.5920000076293945,1.2310682535171509
971,0.6985999941825867,0.8514424562454224,0.5569999814033508,1.3504729270935059
972,0.6990000009536743,0.8589528203010559,0.5809999704360962,1.2365520000457764
973,0.7103000283241272,0.8494643568992615,0.5559999942779541,1.3708794116973877
974,0.7020000219345093,0.8525574207305908,0.5550000071525574,1.310125470161438
975,0.7063000202178955,0.8465507626533508,0.5874999761581421,1.2290784120559692
976,0.7034000158309937,0.8491795659065247,0.512499988079071,1.4394447803497314
977,0.6962000131607056,0.8626213669776917,0.5745000243186951,1.2703694105148315
978,0.7052000164985657,0.8530693650245667,0.593999981880188,1.2119060754776
979,0.7017999887466431,0.8514817357063293,0.593500018119812,1.2221882343292236
980,0.7059999704360962,0.8502494096755981,0.5609999895095825,1.3364536762237549
981,0.7067000269889832,0.8480114340782166,0.5519999861717224,1.3533375263214111
982,0.7041000127792358,0.8496490120887756,0.5830000042915344,1.2541472911834717
983,0.7073000073432922,0.8406275510787964,0.5525000095367432,1.339517593383789
984,0.7055000066757202,0.8453372120857239,0.5615000128746033,1.3014100790023804
985,0.708299994468689,0.8456385731697083,0.5910000205039978,1.232392430305481
986,0.7049000263214111,0.8436866998672485,0.5755000114440918,1.3339931964874268
987,0.7064999938011169,0.8429839611053467,0.5830000042915344,1.2545565366744995
988,0.7080000042915344,0.8445581197738647,0.5795000195503235,1.288173794746399
989,0.7056000232696533,0.8470305800437927,0.5845000147819519,1.2440284490585327
990,0.7059000134468079,0.8407089114189148,0.5789999961853027,1.269660234451294
991,0.710099995136261,0.8448643684387207,0.4675000011920929,1.7139829397201538
992,0.7049000263214111,0.853736937046051,0.5550000071525574,1.3613280057907104
993,0.7049999833106995,0.8423388600349426,0.5669999718666077,1.3230218887329102
994,0.7107999920845032,0.8385788798332214,0.5824999809265137,1.2642931938171387
995,0.7093999981880188,0.835606038570404,0.565500020980835,1.284582257270813
996,0.707099974155426,0.8389689326286316,0.5400000214576721,1.399260401725769
997,0.703499972820282,0.8455085754394531,0.5835000276565552,1.228789210319519
998,0.708299994468689,0.8390501141548157,0.5885000228881836,1.2389649152755737
999,0.7077000141143799,0.8380066156387329,0.5774999856948853,1.2458666563034058
