epoch,accuracy,loss,val_accuracy,val_loss
0,0.24140000343322754,2.0539448261260986,0.32100000977516174,1.9129396677017212
1,0.33180001378059387,1.8325804471969604,0.3695000112056732,1.742324709892273
2,0.39149999618530273,1.671694278717041,0.38100001215934753,1.7121928930282593
3,0.41690000891685486,1.6024322509765625,0.4309999942779541,1.5591830015182495
4,0.44760000705718994,1.5182924270629883,0.4519999921321869,1.520500898361206
5,0.4611999988555908,1.49446439743042,0.44699999690055847,1.5816748142242432
6,0.4724999964237213,1.455802083015442,0.47850000858306885,1.4812372922897339
7,0.4912000000476837,1.408780574798584,0.4684999883174896,1.4538428783416748
8,0.5037999749183655,1.379451870918274,0.4650000035762787,1.465821385383606
9,0.515999972820282,1.3377702236175537,0.46050000190734863,1.4930429458618164
10,0.5188999772071838,1.3383095264434814,0.45350000262260437,1.511050820350647
11,0.5322999954223633,1.3053910732269287,0.47450000047683716,1.4432487487792969
12,0.5321000218391418,1.2887784242630005,0.47699999809265137,1.485958218574524
13,0.5435000061988831,1.259945273399353,0.5120000243186951,1.3969193696975708
14,0.5626999735832214,1.2169482707977295,0.503000020980835,1.4045004844665527
15,0.5645999908447266,1.2138701677322388,0.5019999742507935,1.4147335290908813
16,0.5723000168800354,1.183426856994629,0.5019999742507935,1.4462672472000122
17,0.574400007724762,1.1872862577438354,0.492000013589859,1.4536535739898682
18,0.582099974155426,1.1645686626434326,0.48750001192092896,1.45159912109375
19,0.5928000211715698,1.1339361667633057,0.4945000112056732,1.470077633857727
20,0.5997999906539917,1.114866852760315,0.48649999499320984,1.431717038154602
21,0.6154000163078308,1.0821480751037598,0.4934999942779541,1.4574236869812012
22,0.6202999949455261,1.059779405593872,0.48649999499320984,1.5175539255142212
23,0.6237999796867371,1.0519680976867676,0.5115000009536743,1.4704418182373047
24,0.6371999979019165,1.0214370489120483,0.4894999861717224,1.5422449111938477
25,0.628600001335144,1.0312799215316772,0.5024999976158142,1.488598346710205
26,0.6499000191688538,0.9826925992965698,0.5149999856948853,1.5067253112792969
27,0.6538000106811523,0.9673424959182739,0.4855000078678131,1.546637773513794
28,0.650600016117096,0.9809228777885437,0.48100000619888306,1.5820517539978027
29,0.6553000211715698,0.960256040096283,0.49799999594688416,1.5736567974090576
30,0.6703000068664551,0.9232393503189087,0.515999972820282,1.5321674346923828
31,0.6722999811172485,0.9103692173957825,0.503000020980835,1.6109377145767212
32,0.6830999851226807,0.8853325247764587,0.49399998784065247,1.6384522914886475
33,0.6819999814033508,0.8863941431045532,0.5015000104904175,1.6274162530899048
34,0.6811000108718872,0.8828476667404175,0.5055000185966492,1.6109325885772705
35,0.7045999765396118,0.8352892398834229,0.5139999985694885,1.671432375907898
36,0.7075999975204468,0.8199895620346069,0.49950000643730164,1.6886990070343018
37,0.7110000252723694,0.8103733658790588,0.5034999847412109,1.7443958520889282
38,0.7170000076293945,0.7994405627250671,0.47450000047683716,1.9118589162826538
39,0.715399980545044,0.8019611239433289,0.503000020980835,1.7305773496627808
40,0.7354000210762024,0.7493994832038879,0.5134999752044678,1.808706283569336
41,0.7366999983787537,0.7383123636245728,0.5055000185966492,1.8843939304351807
42,0.7441999912261963,0.7211804389953613,0.49300000071525574,1.9308823347091675
43,0.7429999709129333,0.7252339124679565,0.49549999833106995,1.8899122476577759
44,0.7437000274658203,0.7222448587417603,0.4959999918937683,1.9255704879760742
45,0.7484999895095825,0.7234992384910583,0.5145000219345093,1.9608625173568726
46,0.7727000117301941,0.6446963548660278,0.5059999823570251,1.977647304534912
47,0.7709000110626221,0.6543648838996887,0.5005000233650208,1.9803601503372192
48,0.7628999948501587,0.6635905504226685,0.4934999942779541,2.128067970275879
49,0.7760000228881836,0.6281129121780396,0.49549999833106995,2.1037466526031494
50,0.7906000018119812,0.6040858030319214,0.5235000252723694,2.0957283973693848
51,0.7903000116348267,0.590796947479248,0.4925000071525574,2.2234997749328613
52,0.8030999898910522,0.5694705247879028,0.5095000267028809,2.212540626525879
53,0.7822999954223633,0.613544762134552,0.5044999718666077,2.2150046825408936
54,0.8066999912261963,0.5401881337165833,0.49900001287460327,2.2678654193878174
55,0.8111000061035156,0.5321618914604187,0.4925000071525574,2.364386796951294
56,0.8120999932289124,0.5369483232498169,0.49799999594688416,2.359966278076172
57,0.8163999915122986,0.5171482563018799,0.5,2.457679510116577
58,0.8205999732017517,0.5095494389533997,0.4970000088214874,2.4290993213653564
59,0.8195000290870667,0.5093012452125549,0.4884999990463257,2.4786131381988525
60,0.8324000239372253,0.4748544991016388,0.4724999964237213,2.672060251235962
61,0.8335000276565552,0.47782158851623535,0.49050000309944153,2.591590404510498
62,0.8123999834060669,0.523503303527832,0.4805000126361847,2.6591553688049316
63,0.8396000266075134,0.45590800046920776,0.47600001096725464,2.7768118381500244
64,0.8345999717712402,0.4635072350502014,0.4884999990463257,2.76350998878479
65,0.8543000221252441,0.4276256263256073,0.48750001192092896,2.8516128063201904
66,0.8453999757766724,0.43450990319252014,0.4819999933242798,2.7715811729431152
67,0.8446999788284302,0.43470385670661926,0.5005000233650208,2.8922014236450195
68,0.8445000052452087,0.43191805481910706,0.47049999237060547,3.0381505489349365
69,0.8026000261306763,0.5763646364212036,0.48399999737739563,2.8825767040252686
70,0.8515999913215637,0.424747496843338,0.48249998688697815,2.961341619491577
71,0.8562999963760376,0.4138461947441101,0.4880000054836273,3.0014119148254395
72,0.8723999857902527,0.36750420928001404,0.4729999899864197,3.115544080734253
73,0.8787000179290771,0.36572811007499695,0.4754999876022339,3.181161880493164
74,0.8704000115394592,0.37083593010902405,0.4699999988079071,3.1524465084075928
75,0.8870000243186951,0.33515313267707825,0.4715000092983246,3.255767822265625
76,0.880299985408783,0.3397364914417267,0.4779999852180481,3.3018710613250732
77,0.8639000058174133,0.39107951521873474,0.48500001430511475,3.3664519786834717
78,0.8780999779701233,0.3527359962463379,0.4819999933242798,3.364025831222534
79,0.8859000205993652,0.3310301899909973,0.484499990940094,3.3268139362335205
80,0.8952999711036682,0.29803702235221863,0.49000000953674316,3.52278995513916
81,0.8906000256538391,0.31298527121543884,0.4620000123977661,3.814791679382324
82,0.886900007724762,0.3235545754432678,0.46000000834465027,3.768892288208008
83,0.8766000270843506,0.3554937541484833,0.4690000116825104,3.685347318649292
84,0.8765000104904175,0.3522608280181885,0.47200000286102295,3.8374521732330322
85,0.8592000007629395,0.39497315883636475,0.47099998593330383,3.8509738445281982
86,0.89410001039505,0.3017449378967285,0.4794999957084656,3.8362226486206055
87,0.9182999730110168,0.24036012589931488,0.4675000011920929,3.956395149230957
88,0.9132999777793884,0.24763397872447968,0.4684999883174896,4.021924018859863
89,0.907800018787384,0.266993910074234,0.4754999876022339,4.0205230712890625
90,0.9253000020980835,0.22574105858802795,0.4634999930858612,4.339807510375977
91,0.9222999811172485,0.2284599095582962,0.4595000147819519,4.38490104675293
92,0.9296000003814697,0.20827214419841766,0.46149998903274536,4.342902183532715
93,0.9247999787330627,0.21851186454296112,0.47850000858306885,4.407272815704346
94,0.9101999998092651,0.25134119391441345,0.4684999883174896,4.435629367828369
95,0.9050999879837036,0.28032344579696655,0.4555000066757202,4.825372695922852
96,0.847100019454956,0.4403335452079773,0.4494999945163727,4.403973579406738
97,0.8920000195503235,0.2925134599208832,0.45100000500679016,4.454202651977539
98,0.9309999942779541,0.2021302878856659,0.460999995470047,4.6197967529296875
99,0.9347000122070312,0.18896187841892242,0.45500001311302185,4.670456886291504
100,0.9265000224113464,0.21556296944618225,0.44749999046325684,4.685428142547607
101,0.9208999872207642,0.22602064907550812,0.45500001311302185,4.906420707702637
102,0.9282000064849854,0.20435208082199097,0.45500001311302185,4.786911964416504
103,0.914900004863739,0.2331882119178772,0.46299999952316284,5.031557083129883
104,0.9171000123023987,0.22674667835235596,0.4560000002384186,4.997236251831055
105,0.9168000221252441,0.22739744186401367,0.45899999141693115,5.044041633605957
106,0.9380999803543091,0.17245347797870636,0.46000000834465027,5.101504325866699
107,0.9413999915122986,0.1640668362379074,0.4595000147819519,5.20405912399292
108,0.9524000287055969,0.1431143581867218,0.460999995470047,5.269227504730225
109,0.9437000155448914,0.1659693866968155,0.45100000500679016,5.5410847663879395
110,0.9277999997138977,0.20540964603424072,0.4659999907016754,5.424968242645264
111,0.9300000071525574,0.2018430233001709,0.46549999713897705,5.394121170043945
112,0.9340000152587891,0.1795656383037567,0.4480000138282776,5.651324272155762
113,0.9229999780654907,0.21000942587852478,0.46149998903274536,5.651098728179932
114,0.9264000058174133,0.20348800718784332,0.46950000524520874,5.423414707183838
115,0.9302999973297119,0.1971842348575592,0.4560000002384186,5.680240631103516
116,0.9426000118255615,0.16048455238342285,0.4560000002384186,5.564877510070801
117,0.9106000065803528,0.2624964714050293,0.45500001311302185,5.769155979156494
118,0.9165999889373779,0.23317065834999084,0.47099998593330383,5.7102131843566895
119,0.9241999983787537,0.20417174696922302,0.46700000762939453,5.593335151672363
120,0.9401999711990356,0.17118306457996368,0.4560000002384186,6.041219711303711
121,0.9376000165939331,0.17243248224258423,0.460999995470047,5.762217998504639
122,0.9427000284194946,0.15552280843257904,0.445499986410141,5.928236484527588
123,0.9682000279426575,0.10220625251531601,0.45649999380111694,6.038543224334717
124,0.9681000113487244,0.09967795759439468,0.46399998664855957,6.217160224914551
125,0.9603999853134155,0.11457524448633194,0.45249998569488525,6.185495376586914
126,0.9717000126838684,0.0900823324918747,0.45899999141693115,6.252115726470947
127,0.9703999757766724,0.09229206293821335,0.4580000042915344,6.314570903778076
128,0.9685999751091003,0.09118426591157913,0.4375,6.772993564605713
129,0.9318000078201294,0.19195756316184998,0.44449999928474426,6.527392864227295
130,0.9290000200271606,0.19842998683452606,0.45350000262260437,6.488874912261963
131,0.9265000224113464,0.2142079621553421,0.45249998569488525,6.490516662597656
132,0.9171000123023987,0.24109956622123718,0.4580000042915344,6.506228923797607
133,0.8988000154495239,0.30961689352989197,0.4544999897480011,5.923438549041748
134,0.9221000075340271,0.22535154223442078,0.4650000035762787,6.173710346221924
135,0.9478999972343445,0.14935724437236786,0.45399999618530273,6.421407222747803
136,0.9593999981880188,0.11393169313669205,0.45500001311302185,6.5213847160339355
137,0.9513000249862671,0.1370907872915268,0.4634999930858612,6.456623077392578
138,0.9463000297546387,0.15464842319488525,0.45899999141693115,6.6434526443481445
139,0.9395999908447266,0.17554815113544464,0.44699999690055847,6.704549789428711
140,0.9592999815940857,0.11835198849439621,0.453000009059906,6.5259013175964355
141,0.977400004863739,0.070958212018013,0.44999998807907104,6.732412338256836
142,0.9850999712944031,0.053470056504011154,0.45649999380111694,6.693795680999756
143,0.9902999997138977,0.04037864878773689,0.46650001406669617,6.976405143737793
144,0.9933000206947327,0.03461000323295593,0.46399998664855957,6.967676162719727
145,0.993399977684021,0.03211119398474693,0.4514999985694885,7.185881614685059
146,0.9921000003814697,0.038335297256708145,0.45750001072883606,7.222692489624023
147,0.9926999807357788,0.0353294238448143,0.4494999945163727,7.560741424560547
148,0.986299991607666,0.04411397501826286,0.44200000166893005,7.801795482635498
149,0.9158999919891357,0.26461634039878845,0.43799999356269836,7.587096691131592
150,0.8790000081062317,0.40227845311164856,0.4465000033378601,6.946121692657471
151,0.8622999787330627,0.4740321636199951,0.4429999887943268,6.83274507522583
152,0.9020000100135803,0.28592780232429504,0.46050000190734863,6.721302032470703
153,0.9355000257492065,0.18011260032653809,0.4650000035762787,6.692295074462891
154,0.9498999714851379,0.1396804004907608,0.4440000057220459,6.86238956451416
155,0.9840999841690063,0.057061754167079926,0.46050000190734863,6.752871036529541
156,0.9918000102043152,0.03787106275558472,0.4490000009536743,7.0169548988342285
157,0.992900013923645,0.03507247567176819,0.4645000100135803,6.968581199645996
158,0.9962000250816345,0.026231011375784874,0.4645000100135803,7.166382312774658
159,0.9980999827384949,0.018581930547952652,0.4645000100135803,7.185324192047119
160,0.9987999796867371,0.015840068459510803,0.4560000002384186,7.298379898071289
161,0.9988999962806702,0.014459585770964622,0.46549999713897705,7.4198808670043945
162,0.9983000159263611,0.016978688538074493,0.4675000011920929,7.501067161560059
163,0.9997000098228455,0.011617731302976608,0.4645000100135803,7.565485954284668
164,0.9993000030517578,0.010687881149351597,0.4659999907016754,7.715089797973633
165,0.9998000264167786,0.009185688570141792,0.46650001406669617,7.767552375793457
166,0.9997000098228455,0.00851717684417963,0.46000000834465027,7.838109970092773
167,0.9994999766349792,0.010378725826740265,0.4625000059604645,7.887945175170898
168,0.9998000264167786,0.00696606608107686,0.46799999475479126,7.9688262939453125
169,0.9998000264167786,0.006837046705186367,0.46399998664855957,8.017816543579102
170,0.9998999834060669,0.005832585506141186,0.4675000011920929,8.13807201385498
171,0.9998999834060669,0.005033137742429972,0.4650000035762787,8.206160545349121
172,0.9998999834060669,0.005072552245110273,0.4684999883174896,8.307995796203613
173,0.9998999834060669,0.004888296127319336,0.4625000059604645,8.421504974365234
174,0.9994999766349792,0.00791639368981123,0.4650000035762787,8.392221450805664
175,0.9458000063896179,0.21316955983638763,0.4320000112056732,7.8658294677734375
176,0.7799999713897705,0.9972134828567505,0.4390000104904175,6.133203506469727
177,0.8371000289916992,0.5589408278465271,0.4514999985694885,6.076030254364014
178,0.9146000146865845,0.25723880529403687,0.4555000066757202,6.211794376373291
179,0.9496999979019165,0.1433846354484558,0.46000000834465027,6.324881553649902
180,0.9775000214576721,0.07256250083446503,0.4715000092983246,6.327627658843994
181,0.9782000184059143,0.07354550808668137,0.4560000002384186,6.55013370513916
182,0.9900000095367432,0.041746363043785095,0.46299999952316284,6.7678046226501465
183,0.9923999905586243,0.03465760871767998,0.46149998903274536,6.904902935028076
184,0.9977999925613403,0.02048235386610031,0.4715000092983246,6.990723133087158
185,0.9993000030517578,0.01414573471993208,0.4634999930858612,7.124578475952148
186,0.9994999766349792,0.012369451113045216,0.46549999713897705,7.250129222869873
187,0.9997000098228455,0.010123706422746181,0.46950000524520874,7.308037281036377
188,0.9998000264167786,0.008943185210227966,0.47049999237060547,7.4118194580078125
189,0.9998000264167786,0.008097317069768906,0.4690000116825104,7.500727653503418
190,0.9998999834060669,0.007179270964115858,0.47099998593330383,7.591189861297607
191,0.9998999834060669,0.00656656501814723,0.4740000069141388,7.651432514190674
192,0.9998999834060669,0.005992911756038666,0.47450000047683716,7.7251152992248535
193,0.9998999834060669,0.005482091102749109,0.4715000092983246,7.836058616638184
194,0.9998999834060669,0.005274802912026644,0.47099998593330383,7.905916690826416
195,0.9998999834060669,0.004538900684565306,0.4729999899864197,7.9605255126953125
196,0.9998999834060669,0.004372316412627697,0.46799999475479126,8.026230812072754
197,1.0,0.003961626440286636,0.4724999964237213,8.062159538269043
198,0.9998999834060669,0.0037762222345918417,0.47350001335144043,8.173830032348633
199,1.0,0.0036272781435400248,0.47099998593330383,8.23343276977539
200,1.0,0.003195679048076272,0.4690000116825104,8.329719543457031
201,0.9182000160217285,0.3247580826282501,0.4325000047683716,7.899442195892334
202,0.7569000124931335,1.0904430150985718,0.4429999887943268,6.094208240509033
203,0.8819000124931335,0.3631795346736908,0.4584999978542328,6.1692214012146
204,0.946399986743927,0.1583525538444519,0.46050000190734863,6.031721115112305
205,0.9434999823570251,0.15526491403579712,0.46399998664855957,6.201578140258789
206,0.9821000099182129,0.06700040400028229,0.46299999952316284,6.229351997375488
207,0.9900000095367432,0.0423302948474884,0.4650000035762787,6.452210903167725
208,0.9965000152587891,0.025851109996438026,0.45750001072883606,6.648860931396484
209,0.9987999796867371,0.01850632019340992,0.45899999141693115,6.7518720626831055
210,0.9994999766349792,0.014053747989237309,0.4659999907016754,6.898079872131348
211,0.9995999932289124,0.012282531708478928,0.4645000100135803,6.965676307678223
212,0.9997000098228455,0.010284476913511753,0.4690000116825104,7.091616153717041
213,0.9998000264167786,0.008486778475344181,0.46700000762939453,7.192732810974121
214,0.9998000264167786,0.008698160760104656,0.4634999930858612,7.317196846008301
215,0.9998999834060669,0.006702382583171129,0.46299999952316284,7.413083553314209
216,0.9998999834060669,0.006259917747229338,0.46799999475479126,7.46024227142334
217,0.9998999834060669,0.005576062947511673,0.4625000059604645,7.557551383972168
218,0.9998999834060669,0.0052319858223199844,0.4625000059604645,7.618900299072266
219,0.9998999834060669,0.004680085927248001,0.4659999907016754,7.697032928466797
220,1.0,0.004544980823993683,0.4659999907016754,7.789661884307861
221,1.0,0.00407446501776576,0.46700000762939453,7.82820463180542
222,1.0,0.0038351500406861305,0.4675000011920929,7.942111968994141
223,1.0,0.0035286566708236933,0.4690000116825104,7.989588260650635
224,1.0,0.003179010236635804,0.4675000011920929,8.073049545288086
225,1.0,0.002994176233187318,0.4724999964237213,8.137428283691406
226,1.0,0.0028177963104099035,0.4724999964237213,8.184816360473633
227,1.0,0.0026103819254785776,0.47099998593330383,8.289337158203125
228,1.0,0.0024405207950621843,0.4684999883174896,8.349775314331055
229,1.0,0.0023028894793242216,0.46950000524520874,8.391769409179688
230,1.0,0.0022534371819347143,0.47049999237060547,8.464058876037598
231,1.0,0.0020618096459656954,0.4690000116825104,8.516822814941406
232,1.0,0.0019636836368590593,0.47049999237060547,8.581942558288574
233,1.0,0.0018162381602451205,0.46950000524520874,8.668343544006348
234,1.0,0.0017008509021252394,0.4715000092983246,8.726543426513672
235,1.0,0.0015935716219246387,0.46950000524520874,8.78821849822998
236,1.0,0.0015094990376383066,0.4715000092983246,8.848217010498047
237,1.0,0.0014330947306007147,0.4715000092983246,8.899962425231934
238,1.0,0.001365302479825914,0.47450000047683716,8.962270736694336
239,1.0,0.0012849299237132072,0.47099998593330383,9.0020751953125
240,1.0,0.0012309239245951176,0.4699999988079071,9.092707633972168
241,1.0,0.0012015101965516806,0.4724999964237213,9.154568672180176
242,1.0,0.0010793742258101702,0.4749999940395355,9.185234069824219
243,1.0,0.0010671877535060048,0.47350001335144043,9.240612983703613
244,1.0,0.0009998517343774438,0.47099998593330383,9.300629615783691
245,1.0,0.0009450911311432719,0.47350001335144043,9.33491039276123
246,1.0,0.0008980310522019863,0.47200000286102295,9.403508186340332
247,1.0,0.0008501969277858734,0.4715000092983246,9.47789192199707
248,1.0,0.000817109365016222,0.47450000047683716,9.526506423950195
249,1.0,0.0007859498728066683,0.47350001335144043,9.57541561126709
250,1.0,0.0007344247424043715,0.47099998593330383,9.647485733032227
251,1.0,0.0006892853998579085,0.4715000092983246,9.692869186401367
252,1.0,0.0006523310439661145,0.4749999940395355,9.757821083068848
253,1.0,0.0006209182902239263,0.4754999876022339,9.804015159606934
254,1.0,0.000588372815400362,0.4740000069141388,9.840649604797363
255,1.0,0.0005606285412795842,0.4699999988079071,9.929677963256836
256,1.0,0.0005433761398307979,0.4715000092983246,9.960205078125
257,1.0,0.0005019716336391866,0.47200000286102295,10.028804779052734
258,1.0,0.00047839313629083335,0.47450000047683716,10.061905860900879
259,1.0,0.0004604695423040539,0.47099998593330383,10.135095596313477
260,1.0,0.00045716253225691617,0.47350001335144043,10.173725128173828
261,1.0,0.0004218138346914202,0.47200000286102295,10.219508171081543
262,1.0,0.0004049119888804853,0.4699999988079071,10.313888549804688
263,1.0,0.0003791278868447989,0.47450000047683716,10.339162826538086
264,1.0,0.0003591746499296278,0.47200000286102295,10.369491577148438
265,1.0,0.00034442113246768713,0.47049999237060547,10.435062408447266
266,1.0,0.00033267863909713924,0.47099998593330383,10.477038383483887
267,1.0,0.000315492827212438,0.47200000286102295,10.544005393981934
268,1.0,0.00029701166204176843,0.4740000069141388,10.597744941711426
269,1.0,0.00028477859450504184,0.47350001335144043,10.65648365020752
270,1.0,0.00027855817461386323,0.4699999988079071,10.74398136138916
271,1.0,0.00025866576470434666,0.4754999876022339,10.742981910705566
272,1.0,0.0002515713858883828,0.4724999964237213,10.820596694946289
273,1.0,0.00023511839390266687,0.47200000286102295,10.868795394897461
274,1.0,0.00022614961198996753,0.4740000069141388,10.908870697021484
275,1.0,0.00021028085029684007,0.47450000047683716,10.967117309570312
276,1.0,0.00020533590577542782,0.47049999237060547,11.026352882385254
277,1.0,0.0001957709901034832,0.47450000047683716,11.093738555908203
278,1.0,0.00018656099564395845,0.47099998593330383,11.150355339050293
279,1.0,0.00018143336637876928,0.46950000524520874,11.191587448120117
280,1.0,0.00017394364112988114,0.47200000286102295,11.226781845092773
281,1.0,0.0001633461215533316,0.4724999964237213,11.282227516174316
282,1.0,0.00015572049596812576,0.47049999237060547,11.314074516296387
283,1.0,0.00014767039101570845,0.4699999988079071,11.380029678344727
284,1.0,0.00014153047231957316,0.47200000286102295,11.422063827514648
285,1.0,0.00013864185893908143,0.47099998593330383,11.485581398010254
286,1.0,0.0001296227128477767,0.4699999988079071,11.524384498596191
287,1.0,0.00012071523815393448,0.47099998593330383,11.56884765625
288,1.0,0.00011813074524980038,0.47099998593330383,11.650035858154297
289,1.0,0.00011112768697785214,0.4699999988079071,11.717803001403809
290,1.0,0.0001058327907230705,0.47049999237060547,11.749505043029785
291,1.0,0.0001047558689606376,0.46950000524520874,11.806028366088867
292,0.8220999836921692,1.471093773841858,0.25099998712539673,4.891988277435303
293,0.35089999437332153,2.2541348934173584,0.3179999887943268,2.4106056690216064
294,0.4749000072479248,1.560828685760498,0.38350000977516174,2.7365174293518066
295,0.5759000182151794,1.2394204139709473,0.42649999260902405,2.789743423461914
296,0.7080000042915344,0.8574819564819336,0.43950000405311584,3.2188665866851807
297,0.8133999705314636,0.5141066312789917,0.4480000138282776,3.706453800201416
298,0.8909000158309937,0.29755523800849915,0.44200000166893005,4.317540168762207
299,0.944599986076355,0.16755229234695435,0.46050000190734863,4.472141265869141
300,0.9634000062942505,0.11758382618427277,0.460999995470047,4.753870964050293
301,0.9830999970436096,0.07254790514707565,0.46399998664855957,5.02415132522583
302,0.9926000237464905,0.04803110659122467,0.4634999930858612,5.258808612823486
303,0.9970999956130981,0.032591164112091064,0.4569999873638153,5.550766468048096
304,0.9994000196456909,0.02347922883927822,0.460999995470047,5.66999626159668
305,0.9994999766349792,0.017769496887922287,0.46050000190734863,5.882778644561768
306,0.9994999766349792,0.0163179449737072,0.46650001406669617,6.067272663116455
307,0.9998999834060669,0.012546786107122898,0.45750001072883606,6.177486896514893
308,0.9998999834060669,0.010359893552958965,0.46149998903274536,6.332854270935059
309,0.9998999834060669,0.008860757574439049,0.4625000059604645,6.498264312744141
310,1.0,0.007645349018275738,0.4544999897480011,6.567887783050537
311,1.0,0.0067822630517184734,0.46299999952316284,6.689538478851318
312,1.0,0.0058763287961483,0.46000000834465027,6.771472930908203
313,1.0,0.00542218005284667,0.4634999930858612,6.9055562019348145
314,1.0,0.004792862106114626,0.46000000834465027,6.980482578277588
315,1.0,0.004465222824364901,0.4595000147819519,7.087958335876465
316,1.0,0.004067128524184227,0.4584999978542328,7.172895431518555
317,1.0,0.003740135580301285,0.4580000042915344,7.252857208251953
318,1.0,0.003307175822556019,0.46050000190734863,7.318055629730225
319,1.0,0.0030909355264157057,0.4595000147819519,7.368945121765137
320,1.0,0.002859417349100113,0.4595000147819519,7.487165927886963
321,1.0,0.002646462991833687,0.4560000002384186,7.5533623695373535
322,1.0,0.0024521599989384413,0.4595000147819519,7.62297248840332
323,1.0,0.0023776383604854345,0.46000000834465027,7.681787967681885
324,1.0,0.002162073738873005,0.4560000002384186,7.754864692687988
325,1.0,0.0019840586464852095,0.4560000002384186,7.8405938148498535
326,1.0,0.001852001529186964,0.4555000066757202,7.892487525939941
327,1.0,0.0018123929621651769,0.4569999873638153,7.963973522186279
328,1.0,0.0016307069454342127,0.45649999380111694,7.998791694641113
329,1.0,0.0015495466068387032,0.4569999873638153,8.067347526550293
330,1.0,0.0014120647683739662,0.4569999873638153,8.148168563842773
331,1.0,0.001371354446746409,0.46000000834465027,8.214412689208984
332,1.0,0.0012629989068955183,0.45649999380111694,8.295991897583008
333,1.0,0.0011713873827829957,0.45649999380111694,8.325437545776367
334,1.0,0.0011061109835281968,0.45649999380111694,8.393964767456055
335,1.0,0.0010443693026900291,0.45649999380111694,8.44529914855957
336,1.0,0.0009864007588475943,0.46050000190734863,8.48635482788086
337,1.0,0.0009110217215493321,0.4584999978542328,8.542850494384766
338,1.0,0.0008603452006354928,0.4560000002384186,8.620485305786133
339,1.0,0.0008276574080809951,0.4569999873638153,8.682646751403809
340,1.0,0.0007771163946017623,0.4569999873638153,8.743768692016602
341,1.0,0.0007590546156279743,0.45899999141693115,8.767654418945312
342,1.0,0.0007002883357927203,0.45750001072883606,8.8617582321167
343,1.0,0.0006553719285875559,0.4560000002384186,8.920618057250977
344,1.0,0.0006230592261999846,0.4555000066757202,8.932760238647461
345,1.0,0.0005966685712337494,0.45649999380111694,8.998138427734375
346,1.0,0.0005727604147978127,0.45500001311302185,9.02968978881836
347,1.0,0.0005483273416757584,0.4584999978542328,9.103947639465332
348,1.0,0.0005278533790260553,0.4580000042915344,9.15290641784668
349,1.0,0.0004733102396130562,0.4580000042915344,9.189685821533203
350,1.0,0.00046129178372211754,0.45899999141693115,9.217855453491211
351,1.0,0.0004321703454479575,0.4569999873638153,9.32249641418457
352,1.0,0.00040966010419651866,0.4569999873638153,9.358734130859375
353,1.0,0.0003923487674910575,0.45899999141693115,9.387395858764648
354,1.0,0.0003697137872222811,0.46000000834465027,9.451828956604004
355,1.0,0.00034427191712893546,0.45750001072883606,9.50444507598877
356,1.0,0.0003374508523847908,0.4595000147819519,9.562949180603027
357,1.0,0.00031701906118541956,0.4584999978542328,9.58452320098877
358,1.0,0.00030623533530160785,0.4580000042915344,9.654292106628418
359,1.0,0.000281391607131809,0.46000000834465027,9.711788177490234
360,1.0,0.0002690071414690465,0.4595000147819519,9.755812644958496
361,1.0,0.0002572780940681696,0.46050000190734863,9.813899993896484
362,1.0,0.0002467791782692075,0.460999995470047,9.847803115844727
363,1.0,0.00024570748792029917,0.4595000147819519,9.917143821716309
364,1.0,0.0002232897240901366,0.46000000834465027,9.958870887756348
365,1.0,0.00021130127424839884,0.4595000147819519,10.034563064575195
366,1.0,0.0002045160799752921,0.46000000834465027,10.063278198242188
367,1.0,0.00019120724755339324,0.4634999930858612,10.137595176696777
368,1.0,0.00018221528443973511,0.46149998903274536,10.145639419555664
369,1.0,0.0001750535302562639,0.4625000059604645,10.197864532470703
370,1.0,0.00016466400120407343,0.4625000059604645,10.256622314453125
371,1.0,0.00015609450929332525,0.46050000190734863,10.29485034942627
372,1.0,0.0001508317654952407,0.460999995470047,10.360885620117188
373,1.0,0.0001438077597413212,0.4584999978542328,10.379645347595215
374,1.0,0.0001377990556648001,0.4595000147819519,10.43934440612793
375,1.0,0.000132965506054461,0.46000000834465027,10.488823890686035
376,1.0,0.00012301656533963978,0.4634999930858612,10.5326566696167
377,1.0,0.00011729867401299998,0.4650000035762787,10.579374313354492
378,1.0,0.0001124390255426988,0.4634999930858612,10.622370719909668
379,1.0,0.00010708945774240419,0.4625000059604645,10.666365623474121
380,1.0,0.00010211041080765426,0.460999995470047,10.71909236907959
381,1.0,9.951987158274278e-05,0.4625000059604645,10.77054500579834
382,1.0,9.389195474795997e-05,0.4650000035762787,10.8208589553833
383,1.0,8.916705701267347e-05,0.46399998664855957,10.849616050720215
384,1.0,8.536248788004741e-05,0.46299999952316284,10.91696548461914
385,1.0,8.111089118756354e-05,0.460999995470047,10.98064136505127
386,1.0,7.692819781368598e-05,0.4659999907016754,10.99970531463623
387,1.0,7.511881267419085e-05,0.4634999930858612,11.04658031463623
388,1.0,6.931658572284505e-05,0.4650000035762787,11.0914888381958
389,1.0,6.640013452852145e-05,0.46399998664855957,11.156670570373535
390,1.0,6.381504499586299e-05,0.4625000059604645,11.182815551757812
391,1.0,6.137838499853387e-05,0.46299999952316284,11.234557151794434
392,1.0,5.917904491070658e-05,0.4645000100135803,11.276557922363281
393,1.0,5.5943131883395836e-05,0.4634999930858612,11.336299896240234
394,1.0,5.2448867791099474e-05,0.46549999713897705,11.350507736206055
395,1.0,5.068358950666152e-05,0.46299999952316284,11.403060913085938
396,1.0,4.839048415306024e-05,0.4625000059604645,11.471260070800781
397,1.0,4.661390630644746e-05,0.4625000059604645,11.519126892089844
398,1.0,4.495439861784689e-05,0.4645000100135803,11.556485176086426
399,1.0,4.152489054831676e-05,0.46299999952316284,11.599004745483398
400,1.0,4.053841985296458e-05,0.46299999952316284,11.62218189239502
401,1.0,3.8982128899078816e-05,0.46549999713897705,11.674530029296875
402,1.0,3.718345760717057e-05,0.4645000100135803,11.719368934631348
403,1.0,3.5280638257972896e-05,0.46149998903274536,11.754720687866211
404,1.0,3.437942359596491e-05,0.4650000035762787,11.790040969848633
405,0.9901000261306763,0.11761090159416199,0.27399998903274536,21.96622657775879
406,0.20419999957084656,3.1362996101379395,0.14550000429153442,2.4035003185272217
407,0.17139999568462372,2.2270100116729736,0.1264999955892563,2.3367021083831787
408,0.21089999377727509,2.1464362144470215,0.20149999856948853,2.3082709312438965
409,0.26010000705718994,2.0088260173797607,0.23350000381469727,2.1362252235412598
410,0.3082999885082245,1.8464468717575073,0.2630000114440918,2.0756752490997314
411,0.35350000858306885,1.7465195655822754,0.2955000102519989,2.0516793727874756
412,0.396699994802475,1.6364057064056396,0.33649998903274536,2.1256537437438965
413,0.4521999955177307,1.5016145706176758,0.37299999594688416,2.1058707237243652
414,0.5184000134468079,1.3498332500457764,0.3889999985694885,2.1326162815093994
415,0.6122999787330627,1.1052088737487793,0.4325000047683716,2.4658706188201904
416,0.676800012588501,0.9256289005279541,0.4259999990463257,2.642488718032837
417,0.766700029373169,0.6552389860153198,0.43700000643730164,3.0381271839141846
418,0.8371000289916992,0.452267587184906,0.4429999887943268,3.2964980602264404
419,0.8691999912261963,0.3543012738227844,0.4595000147819519,3.6063225269317627
420,0.9049999713897705,0.2638961970806122,0.4595000147819519,3.9573748111724854
421,0.9300000071525574,0.1933280974626541,0.4650000035762787,4.363864898681641
422,0.9587000012397766,0.12697747349739075,0.45350000262260437,4.687828063964844
423,0.9710999727249146,0.09887225925922394,0.4684999883174896,4.7868733406066895
424,0.972100019454956,0.09367777407169342,0.4584999978542328,5.071060657501221
425,0.9699000120162964,0.09412049502134323,0.43700000643730164,5.552002429962158
426,0.9564999938011169,0.12141269445419312,0.43950000405311584,5.583791732788086
427,0.9718000292778015,0.09149157255887985,0.4544999897480011,5.463506698608398
428,0.983299970626831,0.06283777952194214,0.45649999380111694,5.758286476135254
429,0.9908000230789185,0.04211815819144249,0.4625000059604645,6.008855819702148
430,0.9921000003814697,0.03719453513622284,0.45100000500679016,6.1043548583984375
431,0.9896000027656555,0.04165337607264519,0.4494999945163727,6.4015421867370605
432,0.9855999946594238,0.05080273747444153,0.4505000114440918,6.349428653717041
433,0.9603000283241272,0.10949759185314178,0.46399998664855957,6.4927849769592285
434,0.965499997138977,0.09993162751197815,0.4449999928474426,6.730640888214111
435,0.95169997215271,0.14275017380714417,0.4284999966621399,6.779698848724365
436,0.9541000127792358,0.1332770735025406,0.44850000739097595,6.6561360359191895
437,0.9399999976158142,0.16940481960773468,0.4514999985694885,6.827093601226807
438,0.9399999976158142,0.16968733072280884,0.4514999985694885,6.603994369506836
439,0.9585999846458435,0.12579534947872162,0.4505000114440918,6.515887260437012
440,0.9656000137329102,0.10328669100999832,0.44999998807907104,6.6455979347229
441,0.9866999983787537,0.04761963710188866,0.4625000059604645,6.902682781219482
442,0.9983999729156494,0.017555229365825653,0.453000009059906,7.045289516448975
443,0.9995999932289124,0.010317116975784302,0.4544999897480011,7.1893205642700195
444,1.0,0.006320061162114143,0.453000009059906,7.295663833618164
445,0.9998999834060669,0.004816402215510607,0.4560000002384186,7.327091693878174
446,1.0,0.004275158513337374,0.45500001311302185,7.422683238983154
447,1.0,0.0038547413423657417,0.4569999873638153,7.512674808502197
448,1.0,0.0035395089071244,0.4569999873638153,7.591484546661377
449,1.0,0.0032262036111205816,0.453000009059906,7.650759220123291
450,1.0,0.0028787688352167606,0.4560000002384186,7.689385414123535
451,1.0,0.002673754235729575,0.45399999618530273,7.743491172790527
452,1.0,0.002457114402204752,0.45249998569488525,7.823955535888672
453,1.0,0.002268713666126132,0.4555000066757202,7.8833770751953125
454,1.0,0.002164974110201001,0.45249998569488525,7.919134140014648
455,1.0,0.0020180419087409973,0.4544999897480011,8.017643928527832
456,1.0,0.0019009015522897243,0.45500001311302185,8.035592079162598
457,1.0,0.0017551813507452607,0.45500001311302185,8.10539436340332
458,1.0,0.0016650705365464091,0.45399999618530273,8.145502090454102
459,1.0,0.0015673154266551137,0.45399999618530273,8.194962501525879
460,1.0,0.0014862865209579468,0.4544999897480011,8.252159118652344
461,1.0,0.001396560575813055,0.45500001311302185,8.302070617675781
462,1.0,0.0013106206897646189,0.4544999897480011,8.354955673217773
463,1.0,0.0012557412264868617,0.4544999897480011,8.417950630187988
464,1.0,0.001188002061098814,0.45500001311302185,8.445626258850098
465,1.0,0.001125466194935143,0.4555000066757202,8.51680850982666
466,1.0,0.0010798478033393621,0.45649999380111694,8.568022727966309
467,1.0,0.0010091328294947743,0.4569999873638153,8.599947929382324
468,1.0,0.0009677280322648585,0.45500001311302185,8.634697914123535
469,1.0,0.0009048294159583747,0.4580000042915344,8.706748008728027
470,1.0,0.0008572172373533249,0.4580000042915344,8.746598243713379
471,1.0,0.0008217474678531289,0.45750001072883606,8.80659294128418
472,1.0,0.0007879993063397706,0.4544999897480011,8.838227272033691
473,1.0,0.0007448648102581501,0.45649999380111694,8.885797500610352
474,1.0,0.0007267534383572638,0.4569999873638153,8.928889274597168
475,1.0,0.0006787909078411758,0.4560000002384186,8.97978401184082
476,1.0,0.0006374286022037268,0.45500001311302185,9.024179458618164
477,1.0,0.0006151421112008393,0.4569999873638153,9.067967414855957
478,1.0,0.0005910909967496991,0.45399999618530273,9.104880332946777
479,1.0,0.0005605310434475541,0.4580000042915344,9.165471076965332
480,1.0,0.0005282728816382587,0.4560000002384186,9.207742691040039
481,1.0,0.0005139430286362767,0.45750001072883606,9.275094985961914
482,1.0,0.0004810513637494296,0.45750001072883606,9.282817840576172
483,1.0,0.00045876530930399895,0.45500001311302185,9.363842010498047
484,1.0,0.00043874859693460166,0.4560000002384186,9.38235092163086
485,1.0,0.00043258132063783705,0.46000000834465027,9.429003715515137
486,1.0,0.0004025431990157813,0.4569999873638153,9.485033988952637
487,1.0,0.00038645940367132425,0.45500001311302185,9.529133796691895
488,1.0,0.0003653062740340829,0.45649999380111694,9.57725715637207
489,1.0,0.0003465164627414197,0.4584999978542328,9.623750686645508
490,1.0,0.0003296950599178672,0.4584999978542328,9.652674674987793
491,1.0,0.0003193282173015177,0.45649999380111694,9.718371391296387
492,1.0,0.000311371055431664,0.45899999141693115,9.760380744934082
493,1.0,0.00028788833878934383,0.4595000147819519,9.8071870803833
494,1.0,0.0002767779224086553,0.4584999978542328,9.840548515319824
495,1.0,0.0002646147913765162,0.4569999873638153,9.879314422607422
496,1.0,0.00025389567599631846,0.45899999141693115,9.928236961364746
497,1.0,0.0002423851692583412,0.4580000042915344,9.966392517089844
498,1.0,0.00023484029225073755,0.45899999141693115,10.017939567565918
499,1.0,0.00022186966089066118,0.4595000147819519,10.073756217956543
500,1.0,0.0002080799313262105,0.4580000042915344,10.117531776428223
501,1.0,0.00021102314349263906,0.4569999873638153,10.135705947875977
502,1.0,0.00019070011330768466,0.46050000190734863,10.187458038330078
503,1.0,0.00018611499399412423,0.45899999141693115,10.243659973144531
504,1.0,0.00017438105714973062,0.4580000042915344,10.283080101013184
505,1.0,0.00016758983838371933,0.4569999873638153,10.310029029846191
506,1.0,0.00015965214697644114,0.460999995470047,10.375753402709961
507,1.0,0.00015330985479522496,0.45750001072883606,10.412580490112305
508,1.0,0.00015039838035590947,0.45899999141693115,10.45162296295166
509,1.0,0.00014000707597006112,0.4595000147819519,10.520234107971191
510,1.0,0.00013488851254805923,0.4584999978542328,10.542657852172852
511,1.0,0.00012858730042353272,0.45750001072883606,10.596809387207031
512,1.0,0.00012246871483512223,0.45649999380111694,10.629712104797363
513,1.0,0.0001164891364169307,0.4584999978542328,10.707502365112305
514,1.0,0.00011166078184032813,0.46050000190734863,10.718729019165039
515,1.0,0.00010664344154065475,0.45899999141693115,10.763349533081055
516,1.0,0.0001087799173546955,0.45899999141693115,10.811554908752441
517,1.0,0.0001006036764010787,0.4580000042915344,10.85903263092041
518,1.0,9.779920219443738e-05,0.45899999141693115,10.917806625366211
519,1.0,8.874281775206327e-05,0.460999995470047,10.96191120147705
520,1.0,8.567101031076163e-05,0.46000000834465027,10.9867525100708
521,1.0,8.141008584061638e-05,0.45750001072883606,11.011515617370605
522,1.0,7.7354910899885e-05,0.46000000834465027,11.100316047668457
523,1.0,7.569428271381184e-05,0.45750001072883606,11.11729621887207
524,1.0,7.180535612860695e-05,0.45899999141693115,11.163748741149902
525,1.0,6.850717909401283e-05,0.4595000147819519,11.214982032775879
526,1.0,6.601756467716768e-05,0.4584999978542328,11.257600784301758
527,1.0,6.535925786010921e-05,0.46149998903274536,11.30894660949707
528,1.0,5.9225560107734054e-05,0.4580000042915344,11.364109992980957
529,1.0,5.7021945394808426e-05,0.4584999978542328,11.368280410766602
530,1.0,5.474710633279756e-05,0.46050000190734863,11.43469524383545
531,1.0,5.1878505473723635e-05,0.46050000190734863,11.493123054504395
532,1.0,5.046953447163105e-05,0.46050000190734863,11.521112442016602
533,1.0,4.740046279039234e-05,0.4580000042915344,11.564539909362793
534,1.0,4.590019671013579e-05,0.46000000834465027,11.617819786071777
535,1.0,4.527959390543401e-05,0.46050000190734863,11.663400650024414
536,1.0,4.177152004558593e-05,0.460999995470047,11.698439598083496
537,1.0,3.999114778707735e-05,0.4580000042915344,11.731917381286621
538,1.0,3.823203587671742e-05,0.4595000147819519,11.793753623962402
539,1.0,3.636840483522974e-05,0.46000000834465027,11.853206634521484
540,1.0,3.471048330538906e-05,0.4584999978542328,11.871220588684082
541,1.0,3.334254142828286e-05,0.46050000190734863,11.91606616973877
542,1.0,3.2167397876037285e-05,0.460999995470047,11.945116996765137
543,1.0,3.0925752071198076e-05,0.45899999141693115,12.007936477661133
544,1.0,3.0114832043182105e-05,0.4595000147819519,12.032977104187012
545,1.0,2.8284139261813834e-05,0.45899999141693115,12.08957576751709
546,1.0,2.678729833860416e-05,0.4620000123977661,12.131394386291504
547,1.0,2.5505434678052552e-05,0.46149998903274536,12.196832656860352
548,1.0,2.4700615540496074e-05,0.4584999978542328,12.23438835144043
549,1.0,2.377031159994658e-05,0.46050000190734863,12.30231761932373
550,1.0,2.256738480355125e-05,0.460999995470047,12.300201416015625
551,1.0,2.155867150577251e-05,0.4625000059604645,12.36238956451416
552,1.0,2.0665924239438027e-05,0.46050000190734863,12.410000801086426
553,1.0,2.0090354155399837e-05,0.460999995470047,12.446512222290039
554,1.0,1.8824841390596703e-05,0.4620000123977661,12.507034301757812
555,1.0,1.8151951735490002e-05,0.460999995470047,12.531601905822754
556,1.0,1.8251330402563326e-05,0.460999995470047,12.573787689208984
557,1.0,1.6490072084707208e-05,0.4595000147819519,12.598301887512207
558,1.0,1.594251807546243e-05,0.46000000834465027,12.664917945861816
559,1.0,1.514207906438969e-05,0.460999995470047,12.69819450378418
560,1.0,1.4417186321225017e-05,0.460999995470047,12.727834701538086
561,1.0,1.3817550097883213e-05,0.46000000834465027,12.803812026977539
562,1.0,1.3534602658182848e-05,0.4625000059604645,12.825004577636719
563,1.0,1.2820348274544813e-05,0.46000000834465027,12.855916023254395
564,1.0,1.2476713891373947e-05,0.4584999978542328,12.90334701538086
565,1.0,1.1818307029898278e-05,0.4595000147819519,12.933892250061035
566,1.0,1.1101622476417106e-05,0.4634999930858612,13.004956245422363
567,1.0,1.0698236110329162e-05,0.46000000834465027,13.065146446228027
568,1.0,1.0186478903051466e-05,0.460999995470047,13.079646110534668
569,1.0,9.85122187557863e-06,0.46149998903274536,13.152546882629395
570,1.0,9.255240911443252e-06,0.460999995470047,13.186433792114258
571,1.0,8.780352800386027e-06,0.46000000834465027,13.229355812072754
572,1.0,8.536720997653902e-06,0.46050000190734863,13.28354549407959
573,1.0,8.217314643843565e-06,0.45899999141693115,13.311080932617188
574,1.0,7.871949492255226e-06,0.4595000147819519,13.376065254211426
575,1.0,7.455464583472349e-06,0.4595000147819519,13.424514770507812
576,1.0,7.180203283496667e-06,0.4625000059604645,13.441082954406738
577,1.0,6.858029337308835e-06,0.460999995470047,13.470087051391602
578,1.0,6.532417955895653e-06,0.460999995470047,13.53403091430664
579,1.0,6.277848115132656e-06,0.46000000834465027,13.569657325744629
580,1.0,6.213293090695515e-06,0.46149998903274536,13.602360725402832
581,1.0,5.6883072829805315e-06,0.4595000147819519,13.657610893249512
582,1.0,5.4797224038338754e-06,0.4595000147819519,13.698285102844238
583,1.0,5.231038812780753e-06,0.4625000059604645,13.754352569580078
584,1.0,5.100718226458412e-06,0.4595000147819519,13.787859916687012
585,1.0,4.932842330163112e-06,0.45899999141693115,13.822237014770508
586,1.0,4.607495611708146e-06,0.4620000123977661,13.868733406066895
587,1.0,4.439078566065291e-06,0.46050000190734863,13.928267478942871
588,1.0,4.237668235873571e-06,0.46050000190734863,13.94051456451416
589,1.0,4.05604896513978e-06,0.4620000123977661,14.007704734802246
590,1.0,3.950497102778172e-06,0.46050000190734863,14.074798583984375
591,1.0,3.791097242356045e-06,0.46000000834465027,14.0938081741333
592,1.0,3.669159923447296e-06,0.4620000123977661,14.12024211883545
593,1.0,3.423155476411921e-06,0.46050000190734863,14.183229446411133
594,1.0,3.245823108954937e-06,0.460999995470047,14.220098495483398
595,1.0,3.1443300940736663e-06,0.4584999978542328,14.271547317504883
596,1.0,2.990028178828652e-06,0.46050000190734863,14.28919792175293
597,1.0,2.879571184166707e-06,0.460999995470047,14.32357406616211
598,1.0,2.7737748951039976e-06,0.46149998903274536,14.385905265808105
599,1.0,2.679838871699758e-06,0.46000000834465027,14.430233001708984
600,1.0,2.5422377802897245e-06,0.46000000834465027,14.462464332580566
601,1.0,2.3963398234627675e-06,0.4620000123977661,14.530407905578613
602,1.0,2.2879321477375925e-06,0.46050000190734863,14.544820785522461
603,1.0,2.207979832746787e-06,0.46050000190734863,14.574483871459961
604,1.0,2.1450741769513115e-06,0.460999995470047,14.644466400146484
605,1.0,2.015089876294951e-06,0.46000000834465027,14.698413848876953
606,1.0,1.912952029670123e-06,0.460999995470047,14.738248825073242
607,1.0,1.8455880308465566e-06,0.46050000190734863,14.753786087036133
608,1.0,1.8189803085988387e-06,0.4584999978542328,14.817910194396973
609,1.0,1.695421929071017e-06,0.46050000190734863,14.857226371765137
610,1.0,1.6293922726617893e-06,0.46050000190734863,14.898822784423828
611,1.0,1.558284225211537e-06,0.46050000190734863,14.951383590698242
612,1.0,1.4977863429521676e-06,0.46000000834465027,14.980711936950684
613,1.0,1.452832748327637e-06,0.460999995470047,15.015101432800293
614,1.0,1.3898675206291955e-06,0.46050000190734863,15.07372760772705
615,1.0,1.3124649740348104e-06,0.4595000147819519,15.105095863342285
616,1.0,1.2738058785544126e-06,0.46050000190734863,15.150910377502441
617,1.0,1.2088733001291985e-06,0.4625000059604645,15.200993537902832
618,1.0,1.1758763776015257e-06,0.45899999141693115,15.254982948303223
619,1.0,1.098796360565757e-06,0.46050000190734863,15.263630867004395
620,1.0,1.0639040510795894e-06,0.460999995470047,15.312206268310547
621,1.0,1.0171862641072948e-06,0.4595000147819519,15.371627807617188
622,1.0,9.81721541393199e-07,0.4620000123977661,15.398441314697266
623,1.0,9.380433425576484e-07,0.46149998903274536,15.444989204406738
624,1.0,9.074069566850085e-07,0.46149998903274536,15.449444770812988
625,1.0,8.635381050225988e-07,0.46050000190734863,15.535964965820312
626,1.0,8.293968676298391e-07,0.4584999978542328,15.552435874938965
627,1.0,8.009295697775087e-07,0.4580000042915344,15.598359107971191
628,1.0,7.612571835124982e-07,0.4625000059604645,15.630866050720215
629,1.0,7.367120815615635e-07,0.46149998903274536,15.697511672973633
630,1.0,6.952275271032704e-07,0.460999995470047,15.722516059875488
631,1.0,6.791343594159116e-07,0.46050000190734863,15.789546966552734
632,1.0,6.376496344273619e-07,0.46000000834465027,15.816428184509277
633,1.0,6.233088925000629e-07,0.4620000123977661,15.863375663757324
634,1.0,5.927198003519152e-07,0.46149998903274536,15.881492614746094
635,1.0,5.642527298732603e-07,0.46149998903274536,15.940485000610352
636,1.0,5.366081836655212e-07,0.4595000147819519,15.97953987121582
637,1.0,5.194181085244054e-07,0.4584999978542328,16.01824951171875
638,1.0,5.074257956039219e-07,0.46050000190734863,16.060317993164062
639,1.0,4.745121202631708e-07,0.46000000834465027,16.108137130737305
640,1.0,4.5845470708627545e-07,0.46000000834465027,16.134414672851562
641,1.0,4.3534006977097306e-07,0.45899999141693115,16.192920684814453
642,1.0,4.210231452361768e-07,0.46050000190734863,16.227680206298828
643,1.0,4.1203472278539266e-07,0.46050000190734863,16.271005630493164
644,1.0,3.87453894745704e-07,0.46050000190734863,16.29855728149414
645,1.0,3.7322024581953883e-07,0.46000000834465027,16.37391471862793
646,1.0,3.489969628844847e-07,0.46149998903274536,16.365337371826172
647,1.0,3.426788452998153e-07,0.4595000147819519,16.415508270263672
648,1.0,3.279684506196645e-07,0.45899999141693115,16.452777862548828
649,1.0,3.1462894867217983e-07,0.45899999141693115,16.487375259399414
650,1.0,2.9965625003569585e-07,0.4584999978542328,16.54372215270996
651,1.0,2.8666249818343204e-07,0.46000000834465027,16.575040817260742
652,1.0,2.7860394880008243e-07,0.460999995470047,16.633638381958008
653,1.0,2.665518934463762e-07,0.46000000834465027,16.643367767333984
654,1.0,2.567886667748098e-07,0.460999995470047,16.697500228881836
655,1.0,2.4818177735141944e-07,0.4580000042915344,16.736276626586914
656,1.0,2.3246998637205252e-07,0.46299999952316284,16.759197235107422
657,1.0,2.2555582290806342e-07,0.4620000123977661,16.782594680786133
658,1.0,2.1636479630160466e-07,0.46000000834465027,16.850549697875977
659,1.0,2.0545716949982307e-07,0.46000000834465027,16.881155014038086
660,1.0,1.9912717164061178e-07,0.4620000123977661,16.925477981567383
661,1.0,1.9239183757235878e-07,0.46149998903274536,16.948394775390625
662,1.0,1.8318888805879396e-07,0.460999995470047,16.96999168395996
663,1.0,1.7839667521002411e-07,0.460999995470047,17.037689208984375
664,1.0,1.696944025297853e-07,0.46050000190734863,17.08213996887207
665,1.0,1.657366510698921e-07,0.460999995470047,17.106679916381836
666,1.0,1.5631911765012774e-07,0.46149998903274536,17.132780075073242
667,1.0,1.518726122640146e-07,0.4620000123977661,17.171939849853516
668,1.0,1.5152690480135789e-07,0.460999995470047,17.207901000976562
669,1.0,1.4047621732515836e-07,0.4595000147819519,17.277366638183594
670,1.0,1.331567602846917e-07,0.4634999930858612,17.27336311340332
671,1.0,1.2868642329522118e-07,0.46149998903274536,17.329341888427734
672,1.0,1.2203453536585585e-07,0.46399998664855957,17.352869033813477
673,1.0,1.1790989873361468e-07,0.460999995470047,17.395488739013672
674,1.0,1.1355875528806791e-07,0.46050000190734863,17.433870315551758
675,1.0,1.1091231044701999e-07,0.46149998903274536,17.473817825317383
676,1.0,1.068711199536665e-07,0.4634999930858612,17.503137588500977
677,1.0,1.0299681463266097e-07,0.46050000190734863,17.538848876953125
678,1.0,9.828804792277879e-08,0.46050000190734863,17.56610107421875
679,1.0,9.444951132309143e-08,0.46050000190734863,17.594280242919922
680,1.0,9.444951132309143e-08,0.460999995470047,17.640104293823242
681,1.0,8.852481414578506e-08,0.46000000834465027,17.640825271606445
682,1.0,8.730887657293351e-08,0.4595000147819519,17.667037963867188
683,1.0,8.101462611875831e-08,0.460999995470047,17.732370376586914
684,1.0,8.318423994069235e-08,0.46149998903274536,17.763322830200195
685,1.0,7.396936041459412e-08,0.46149998903274536,17.78423309326172
686,1.0,7.516145217323356e-08,0.46000000834465027,17.86958122253418
687,1.0,7.039307803324846e-08,0.46050000190734863,17.86080551147461
688,1.0,6.719827183587768e-08,0.46299999952316284,17.879863739013672
689,1.0,6.409882757907326e-08,0.46050000190734863,17.922460556030273
690,1.0,6.401538144018559e-08,0.46299999952316284,17.92973518371582
691,1.0,6.067752167382423e-08,0.46000000834465027,17.963743209838867
692,1.0,5.7864184555000975e-08,0.45750001072883606,18.010305404663086
693,1.0,5.604028174843734e-08,0.46399998664855957,18.009248733520508
694,1.0,5.3882594386323035e-08,0.46299999952316284,18.040767669677734
695,1.0,5.130767277705672e-08,0.46149998903274536,18.07901382446289
696,1.0,5.0389761696578717e-08,0.460999995470047,18.086606979370117
697,1.0,4.848241630384109e-08,0.4620000123977661,18.101764678955078
698,1.0,4.700422095993417e-08,0.46000000834465027,18.14516830444336
699,1.0,4.5871733078683974e-08,0.4625000059604645,18.149452209472656
700,1.0,4.470348002882929e-08,0.460999995470047,18.18096160888672
701,1.0,4.330873082381004e-08,0.4595000147819519,18.225265502929688
702,1.0,4.174708934101545e-08,0.4595000147819519,18.207582473754883
703,1.0,4.054307822798364e-08,0.46050000190734863,18.22544288635254
704,1.0,3.821849503538033e-08,0.4595000147819519,18.255970001220703
705,1.0,3.772973755644671e-08,0.45899999141693115,18.293371200561523
706,1.0,3.7169453293017796e-08,0.45899999141693115,18.28302001953125
707,1.0,3.556012728722635e-08,0.46000000834465027,18.303359985351562
708,1.0,3.340243992511205e-08,0.4595000147819519,18.33984375
709,1.0,3.329515152472595e-08,0.46000000834465027,18.34803009033203
710,1.0,3.138780257927465e-08,0.4595000147819519,18.377925872802734
711,1.0,3.1542775502657605e-08,0.46000000834465027,18.38742446899414
712,1.0,3.1006333500727123e-08,0.46000000834465027,18.39173698425293
713,1.0,2.9528138156820205e-08,0.4595000147819519,18.415185928344727
714,1.0,2.9253957478658776e-08,0.4580000042915344,18.437118530273438
715,1.0,2.8455254152959242e-08,0.46000000834465027,18.465970993041992
716,1.0,2.8109546690302523e-08,0.46050000190734863,18.460115432739258
717,1.0,2.713203173243528e-08,0.4560000002384186,18.46951675415039
718,1.0,2.789497166588717e-08,0.460999995470047,18.507577896118164
719,1.0,2.634524953748496e-08,0.46000000834465027,18.506431579589844
720,1.0,2.4294852352113594e-08,0.45750001072883606,18.510377883911133
721,1.0,2.4962421463214923e-08,0.4580000042915344,18.542301177978516
722,1.0,2.4127958297981422e-08,0.45899999141693115,18.55266761779785
723,1.0,2.597570158968665e-08,0.4584999978542328,18.589948654174805
724,1.0,2.467631965430428e-08,0.45899999141693115,18.59130096435547
725,1.0,2.6202199521208058e-08,0.4584999978542328,18.62016487121582
726,1.0,2.2542474553688407e-08,0.4569999873638153,18.610889434814453
727,1.0,2.0217894913798773e-08,0.45750001072883606,18.543699264526367
728,1.0,2.1684169126956476e-08,0.45899999141693115,18.62877655029297
729,1.0,2.1612642342461186e-08,0.45750001072883606,18.637189865112305
730,0.7635999917984009,2.5405023097991943,0.1784999966621399,4.328491687774658
731,0.20890000462532043,2.447382926940918,0.17599999904632568,2.3236260414123535
732,0.24809999763965607,2.0293922424316406,0.23199999332427979,2.2945024967193604
733,0.28459998965263367,1.914332628250122,0.22200000286102295,2.366403818130493
734,0.3158999979496002,1.8204624652862549,0.2784999907016754,2.30702805519104
735,0.3476000130176544,1.7418839931488037,0.2709999978542328,2.3299100399017334
736,0.3634999990463257,1.702101707458496,0.2939999997615814,2.2949934005737305
737,0.3961000144481659,1.6259158849716187,0.30000001192092896,2.451111078262329
738,0.42260000109672546,1.5625134706497192,0.31850001215934753,2.518095016479492
739,0.4553000032901764,1.4932068586349487,0.34599998593330383,2.51607608795166
740,0.5141000151634216,1.3700342178344727,0.35249999165534973,2.431161880493164
741,0.5666000247001648,1.2384814023971558,0.38850000500679016,2.806063175201416
742,0.6378999948501587,1.055148959159851,0.40549999475479126,3.050591230392456
743,0.7185999751091003,0.8242622017860413,0.429500013589859,3.206918478012085
744,0.7968999743461609,0.576758623123169,0.42649999260902405,3.8272387981414795
745,0.866599977016449,0.3695926368236542,0.4424999952316284,4.096506118774414
746,0.9187999963760376,0.22386422753334045,0.44999998807907104,4.754630088806152
747,0.9502999782562256,0.13803912699222565,0.45500001311302185,4.815425395965576
748,0.977400004863739,0.0791960209608078,0.4625000059604645,5.3978352546691895
749,0.9815999865531921,0.06432469189167023,0.45350000262260437,5.65360164642334
750,0.9914000034332275,0.0426764190196991,0.45899999141693115,5.958614349365234
751,0.9939000010490417,0.03293372318148613,0.4544999897480011,6.049732208251953
752,0.9952999949455261,0.025371480733156204,0.45399999618530273,6.148470401763916
753,0.9993000030517578,0.014755886979401112,0.4514999985694885,6.346742153167725
754,0.9998999834060669,0.009896918199956417,0.4569999873638153,6.490569591522217
755,1.0,0.007135620340704918,0.45500001311302185,6.696648597717285
756,1.0,0.005713626742362976,0.45649999380111694,6.821794509887695
757,1.0,0.004780476912856102,0.45350000262260437,6.9139814376831055
758,1.0,0.004410238470882177,0.45399999618530273,6.9697489738464355
759,1.0,0.0037476569414138794,0.4555000066757202,7.103787422180176
760,1.0,0.0034294049255549908,0.45399999618530273,7.146045684814453
761,1.0,0.0030815850477665663,0.45500001311302185,7.228141784667969
762,1.0,0.002859825734049082,0.45649999380111694,7.331273555755615
763,1.0,0.0026009418070316315,0.45649999380111694,7.417098045349121
764,1.0,0.0024333831388503313,0.45649999380111694,7.481420516967773
765,1.0,0.0022007746156305075,0.45649999380111694,7.537890434265137
766,1.0,0.0020542044658213854,0.4560000002384186,7.583979606628418
767,1.0,0.00211896188557148,0.4580000042915344,7.659177303314209
768,1.0,0.0017988821491599083,0.4584999978542328,7.711786270141602
769,1.0,0.0016440980834886432,0.4569999873638153,7.765376567840576
770,1.0,0.0015305288834497333,0.4569999873638153,7.877519130706787
771,1.0,0.0014257814036682248,0.45500001311302185,7.918911457061768
772,1.0,0.001336436253041029,0.4595000147819519,7.974310874938965
773,1.0,0.0012581640621647239,0.4560000002384186,8.049790382385254
774,1.0,0.0011665945639833808,0.45649999380111694,8.094164848327637
775,1.0,0.00111871468834579,0.4569999873638153,8.15369701385498
776,1.0,0.0010615368373692036,0.4580000042915344,8.191715240478516
777,1.0,0.0009886518819257617,0.4595000147819519,8.280251502990723
778,1.0,0.0009234081371687353,0.4580000042915344,8.30015754699707
779,1.0,0.0008955157245509326,0.4580000042915344,8.360984802246094
780,1.0,0.0008287954260595143,0.45899999141693115,8.409221649169922
781,1.0,0.0007893725414760411,0.4584999978542328,8.453226089477539
782,1.0,0.0007425256771966815,0.4580000042915344,8.527633666992188
783,1.0,0.0007035679300315678,0.45899999141693115,8.57301139831543
784,1.0,0.0006634475430473685,0.45899999141693115,8.61337947845459
785,1.0,0.0006440862780436873,0.45899999141693115,8.657007217407227
786,1.0,0.0006015183171257377,0.4580000042915344,8.7216215133667
787,1.0,0.0005703509086742997,0.46000000834465027,8.805598258972168
788,1.0,0.0005392672028392553,0.4580000042915344,8.808123588562012
789,1.0,0.0005122289294376969,0.4580000042915344,8.872106552124023
790,1.0,0.0004894724697805941,0.4569999873638153,8.965063095092773
791,1.0,0.00046703434782102704,0.45649999380111694,8.949952125549316
792,1.0,0.0004354575648903847,0.4569999873638153,8.983766555786133
793,1.0,0.00041690573561936617,0.45899999141693115,9.047626495361328
794,1.0,0.0003973740676883608,0.45500001311302185,9.094807624816895
795,1.0,0.0003746627189684659,0.4580000042915344,9.143826484680176
796,1.0,0.0003597831819206476,0.4560000002384186,9.208571434020996
797,1.0,0.00034121322096325457,0.45750001072883606,9.232610702514648
798,1.0,0.00032644550083205104,0.45750001072883606,9.292098045349121
799,1.0,0.00031045719515532255,0.45750001072883606,9.338805198669434
800,1.0,0.0002938125398941338,0.45899999141693115,9.38685131072998
801,1.0,0.00028138846391811967,0.4569999873638153,9.439997673034668
802,1.0,0.00026739612803794444,0.45750001072883606,9.47282600402832
803,1.0,0.00025377224665135145,0.45750001072883606,9.530437469482422
804,1.0,0.0002434203925076872,0.4560000002384186,9.56380558013916
805,1.0,0.00023097517259884626,0.45750001072883606,9.608723640441895
806,1.0,0.00022271089255809784,0.4569999873638153,9.634673118591309
807,1.0,0.0002105160237988457,0.4569999873638153,9.69572925567627
808,1.0,0.00020044107805006206,0.45649999380111694,9.739422798156738
809,1.0,0.0001911536237457767,0.45649999380111694,9.782750129699707
810,1.0,0.00018262688536196947,0.45750001072883606,9.831868171691895
811,1.0,0.00017473471234552562,0.45750001072883606,9.880890846252441
812,1.0,0.00016576708003412932,0.4560000002384186,9.907419204711914
813,1.0,0.00015826072194613516,0.45750001072883606,9.952010154724121
814,1.0,0.00015283768880181015,0.45899999141693115,10.026884078979492
815,1.0,0.0001463697262806818,0.4584999978542328,10.050387382507324
816,1.0,0.00013858139573130757,0.45899999141693115,10.116065979003906
817,1.0,0.00013235057122074068,0.45750001072883606,10.155475616455078
818,1.0,0.00012562185293063521,0.45649999380111694,10.177812576293945
819,1.0,0.0001203827268909663,0.4580000042915344,10.2282075881958
820,1.0,0.00011556420213310048,0.4580000042915344,10.268599510192871
821,1.0,0.00010885464871535078,0.45750001072883606,10.309025764465332
822,1.0,0.000105101011286024,0.4580000042915344,10.349401473999023
823,1.0,0.00010009085963247344,0.4580000042915344,10.383296966552734
824,1.0,9.52078407863155e-05,0.4580000042915344,10.453287124633789
825,1.0,9.136684820987284e-05,0.4580000042915344,10.475410461425781
826,1.0,8.789885032456368e-05,0.4595000147819519,10.52483081817627
827,1.0,8.345935202669352e-05,0.45750001072883606,10.57751178741455
828,1.0,7.991083839442581e-05,0.460999995470047,10.62324047088623
829,1.0,7.683337025810033e-05,0.4569999873638153,10.644875526428223
830,1.0,7.257402467075735e-05,0.4595000147819519,10.685376167297363
831,1.0,7.141535024857149e-05,0.45899999141693115,10.706511497497559
832,1.0,6.66763517074287e-05,0.4595000147819519,10.813288688659668
833,1.0,6.334779027383775e-05,0.45899999141693115,10.844010353088379
834,1.0,6.0762689827242866e-05,0.45500001311302185,10.872123718261719
835,1.0,5.8176628954242915e-05,0.45899999141693115,10.925093650817871
836,1.0,5.579287972068414e-05,0.4620000123977661,10.973249435424805
837,1.0,5.30325596628245e-05,0.45899999141693115,11.017128944396973
838,1.0,5.062036507297307e-05,0.4580000042915344,11.041033744812012
839,1.0,4.8064845032058656e-05,0.45899999141693115,11.080430030822754
840,1.0,4.619887113221921e-05,0.4580000042915344,11.149240493774414
841,1.0,4.4413340219762176e-05,0.45899999141693115,11.179595947265625
842,1.0,4.232519131619483e-05,0.46050000190734863,11.206587791442871
843,1.0,4.051576979691163e-05,0.46050000190734863,11.261261940002441
844,1.0,3.923304029740393e-05,0.4580000042915344,11.322854995727539
845,1.0,3.733451012521982e-05,0.45750001072883606,11.3322172164917
846,1.0,3.558547541615553e-05,0.45899999141693115,11.397582054138184
847,1.0,3.4139706258429214e-05,0.45899999141693115,11.438010215759277
848,1.0,3.252117312513292e-05,0.4595000147819519,11.49799919128418
849,1.0,3.161294443998486e-05,0.4584999978542328,11.517998695373535
850,1.0,2.9758170057903044e-05,0.45899999141693115,11.54626178741455
851,1.0,2.8449800083762966e-05,0.46000000834465027,11.593666076660156
852,1.0,2.718994983297307e-05,0.46149998903274536,11.672917366027832
853,1.0,2.6859208446694538e-05,0.45750001072883606,11.700006484985352
854,1.0,2.495993976481259e-05,0.46000000834465027,11.722804069519043
855,1.0,2.382884304097388e-05,0.45899999141693115,11.762643814086914
856,1.0,2.3114205760066397e-05,0.45899999141693115,11.835098266601562
857,1.0,2.1911364456173033e-05,0.46149998903274536,11.856569290161133
858,1.0,2.0727366063511e-05,0.4595000147819519,11.894862174987793
859,1.0,2.0064833734068088e-05,0.46000000834465027,11.936923027038574
860,1.0,1.9238947061239742e-05,0.4620000123977661,12.005833625793457
861,1.0,1.8514392650104128e-05,0.4620000123977661,12.034028053283691
862,1.0,1.7659061995800585e-05,0.4595000147819519,12.066459655761719
863,1.0,1.6866610167198814e-05,0.46050000190734863,12.104660987854004
864,1.0,1.602523661858868e-05,0.460999995470047,12.148828506469727
865,1.0,1.540613993711304e-05,0.46000000834465027,12.189043998718262
866,1.0,1.4673668374598492e-05,0.46050000190734863,12.235004425048828
867,1.0,1.3992600543133449e-05,0.46000000834465027,12.307004928588867
868,1.0,1.3460185982694384e-05,0.4595000147819519,12.324576377868652
869,1.0,1.3157059584045783e-05,0.4595000147819519,12.36668586730957
870,1.0,1.2263084499863908e-05,0.4584999978542328,12.396736145019531
871,1.0,1.1746979907911737e-05,0.45899999141693115,12.430506706237793
872,1.0,1.1245469067944214e-05,0.45899999141693115,12.496517181396484
873,1.0,1.0754789400380105e-05,0.4569999873638153,12.530569076538086
874,1.0,1.0245395969832316e-05,0.46000000834465027,12.568177223205566
875,1.0,9.840476195677184e-06,0.4584999978542328,12.61167049407959
876,1.0,9.458860404265579e-06,0.4580000042915344,12.651569366455078
877,1.0,8.967278517957311e-06,0.45899999141693115,12.718775749206543
878,1.0,8.691115908732172e-06,0.4595000147819519,12.741619110107422
879,1.0,8.435444215137977e-06,0.4595000147819519,12.812410354614258
880,1.0,7.921866199467331e-06,0.45899999141693115,12.823308944702148
881,1.0,7.612365607201355e-06,0.4595000147819519,12.850174903869629
882,1.0,7.397200988634722e-06,0.4595000147819519,12.900078773498535
883,1.0,7.011178695393028e-06,0.46000000834465027,12.944979667663574
884,1.0,6.8807385105174035e-06,0.46000000834465027,12.974824905395508
885,1.0,6.362037311191671e-06,0.460999995470047,13.030108451843262
886,1.0,6.1275941334315576e-06,0.4595000147819519,13.071573257446289
887,1.0,5.8689547586254776e-06,0.45750001072883606,13.095035552978516
888,1.0,5.5689488362986594e-06,0.46050000190734863,13.129395484924316
889,1.0,5.2911036618752405e-06,0.45750001072883606,13.195578575134277
890,1.0,5.087808858661447e-06,0.4580000042915344,13.254166603088379
891,1.0,4.890213858743664e-06,0.4595000147819519,13.264485359191895
892,1.0,4.690411969932029e-06,0.46050000190734863,13.30808162689209
893,1.0,4.500075647229096e-06,0.4580000042915344,13.345377922058105
894,1.0,4.356467343313852e-06,0.4595000147819519,13.392621040344238
895,1.0,4.136113602726255e-06,0.46000000834465027,13.433364868164062
896,1.0,3.955515694542555e-06,0.46000000834465027,13.479652404785156
897,1.0,3.793726818912546e-06,0.4584999978542328,13.50606918334961
898,1.0,3.662289373096428e-06,0.4595000147819519,13.52823257446289
899,1.0,3.489593837002758e-06,0.4584999978542328,13.595924377441406
900,1.0,3.328080538267386e-06,0.46050000190734863,13.644902229309082
901,1.0,3.2055120300356066e-06,0.45899999141693115,13.669027328491211
902,1.0,3.067147417823435e-06,0.4595000147819519,13.699278831481934
903,1.0,2.9136679131624987e-06,0.460999995470047,13.756880760192871
904,1.0,2.826050376825151e-06,0.46000000834465027,13.797489166259766
905,1.0,2.7070213945989963e-06,0.4580000042915344,13.848316192626953
906,1.0,2.5756669401744148e-06,0.46000000834465027,13.880048751831055
907,1.0,2.466150363034103e-06,0.46000000834465027,13.928380966186523
908,1.0,2.3625341327715432e-06,0.460999995470047,13.972496032714844
909,1.0,2.256631205455051e-06,0.46149998903274536,13.987699508666992
910,1.0,2.1613236640405376e-06,0.4595000147819519,14.043766021728516
911,1.0,2.079583055092371e-06,0.4584999978542328,14.088234901428223
912,1.0,2.004994257731596e-06,0.46149998903274536,14.118470191955566
913,1.0,1.9200824681320228e-06,0.45899999141693115,14.187223434448242
914,1.0,1.8515025885790237e-06,0.45899999141693115,14.198498725891113
915,1.0,1.7646707419771701e-06,0.4580000042915344,14.262057304382324
916,1.0,1.6920138250497985e-06,0.46149998903274536,14.27821159362793
917,1.0,1.6243508298430243e-06,0.46149998903274536,14.315073013305664
918,1.0,1.5446239558514208e-06,0.46050000190734863,14.37883472442627
919,1.0,1.4759959867660655e-06,0.46050000190734863,14.400422096252441
920,1.0,1.408631192134635e-06,0.4569999873638153,14.454980850219727
921,1.0,1.3631772617372917e-06,0.4595000147819519,14.485443115234375
922,1.0,1.3043362514508772e-06,0.46000000834465027,14.504798889160156
923,1.0,1.2537675502244383e-06,0.4580000042915344,14.557333946228027
924,1.0,1.1860456652357243e-06,0.46050000190734863,14.604082107543945
925,1.0,1.147588932326471e-06,0.45899999141693115,14.644424438476562
926,1.0,1.088378098756948e-06,0.46000000834465027,14.70334243774414
927,1.0,1.0453198910909123e-06,0.45899999141693115,14.734216690063477
928,1.0,9.919021977111697e-07,0.46149998903274536,14.76928424835205
929,1.0,9.660818705015117e-07,0.460999995470047,14.803808212280273
930,1.0,9.208778806168993e-07,0.4595000147819519,14.845539093017578
931,1.0,8.797509849500784e-07,0.460999995470047,14.887835502624512
932,1.0,8.626086582808057e-07,0.46000000834465027,14.90324878692627
933,1.0,8.18906812583009e-07,0.46000000834465027,14.942445755004883
934,1.0,7.820594305485429e-07,0.4620000123977661,14.986747741699219
935,1.0,7.441747698067047e-07,0.4620000123977661,15.029471397399902
936,1.0,7.1279913527178e-07,0.46149998903274536,15.083209037780762
937,1.0,6.796828415644995e-07,0.4595000147819519,15.13457202911377
938,1.0,6.621710326726316e-07,0.46149998903274536,15.174440383911133
939,1.0,6.306284490165126e-07,0.460999995470047,15.206357955932617
940,1.0,6.064290687390894e-07,0.4595000147819519,15.23251724243164
941,1.0,5.886072358407546e-07,0.4625000059604645,15.283124923706055
942,1.0,5.543583370126726e-07,0.4620000123977661,15.285775184631348
943,1.0,5.488629426508851e-07,0.46299999952316284,15.333333969116211
944,1.0,5.151506456968491e-07,0.4584999978542328,15.393729209899902
945,1.0,4.985568580195832e-07,0.4620000123977661,15.446290969848633
946,1.0,4.824873371944705e-07,0.46050000190734863,15.482497215270996
947,1.0,4.5281615257408703e-07,0.46050000190734863,15.512529373168945
948,1.0,4.336473864441359e-07,0.4620000123977661,15.531952857971191
949,1.0,4.178045287517307e-07,0.4620000123977661,15.602161407470703
950,1.0,4.000661419922835e-07,0.46149998903274536,15.641529083251953
951,1.0,3.8461669760181394e-07,0.4620000123977661,15.668289184570312
952,1.0,3.677128290746623e-07,0.4620000123977661,15.70211410522461
953,1.0,3.5041560408899386e-07,0.46050000190734863,15.727105140686035
954,1.0,3.440974865043245e-07,0.46000000834465027,15.754571914672852
955,1.0,3.290056156401988e-07,0.46399998664855957,15.799050331115723
956,1.0,3.1471242323277693e-07,0.45899999141693115,15.864310264587402
957,1.0,2.963065526273567e-07,0.46050000190734863,15.904722213745117
958,1.0,2.9039375704087433e-07,0.4584999978542328,15.943609237670898
959,1.0,2.8239477956049086e-07,0.460999995470047,15.980231285095215
960,1.0,2.645134600243182e-07,0.4620000123977661,15.996562957763672
961,1.0,2.5545352855260717e-07,0.460999995470047,16.050914764404297
962,1.0,2.427815957162238e-07,0.4620000123977661,16.068321228027344
963,1.0,2.3447270791621122e-07,0.4625000059604645,16.085491180419922
964,1.0,2.2580621816814528e-07,0.4620000123977661,16.15355110168457
965,1.0,2.1899933244640124e-07,0.4625000059604645,16.20504379272461
966,1.0,2.0604130668289145e-07,0.4625000059604645,16.21702003479004
967,1.0,1.9916294036192994e-07,0.4620000123977661,16.254356384277344
968,1.0,1.9248722082920722e-07,0.460999995470047,16.294593811035156
969,1.0,1.8329618001189374e-07,0.46050000190734863,16.362070083618164
970,1.0,1.7615555236716318e-07,0.45899999141693115,16.396228790283203
971,1.0,1.70695770407292e-07,0.4625000059604645,16.42160987854004
972,1.0,1.6432997540505312e-07,0.46050000190734863,16.481233596801758
973,1.0,1.583814537298167e-07,0.46149998903274536,16.47395133972168
974,1.0,1.5109776541066822e-07,0.46299999952316284,16.51699447631836
975,1.0,1.4746187559921964e-07,0.460999995470047,16.560544967651367
976,1.0,1.3992784886340814e-07,0.46299999952316284,16.578426361083984
977,1.0,1.3383625230289908e-07,0.460999995470047,16.62894058227539
978,1.0,1.298308234254364e-07,0.4634999930858612,16.652868270874023
979,1.0,1.2561081064177415e-07,0.4634999930858612,16.679670333862305
980,1.0,1.208424436072164e-07,0.46050000190734863,16.72332000732422
981,1.0,1.1520384646246384e-07,0.46149998903274536,16.77313232421875
982,1.0,1.1128185661846146e-07,0.46000000834465027,16.82016372680664
983,1.0,1.0612009759825014e-07,0.46050000190734863,16.83753204345703
984,1.0,1.0280607654067353e-07,0.46050000190734863,16.875234603881836
985,1.0,1.0108946923992335e-07,0.4625000059604645,16.891090393066406
986,1.0,9.466408812386362e-08,0.4625000059604645,16.896177291870117
987,1.0,9.121894350982984e-08,0.4595000147819519,16.938020706176758
988,1.0,8.907317550210792e-08,0.45899999141693115,17.00069808959961
989,1.0,8.416175489855959e-08,0.46149998903274536,17.026025772094727
990,1.0,8.289813280271119e-08,0.46149998903274536,17.07278060913086
991,1.0,7.841586580070725e-08,0.46149998903274536,17.088829040527344
992,1.0,7.743835084284001e-08,0.460999995470047,17.124427795410156
993,1.0,7.226466891552263e-08,0.46299999952316284,17.132612228393555
994,1.0,6.899833238094288e-08,0.46149998903274536,17.16421890258789
995,1.0,6.774663319220053e-08,0.46000000834465027,17.20855712890625
996,1.0,6.45399040877237e-08,0.46000000834465027,17.23934555053711
997,1.0,6.285905129743696e-08,0.460999995470047,17.276355743408203
998,1.0,6.039142164127043e-08,0.460999995470047,17.30044174194336
999,1.0,5.759000032412587e-08,0.46299999952316284,17.303382873535156
