epoch,accuracy,loss,val_accuracy,val_loss
0,0.10689999908208847,2.317553997039795,0.12200000137090683,2.2953410148620605
1,0.10980000346899033,2.300572633743286,0.1340000033378601,2.289421796798706
2,0.11980000138282776,2.2927567958831787,0.1469999998807907,2.283839464187622
3,0.12269999831914902,2.2867743968963623,0.15150000154972076,2.275927782058716
4,0.1404000073671341,2.277900457382202,0.16249999403953552,2.2692713737487793
5,0.13930000364780426,2.2741310596466064,0.18950000405311584,2.261308193206787
6,0.14910000562667847,2.2678678035736084,0.18950000405311584,2.253061532974243
7,0.15299999713897705,2.261808395385742,0.2150000035762787,2.245170831680298
8,0.1565999984741211,2.255148410797119,0.2290000021457672,2.2354907989501953
9,0.16930000483989716,2.244598150253296,0.21950000524520874,2.22585129737854
10,0.17190000414848328,2.236269235610962,0.23800000548362732,2.2154793739318848
11,0.1793999969959259,2.2281980514526367,0.24500000476837158,2.204413652420044
12,0.18029999732971191,2.218576669692993,0.21950000524520874,2.1924030780792236
13,0.18240000307559967,2.210719585418701,0.23350000381469727,2.180307149887085
14,0.19300000369548798,2.201796770095825,0.24199999868869781,2.1690633296966553
15,0.18979999423027039,2.192422866821289,0.23399999737739563,2.1586389541625977
16,0.18649999797344208,2.18386173248291,0.2304999977350235,2.148702621459961
17,0.19619999825954437,2.1744508743286133,0.23549999296665192,2.140190362930298
18,0.19449999928474426,2.167330265045166,0.25,2.1289961338043213
19,0.19850000739097595,2.1578168869018555,0.25,2.1172409057617188
20,0.2076999992132187,2.149301767349243,0.2535000145435333,2.1083590984344482
21,0.20100000500679016,2.144304037094116,0.2619999945163727,2.102273941040039
22,0.2003999948501587,2.1377642154693604,0.2460000067949295,2.0955891609191895
23,0.20890000462532043,2.1324944496154785,0.26100000739097595,2.0858843326568604
24,0.2110999971628189,2.120793581008911,0.25200000405311584,2.0789759159088135
25,0.21040000021457672,2.1145617961883545,0.2615000009536743,2.07099986076355
26,0.20919999480247498,2.115736246109009,0.2745000123977661,2.0647807121276855
27,0.20909999310970306,2.1129331588745117,0.27000001072883606,2.062802791595459
28,0.2134999930858612,2.1047487258911133,0.2775000035762787,2.0537829399108887
29,0.21410000324249268,2.106358051300049,0.2815000116825104,2.054300308227539
30,0.21899999678134918,2.1026265621185303,0.2759999930858612,2.0448954105377197
31,0.2215999960899353,2.0894813537597656,0.27799999713897705,2.0379903316497803
32,0.21960000693798065,2.0807931423187256,0.2854999899864197,2.03499698638916
33,0.2198999971151352,2.080698251724243,0.28450000286102295,2.0267419815063477
34,0.2281000018119812,2.07002854347229,0.28999999165534973,2.021589756011963
35,0.22089999914169312,2.074039936065674,0.2874999940395355,2.0217747688293457
36,0.23190000653266907,2.063993453979492,0.28949999809265137,2.0125961303710938
37,0.2328999936580658,2.069070816040039,0.29750001430511475,2.0103883743286133
38,0.23350000381469727,2.0669350624084473,0.2955000102519989,2.005831480026245
39,0.23510000109672546,2.0549774169921875,0.3009999990463257,1.9977303743362427
40,0.22939999401569366,2.054656744003296,0.3009999990463257,1.999894380569458
41,0.2363000065088272,2.0474929809570312,0.29600000381469727,1.9962608814239502
42,0.2409999966621399,2.0508358478546143,0.3070000112056732,1.9903723001480103
43,0.23810000717639923,2.0420567989349365,0.3100000023841858,1.9834541082382202
44,0.23649999499320984,2.041066884994507,0.3050000071525574,1.9811443090438843
45,0.24150000512599945,2.027967691421509,0.3070000112056732,1.9725828170776367
46,0.24609999358654022,2.0266857147216797,0.31150001287460327,1.9746290445327759
47,0.24240000545978546,2.023946762084961,0.30149999260902405,1.970646619796753
48,0.25040000677108765,2.0211055278778076,0.31150001287460327,1.9607330560684204
49,0.2556999921798706,2.020691394805908,0.31700000166893005,1.9560880661010742
50,0.25609999895095825,2.013000011444092,0.31700000166893005,1.9514186382293701
51,0.257099986076355,2.000814199447632,0.31150001287460327,1.9444247484207153
52,0.26019999384880066,2.002854824066162,0.3199999928474426,1.9397215843200684
53,0.2572999894618988,2.0005223751068115,0.31299999356269836,1.9463343620300293
54,0.25929999351501465,1.995151162147522,0.3264999985694885,1.9368771314620972
55,0.2630000114440918,1.9899779558181763,0.3140000104904175,1.940800666809082
56,0.2605000138282776,1.9889992475509644,0.30649998784065247,1.9356272220611572
57,0.26109999418258667,1.9838720560073853,0.32899999618530273,1.9268068075180054
58,0.26669999957084656,1.9802451133728027,0.31949999928474426,1.9242490530014038
59,0.2653999924659729,1.9741477966308594,0.3244999945163727,1.9165414571762085
60,0.26499998569488525,1.9730753898620605,0.3199999928474426,1.9265543222427368
61,0.2685000002384186,1.9667062759399414,0.3384999930858612,1.9046319723129272
62,0.27630001306533813,1.9671707153320312,0.30399999022483826,1.9412955045700073
63,0.27469998598098755,1.9592138528823853,0.2939999997615814,1.9456487894058228
64,0.2696000039577484,1.9590060710906982,0.3160000145435333,1.8977183103561401
65,0.2732999920845032,1.953320860862732,0.3310000002384186,1.8861716985702515
66,0.2718999981880188,1.9488118886947632,0.3330000042915344,1.8962010145187378
67,0.2800000011920929,1.9465035200119019,0.33550000190734863,1.9040111303329468
68,0.2808000147342682,1.9373050928115845,0.33500000834465027,1.8858411312103271
69,0.27619999647140503,1.9406007528305054,0.32899999618530273,1.8849445581436157
70,0.2930999994277954,1.928719162940979,0.32100000977516174,1.8912725448608398
71,0.28999999165534973,1.9236302375793457,0.34450000524520874,1.86002779006958
72,0.28870001435279846,1.915673017501831,0.3375000059604645,1.8605116605758667
73,0.2903999984264374,1.9181216955184937,0.34200000762939453,1.8521177768707275
74,0.28850001096725464,1.9154603481292725,0.34150001406669617,1.847612738609314
75,0.2937999963760376,1.9103866815567017,0.3504999876022339,1.8433181047439575
76,0.2919999957084656,1.906258225440979,0.34599998593330383,1.8548622131347656
77,0.2978000044822693,1.8964923620224,0.3400000035762787,1.8351551294326782
78,0.29809999465942383,1.8961591720581055,0.34450000524520874,1.8517521619796753
79,0.29750001430511475,1.8954168558120728,0.34450000524520874,1.841831088066101
80,0.3003000020980835,1.8881092071533203,0.35100001096725464,1.8282476663589478
81,0.29600000381469727,1.890010952949524,0.35499998927116394,1.8210636377334595
82,0.3043000102043152,1.88167405128479,0.33799999952316284,1.8496798276901245
83,0.2971999943256378,1.8738933801651,0.35850000381469727,1.8233448266983032
84,0.3075999915599823,1.877523422241211,0.3499999940395355,1.8233803510665894
85,0.3093000054359436,1.8658398389816284,0.3465000092983246,1.819513201713562
86,0.29899999499320984,1.875427484512329,0.36149999499320984,1.8042075634002686
87,0.30379998683929443,1.8661271333694458,0.3544999957084656,1.7985016107559204
88,0.301800012588501,1.866147518157959,0.3634999990463257,1.7959784269332886
89,0.3102000057697296,1.8619636297225952,0.36899998784065247,1.7955870628356934
90,0.3075000047683716,1.855328917503357,0.34599998593330383,1.8018378019332886
91,0.31690001487731934,1.8470969200134277,0.36399999260902405,1.7929209470748901
92,0.31529998779296875,1.8502869606018066,0.3619999885559082,1.8240233659744263
93,0.3095000088214874,1.84329354763031,0.3555000126361847,1.8060411214828491
94,0.3066999912261963,1.841860294342041,0.3695000112056732,1.7723191976547241
95,0.31279999017715454,1.8379029035568237,0.3479999899864197,1.7962936162948608
96,0.31610000133514404,1.835538625717163,0.3684999942779541,1.7769571542739868
97,0.31619998812675476,1.8327285051345825,0.36649999022483826,1.771523356437683
98,0.305400013923645,1.8374351263046265,0.3774999976158142,1.7662307024002075
99,0.32429999113082886,1.8265107870101929,0.36550000309944153,1.8054137229919434
100,0.31529998779296875,1.8261085748672485,0.37049999833106995,1.7583253383636475
101,0.3246000111103058,1.819483995437622,0.3630000054836273,1.758338212966919
102,0.32109999656677246,1.8173068761825562,0.3605000078678131,1.7658308744430542
103,0.3192000091075897,1.8217203617095947,0.37400001287460327,1.7645150423049927
104,0.32120001316070557,1.8140299320220947,0.3605000078678131,1.7813820838928223
105,0.32499998807907104,1.8083933591842651,0.3675000071525574,1.7545799016952515
106,0.32499998807907104,1.8049513101577759,0.3799999952316284,1.7376296520233154
107,0.33169999718666077,1.8036377429962158,0.38449999690055847,1.7415621280670166
108,0.3296000063419342,1.800858736038208,0.38449999690055847,1.7284214496612549
109,0.33079999685287476,1.7981994152069092,0.38749998807907104,1.7291802167892456
110,0.3264000117778778,1.7981505393981934,0.37049999833106995,1.7642524242401123
111,0.3393000066280365,1.789638876914978,0.3695000112056732,1.7335495948791504
112,0.3361999988555908,1.784942626953125,0.38100001215934753,1.7195796966552734
113,0.335999995470047,1.7851877212524414,0.3659999966621399,1.7567646503448486
114,0.32820001244544983,1.7918609380722046,0.35249999165534973,1.853698968887329
115,0.3379000127315521,1.7818562984466553,0.3659999966621399,1.8003610372543335
116,0.33709999918937683,1.7814058065414429,0.3840000033378601,1.7370401620864868
117,0.33799999952316284,1.7725887298583984,0.39250001311302185,1.704637050628662
118,0.3353999853134155,1.7764155864715576,0.3824999928474426,1.713196039199829
119,0.3418999910354614,1.7690640687942505,0.3930000066757202,1.6986767053604126
120,0.33730000257492065,1.77474045753479,0.38449999690055847,1.6983890533447266
121,0.34769999980926514,1.7665847539901733,0.398499995470047,1.6944618225097656
122,0.33899998664855957,1.7706007957458496,0.4009999930858612,1.6959701776504517
123,0.3440999984741211,1.7613966464996338,0.38100001215934753,1.7334719896316528
124,0.35019999742507935,1.7597246170043945,0.3955000042915344,1.6868561506271362
125,0.34450000524520874,1.7570935487747192,0.38350000977516174,1.7427915334701538
126,0.34610000252723694,1.7546600103378296,0.3799999952316284,1.7139151096343994
127,0.34880000352859497,1.7479511499404907,0.3785000145435333,1.7015985250473022
128,0.3465000092983246,1.7481838464736938,0.3479999899864197,1.8992292881011963
129,0.35100001096725464,1.7494845390319824,0.4009999930858612,1.6834889650344849
130,0.34769999980926514,1.7468130588531494,0.40450000762939453,1.6872193813323975
131,0.34790000319480896,1.7413679361343384,0.37950000166893005,1.7088242769241333
132,0.3537999987602234,1.7412458658218384,0.39100000262260437,1.6734199523925781
133,0.35260000824928284,1.737841248512268,0.37950000166893005,1.6970067024230957
134,0.35269999504089355,1.7372509241104126,0.40450000762939453,1.6623293161392212
135,0.3540000021457672,1.7304047346115112,0.39649999141693115,1.6820234060287476
136,0.35910001397132874,1.7356586456298828,0.38850000500679016,1.68938410282135
137,0.36469998955726624,1.7250648736953735,0.39399999380111694,1.6880840063095093
138,0.36039999127388,1.731121301651001,0.4074999988079071,1.6618645191192627
139,0.3490000069141388,1.7333513498306274,0.41200000047683716,1.6562668085098267
140,0.3555000126361847,1.72592031955719,0.4009999930858612,1.6964954137802124
141,0.3587999939918518,1.7133939266204834,0.40299999713897705,1.6727046966552734
142,0.36039999127388,1.7273722887039185,0.40400001406669617,1.6598515510559082
143,0.36399999260902405,1.7131892442703247,0.40950000286102295,1.6513038873672485
144,0.362199991941452,1.7102599143981934,0.40849998593330383,1.6564313173294067
145,0.3619999885559082,1.7163777351379395,0.4104999899864197,1.6492974758148193
146,0.36340001225471497,1.715408444404602,0.40849998593330383,1.6595605611801147
147,0.3630000054836273,1.7107435464859009,0.3970000147819519,1.6727957725524902
148,0.35910001397132874,1.707270860671997,0.38449999690055847,1.7237030267715454
149,0.3659000098705292,1.7049601078033447,0.3140000104904175,2.065572500228882
150,0.36629998683929443,1.708857774734497,0.40149998664855957,1.6343952417373657
151,0.36239999532699585,1.710673213005066,0.4194999933242798,1.6319035291671753
152,0.3635999858379364,1.7108691930770874,0.414000004529953,1.6458896398544312
153,0.36970001459121704,1.7060400247573853,0.40849998593330383,1.6618132591247559
154,0.36079999804496765,1.7041412591934204,0.4205000102519989,1.6278342008590698
155,0.37369999289512634,1.6994237899780273,0.39250001311302185,1.6534926891326904
156,0.3630000054836273,1.70357346534729,0.40299999713897705,1.6496061086654663
157,0.3668999969959259,1.6963343620300293,0.41749998927116394,1.6252127885818481
158,0.37940001487731934,1.6875441074371338,0.41749998927116394,1.6292275190353394
159,0.374099999666214,1.690083622932434,0.3959999978542328,1.6952753067016602
160,0.3758000135421753,1.6840829849243164,0.40950000286102295,1.6411386728286743
161,0.37610000371932983,1.6838268041610718,0.41499999165534973,1.6289926767349243
162,0.3686999976634979,1.6907392740249634,0.39149999618530273,1.71613609790802
163,0.3684999942779541,1.689907193183899,0.4115000069141388,1.6529366970062256
164,0.37540000677108765,1.6784857511520386,0.4090000092983246,1.6657369136810303
165,0.38029998540878296,1.6747101545333862,0.41999998688697815,1.6208975315093994
166,0.3797999918460846,1.6739660501480103,0.4165000021457672,1.6181402206420898
167,0.3824999928474426,1.6711021661758423,0.41449999809265137,1.6257641315460205
168,0.3779999911785126,1.6704285144805908,0.40299999713897705,1.712172031402588
169,0.37389999628067017,1.6796321868896484,0.41850000619888306,1.6169801950454712
170,0.3788999915122986,1.6767886877059937,0.42149999737739563,1.618794560432434
171,0.37779998779296875,1.6769945621490479,0.26350000500679016,2.2404673099517822
172,0.38269999623298645,1.6805875301361084,0.3970000147819519,1.7130845785140991
173,0.38029998540878296,1.668470859527588,0.429500013589859,1.5986891984939575
174,0.37950000166893005,1.6668972969055176,0.3970000147819519,1.6935714483261108
175,0.38260000944137573,1.6652495861053467,0.41100001335144043,1.6255134344100952
176,0.3756999969482422,1.6682015657424927,0.42149999737739563,1.596038818359375
177,0.3840000033378601,1.6679648160934448,0.42750000953674316,1.5902574062347412
178,0.387800008058548,1.6610238552093506,0.4165000021457672,1.6020066738128662
179,0.3815999925136566,1.661002516746521,0.39500001072883606,1.7034863233566284
180,0.3804999887943268,1.658989667892456,0.41600000858306885,1.6573543548583984
181,0.38339999318122864,1.6602623462677002,0.41850000619888306,1.6479270458221436
182,0.3928999900817871,1.6532741785049438,0.41999998688697815,1.596435308456421
183,0.3806999921798706,1.6520109176635742,0.41449999809265137,1.6308542490005493
184,0.38260000944137573,1.6588428020477295,0.4124999940395355,1.6081080436706543
185,0.3928000032901764,1.647047996520996,0.4255000054836273,1.5987498760223389
186,0.3880999982357025,1.6446490287780762,0.4165000021457672,1.5953580141067505
187,0.3862000107765198,1.6507431268692017,0.4235000014305115,1.6274467706680298
188,0.38909998536109924,1.6428908109664917,0.4334999918937683,1.5658315420150757
189,0.39590001106262207,1.643654465675354,0.41850000619888306,1.659241795539856
190,0.39910000562667847,1.6366820335388184,0.4284999966621399,1.575166940689087
191,0.3944000005722046,1.6393910646438599,0.4300000071525574,1.599837064743042
192,0.38989999890327454,1.6454607248306274,0.43299999833106995,1.5858776569366455
193,0.3962000012397766,1.6335914134979248,0.4300000071525574,1.5734050273895264
194,0.3939000070095062,1.6391478776931763,0.43950000405311584,1.5611308813095093
195,0.39469999074935913,1.6342486143112183,0.4375,1.5671108961105347
196,0.39640000462532043,1.6430147886276245,0.41749998927116394,1.5997893810272217
197,0.3944999873638153,1.6315668821334839,0.4424999952316284,1.561912178993225
198,0.39640000462532043,1.6308807134628296,0.4325000047683716,1.5547291040420532
199,0.3978999853134155,1.6212207078933716,0.44350001215934753,1.5622305870056152
200,0.3970000147819519,1.6291970014572144,0.4180000126361847,1.6661611795425415
201,0.4049000144004822,1.625728726387024,0.43799999356269836,1.580212116241455
202,0.3968999981880188,1.6238521337509155,0.43050000071525574,1.5664469003677368
203,0.39820000529289246,1.6254197359085083,0.4490000009536743,1.5423040390014648
204,0.3953000009059906,1.6258108615875244,0.44600000977516174,1.562736988067627
205,0.4050000011920929,1.609480381011963,0.42399999499320984,1.5974082946777344
206,0.40119999647140503,1.6125760078430176,0.4399999976158142,1.5852749347686768
207,0.4025999903678894,1.6163393259048462,0.4449999928474426,1.557289481163025
208,0.40560001134872437,1.6138083934783936,0.44850000739097595,1.552894115447998
209,0.4041999876499176,1.6144248247146606,0.4410000145435333,1.5585566759109497
210,0.398499995470047,1.6156727075576782,0.4359999895095825,1.5711702108383179
211,0.3971000015735626,1.613438606262207,0.4300000071525574,1.5795730352401733
212,0.4097000062465668,1.5945632457733154,0.43799999356269836,1.5909168720245361
213,0.40799999237060547,1.6124041080474854,0.44600000977516174,1.537418246269226
214,0.4009999930858612,1.6116336584091187,0.43299999833106995,1.5961037874221802
215,0.4050000011920929,1.6043412685394287,0.44200000166893005,1.5599665641784668
216,0.4108000099658966,1.5997353792190552,0.4490000009536743,1.5363383293151855
217,0.40369999408721924,1.598120093345642,0.42750000953674316,1.6364312171936035
218,0.40630000829696655,1.6085139513015747,0.4429999887943268,1.6225658655166626
219,0.4101000130176544,1.5916295051574707,0.4505000114440918,1.5270599126815796
220,0.4138999879360199,1.5983481407165527,0.4560000002384186,1.5336257219314575
221,0.41130000352859497,1.5928562879562378,0.46050000190734863,1.5227848291397095
222,0.4138999879360199,1.592973232269287,0.4505000114440918,1.5249574184417725
223,0.41940000653266907,1.5909221172332764,0.44999998807907104,1.5210055112838745
224,0.41659998893737793,1.583051323890686,0.44749999046325684,1.5245193243026733
225,0.41780000925064087,1.589177131652832,0.4065000116825104,1.6890723705291748
226,0.4147999882698059,1.591302752494812,0.45399999618530273,1.5224701166152954
227,0.4106999933719635,1.5871541500091553,0.4494999945163727,1.5483498573303223
228,0.4189000129699707,1.5837609767913818,0.4189999997615814,1.6635040044784546
229,0.41609999537467957,1.5876543521881104,0.4269999861717224,1.6867352724075317
230,0.41589999198913574,1.5878405570983887,0.44699999690055847,1.5343388319015503
231,0.4165000021457672,1.5813356637954712,0.4580000042915344,1.5357040166854858
232,0.41609999537467957,1.5767345428466797,0.4514999985694885,1.5190258026123047
233,0.41510000824928284,1.5813612937927246,0.45100000500679016,1.5166893005371094
234,0.41679999232292175,1.5785728693008423,0.4059999883174896,1.7298249006271362
235,0.42179998755455017,1.5728892087936401,0.4494999945163727,1.5317648649215698
236,0.42590001225471497,1.5673034191131592,0.46950000524520874,1.506219506263733
237,0.4221999943256378,1.5748687982559204,0.45649999380111694,1.5134674310684204
238,0.4153999984264374,1.5741300582885742,0.45350000262260437,1.560322880744934
239,0.42500001192092896,1.5717582702636719,0.4345000088214874,1.5404969453811646
240,0.42419999837875366,1.574556589126587,0.41449999809265137,1.7097899913787842
241,0.4235000014305115,1.58067786693573,0.4675000011920929,1.501205563545227
242,0.42089998722076416,1.5678919553756714,0.4519999921321869,1.530524492263794
243,0.41929998993873596,1.5694150924682617,0.4514999985694885,1.5253512859344482
244,0.4203000068664551,1.5721887350082397,0.46700000762939453,1.4999881982803345
245,0.42170000076293945,1.5712544918060303,0.4749999940395355,1.4906024932861328
246,0.4223000109195709,1.5695236921310425,0.46799999475479126,1.49457848072052
247,0.4325000047683716,1.5564439296722412,0.43849998712539673,1.5421266555786133
248,0.43459999561309814,1.5546756982803345,0.4490000009536743,1.521552324295044
249,0.42489999532699585,1.555680513381958,0.4595000147819519,1.5457956790924072
250,0.4311999976634979,1.5512973070144653,0.4339999854564667,1.5639625787734985
251,0.42800000309944153,1.5598385334014893,0.46700000762939453,1.4833537340164185
252,0.4336000084877014,1.5487043857574463,0.4684999883174896,1.4854329824447632
253,0.4339999854564667,1.5478814840316772,0.45899999141693115,1.5097036361694336
254,0.427700012922287,1.5553522109985352,0.4625000059604645,1.5031020641326904
255,0.43869999051094055,1.5469636917114258,0.46399998664855957,1.51419997215271
256,0.4311999976634979,1.5477426052093506,0.46549999713897705,1.5091583728790283
257,0.43070000410079956,1.5539973974227905,0.4490000009536743,1.5282161235809326
258,0.42640000581741333,1.548263430595398,0.4699999988079071,1.4820196628570557
259,0.4269999861717224,1.5491605997085571,0.476500004529953,1.477936029434204
260,0.43540000915527344,1.5422149896621704,0.4584999978542328,1.506120204925537
261,0.43369999527931213,1.5339958667755127,0.4505000114440918,1.6143890619277954
262,0.4293999969959259,1.5435184240341187,0.47350001335144043,1.4702523946762085
263,0.4325999915599823,1.5371228456497192,0.4259999990463257,1.6131622791290283
264,0.4320000112056732,1.5445852279663086,0.4779999852180481,1.472648024559021
265,0.43149998784065247,1.5422245264053345,0.47699999809265137,1.4909489154815674
266,0.43630000948905945,1.5352325439453125,0.4830000102519989,1.4747141599655151
267,0.4334999918937683,1.542206883430481,0.47699999809265137,1.486244797706604
268,0.4334000051021576,1.5394556522369385,0.476500004529953,1.4773601293563843
269,0.43389999866485596,1.5356324911117554,0.4779999852180481,1.4709807634353638
270,0.4429999887943268,1.5317736864089966,0.4699999988079071,1.5108805894851685
271,0.43470001220703125,1.5344016551971436,0.47099998593330383,1.485358715057373
272,0.4357999861240387,1.5360339879989624,0.4855000078678131,1.4692124128341675
273,0.43459999561309814,1.527496099472046,0.47699999809265137,1.452648401260376
274,0.4359000027179718,1.5280762910842896,0.4724999964237213,1.4672867059707642
275,0.435699999332428,1.5299285650253296,0.4494999945163727,1.513758897781372
276,0.4390999972820282,1.5284157991409302,0.4814999997615814,1.4720094203948975
277,0.44339999556541443,1.5193697214126587,0.460999995470047,1.5008015632629395
278,0.44130000472068787,1.5275344848632812,0.4909999966621399,1.4440066814422607
279,0.4406000077724457,1.5288472175598145,0.48500001430511475,1.455001950263977
280,0.4453999996185303,1.5196644067764282,0.47049999237060547,1.4801671504974365
281,0.44369998574256897,1.5146759748458862,0.4724999964237213,1.4629133939743042
282,0.44440001249313354,1.5155540704727173,0.4699999988079071,1.507803201675415
283,0.4474000036716461,1.5141727924346924,0.47699999809265137,1.4785977602005005
284,0.4456999897956848,1.508254051208496,0.4884999990463257,1.4413132667541504
285,0.4408999979496002,1.5094741582870483,0.484499990940094,1.4706581830978394
286,0.4408999979496002,1.516965389251709,0.4620000123977661,1.5294307470321655
287,0.4438999891281128,1.5198215246200562,0.4230000078678131,1.7042875289916992
288,0.4438999891281128,1.510817050933838,0.47099998593330383,1.5013091564178467
289,0.448199987411499,1.5036355257034302,0.47999998927116394,1.461959958076477
290,0.45019999146461487,1.5102957487106323,0.49300000071525574,1.4272739887237549
291,0.44690001010894775,1.508914589881897,0.4830000102519989,1.442381501197815
292,0.44530001282691956,1.5085068941116333,0.4699999988079071,1.471716284751892
293,0.4431000053882599,1.505435824394226,0.48750001192092896,1.4740374088287354
294,0.45100000500679016,1.4994361400604248,0.4569999873638153,1.569369912147522
295,0.4456999897956848,1.5065871477127075,0.46000000834465027,1.5344616174697876
296,0.4424000084400177,1.5054619312286377,0.4975000023841858,1.4227384328842163
297,0.44760000705718994,1.5016324520111084,0.4794999957084656,1.4627641439437866
298,0.44699999690055847,1.5035761594772339,0.4869999885559082,1.4649015665054321
299,0.45190000534057617,1.4996379613876343,0.4830000102519989,1.4458560943603516
300,0.4537000060081482,1.4975471496582031,0.49950000643730164,1.431106448173523
301,0.4496000111103058,1.5000108480453491,0.4749999940395355,1.471012830734253
302,0.4587000012397766,1.4874475002288818,0.4909999966621399,1.441045880317688
303,0.4542999863624573,1.485925555229187,0.4490000009536743,1.6120420694351196
304,0.44929999113082886,1.4973000288009644,0.49549999833106995,1.429558515548706
305,0.4580000042915344,1.4954639673233032,0.47200000286102295,1.477118968963623
306,0.4562999904155731,1.483721375465393,0.49399998784065247,1.4290269613265991
307,0.4528999924659729,1.4934252500534058,0.4465000033378601,1.5974504947662354
308,0.4562999904155731,1.4868911504745483,0.5015000104904175,1.418799638748169
309,0.44679999351501465,1.4996559619903564,0.46950000524520874,1.5265657901763916
310,0.453900009393692,1.4886727333068848,0.49050000309944153,1.424258828163147
311,0.4629000127315521,1.4819316864013672,0.49149999022483826,1.4255362749099731
312,0.45100000500679016,1.4872756004333496,0.4814999997615814,1.4693211317062378
313,0.4595000147819519,1.4837615489959717,0.4964999854564667,1.4241249561309814
314,0.4528999924659729,1.487863540649414,0.48899999260902405,1.4278661012649536
315,0.4535999894142151,1.4857946634292603,0.5005000233650208,1.4145519733428955
316,0.45419999957084656,1.4890397787094116,0.4984999895095825,1.4306894540786743
317,0.45239999890327454,1.4870293140411377,0.5065000057220459,1.409239411354065
318,0.4584999978542328,1.4795016050338745,0.49399998784065247,1.4123823642730713
319,0.4584999978542328,1.484796166419983,0.5070000290870667,1.4164363145828247
320,0.4609000086784363,1.4702410697937012,0.5074999928474426,1.4080770015716553
321,0.4593000113964081,1.471339464187622,0.4814999997615814,1.4607062339782715
322,0.4611000120639801,1.4810707569122314,0.4814999997615814,1.483857274055481
323,0.4562000036239624,1.4767295122146606,0.49149999022483826,1.4391659498214722
324,0.4648999869823456,1.4792909622192383,0.47099998593330383,1.4692490100860596
325,0.45840001106262207,1.4759306907653809,0.4805000126361847,1.4781438112258911
326,0.45840001106262207,1.4737759828567505,0.49900001287460327,1.4429253339767456
327,0.45980000495910645,1.4707987308502197,0.47450000047683716,1.5221662521362305
328,0.4546999931335449,1.4738314151763916,0.4884999990463257,1.4164597988128662
329,0.4648999869823456,1.4682055711746216,0.4950000047683716,1.4024837017059326
330,0.46149998903274536,1.4672194719314575,0.4814999997615814,1.426459789276123
331,0.4593000113964081,1.4635082483291626,0.49050000309944153,1.429196834564209
332,0.4652000069618225,1.471147894859314,0.5044999718666077,1.4117381572723389
333,0.4668999910354614,1.4537296295166016,0.5095000267028809,1.3939231634140015
334,0.46639999747276306,1.4647586345672607,0.3944999873638153,1.6880488395690918
335,0.4571000039577484,1.4700801372528076,0.5,1.4241070747375488
336,0.47209998965263367,1.461903691291809,0.5049999952316284,1.41096830368042
337,0.46059998869895935,1.4634565114974976,0.49900001287460327,1.3911324739456177
338,0.46709999442100525,1.4541268348693848,0.5070000290870667,1.3920220136642456
339,0.4652999937534332,1.4658100605010986,0.5049999952316284,1.4360995292663574
340,0.4666999876499176,1.4598761796951294,0.47099998593330383,1.4942437410354614
341,0.4677000045776367,1.455459475517273,0.5115000009536743,1.397464632987976
342,0.47209998965263367,1.4523847103118896,0.4970000088214874,1.4375938177108765
343,0.4661000072956085,1.4568932056427002,0.5034999847412109,1.4113678932189941
344,0.4690000116825104,1.4621084928512573,0.5044999718666077,1.3943383693695068
345,0.4650000035762787,1.4514050483703613,0.5024999976158142,1.4301549196243286
346,0.4697999954223633,1.4461246728897095,0.5180000066757202,1.3847423791885376
347,0.46779999136924744,1.444905400276184,0.5070000290870667,1.447182059288025
348,0.47049999237060547,1.4524480104446411,0.5115000009536743,1.3862580060958862
349,0.47130000591278076,1.450600028038025,0.48649999499320984,1.4515471458435059
350,0.4708999991416931,1.4415874481201172,0.45500001311302185,1.508437156677246
351,0.46619999408721924,1.4506617784500122,0.4909999966621399,1.4377210140228271
352,0.4740999937057495,1.4451725482940674,0.5034999847412109,1.4026172161102295
353,0.4641999900341034,1.4539680480957031,0.5145000219345093,1.3982362747192383
354,0.4722999930381775,1.443585991859436,0.5049999952316284,1.3977396488189697
355,0.4733000099658966,1.4473521709442139,0.5,1.404402256011963
356,0.47049999237060547,1.4450526237487793,0.4975000023841858,1.4131213426589966
357,0.47049999237060547,1.4403315782546997,0.45649999380111694,1.5318785905838013
358,0.46619999408721924,1.4432659149169922,0.5264999866485596,1.370169997215271
359,0.4733000099658966,1.4504343271255493,0.4794999957084656,1.4535257816314697
360,0.4772999882698059,1.438021183013916,0.515500009059906,1.3898887634277344
361,0.47290000319480896,1.4359052181243896,0.5019999742507935,1.4418526887893677
362,0.47369998693466187,1.4329712390899658,0.49050000309944153,1.4228534698486328
363,0.4763999879360199,1.4339373111724854,0.5134999752044678,1.4077435731887817
364,0.4805000126361847,1.4335989952087402,0.5264999866485596,1.3663716316223145
365,0.47620001435279846,1.4327573776245117,0.5264999866485596,1.3758553266525269
366,0.47279998660087585,1.432571530342102,0.5130000114440918,1.3707444667816162
367,0.4794999957084656,1.4334521293640137,0.484499990940094,1.4720954895019531
368,0.4742000102996826,1.437007188796997,0.5019999742507935,1.3888189792633057
369,0.47850000858306885,1.4340518712997437,0.5115000009536743,1.3806084394454956
370,0.4853000044822693,1.4253555536270142,0.4729999899864197,1.4536428451538086
371,0.4771000146865845,1.4320049285888672,0.4934999942779541,1.4451391696929932
372,0.476500004529953,1.4252833127975464,0.4715000092983246,1.520909309387207
373,0.47769999504089355,1.4233174324035645,0.5109999775886536,1.3792847394943237
374,0.47920000553131104,1.434749960899353,0.49149999022483826,1.4432294368743896
375,0.47440001368522644,1.4370845556259155,0.5059999823570251,1.410056471824646
376,0.48249998688697815,1.4232169389724731,0.476500004529953,1.4861520528793335
377,0.4810999929904938,1.4304401874542236,0.5214999914169312,1.372373104095459
378,0.47909998893737793,1.4236057996749878,0.4934999942779541,1.4433889389038086
379,0.47870001196861267,1.426310420036316,0.5184999704360962,1.3573421239852905
380,0.48240000009536743,1.4240633249282837,0.46799999475479126,1.451216459274292
381,0.4844000041484833,1.417508602142334,0.515999972820282,1.3676273822784424
382,0.47769999504089355,1.4203754663467407,0.5260000228881836,1.3527135848999023
383,0.4812999963760376,1.423873782157898,0.5015000104904175,1.3836121559143066
384,0.47780001163482666,1.4169672727584839,0.5019999742507935,1.4084385633468628
385,0.48170000314712524,1.4241284132003784,0.4950000047683716,1.4523732662200928
386,0.48660001158714294,1.4139389991760254,0.5015000104904175,1.4091635942459106
387,0.47920000553131104,1.4180575609207153,0.5095000267028809,1.370569109916687
388,0.48660001158714294,1.4104562997817993,0.5164999961853027,1.3506308794021606
389,0.4848000109195709,1.4094069004058838,0.5019999742507935,1.4197783470153809
390,0.4884999990463257,1.4079965353012085,0.5289999842643738,1.3463850021362305
391,0.48179998993873596,1.418211817741394,0.4449999928474426,1.6107687950134277
392,0.4821999967098236,1.4081871509552002,0.5270000100135803,1.3587455749511719
393,0.48539999127388,1.4108086824417114,0.5120000243186951,1.356245517730713
394,0.48500001430511475,1.4076728820800781,0.49799999594688416,1.453950047492981
395,0.492000013589859,1.4076874256134033,0.5149999856948853,1.3445850610733032
396,0.48410001397132874,1.412339210510254,0.4970000088214874,1.424494981765747
397,0.4828000068664551,1.418216586112976,0.492000013589859,1.4420479536056519
398,0.4814999997615814,1.4080944061279297,0.4410000145435333,1.548454999923706
399,0.48809999227523804,1.4137623310089111,0.5270000100135803,1.350484013557434
400,0.4855000078678131,1.4043292999267578,0.5149999856948853,1.374383807182312
401,0.4909000098705292,1.3973888158798218,0.5239999890327454,1.347325325012207
402,0.48969998955726624,1.4044424295425415,0.4779999852180481,1.4800230264663696
403,0.48910000920295715,1.3978883028030396,0.5095000267028809,1.381601095199585
404,0.49000000953674316,1.4046036005020142,0.49900001287460327,1.3709492683410645
405,0.49050000309944153,1.4039137363433838,0.48500001430511475,1.4817909002304077
406,0.48570001125335693,1.4038056135177612,0.5115000009536743,1.3961185216903687
407,0.49050000309944153,1.4002137184143066,0.5210000276565552,1.362691879272461
408,0.4887999892234802,1.4003396034240723,0.5145000219345093,1.3641630411148071
409,0.4867999851703644,1.3983935117721558,0.5254999995231628,1.3552961349487305
410,0.4975999891757965,1.3864209651947021,0.5230000019073486,1.3424596786499023
411,0.49230000376701355,1.4015647172927856,0.5375000238418579,1.3278460502624512
412,0.4894999861717224,1.400272250175476,0.476500004529953,1.467257022857666
413,0.49320000410079956,1.400661587715149,0.5115000009536743,1.3831851482391357
414,0.4950000047683716,1.3901784420013428,0.5189999938011169,1.3437210321426392
415,0.4880000054836273,1.3998496532440186,0.5184999704360962,1.3763900995254517
416,0.4896000027656555,1.3876084089279175,0.5325000286102295,1.357499599456787
417,0.4925999939441681,1.388729453086853,0.515999972820282,1.3677371740341187
418,0.492900013923645,1.3922771215438843,0.49050000309944153,1.4361226558685303
419,0.49549999833106995,1.3864326477050781,0.5130000114440918,1.413389801979065
420,0.49630001187324524,1.3847146034240723,0.5105000138282776,1.3803666830062866
421,0.4900999963283539,1.3910475969314575,0.351500004529953,1.9144548177719116
422,0.49149999022483826,1.3925200700759888,0.5180000066757202,1.3580862283706665
423,0.5013999938964844,1.3845319747924805,0.4754999876022339,1.5361764430999756
424,0.49630001187324524,1.3890138864517212,0.5205000042915344,1.3436311483383179
425,0.4961000084877014,1.3883931636810303,0.5005000233650208,1.4063349962234497
426,0.4991999864578247,1.380841851234436,0.512499988079071,1.3692810535430908
427,0.49639999866485596,1.3818509578704834,0.5270000100135803,1.3300070762634277
428,0.498199999332428,1.3823810815811157,0.5410000085830688,1.3208378553390503
429,0.5024999976158142,1.3765132427215576,0.4690000116825104,1.5495612621307373
430,0.49459999799728394,1.386640191078186,0.5224999785423279,1.3925039768218994
431,0.49219998717308044,1.3792245388031006,0.5450000166893005,1.3202301263809204
432,0.5029000043869019,1.371557593345642,0.4984999895095825,1.399220585823059
433,0.49880000948905945,1.3753513097763062,0.5239999890327454,1.3319437503814697
434,0.5019999742507935,1.3709737062454224,0.503000020980835,1.383893609046936
435,0.4975000023841858,1.3806661367416382,0.5295000076293945,1.3215984106063843
436,0.5033000111579895,1.376619815826416,0.5134999752044678,1.384970784187317
437,0.501800000667572,1.378269910812378,0.5270000100135803,1.345793604850769
438,0.5026999711990356,1.3699737787246704,0.5249999761581421,1.4087281227111816
439,0.5037000179290771,1.37312912940979,0.531499981880188,1.3327833414077759
440,0.49950000643730164,1.3707678318023682,0.5335000157356262,1.3608571290969849
441,0.4993000030517578,1.3677864074707031,0.5410000085830688,1.3273084163665771
442,0.5026000142097473,1.3687764406204224,0.5425000190734863,1.3092164993286133
443,0.5037000179290771,1.3688143491744995,0.5189999938011169,1.4207713603973389
444,0.4997999966144562,1.3756217956542969,0.48649999499320984,1.471137285232544
445,0.5029000043869019,1.3723351955413818,0.5074999928474426,1.3835737705230713
446,0.49880000948905945,1.3694671392440796,0.5164999961853027,1.3667622804641724
447,0.5029000043869019,1.3634308576583862,0.47099998593330383,1.5246723890304565
448,0.5008000135421753,1.368363380432129,0.5419999957084656,1.3291800022125244
449,0.5045999884605408,1.3676446676254272,0.546500027179718,1.3207544088363647
450,0.5044000148773193,1.3608981370925903,0.5295000076293945,1.3251800537109375
451,0.5077999830245972,1.3567121028900146,0.5404999852180481,1.3235278129577637
452,0.5041999816894531,1.3587002754211426,0.5214999914169312,1.3353608846664429
453,0.5067999958992004,1.3641583919525146,0.5105000138282776,1.3732959032058716
454,0.5044999718666077,1.360163688659668,0.5274999737739563,1.3563330173492432
455,0.5084999799728394,1.3582940101623535,0.4984999895095825,1.3951717615127563
456,0.5078999996185303,1.3625215291976929,0.5195000171661377,1.3806593418121338
457,0.5059000253677368,1.3582282066345215,0.5189999938011169,1.3586714267730713
458,0.5024999976158142,1.3690253496170044,0.5090000033378601,1.3704156875610352
459,0.5109999775886536,1.355115532875061,0.5414999723434448,1.3325687646865845
460,0.505299985408783,1.3506808280944824,0.5184999704360962,1.394585132598877
461,0.5091000199317932,1.3565682172775269,0.4819999933242798,1.526178240776062
462,0.508400022983551,1.351936936378479,0.4794999957084656,1.4265223741531372
463,0.5162000060081482,1.3509979248046875,0.5090000033378601,1.4066108465194702
464,0.5145999789237976,1.355315089225769,0.5174999833106995,1.3709492683410645
465,0.5078999996185303,1.3599199056625366,0.49399998784065247,1.3823308944702148
466,0.510200023651123,1.349655032157898,0.5120000243186951,1.4126265048980713
467,0.5055000185966492,1.348745346069336,0.5235000252723694,1.3519048690795898
468,0.5151000022888184,1.3498024940490723,0.527999997138977,1.3569577932357788
469,0.5077999830245972,1.3473103046417236,0.49300000071525574,1.4560080766677856
470,0.506600022315979,1.3511680364608765,0.546500027179718,1.29860520362854
471,0.5141000151634216,1.3565866947174072,0.5149999856948853,1.3464549779891968
472,0.5156999826431274,1.3448185920715332,0.5350000262260437,1.3140864372253418
473,0.5022000074386597,1.3584754467010498,0.5429999828338623,1.297088861465454
474,0.5120000243186951,1.3501766920089722,0.5364999771118164,1.3249348402023315
475,0.5152999758720398,1.3414703607559204,0.5189999938011169,1.3260971307754517
476,0.5095999836921692,1.3472076654434204,0.5005000233650208,1.3700920343399048
477,0.5133000016212463,1.3509033918380737,0.47999998927116394,1.4132190942764282
478,0.508899986743927,1.3424675464630127,0.5394999980926514,1.3006110191345215
479,0.5113000273704529,1.3432964086532593,0.5264999866485596,1.3674041032791138
480,0.5110999941825867,1.343064785003662,0.534500002861023,1.3629953861236572
481,0.5152999758720398,1.345170497894287,0.534500002861023,1.3070513010025024
482,0.5151000022888184,1.3379106521606445,0.48500001430511475,1.4028838872909546
483,0.5105999708175659,1.3416011333465576,0.5350000262260437,1.3121110200881958
484,0.5142999887466431,1.3429839611053467,0.5295000076293945,1.3297033309936523
485,0.5135999917984009,1.3388689756393433,0.5254999995231628,1.3266469240188599
486,0.5094000101089478,1.339207410812378,0.5254999995231628,1.3417075872421265
487,0.5167999863624573,1.339145541191101,0.5360000133514404,1.2876609563827515
488,0.512499988079071,1.3414801359176636,0.5184999704360962,1.3864924907684326
489,0.5180000066757202,1.3380833864212036,0.5444999933242798,1.3085267543792725
490,0.5170000195503235,1.3304885625839233,0.5335000157356262,1.3352794647216797
491,0.5131999850273132,1.3436291217803955,0.5370000004768372,1.3202530145645142
492,0.5130000114440918,1.3354883193969727,0.5099999904632568,1.3583424091339111
493,0.516700029373169,1.331992745399475,0.4934999942779541,1.4098520278930664
494,0.5087000131607056,1.3426175117492676,0.4855000078678131,1.5176589488983154
495,0.5199999809265137,1.334803581237793,0.5335000157356262,1.321495771408081
496,0.5148000121116638,1.3308210372924805,0.5080000162124634,1.3936951160430908
497,0.5231999754905701,1.3355761766433716,0.5509999990463257,1.28883957862854
498,0.5232999920845032,1.328748345375061,0.5354999899864197,1.3277276754379272
499,0.5131000280380249,1.3266761302947998,0.5370000004768372,1.307770848274231
500,0.5259000062942505,1.329037070274353,0.5454999804496765,1.2970986366271973
501,0.515500009059906,1.3334579467773438,0.5389999747276306,1.2951679229736328
502,0.5198000073432922,1.3351681232452393,0.5364999771118164,1.3582302331924438
503,0.5134999752044678,1.3310205936431885,0.5350000262260437,1.3084527254104614
504,0.5188999772071838,1.331870198249817,0.5195000171661377,1.3556976318359375
505,0.5167999863624573,1.3263009786605835,0.5479999780654907,1.2732489109039307
506,0.5205000042915344,1.3297690153121948,0.5435000061988831,1.2963227033615112
507,0.5228000283241272,1.3246958255767822,0.5425000190734863,1.290126919746399
508,0.5164999961853027,1.3363401889801025,0.5105000138282776,1.3478268384933472
509,0.5196999907493591,1.3295652866363525,0.546999990940094,1.3134640455245972
510,0.5123999714851379,1.3278887271881104,0.5235000252723694,1.3450424671173096
511,0.5169000029563904,1.3244354724884033,0.5419999957084656,1.303851842880249
512,0.5196999907493591,1.3203643560409546,0.5444999933242798,1.2804651260375977
513,0.5187000036239624,1.3273847103118896,0.5454999804496765,1.2907508611679077
514,0.5156000256538391,1.3169045448303223,0.4894999861717224,1.5301904678344727
515,0.516700029373169,1.3338509798049927,0.550000011920929,1.2936955690383911
516,0.5263000130653381,1.3089244365692139,0.4740000069141388,1.447723150253296
517,0.5217999815940857,1.3194670677185059,0.48750001192092896,1.4883160591125488
518,0.5228000283241272,1.3190027475357056,0.5245000123977661,1.3266981840133667
519,0.5246000289916992,1.318087100982666,0.5414999723434448,1.303992509841919
520,0.5264999866485596,1.3184466361999512,0.5274999737739563,1.3317533731460571
521,0.5188000202178955,1.326440691947937,0.5515000224113464,1.2834500074386597
522,0.5212000012397766,1.3196929693222046,0.5385000109672546,1.359344720840454
523,0.5188999772071838,1.3192943334579468,0.5410000085830688,1.320252776145935
524,0.5236999988555908,1.3158233165740967,0.5509999990463257,1.2750085592269897
525,0.5263000130653381,1.3086779117584229,0.4884999990463257,1.5210191011428833
526,0.5239999890327454,1.3172001838684082,0.5460000038146973,1.3559859991073608
527,0.5268999934196472,1.3086577653884888,0.5105000138282776,1.3627417087554932
528,0.525600016117096,1.3167210817337036,0.5479999780654907,1.2900187969207764
529,0.5259000062942505,1.3062375783920288,0.5370000004768372,1.3496849536895752
530,0.5224999785423279,1.31055748462677,0.5435000061988831,1.3003511428833008
531,0.5281000137329102,1.302701711654663,0.5534999966621399,1.2685428857803345
532,0.5303999781608582,1.3054183721542358,0.5625,1.2607371807098389
533,0.527899980545044,1.302141785621643,0.5299999713897705,1.3064647912979126
534,0.5236999988555908,1.312150239944458,0.5519999861717224,1.2839272022247314
535,0.5257999897003174,1.3070712089538574,0.5320000052452087,1.302544355392456
536,0.5309000015258789,1.3081873655319214,0.5435000061988831,1.344083309173584
537,0.5264000296592712,1.3099044561386108,0.5490000247955322,1.2950150966644287
538,0.527999997138977,1.3060435056686401,0.546999990940094,1.2840938568115234
539,0.5278000235557556,1.3013149499893188,0.476500004529953,1.440940499305725
540,0.5282999873161316,1.3010951280593872,0.5214999914169312,1.3270601034164429
541,0.5306000113487244,1.305235743522644,0.5509999990463257,1.321923851966858
542,0.5342000126838684,1.298848271369934,0.5205000042915344,1.3096204996109009
543,0.5307000279426575,1.3023391962051392,0.5325000286102295,1.3042576313018799
544,0.5300999879837036,1.29823637008667,0.5285000205039978,1.299980640411377
545,0.5253999829292297,1.3100636005401611,0.4359999895095825,1.6398460865020752
546,0.5268999934196472,1.3074177503585815,0.5400000214576721,1.349264144897461
547,0.5303000211715698,1.300389051437378,0.5605000257492065,1.2542328834533691
548,0.5307999849319458,1.298600196838379,0.5475000143051147,1.2753227949142456
549,0.5320000052452087,1.2967417240142822,0.4970000088214874,1.5023469924926758
550,0.5264000296592712,1.2951725721359253,0.5095000267028809,1.4318643808364868
551,0.5285000205039978,1.3074111938476562,0.5550000071525574,1.314683437347412
552,0.5296000242233276,1.2977482080459595,0.5485000014305115,1.3000379800796509
553,0.5285000205039978,1.2961081266403198,0.5109999775886536,1.4291789531707764
554,0.5324000120162964,1.2917941808700562,0.546500027179718,1.280709981918335
555,0.5339999794960022,1.2931206226348877,0.5364999771118164,1.3179280757904053
556,0.5285999774932861,1.3005094528198242,0.5005000233650208,1.4657511711120605
557,0.5353999733924866,1.2930630445480347,0.5210000276565552,1.3515543937683105
558,0.5311999917030334,1.2972602844238281,0.4959999918937683,1.4159247875213623
559,0.5303000211715698,1.292680263519287,0.5525000095367432,1.2565683126449585
560,0.5338000059127808,1.2969313859939575,0.5109999775886536,1.4053030014038086
561,0.5310999751091003,1.296127200126648,0.5429999828338623,1.268526554107666
562,0.5325000286102295,1.2881176471710205,0.5659999847412109,1.2562201023101807
563,0.5382999777793884,1.29092538356781,0.5590000152587891,1.269040584564209
564,0.5309000015258789,1.2996571063995361,0.5615000128746033,1.2475332021713257
565,0.531499981880188,1.291441559791565,0.47699999809265137,1.5326104164123535
566,0.5315999984741211,1.2899117469787598,0.531499981880188,1.2980884313583374
567,0.5360999703407288,1.284938097000122,0.527999997138977,1.3223580121994019
568,0.5353000164031982,1.2879482507705688,0.5435000061988831,1.331775188446045
569,0.5338000059127808,1.2916576862335205,0.5199999809265137,1.3192334175109863
570,0.5350000262260437,1.282454013824463,0.5540000200271606,1.308780312538147
571,0.5378000140190125,1.283690333366394,0.5435000061988831,1.31926691532135
572,0.535099983215332,1.2854435443878174,0.5659999847412109,1.2400315999984741
573,0.5390999913215637,1.2846159934997559,0.5634999871253967,1.26628839969635
574,0.5390999913215637,1.273561716079712,0.5454999804496765,1.346631646156311
575,0.5338000059127808,1.2830549478530884,0.5364999771118164,1.2854478359222412
576,0.5378000140190125,1.27813720703125,0.4749999940395355,1.4430828094482422
577,0.5397999882698059,1.2816259860992432,0.5525000095367432,1.2667577266693115
578,0.534600019454956,1.2804840803146362,0.5479999780654907,1.2790685892105103
579,0.5444999933242798,1.2734333276748657,0.46149998903274536,1.5666371583938599
580,0.5406000018119812,1.2866543531417847,0.5274999737739563,1.298559308052063
581,0.5444999933242798,1.2793601751327515,0.5504999756813049,1.2725622653961182
582,0.53329998254776,1.2822024822235107,0.5410000085830688,1.3395683765411377
583,0.5339999794960022,1.278807282447815,0.5534999966621399,1.2672710418701172
584,0.538100004196167,1.2746509313583374,0.5444999933242798,1.2786865234375
585,0.5351999998092651,1.2784321308135986,0.5494999885559082,1.294184684753418
586,0.5389000177383423,1.2747609615325928,0.5440000295639038,1.2613811492919922
587,0.5421000123023987,1.2736122608184814,0.5575000047683716,1.2528682947158813
588,0.5436000227928162,1.26982581615448,0.5130000114440918,1.3969966173171997
589,0.5430999994277954,1.2748202085494995,0.5649999976158142,1.2401100397109985
590,0.5404999852180481,1.2712328433990479,0.5630000233650208,1.2358152866363525
591,0.5430999994277954,1.2639172077178955,0.5615000128746033,1.2908439636230469
592,0.5428000092506409,1.27273690700531,0.5295000076293945,1.3150057792663574
593,0.5393999814987183,1.2631012201309204,0.5180000066757202,1.4136427640914917
594,0.5379999876022339,1.2774463891983032,0.5370000004768372,1.2948857545852661
595,0.5393999814987183,1.2700186967849731,0.5485000014305115,1.271815538406372
596,0.5367000102996826,1.27932608127594,0.5475000143051147,1.2687333822250366
597,0.5375999808311462,1.2795389890670776,0.5425000190734863,1.2954747676849365
598,0.5446000099182129,1.2644904851913452,0.5600000023841858,1.2587623596191406
599,0.5422999858856201,1.2632747888565063,0.5625,1.2576792240142822
600,0.5426999926567078,1.259363055229187,0.5690000057220459,1.265040636062622
601,0.5428000092506409,1.2664453983306885,0.5145000219345093,1.446405053138733
602,0.5389999747276306,1.2681663036346436,0.5680000185966492,1.243332028388977
603,0.5467000007629395,1.2603013515472412,0.5755000114440918,1.2215185165405273
604,0.5440999865531921,1.2689292430877686,0.5630000233650208,1.243429183959961
605,0.5465999841690063,1.260886788368225,0.5715000033378601,1.2344430685043335
606,0.545799970626831,1.2635397911071777,0.5360000133514404,1.299599289894104
607,0.5440000295639038,1.2613420486450195,0.534500002861023,1.2867249250411987
608,0.5455999970436096,1.259582281112671,0.5170000195503235,1.4251763820648193
609,0.5421000123023987,1.2639955282211304,0.5304999947547913,1.3006027936935425
610,0.5414000153541565,1.2602900266647339,0.5630000233650208,1.2478593587875366
611,0.5489000082015991,1.26003098487854,0.5519999861717224,1.2641212940216064
612,0.5424000024795532,1.2680855989456177,0.5414999723434448,1.29642915725708
613,0.5472000241279602,1.2626066207885742,0.565500020980835,1.2297558784484863
614,0.5467000007629395,1.2532062530517578,0.5070000290870667,1.3743826150894165
615,0.5523999929428101,1.2536250352859497,0.5695000290870667,1.2360249757766724
616,0.5480999946594238,1.2529592514038086,0.5745000243186951,1.2153443098068237
617,0.5475000143051147,1.2579541206359863,0.5715000033378601,1.2406238317489624
618,0.545199990272522,1.2563890218734741,0.5214999914169312,1.3761597871780396
619,0.5515000224113464,1.2601706981658936,0.4595000147819519,1.568822979927063
620,0.5489000082015991,1.2570945024490356,0.546500027179718,1.2924842834472656
621,0.5454999804496765,1.2527261972427368,0.5575000047683716,1.257784128189087
622,0.5497000217437744,1.2525032758712769,0.5419999957084656,1.280236840248108
623,0.5460000038146973,1.2653443813323975,0.5339999794960022,1.2786496877670288
624,0.5483999848365784,1.255369782447815,0.5350000262260437,1.2995704412460327
625,0.5475000143051147,1.2478934526443481,0.5429999828338623,1.277180790901184
626,0.5428000092506409,1.256898283958435,0.5680000185966492,1.2296754121780396
627,0.541100025177002,1.2528847455978394,0.5615000128746033,1.258721113204956
628,0.5501000285148621,1.2476403713226318,0.527999997138977,1.3393268585205078
629,0.5458999872207642,1.2521592378616333,0.5644999742507935,1.2300251722335815
630,0.5479999780654907,1.2475885152816772,0.5634999871253967,1.2475627660751343
631,0.5526000261306763,1.2497291564941406,0.5695000290870667,1.2245464324951172
632,0.545799970626831,1.2544946670532227,0.5690000057220459,1.2170499563217163
633,0.5491999983787537,1.2455213069915771,0.5649999976158142,1.2394797801971436
634,0.5551999807357788,1.24686861038208,0.5550000071525574,1.3255456686019897
635,0.5555999875068665,1.2365286350250244,0.5494999885559082,1.2910405397415161
636,0.5418999791145325,1.2595617771148682,0.5600000023841858,1.235522747039795
637,0.5527999997138977,1.2480899095535278,0.5364999771118164,1.314216136932373
638,0.5485000014305115,1.2483856678009033,0.5755000114440918,1.2110623121261597
639,0.553600013256073,1.2416906356811523,0.5375000238418579,1.2900947332382202
640,0.5426999926567078,1.2560737133026123,0.5274999737739563,1.312278151512146
641,0.5490000247955322,1.248441457748413,0.5609999895095825,1.2590229511260986
642,0.5507000088691711,1.2513638734817505,0.5015000104904175,1.355936050415039
643,0.5490999817848206,1.2498209476470947,0.5450000166893005,1.2997758388519287
644,0.5496000051498413,1.245505690574646,0.5745000243186951,1.2254931926727295
645,0.5544999837875366,1.239603042602539,0.5630000233650208,1.237520694732666
646,0.5554999709129333,1.2406526803970337,0.5440000295639038,1.2791521549224854
647,0.5536999702453613,1.2374361753463745,0.5295000076293945,1.3299148082733154
648,0.5525000095367432,1.2390499114990234,0.5509999990463257,1.2755835056304932
649,0.5619999766349792,1.2352410554885864,0.5690000057220459,1.236365795135498
650,0.5552999973297119,1.242354154586792,0.5605000257492065,1.29978609085083
651,0.5547000169754028,1.2282551527023315,0.5889999866485596,1.2005980014801025
652,0.5582000017166138,1.2305713891983032,0.5049999952316284,1.3535161018371582
653,0.5611000061035156,1.2341077327728271,0.5625,1.2565776109695435
654,0.5552999973297119,1.2277748584747314,0.5335000157356262,1.3537811040878296
655,0.5519999861717224,1.236014485359192,0.5550000071525574,1.2412409782409668
656,0.5584999918937683,1.2329773902893066,0.531000018119812,1.3260364532470703
657,0.5543000102043152,1.2361114025115967,0.5734999775886536,1.2112236022949219
658,0.5597000122070312,1.2320815324783325,0.5580000281333923,1.266639232635498
659,0.5533999800682068,1.2323631048202515,0.5634999871253967,1.211632251739502
660,0.5547999739646912,1.228882074356079,0.5715000033378601,1.2373825311660767
661,0.5540000200271606,1.231833577156067,0.5580000281333923,1.2996104955673218
662,0.5544999837875366,1.2337043285369873,0.5644999742507935,1.239883542060852
663,0.5547000169754028,1.2334063053131104,0.5120000243186951,1.3651374578475952
664,0.557699978351593,1.238327980041504,0.5429999828338623,1.3112447261810303
665,0.5546000003814697,1.2342971563339233,0.5674999952316284,1.2212800979614258
666,0.5552999973297119,1.2326946258544922,0.5609999895095825,1.2338694334030151
667,0.5587999820709229,1.2310470342636108,0.5565000176429749,1.2775697708129883
668,0.5609999895095825,1.2263362407684326,0.5659999847412109,1.2186161279678345
669,0.5551000237464905,1.2328163385391235,0.5329999923706055,1.3438620567321777
670,0.5566999912261963,1.224665880203247,0.5659999847412109,1.2606948614120483
671,0.5598000288009644,1.2310609817504883,0.5759999752044678,1.2038923501968384
672,0.557699978351593,1.2291823625564575,0.5789999961853027,1.2060142755508423
673,0.5601000189781189,1.217712640762329,0.5730000138282776,1.2139148712158203
674,0.5580000281333923,1.2264407873153687,0.5285000205039978,1.349639654159546
675,0.5636000037193298,1.217859148979187,0.5149999856948853,1.4071135520935059
676,0.5604000091552734,1.2185784578323364,0.5855000019073486,1.195688247680664
677,0.559499979019165,1.2339648008346558,0.5184999704360962,1.323153018951416
678,0.5613999962806702,1.2213211059570312,0.5580000281333923,1.2407622337341309
679,0.565500020980835,1.2211436033248901,0.5444999933242798,1.2645459175109863
680,0.5562999844551086,1.2248778343200684,0.5485000014305115,1.278983473777771
681,0.5583999752998352,1.2232906818389893,0.5435000061988831,1.289291262626648
682,0.5636000037193298,1.2150546312332153,0.5590000152587891,1.2727736234664917
683,0.5597000122070312,1.2159079313278198,0.5839999914169312,1.1992218494415283
684,0.5644999742507935,1.2188968658447266,0.5649999976158142,1.2339767217636108
685,0.5636000037193298,1.2166194915771484,0.5304999947547913,1.3343770503997803
686,0.5562999844551086,1.219630241394043,0.5809999704360962,1.2005678415298462
687,0.5602999925613403,1.2215778827667236,0.5715000033378601,1.2194708585739136
688,0.5633999705314636,1.219740867614746,0.578000009059906,1.2208739519119263
689,0.5593000054359436,1.2142956256866455,0.5870000123977661,1.1883233785629272
690,0.5623000264167786,1.215422511100769,0.46399998664855957,1.5653761625289917
691,0.5676000118255615,1.2164171934127808,0.4555000066757202,1.5975329875946045
692,0.5630000233650208,1.2186318635940552,0.5149999856948853,1.4248961210250854
693,0.5618000030517578,1.2153421640396118,0.5870000123977661,1.1957261562347412
694,0.5629000067710876,1.2121833562850952,0.5554999709129333,1.2594259977340698
695,0.5680999755859375,1.2200729846954346,0.5134999752044678,1.3325834274291992
696,0.5638999938964844,1.2148841619491577,0.578499972820282,1.2446843385696411
697,0.5612999796867371,1.2164223194122314,0.4894999861717224,1.4763306379318237
698,0.5619000196456909,1.2140520811080933,0.5214999914169312,1.381065845489502
699,0.5626999735832214,1.2109819650650024,0.5565000176429749,1.2331745624542236
700,0.567799985408783,1.2055230140686035,0.5490000247955322,1.2621220350265503
701,0.5658000111579895,1.2088245153427124,0.5695000290870667,1.2186449766159058
702,0.5631999969482422,1.2071133852005005,0.5485000014305115,1.267406940460205
703,0.5644999742507935,1.2123737335205078,0.578000009059906,1.2013124227523804
704,0.5662999749183655,1.2090353965759277,0.5674999952316284,1.241636872291565
705,0.5648999810218811,1.2047889232635498,0.48899999260902405,1.4045264720916748
706,0.5662000179290771,1.202987551689148,0.5600000023841858,1.2372126579284668
707,0.5656999945640564,1.2103095054626465,0.5649999976158142,1.2120459079742432
708,0.5680999755859375,1.2009809017181396,0.5690000057220459,1.2366070747375488
709,0.5630999803543091,1.2095125913619995,0.5709999799728394,1.2115250825881958
710,0.5627999901771545,1.204184889793396,0.5320000052452087,1.294133186340332
711,0.5692999958992004,1.2045533657073975,0.5899999737739563,1.1842900514602661
712,0.5663999915122986,1.1961816549301147,0.5715000033378601,1.215286374092102
713,0.5640000104904175,1.2022967338562012,0.5565000176429749,1.255073070526123
714,0.5740000009536743,1.1916009187698364,0.5889999866485596,1.180108666419983
715,0.566100001335144,1.2005221843719482,0.5820000171661377,1.1969239711761475
716,0.5619999766349792,1.2133914232254028,0.5609999895095825,1.2520043849945068
717,0.5638999938964844,1.197677493095398,0.5705000162124634,1.2759573459625244
718,0.5684000253677368,1.204644799232483,0.5609999895095825,1.2223896980285645
719,0.5666000247001648,1.1967430114746094,0.5379999876022339,1.3380564451217651
720,0.5705999732017517,1.1898846626281738,0.5575000047683716,1.240683674812317
721,0.5703999996185303,1.1942232847213745,0.5509999990463257,1.2501811981201172
722,0.5698999762535095,1.2008975744247437,0.5680000185966492,1.2336325645446777
723,0.5630999803543091,1.2024139165878296,0.40700000524520874,1.8259464502334595
724,0.5716999769210815,1.1958377361297607,0.5460000038146973,1.2544881105422974
725,0.5662999749183655,1.1922004222869873,0.5849999785423279,1.1958262920379639
726,0.5644000172615051,1.2057605981826782,0.5454999804496765,1.27419114112854
727,0.5687000155448914,1.1974085569381714,0.5625,1.2300360202789307
728,0.5659999847412109,1.205702781677246,0.5830000042915344,1.1877361536026
729,0.5709999799728394,1.1944446563720703,0.5734999775886536,1.21493399143219
730,0.5623999834060669,1.1977535486221313,0.5730000138282776,1.2227082252502441
731,0.5738000273704529,1.1922999620437622,0.5684999823570251,1.224274754524231
732,0.569599986076355,1.1919628381729126,0.559499979019165,1.2388778924942017
733,0.5713000297546387,1.1975903511047363,0.5690000057220459,1.2368203401565552
734,0.5756000280380249,1.1903902292251587,0.5759999752044678,1.2100149393081665
735,0.5735999941825867,1.1977620124816895,0.5400000214576721,1.3597832918167114
736,0.5659000277519226,1.203987717628479,0.5809999704360962,1.1909840106964111
737,0.570900022983551,1.1883536577224731,0.593500018119812,1.1755019426345825
738,0.5703999996185303,1.1922016143798828,0.5490000247955322,1.267187476158142
739,0.571399986743927,1.2078925371170044,0.5759999752044678,1.2548879384994507
740,0.5695000290870667,1.186234474182129,0.5145000219345093,1.3362823724746704
741,0.5701000094413757,1.1954715251922607,0.5005000233650208,1.3675930500030518
742,0.5723999738693237,1.1938570737838745,0.5874999761581421,1.1929079294204712
743,0.5748000144958496,1.194384217262268,0.5669999718666077,1.2280809879302979
744,0.5787000060081482,1.1811209917068481,0.5385000109672546,1.3610162734985352
745,0.5770999789237976,1.190146565437317,0.5845000147819519,1.1880885362625122
746,0.5716000199317932,1.1914743185043335,0.5630000233650208,1.247824788093567
747,0.5702000260353088,1.1869323253631592,0.5304999947547913,1.342555284500122
748,0.5774999856948853,1.183667540550232,0.5709999799728394,1.2375175952911377
749,0.579200029373169,1.1825850009918213,0.5874999761581421,1.186139702796936
750,0.5706999897956848,1.1877957582473755,0.5699999928474426,1.2395670413970947
751,0.5712000131607056,1.1857377290725708,0.5339999794960022,1.2831509113311768
752,0.5752000212669373,1.1855424642562866,0.5515000224113464,1.2467585802078247
753,0.5763000249862671,1.1825240850448608,0.5960000157356262,1.1762125492095947
754,0.5738999843597412,1.1827826499938965,0.5325000286102295,1.3476344347000122
755,0.5764999985694885,1.1841189861297607,0.4584999978542328,1.47273588180542
756,0.5701000094413757,1.1945654153823853,0.5864999890327454,1.1769098043441772
757,0.574999988079071,1.18282151222229,0.5789999961853027,1.2112361192703247
758,0.5767999887466431,1.1802475452423096,0.5755000114440918,1.2073462009429932
759,0.5756999850273132,1.1772762537002563,0.5899999737739563,1.1768038272857666
760,0.5734999775886536,1.1931548118591309,0.5609999895095825,1.23473060131073
761,0.5835999846458435,1.1609787940979004,0.5634999871253967,1.234258770942688
762,0.574400007724762,1.1795175075531006,0.5615000128746033,1.217426061630249
763,0.5730999708175659,1.1782920360565186,0.5914999842643738,1.173844814300537
764,0.5770999789237976,1.1736488342285156,0.5820000171661377,1.2006938457489014
765,0.5773000121116638,1.1767163276672363,0.4894999861717224,1.3991765975952148
766,0.5748000144958496,1.1778322458267212,0.5170000195503235,1.3362770080566406
767,0.5734000205993652,1.1725690364837646,0.590499997138977,1.1754385232925415
768,0.5723999738693237,1.1797250509262085,0.5814999938011169,1.1867142915725708
769,0.5752999782562256,1.1741153001785278,0.5695000290870667,1.2670445442199707
770,0.5785999894142151,1.1731467247009277,0.5950000286102295,1.1681270599365234
771,0.5752000212669373,1.1756387948989868,0.5519999861717224,1.2881313562393188
772,0.5805000066757202,1.17653226852417,0.5669999718666077,1.2387152910232544
773,0.5771999955177307,1.1763219833374023,0.5809999704360962,1.2047765254974365
774,0.5838000178337097,1.1616603136062622,0.531000018119812,1.3530921936035156
775,0.579800009727478,1.171798586845398,0.5964999794960022,1.1588184833526611
776,0.57669997215271,1.1757351160049438,0.5335000157356262,1.328555941581726
777,0.5809999704360962,1.170465350151062,0.5874999761581421,1.1893398761749268
778,0.5791000127792358,1.1723028421401978,0.5605000257492065,1.2794907093048096
779,0.5763999819755554,1.1718122959136963,0.5649999976158142,1.263559103012085
780,0.5830000042915344,1.1619337797164917,0.5170000195503235,1.3400063514709473
781,0.5835999846458435,1.169007420539856,0.578499972820282,1.2074697017669678
782,0.5792999863624573,1.167091965675354,0.5759999752044678,1.210792899131775
783,0.585099995136261,1.1622177362442017,0.5824999809265137,1.1877790689468384
784,0.5741999745368958,1.1670154333114624,0.5485000014305115,1.2832609415054321
785,0.5849999785423279,1.1578203439712524,0.5770000219345093,1.1881730556488037
786,0.5845999717712402,1.163468360900879,0.5895000100135803,1.1715655326843262
787,0.5788999795913696,1.168381690979004,0.5860000252723694,1.1808161735534668
788,0.578000009059906,1.168826937675476,0.5920000076293945,1.1718411445617676
789,0.5817999839782715,1.1611461639404297,0.512499988079071,1.4534447193145752
790,0.5835999846458435,1.1599441766738892,0.5745000243186951,1.2349317073822021
791,0.5805000066757202,1.1660418510437012,0.5855000019073486,1.1897871494293213
792,0.5792999863624573,1.1757702827453613,0.5575000047683716,1.2479809522628784
793,0.5795999765396118,1.1696211099624634,0.550000011920929,1.2615456581115723
794,0.5792999863624573,1.1641534566879272,0.5544999837875366,1.2848191261291504
795,0.5770000219345093,1.1623889207839966,0.5835000276565552,1.2113347053527832
796,0.5792999863624573,1.1684670448303223,0.5845000147819519,1.1816370487213135
797,0.5857999920845032,1.1567087173461914,0.5824999809265137,1.1841434240341187
798,0.5806999802589417,1.1660685539245605,0.5855000019073486,1.2022849321365356
799,0.5767999887466431,1.1662275791168213,0.5609999895095825,1.2829866409301758
800,0.5853999853134155,1.158915400505066,0.5335000157356262,1.2948676347732544
801,0.5870000123977661,1.1554635763168335,0.5774999856948853,1.1978020668029785
802,0.5843999981880188,1.158665657043457,0.5954999923706055,1.17482590675354
803,0.5845000147819519,1.164322853088379,0.5640000104904175,1.21738862991333
804,0.5784000158309937,1.1672847270965576,0.5410000085830688,1.281563639640808
805,0.5889000296592712,1.156648874282837,0.5740000009536743,1.2150741815567017
806,0.5857999920845032,1.1493611335754395,0.5950000286102295,1.1753077507019043
807,0.5778999924659729,1.15299654006958,0.5835000276565552,1.1876118183135986
808,0.5860000252723694,1.145233392715454,0.5835000276565552,1.1792240142822266
809,0.5825999975204468,1.1528732776641846,0.5429999828338623,1.251047968864441
810,0.5841000080108643,1.1511977910995483,0.5450000166893005,1.3215433359146118
811,0.5849999785423279,1.1625508069992065,0.5820000171661377,1.1871089935302734
812,0.5845999717712402,1.1523668766021729,0.546500027179718,1.2692768573760986
813,0.5884000062942505,1.1561206579208374,0.5715000033378601,1.2380658388137817
814,0.5857999920845032,1.1514050960540771,0.5795000195503235,1.1819148063659668
815,0.5789999961853027,1.1650091409683228,0.5435000061988831,1.2705581188201904
816,0.5867000222206116,1.158747673034668,0.5950000286102295,1.165389060974121
817,0.5803999900817871,1.1510679721832275,0.5795000195503235,1.2156175374984741
818,0.5849999785423279,1.1520949602127075,0.5979999899864197,1.1674166917800903
819,0.583899974822998,1.1557929515838623,0.5584999918937683,1.234119176864624
820,0.5820000171661377,1.1618133783340454,0.5789999961853027,1.2033802270889282
821,0.5874999761581421,1.1574041843414307,0.5824999809265137,1.178165316581726
822,0.5845999717712402,1.1535130739212036,0.5924999713897705,1.160712718963623
823,0.5881999731063843,1.1466377973556519,0.5630000233650208,1.2512190341949463
824,0.5835000276565552,1.1556824445724487,0.6060000061988831,1.1570606231689453
825,0.5857999920845032,1.146477222442627,0.5849999785423279,1.1921831369400024
826,0.5866000056266785,1.1488896608352661,0.531499981880188,1.3128325939178467
827,0.5871999859809875,1.152816653251648,0.5525000095367432,1.2660093307495117
828,0.589900016784668,1.1438943147659302,0.6035000085830688,1.1570136547088623
829,0.5849999785423279,1.1562120914459229,0.5945000052452087,1.168039321899414
830,0.5925999879837036,1.1418699026107788,0.593999981880188,1.1606640815734863
831,0.5884000062942505,1.140687346458435,0.5954999923706055,1.1553651094436646
832,0.5916000008583069,1.1461719274520874,0.5724999904632568,1.2035913467407227
833,0.5885000228881836,1.1525359153747559,0.593999981880188,1.1829018592834473
834,0.5921000242233276,1.1426929235458374,0.5795000195503235,1.194776177406311
835,0.5899999737739563,1.1403932571411133,0.5920000076293945,1.1798555850982666
836,0.5891000032424927,1.1426523923873901,0.5720000267028809,1.210094928741455
837,0.5885000228881836,1.140569806098938,0.5989999771118164,1.1617263555526733
838,0.5884000062942505,1.149780035018921,0.5695000290870667,1.2294330596923828
839,0.5910000205039978,1.1353856325149536,0.574999988079071,1.207672119140625
840,0.588100016117096,1.1456103324890137,0.550000011920929,1.2434813976287842
841,0.5871000289916992,1.1487715244293213,0.5945000052452087,1.1628906726837158
842,0.5932000279426575,1.1380479335784912,0.5659999847412109,1.250727891921997
843,0.5910999774932861,1.144408106803894,0.6000000238418579,1.1461659669876099
844,0.5906999707221985,1.1403757333755493,0.5299999713897705,1.3495678901672363
845,0.5889999866485596,1.1453012228012085,0.5674999952316284,1.2474260330200195
846,0.588100016117096,1.1439998149871826,0.597000002861023,1.1508069038391113
847,0.5906000137329102,1.136948823928833,0.5764999985694885,1.2034913301467896
848,0.5891000032424927,1.1431169509887695,0.5174999833106995,1.3005670309066772
849,0.5846999883651733,1.1483211517333984,0.5730000138282776,1.220926284790039
850,0.5928999781608582,1.1343821287155151,0.5885000228881836,1.1545065641403198
851,0.598800003528595,1.1265692710876465,0.5950000286102295,1.1556901931762695
852,0.5922999978065491,1.1389774084091187,0.5669999718666077,1.2269399166107178
853,0.5842999815940857,1.138231873512268,0.597000002861023,1.1546380519866943
854,0.5913000106811523,1.1360434293746948,0.5680000185966492,1.2159807682037354
855,0.5939000248908997,1.1348541975021362,0.5809999704360962,1.2209070920944214
856,0.5885999798774719,1.1374884843826294,0.5954999923706055,1.1630436182022095
857,0.5913000106811523,1.1388860940933228,0.5554999709129333,1.2584240436553955
858,0.5927000045776367,1.1303399801254272,0.5849999785423279,1.1853755712509155
859,0.5934000015258789,1.1307737827301025,0.4959999918937683,1.3650861978530884
860,0.592199981212616,1.1422114372253418,0.5864999890327454,1.1725523471832275
861,0.5918999910354614,1.1326857805252075,0.5814999938011169,1.2048789262771606
862,0.597599983215332,1.1245168447494507,0.5699999928474426,1.1983946561813354
863,0.5903000235557556,1.1363028287887573,0.590499997138977,1.1855863332748413
864,0.5896999835968018,1.1296566724777222,0.5764999985694885,1.2095954418182373
865,0.5992000102996826,1.1290345191955566,0.574999988079071,1.1921600103378296
866,0.5939000248908997,1.1357349157333374,0.6044999957084656,1.1371665000915527
867,0.5942000150680542,1.1310358047485352,0.6100000143051147,1.133436918258667
868,0.5891000032424927,1.12971830368042,0.5805000066757202,1.186014175415039
869,0.5899999737739563,1.1312177181243896,0.6004999876022339,1.1551800966262817
870,0.5863999724388123,1.1374173164367676,0.5989999771118164,1.1452269554138184
871,0.5875999927520752,1.1248619556427002,0.6035000085830688,1.1407999992370605
872,0.5943999886512756,1.1333380937576294,0.5910000205039978,1.1720664501190186
873,0.59579998254776,1.1308348178863525,0.4869999885559082,1.4090927839279175
874,0.5881999731063843,1.1346162557601929,0.5960000157356262,1.1946841478347778
875,0.5982999801635742,1.129404902458191,0.6039999723434448,1.146781086921692
876,0.5957000255584717,1.1249154806137085,0.5379999876022339,1.2960145473480225
877,0.590399980545044,1.1305468082427979,0.6054999828338623,1.1473710536956787
878,0.5929999947547913,1.1226427555084229,0.5830000042915344,1.1999773979187012
879,0.598800003528595,1.1154859066009521,0.5299999713897705,1.395007848739624
880,0.5989000201225281,1.1212106943130493,0.5849999785423279,1.1591131687164307
881,0.5985999703407288,1.1261038780212402,0.5180000066757202,1.4278227090835571
882,0.589900016784668,1.1322234869003296,0.515500009059906,1.4420270919799805
883,0.5992000102996826,1.126043677330017,0.5885000228881836,1.17100989818573
884,0.5961999893188477,1.1243809461593628,0.515999972820282,1.335702657699585
885,0.5958999991416931,1.1265044212341309,0.6065000295639038,1.134954810142517
886,0.5965999960899353,1.1211836338043213,0.5005000233650208,1.42776358127594
887,0.5925999879837036,1.1280077695846558,0.593999981880188,1.1631536483764648
888,0.5960999727249146,1.1217966079711914,0.4819999933242798,1.4817841053009033
889,0.5878999829292297,1.1336690187454224,0.5845000147819519,1.163131594657898
890,0.598800003528595,1.1136374473571777,0.565500020980835,1.2791433334350586
891,0.5929999947547913,1.128082275390625,0.6065000295639038,1.1378886699676514
892,0.5947999954223633,1.1296613216400146,0.5774999856948853,1.2212260961532593
893,0.590399980545044,1.1288875341415405,0.5425000190734863,1.2722175121307373
894,0.5946999788284302,1.1147594451904297,0.5874999761581421,1.1701081991195679
895,0.605400025844574,1.1150398254394531,0.5985000133514404,1.1564148664474487
896,0.5985000133514404,1.1159945726394653,0.5730000138282776,1.1947530508041382
897,0.6000000238418579,1.119894027709961,0.5734999775886536,1.2333779335021973
898,0.5927000045776367,1.1226656436920166,0.6019999980926514,1.151482105255127
899,0.598800003528595,1.1232763528823853,0.36500000953674316,1.98846435546875
900,0.6007000207901001,1.127619981765747,0.5285000205039978,1.2989177703857422
901,0.6014000177383423,1.1135246753692627,0.5625,1.2528712749481201
902,0.6007999777793884,1.1145789623260498,0.5690000057220459,1.228354811668396
903,0.5950999855995178,1.1210647821426392,0.597000002861023,1.163981318473816
904,0.6039999723434448,1.1146793365478516,0.6044999957084656,1.1531972885131836
905,0.6010000109672546,1.114078402519226,0.6060000061988831,1.1283814907073975
906,0.600600004196167,1.1076511144638062,0.5609999895095825,1.2320053577423096
907,0.607699990272522,1.11981999874115,0.5755000114440918,1.2401221990585327
908,0.598800003528595,1.1127192974090576,0.565500020980835,1.1969102621078491
909,0.5990999937057495,1.1094022989273071,0.6004999876022339,1.1407724618911743
910,0.604200005531311,1.1095668077468872,0.5640000104904175,1.2678889036178589
911,0.5981000065803528,1.1173983812332153,0.6134999990463257,1.1267290115356445
912,0.6013000011444092,1.1052484512329102,0.5964999794960022,1.1404379606246948
913,0.5952000021934509,1.1169816255569458,0.531000018119812,1.2916603088378906
914,0.5971999764442444,1.1141835451126099,0.5320000052452087,1.3373295068740845
915,0.6004999876022339,1.1122753620147705,0.5954999923706055,1.1741446256637573
916,0.6080999970436096,1.0961434841156006,0.5874999761581421,1.1576015949249268
917,0.6054999828338623,1.103255033493042,0.4964999854564667,1.4168260097503662
918,0.6132000088691711,1.1029306650161743,0.5929999947547913,1.1931520700454712
919,0.5967000126838684,1.1165812015533447,0.5950000286102295,1.1601684093475342
920,0.6032999753952026,1.110977053642273,0.5814999938011169,1.2319743633270264
921,0.6018999814987183,1.1018521785736084,0.6050000190734863,1.1281287670135498
922,0.6014999747276306,1.1063710451126099,0.5860000252723694,1.1865053176879883
923,0.6069999933242798,1.1033437252044678,0.609499990940094,1.1286089420318604
924,0.6036999821662903,1.11415433883667,0.5565000176429749,1.247254729270935
925,0.6043000221252441,1.102786660194397,0.5874999761581421,1.1673635244369507
926,0.6044999957084656,1.1132396459579468,0.5899999737739563,1.1738497018814087
927,0.5992000102996826,1.1140787601470947,0.5910000205039978,1.1672061681747437
928,0.6047000288963318,1.101257562637329,0.5995000004768372,1.1640965938568115
929,0.5996999740600586,1.1073771715164185,0.6119999885559082,1.1190253496170044
930,0.6043000221252441,1.103776216506958,0.5899999737739563,1.180113673210144
931,0.6062999963760376,1.1031088829040527,0.6050000190734863,1.1377739906311035
932,0.6079000234603882,1.098228931427002,0.5354999899864197,1.2686570882797241
933,0.6068000197410583,1.1031497716903687,0.5799999833106995,1.1935060024261475
934,0.5989999771118164,1.1075427532196045,0.5755000114440918,1.2447731494903564
935,0.6031000018119812,1.108083963394165,0.5525000095367432,1.3075791597366333
936,0.60589998960495,1.092411756515503,0.5820000171661377,1.1958283185958862
937,0.6029999852180481,1.107640266418457,0.5860000252723694,1.1697269678115845
938,0.6093000173568726,1.1010565757751465,0.5615000128746033,1.2320061922073364
939,0.6057999730110168,1.1025149822235107,0.6004999876022339,1.1711431741714478
940,0.6083999872207642,1.0950871706008911,0.5954999923706055,1.1757394075393677
941,0.6065999865531921,1.098060131072998,0.5755000114440918,1.2067362070083618
942,0.6036999821662903,1.1067993640899658,0.5740000009536743,1.2271329164505005
943,0.6018999814987183,1.10299551486969,0.6044999957084656,1.1341335773468018
944,0.6103000044822693,1.0950312614440918,0.5249999761581421,1.34562349319458
945,0.6085000038146973,1.0958462953567505,0.5690000057220459,1.214691400527954
946,0.6074000000953674,1.0966079235076904,0.5575000047683716,1.2790175676345825
947,0.6080999970436096,1.0945242643356323,0.6184999942779541,1.1131858825683594
948,0.6083999872207642,1.0963070392608643,0.5260000228881836,1.2982016801834106
949,0.6036999821662903,1.0994945764541626,0.5920000076293945,1.1760778427124023
950,0.6007999777793884,1.1011134386062622,0.4699999988079071,1.5317038297653198
951,0.6121000051498413,1.0945814847946167,0.6029999852180481,1.1329233646392822
952,0.6065999865531921,1.097698450088501,0.5814999938011169,1.2017189264297485
953,0.6087999939918518,1.0942634344100952,0.5264999866485596,1.2921463251113892
954,0.6047000288963318,1.0869189500808716,0.5855000019073486,1.2030912637710571
955,0.6011000275611877,1.1042535305023193,0.6025000214576721,1.1651276350021362
956,0.6057999730110168,1.0861982107162476,0.5695000290870667,1.2341501712799072
957,0.612500011920929,1.0871796607971191,0.6050000190734863,1.1369446516036987
958,0.6114000082015991,1.0887963771820068,0.5895000100135803,1.1624449491500854
959,0.6017000079154968,1.0991348028182983,0.5924999713897705,1.156019687652588
960,0.6136000156402588,1.0876808166503906,0.5734999775886536,1.2062984704971313
961,0.6118000149726868,1.0879700183868408,0.5950000286102295,1.1557072401046753
962,0.611299991607666,1.0854867696762085,0.5720000267028809,1.2094277143478394
963,0.6072999835014343,1.084115743637085,0.6010000109672546,1.1661432981491089
964,0.6093999743461609,1.0869406461715698,0.5304999947547913,1.3278251886367798
965,0.6114000082015991,1.086720585823059,0.5680000185966492,1.2331923246383667
966,0.6067000031471252,1.0932098627090454,0.609000027179718,1.128078818321228
967,0.6151999831199646,1.0763781070709229,0.5715000033378601,1.2294414043426514
968,0.6122000217437744,1.0882309675216675,0.5715000033378601,1.2354421615600586
969,0.6144000291824341,1.0834805965423584,0.5095000267028809,1.4314240217208862
970,0.6079000234603882,1.0895864963531494,0.6140000224113464,1.1132956743240356
971,0.6104999780654907,1.0893511772155762,0.5619999766349792,1.2543889284133911
972,0.6079999804496765,1.0888895988464355,0.6119999885559082,1.1125680208206177
973,0.6097000241279602,1.0826635360717773,0.5625,1.2480590343475342
974,0.6186000108718872,1.0796862840652466,0.6039999723434448,1.1360712051391602
975,0.6133999824523926,1.078068733215332,0.5615000128746033,1.215004563331604
976,0.6060000061988831,1.0872794389724731,0.5379999876022339,1.3243627548217773
977,0.6092000007629395,1.082715630531311,0.621999979019165,1.105130672454834
978,0.6032999753952026,1.0846431255340576,0.5849999785423279,1.1760120391845703
979,0.6079999804496765,1.0831040143966675,0.6060000061988831,1.1187587976455688
980,0.6068999767303467,1.0873667001724243,0.5609999895095825,1.2599302530288696
981,0.6096000075340271,1.0836942195892334,0.5954999923706055,1.191115379333496
982,0.6133000254631042,1.084100365638733,0.6025000214576721,1.139641523361206
983,0.6050999760627747,1.0851243734359741,0.5835000276565552,1.2162625789642334
984,0.6097000241279602,1.0815061330795288,0.5755000114440918,1.2036606073379517
985,0.6140000224113464,1.0814666748046875,0.6150000095367432,1.1278526782989502
986,0.6180999875068665,1.076347827911377,0.5950000286102295,1.175426721572876
987,0.6133000254631042,1.0792086124420166,0.6035000085830688,1.1192673444747925
988,0.6126000285148621,1.075792908668518,0.5879999995231628,1.180906057357788
989,0.6129999756813049,1.075531005859375,0.5924999713897705,1.145440936088562
990,0.6126999855041504,1.0788761377334595,0.5730000138282776,1.2192271947860718
991,0.6093999743461609,1.0815695524215698,0.534500002861023,1.325386643409729
992,0.611299991607666,1.0786384344100952,0.6119999885559082,1.110408067703247
993,0.6147000193595886,1.0786323547363281,0.6154999732971191,1.1178762912750244
994,0.6187000274658203,1.0738441944122314,0.5920000076293945,1.1817936897277832
995,0.6100999712944031,1.0742065906524658,0.5874999761581421,1.1709507703781128
996,0.6168000102043152,1.069078803062439,0.6039999723434448,1.1275039911270142
997,0.6133999824523926,1.0823036432266235,0.609000027179718,1.1220933198928833
998,0.6147000193595886,1.0738214254379272,0.6159999966621399,1.1145470142364502
999,0.6152999997138977,1.0784279108047485,0.6179999709129333,1.1065471172332764
