epoch,accuracy,loss,val_accuracy,val_loss
0,0.10859999805688858,2.2985098361968994,0.10849999636411667,2.2909345626831055
1,0.14229999482631683,2.2840681076049805,0.16599999368190765,2.278158187866211
2,0.17329999804496765,2.273776054382324,0.17499999701976776,2.268711566925049
3,0.17659999430179596,2.2645387649536133,0.18850000202655792,2.259556531906128
4,0.1889999955892563,2.2547199726104736,0.19349999725818634,2.24933123588562
5,0.19470000267028809,2.2441771030426025,0.2029999941587448,2.238187789916992
6,0.2046000063419342,2.2323505878448486,0.2175000011920929,2.2254106998443604
7,0.2190999984741211,2.218688726425171,0.2280000001192093,2.210958957672119
8,0.22190000116825104,2.202901840209961,0.22349999845027924,2.194118022918701
9,0.2272000014781952,2.1860151290893555,0.24400000274181366,2.176192283630371
10,0.24040000140666962,2.1681981086730957,0.22550000250339508,2.1599411964416504
11,0.23980000615119934,2.1500627994537354,0.23549999296665192,2.1413698196411133
12,0.24619999527931213,2.131223678588867,0.24699999392032623,2.1194794178009033
13,0.2506999969482422,2.1124799251556396,0.2574999928474426,2.1002700328826904
14,0.25999999046325684,2.094844102859497,0.25699999928474426,2.083618402481079
15,0.26249998807907104,2.0781033039093018,0.26350000500679016,2.0702738761901855
16,0.27070000767707825,2.063289165496826,0.26649999618530273,2.053908348083496
17,0.2727999985218048,2.0493929386138916,0.2709999978542328,2.042562961578369
18,0.2766000032424927,2.037717580795288,0.26899999380111694,2.0302481651306152
19,0.2784000039100647,2.026392936706543,0.27799999713897705,2.0191640853881836
20,0.2824999988079071,2.016977310180664,0.2800000011920929,2.0106310844421387
21,0.2824000120162964,2.0087807178497314,0.27300000190734863,2.007080316543579
22,0.2858000099658966,2.0008652210235596,0.27300000190734863,2.0053393840789795
23,0.28760001063346863,1.9938515424728394,0.2784999907016754,1.9916725158691406
24,0.2874999940395355,1.9872746467590332,0.2685000002384186,1.999706506729126
25,0.29109999537467957,1.9818706512451172,0.2849999964237213,1.9791089296340942
26,0.2939999997615814,1.9755052328109741,0.27900001406669617,1.9758726358413696
27,0.2946999967098236,1.9704598188400269,0.2840000092983246,1.968916654586792
28,0.2955000102519989,1.965058445930481,0.2775000035762787,1.9701290130615234
29,0.30160000920295715,1.960415005683899,0.2985000014305115,1.9620585441589355
30,0.2994000017642975,1.955628752708435,0.2939999997615814,1.9534658193588257
31,0.30550000071525574,1.9505480527877808,0.30300000309944153,1.9551358222961426
32,0.31060001254081726,1.9464631080627441,0.3009999990463257,1.9466552734375
33,0.30799999833106995,1.9418314695358276,0.29899999499320984,1.940484881401062
34,0.3086000084877014,1.9375715255737305,0.30149999260902405,1.9423538446426392
35,0.31119999289512634,1.9322729110717773,0.29649999737739563,1.940918207168579
36,0.3163999915122986,1.9286820888519287,0.2980000078678131,1.9470690488815308
37,0.31439998745918274,1.9240955114364624,0.3109999895095825,1.9258384704589844
38,0.3197999894618988,1.9191713333129883,0.31049999594688416,1.9218698740005493
39,0.32199999690055847,1.914772629737854,0.30649998784065247,1.92221999168396
40,0.3255000114440918,1.9091894626617432,0.3154999911785126,1.919148564338684
41,0.3264000117778778,1.9061046838760376,0.3095000088214874,1.927539348602295
42,0.328000009059906,1.9012240171432495,0.3165000081062317,1.9073333740234375
43,0.3292999863624573,1.8961724042892456,0.31850001215934753,1.9070608615875244
44,0.3303999900817871,1.8918646574020386,0.3160000145435333,1.8947898149490356
45,0.3343999981880188,1.8871403932571411,0.3310000002384186,1.8907604217529297
46,0.33570000529289246,1.8820792436599731,0.3034999966621399,1.9161525964736938
47,0.3391000032424927,1.877623200416565,0.32100000977516174,1.8842352628707886
48,0.3377000093460083,1.8729310035705566,0.335999995470047,1.8756481409072876
49,0.3418999910354614,1.867220163345337,0.3305000066757202,1.8758479356765747
50,0.3398999869823456,1.8625825643539429,0.3370000123977661,1.8700501918792725
51,0.3449000120162964,1.8575665950775146,0.3345000147819519,1.8663183450698853
52,0.34869998693466187,1.8519718647003174,0.33399999141693115,1.8624536991119385
53,0.34610000252723694,1.848060131072998,0.3345000147819519,1.8596194982528687
54,0.3513000011444092,1.8439216613769531,0.3384999930858612,1.8558814525604248
55,0.35359999537467957,1.8374782800674438,0.33250001072883606,1.8622448444366455
56,0.35510000586509705,1.832849383354187,0.3440000116825104,1.8466931581497192
57,0.3546000123023987,1.827648401260376,0.34549999237060547,1.8407971858978271
58,0.3578999936580658,1.8236427307128906,0.33149999380111694,1.848993182182312
59,0.36230000853538513,1.8194628953933716,0.3334999978542328,1.8472647666931152
60,0.3578999936580658,1.812958002090454,0.34700000286102295,1.8429934978485107
61,0.3625999987125397,1.808567762374878,0.3504999876022339,1.8361921310424805
62,0.3643999993801117,1.8026392459869385,0.33149999380111694,1.8689308166503906
63,0.36550000309944153,1.7987021207809448,0.3264999985694885,1.8516370058059692
64,0.3659000098705292,1.794586181640625,0.3375000059604645,1.829979658126831
65,0.37130001187324524,1.787693977355957,0.3605000078678131,1.802123785018921
66,0.3700000047683716,1.7842968702316284,0.35249999165534973,1.8054888248443604
67,0.3723999857902527,1.7794173955917358,0.36550000309944153,1.8082152605056763
68,0.37560001015663147,1.7742328643798828,0.3569999933242798,1.8058123588562012
69,0.3776000142097473,1.7696648836135864,0.3555000126361847,1.8088338375091553
70,0.3781999945640564,1.7659833431243896,0.3479999899864197,1.810311198234558
71,0.3790000081062317,1.761616587638855,0.3544999957084656,1.7824000120162964
72,0.38370001316070557,1.7563048601150513,0.3569999933242798,1.7872068881988525
73,0.3840999901294708,1.7512531280517578,0.3675000071525574,1.7760993242263794
74,0.3840000033378601,1.7466778755187988,0.3684999942779541,1.7831095457077026
75,0.3856000006198883,1.7426371574401855,0.36250001192092896,1.7668553590774536
76,0.3873000144958496,1.738083839416504,0.3695000112056732,1.7756296396255493
77,0.3894999921321869,1.7340935468673706,0.37299999594688416,1.7664481401443481
78,0.3919999897480011,1.7289668321609497,0.36899998784065247,1.79503333568573
79,0.39399999380111694,1.723880410194397,0.3765000104904175,1.7618217468261719
80,0.39329999685287476,1.7210750579833984,0.367000013589859,1.7681187391281128
81,0.39579999446868896,1.7170900106430054,0.3790000081062317,1.7334290742874146
82,0.3952000141143799,1.713164210319519,0.36899998784065247,1.7629787921905518
83,0.39980000257492065,1.7083877325057983,0.3815000057220459,1.7576289176940918
84,0.4004000127315521,1.7053101062774658,0.37450000643730164,1.7434800863265991
85,0.4059000015258789,1.6994597911834717,0.3630000054836273,1.778753638267517
86,0.40290001034736633,1.6960327625274658,0.3779999911785126,1.7193869352340698
87,0.4043999910354614,1.6918672323226929,0.375,1.7264877557754517
88,0.4023999869823456,1.6894822120666504,0.38850000500679016,1.7151521444320679
89,0.40450000762939453,1.6836464405059814,0.38850000500679016,1.719043254852295
90,0.4034999907016754,1.6815822124481201,0.3610000014305115,1.7565816640853882
91,0.4074000120162964,1.6766366958618164,0.39399999380111694,1.7151376008987427
92,0.40950000286102295,1.673416256904602,0.38199999928474426,1.7875516414642334
93,0.4131999909877777,1.668702483177185,0.39750000834465027,1.720774531364441
94,0.4113999903202057,1.6642292737960815,0.3935000002384186,1.6897718906402588
95,0.4083999991416931,1.661075234413147,0.38749998807907104,1.7110995054244995
96,0.4153999984264374,1.6570380926132202,0.37299999594688416,1.7933753728866577
97,0.41609999537467957,1.653550148010254,0.398499995470047,1.684816598892212
98,0.41589999198913574,1.648423433303833,0.38499999046325684,1.7332209348678589
99,0.4178999960422516,1.6448839902877808,0.39750000834465027,1.6769747734069824
100,0.41830000281333923,1.6412626504898071,0.398499995470047,1.6871421337127686
101,0.4207000136375427,1.637628197669983,0.37400001287460327,1.721298098564148
102,0.4194999933242798,1.6339352130889893,0.37299999594688416,1.7300339937210083
103,0.4198000133037567,1.6316994428634644,0.40450000762939453,1.6764442920684814
104,0.421999990940094,1.6269673109054565,0.3955000042915344,1.6979236602783203
105,0.42089998722076416,1.6234431266784668,0.4059999883174896,1.6682389974594116
106,0.4271000027656555,1.6205029487609863,0.3919999897480011,1.663773775100708
107,0.42649999260902405,1.6159157752990723,0.4050000011920929,1.6627552509307861
108,0.4260999858379364,1.612395167350769,0.40950000286102295,1.639431357383728
109,0.43050000071525574,1.6083019971847534,0.4165000021457672,1.6346287727355957
110,0.43149998784065247,1.6049554347991943,0.398499995470047,1.6878107786178589
111,0.43160000443458557,1.6023766994476318,0.3959999978542328,1.6806894540786743
112,0.4300000071525574,1.5991753339767456,0.414000004529953,1.6430456638336182
113,0.4350000023841858,1.594726800918579,0.40700000524520874,1.641633152961731
114,0.43529999256134033,1.59104323387146,0.38100001215934753,1.763303279876709
115,0.4343000054359436,1.5906366109848022,0.41100001335144043,1.6762256622314453
116,0.4348999857902527,1.5871855020523071,0.41449999809265137,1.6568602323532104
117,0.43709999322891235,1.5818030834197998,0.4255000054836273,1.6338075399398804
118,0.439300000667572,1.579464316368103,0.4129999876022339,1.6202151775360107
119,0.43869999051094055,1.5766500234603882,0.42500001192092896,1.603265643119812
120,0.43799999356269836,1.5720720291137695,0.4074999988079071,1.6217732429504395
121,0.4422999918460846,1.570577621459961,0.42250001430511475,1.6176456212997437
122,0.4422999918460846,1.5654562711715698,0.42800000309944153,1.6015710830688477
123,0.4401000142097473,1.564023494720459,0.42750000953674316,1.6226305961608887
124,0.44589999318122864,1.5606454610824585,0.4230000078678131,1.601155400276184
125,0.44670000672340393,1.557273268699646,0.4169999957084656,1.6459420919418335
126,0.4474000036716461,1.554094672203064,0.43050000071525574,1.5984750986099243
127,0.44850000739097595,1.5508949756622314,0.41350001096725464,1.6098171472549438
128,0.4471000134944916,1.5479073524475098,0.3955000042915344,1.758047342300415
129,0.44839999079704285,1.5496666431427002,0.4309999942779541,1.577526569366455
130,0.4499000012874603,1.54301917552948,0.4410000145435333,1.5777170658111572
131,0.4514999985694885,1.5421695709228516,0.42399999499320984,1.6084578037261963
132,0.4474000036716461,1.538891077041626,0.4320000112056732,1.5786703824996948
133,0.4514999985694885,1.5340551137924194,0.4259999990463257,1.5933912992477417
134,0.45660001039505005,1.5321998596191406,0.4429999887943268,1.5677802562713623
135,0.4551999866962433,1.5303250551223755,0.4129999876022339,1.6259509325027466
136,0.4546000063419342,1.5299022197723389,0.4300000071525574,1.5950897932052612
137,0.45249998569488525,1.5259416103363037,0.44749999046325684,1.5712425708770752
138,0.4569000005722046,1.525260090827942,0.43849998712539673,1.5579947233200073
139,0.4602000117301941,1.5205165147781372,0.44350001215934753,1.5593183040618896
140,0.45719999074935913,1.5165766477584839,0.4300000071525574,1.609628438949585
141,0.4569999873638153,1.5165220499038696,0.4339999854564667,1.5955818891525269
142,0.46209999918937683,1.5135478973388672,0.43650001287460327,1.5968154668807983
143,0.46639999747276306,1.5120748281478882,0.45649999380111694,1.554418683052063
144,0.4611999988555908,1.5108548402786255,0.4339999854564667,1.5842996835708618
145,0.46160000562667847,1.5091465711593628,0.42100000381469727,1.597374439239502
146,0.46869999170303345,1.504485011100769,0.4424999952316284,1.5615379810333252
147,0.4661000072956085,1.5020856857299805,0.42750000953674316,1.5756372213363647
148,0.46810001134872437,1.5001282691955566,0.40049999952316284,1.699922800064087
149,0.4648999869823456,1.5005053281784058,0.34599998593330383,2.0087499618530273
150,0.4648999869823456,1.5014588832855225,0.4424999952316284,1.5507673025131226
151,0.4700999855995178,1.4930987358093262,0.4309999942779541,1.5578807592391968
152,0.46950000524520874,1.4926689863204956,0.40450000762939453,1.691872239112854
153,0.46709999442100525,1.491914987564087,0.445499986410141,1.5799696445465088
154,0.4715000092983246,1.48947274684906,0.45350000262260437,1.5264791250228882
155,0.4717999994754791,1.4850939512252808,0.4115000069141388,1.5946764945983887
156,0.47029998898506165,1.4882291555404663,0.42750000953674316,1.598146915435791
157,0.4722999930381775,1.4847992658615112,0.45100000500679016,1.5317054986953735
158,0.476500004529953,1.4795786142349243,0.44749999046325684,1.5461927652359009
159,0.47519999742507935,1.4795464277267456,0.43799999356269836,1.6076091527938843
160,0.47690001130104065,1.478060007095337,0.40700000524520874,1.6214830875396729
161,0.4772000014781952,1.4754053354263306,0.43700000643730164,1.565584421157837
162,0.47429999709129333,1.4736417531967163,0.4284999966621399,1.6248563528060913
163,0.476500004529953,1.471993088722229,0.44449999928474426,1.547592043876648
164,0.4821999967098236,1.4712101221084595,0.4345000088214874,1.562941312789917
165,0.47929999232292175,1.46909761428833,0.4634999930858612,1.5152877569198608
166,0.4814999997615814,1.4657270908355713,0.460999995470047,1.5168139934539795
167,0.47920000553131104,1.4638336896896362,0.44999998807907104,1.5231540203094482
168,0.48179998993873596,1.4609647989273071,0.4375,1.6323741674423218
169,0.484499990940094,1.4641283750534058,0.46000000834465027,1.5140131711959839
170,0.48019999265670776,1.45980703830719,0.44699999690055847,1.5496728420257568
171,0.48190000653266907,1.4623432159423828,0.28949999809265137,2.3241820335388184
172,0.4796000123023987,1.4707093238830566,0.4339999854564667,1.6183784008026123
173,0.4814000129699707,1.4586588144302368,0.44850000739097595,1.5287176370620728
174,0.4828000068664551,1.4565777778625488,0.4490000009536743,1.5837023258209229
175,0.48739999532699585,1.453024983406067,0.453000009059906,1.5536611080169678
176,0.4869000017642975,1.4506605863571167,0.4555000066757202,1.5171608924865723
177,0.48739999532699585,1.4487100839614868,0.4375,1.5414693355560303
178,0.4846999943256378,1.4471291303634644,0.4569999873638153,1.521830439567566
179,0.486299991607666,1.4477168321609497,0.4390000104904175,1.546919584274292
180,0.4887999892234802,1.4443187713623047,0.43700000643730164,1.6032109260559082
181,0.48559999465942383,1.4442046880722046,0.45899999141693115,1.5168136358261108
182,0.4909000098705292,1.444136381149292,0.4584999978542328,1.5027753114700317
183,0.49160000681877136,1.4382803440093994,0.4560000002384186,1.5259993076324463
184,0.49300000071525574,1.4371892213821411,0.4399999976158142,1.5502769947052002
185,0.49050000309944153,1.4383196830749512,0.47450000047683716,1.5122758150100708
186,0.4927000105381012,1.4363930225372314,0.43299999833106995,1.5532360076904297
187,0.48739999532699585,1.4369986057281494,0.4429999887943268,1.6109358072280884
188,0.4909999966621399,1.4331310987472534,0.47600001096725464,1.4775418043136597
189,0.4966999888420105,1.4350000619888306,0.4699999988079071,1.5127180814743042
190,0.4943999946117401,1.4284794330596924,0.4595000147819519,1.502302885055542
191,0.49239999055862427,1.4275603294372559,0.4205000102519989,1.5656787157058716
192,0.49639999866485596,1.430591344833374,0.47350001335144043,1.499106764793396
193,0.49630001187324524,1.4261927604675293,0.4779999852180481,1.4847896099090576
194,0.4952000081539154,1.4236987829208374,0.4855000078678131,1.4781749248504639
195,0.4925999939441681,1.4247554540634155,0.46700000762939453,1.4911890029907227
196,0.4927000105381012,1.423992395401001,0.44850000739097595,1.525903344154358
197,0.4975000023841858,1.4209461212158203,0.46950000524520874,1.4925297498703003
198,0.5033000111579895,1.416922688484192,0.46399998664855957,1.5364391803741455
199,0.4966000020503998,1.417919397354126,0.4805000126361847,1.4754787683486938
200,0.5029000043869019,1.4153337478637695,0.4449999928474426,1.5740383863449097
201,0.5011000037193298,1.4176849126815796,0.46399998664855957,1.5345189571380615
202,0.5019999742507935,1.4139481782913208,0.45249998569488525,1.5338817834854126
203,0.4993000030517578,1.4145638942718506,0.4715000092983246,1.4815322160720825
204,0.4993000030517578,1.4127299785614014,0.4690000116825104,1.4830799102783203
205,0.5026000142097473,1.4092568159103394,0.4345000088214874,1.5456013679504395
206,0.49720001220703125,1.4098306894302368,0.4749999940395355,1.486053466796875
207,0.5019999742507935,1.4080188274383545,0.46000000834465027,1.5335710048675537
208,0.5026999711990356,1.4102802276611328,0.4584999978542328,1.495381236076355
209,0.5044000148773193,1.4026820659637451,0.476500004529953,1.4678608179092407
210,0.5008999705314636,1.4063163995742798,0.4544999897480011,1.5391240119934082
211,0.5029000043869019,1.4033892154693604,0.47749999165534973,1.4966148138046265
212,0.507099986076355,1.399412751197815,0.41850000619888306,1.6190019845962524
213,0.5042999982833862,1.3996397256851196,0.47099998593330383,1.4867379665374756
214,0.5052000284194946,1.4000945091247559,0.46650001406669617,1.4866293668746948
215,0.5095999836921692,1.3950308561325073,0.4645000100135803,1.4906586408615112
216,0.5031999945640564,1.3979569673538208,0.47699999809265137,1.4694342613220215
217,0.5078999996185303,1.3908990621566772,0.43849998712539673,1.6516659259796143
218,0.5048999786376953,1.3988860845565796,0.4645000100135803,1.5321499109268188
219,0.5088000297546387,1.3929451704025269,0.47850000858306885,1.4955717325210571
220,0.513700008392334,1.3896028995513916,0.484499990940094,1.4649792909622192
221,0.5091999769210815,1.3922077417373657,0.460999995470047,1.5104862451553345
222,0.5108000040054321,1.388083577156067,0.48649999499320984,1.4481675624847412
223,0.5126000046730042,1.3884754180908203,0.4894999861717224,1.45758056640625
224,0.5115000009536743,1.3859150409698486,0.46799999475479126,1.4729700088500977
225,0.513700008392334,1.3828831911087036,0.44699999690055847,1.5569758415222168
226,0.5134000182151794,1.380794882774353,0.48649999499320984,1.4839195013046265
227,0.5109000205993652,1.3818762302398682,0.4945000112056732,1.466909408569336
228,0.5123000144958496,1.381345510482788,0.3630000054836273,2.0117297172546387
229,0.5134000182151794,1.3836640119552612,0.4519999921321869,1.5893962383270264
230,0.511900007724762,1.3827970027923584,0.4690000116825104,1.5021892786026
231,0.5163999795913696,1.3761018514633179,0.4869999885559082,1.4606573581695557
232,0.5134000182151794,1.3762619495391846,0.4620000123977661,1.4935829639434814
233,0.5152000188827515,1.3734130859375,0.45899999141693115,1.4868075847625732
234,0.5177000164985657,1.375204086303711,0.44600000977516174,1.6575970649719238
235,0.5131999850273132,1.3752233982086182,0.492000013589859,1.4412553310394287
236,0.5174000263214111,1.3694385290145874,0.4964999854564667,1.4422370195388794
237,0.5200999975204468,1.3715604543685913,0.48249998688697815,1.4540983438491821
238,0.5175999999046326,1.3709784746170044,0.4830000102519989,1.4871916770935059
239,0.5159000158309937,1.3655093908309937,0.43849998712539673,1.5241833925247192
240,0.5205000042915344,1.3652546405792236,0.3334999978542328,2.0721328258514404
241,0.5181000232696533,1.3683767318725586,0.49050000309944153,1.4536761045455933
242,0.5203999876976013,1.3641191720962524,0.492000013589859,1.4618991613388062
243,0.5230000019073486,1.363549828529358,0.48249998688697815,1.4595757722854614
244,0.5224999785423279,1.3598084449768066,0.48249998688697815,1.4578477144241333
245,0.5192000269889832,1.3636106252670288,0.5019999742507935,1.4241085052490234
246,0.5209000110626221,1.3586437702178955,0.4790000021457672,1.46623957157135
247,0.5239999890327454,1.3565462827682495,0.46650001406669617,1.4728429317474365
248,0.5195000171661377,1.3611260652542114,0.45500001311302185,1.4889049530029297
249,0.5242000222206116,1.3538376092910767,0.44999998807907104,1.5157850980758667
250,0.5246999859809875,1.3545169830322266,0.45899999141693115,1.5354443788528442
251,0.5220999717712402,1.3585346937179565,0.4790000021457672,1.459654450416565
252,0.5288000106811523,1.3500200510025024,0.4740000069141388,1.4487719535827637
253,0.5209000110626221,1.3516122102737427,0.4860000014305115,1.4447635412216187
254,0.5234000086784363,1.349305272102356,0.48750001192092896,1.4529026746749878
255,0.5286999940872192,1.3481793403625488,0.46050000190734863,1.500614047050476
256,0.5278000235557556,1.3467354774475098,0.41499999165534973,1.6025558710098267
257,0.5235999822616577,1.3505704402923584,0.4724999964237213,1.471409559249878
258,0.5242000222206116,1.346321702003479,0.49300000071525574,1.4400415420532227
259,0.5297999978065491,1.3456261157989502,0.484499990940094,1.4255305528640747
260,0.5307999849319458,1.3407951593399048,0.492000013589859,1.4275598526000977
261,0.5307999849319458,1.3384063243865967,0.4975000023841858,1.4609105587005615
262,0.5317000150680542,1.3403618335723877,0.5139999985694885,1.4089617729187012
263,0.5318999886512756,1.339298129081726,0.48500001430511475,1.4861236810684204
264,0.529699981212616,1.338678240776062,0.47999998927116394,1.4478764533996582
265,0.5296000242233276,1.3399869203567505,0.4794999957084656,1.4548356533050537
266,0.5321999788284302,1.3362069129943848,0.503000020980835,1.4127379655838013
267,0.5303000211715698,1.335677981376648,0.5,1.4377102851867676
268,0.5332000255584717,1.3335225582122803,0.49549999833106995,1.4205223321914673
269,0.5339000225067139,1.3324010372161865,0.48249998688697815,1.4458353519439697
270,0.5392000079154968,1.3304227590560913,0.5040000081062317,1.4367378950119019
271,0.531000018119812,1.3287874460220337,0.46700000762939453,1.4734625816345215
272,0.5343999862670898,1.332080364227295,0.4964999854564667,1.4280011653900146
273,0.5357000231742859,1.3247694969177246,0.5009999871253967,1.4136388301849365
274,0.5364999771118164,1.3271130323410034,0.4805000126361847,1.4839043617248535
275,0.5378999710083008,1.328079342842102,0.47049999237060547,1.4807252883911133
276,0.5346999764442444,1.3244233131408691,0.5009999871253967,1.4421672821044922
277,0.5353999733924866,1.3211528062820435,0.4984999895095825,1.4389219284057617
278,0.5367000102996826,1.3232536315917969,0.4819999933242798,1.4567623138427734
279,0.5371999740600586,1.3217263221740723,0.4794999957084656,1.4523509740829468
280,0.5376999974250793,1.3180928230285645,0.5,1.416319727897644
281,0.5396999716758728,1.315659999847412,0.5044999718666077,1.3976751565933228
282,0.5396999716758728,1.319646954536438,0.4805000126361847,1.4499601125717163
283,0.542900025844574,1.315421462059021,0.5065000057220459,1.4153361320495605
284,0.5371999740600586,1.310848593711853,0.5019999742507935,1.3954577445983887
285,0.5382000207901001,1.3120043277740479,0.44749999046325684,1.5150997638702393
286,0.5401999950408936,1.3104218244552612,0.4715000092983246,1.516419768333435
287,0.5378000140190125,1.315066933631897,0.4259999990463257,1.665714979171753
288,0.5394999980926514,1.312995433807373,0.4959999918937683,1.4439431428909302
289,0.541700005531311,1.30775785446167,0.5149999856948853,1.3924976587295532
290,0.541100025177002,1.3066470623016357,0.5044999718666077,1.403315782546997
291,0.542900025844574,1.3037151098251343,0.5034999847412109,1.4008911848068237
292,0.5428000092506409,1.3097058534622192,0.4925000071525574,1.4104864597320557
293,0.546999990940094,1.302140474319458,0.5080000162124634,1.402862310409546
294,0.5449000000953674,1.3034120798110962,0.4375,1.659543752670288
295,0.5424000024795532,1.3083105087280273,0.4984999895095825,1.4083067178726196
296,0.5476999878883362,1.2992271184921265,0.5070000290870667,1.4074771404266357
297,0.5435000061988831,1.2981559038162231,0.5005000233650208,1.4099777936935425
298,0.5437999963760376,1.3007091283798218,0.5090000033378601,1.3954598903656006
299,0.54830002784729,1.2987165451049805,0.4794999957084656,1.4321831464767456
300,0.5462999939918518,1.294163465499878,0.4860000014305115,1.412105917930603
301,0.5462999939918518,1.298085331916809,0.4724999964237213,1.4626576900482178
302,0.5483999848365784,1.2932682037353516,0.5055000185966492,1.399300217628479
303,0.5480999946594238,1.2939023971557617,0.4359999895095825,1.721282958984375
304,0.5483999848365784,1.295464277267456,0.5099999904632568,1.3843889236450195
305,0.5475999712944031,1.2899261713027954,0.4390000104904175,1.5319275856018066
306,0.5486000180244446,1.2912839651107788,0.5065000057220459,1.4067094326019287
307,0.5465999841690063,1.288256287574768,0.4984999895095825,1.4786189794540405
308,0.5525000095367432,1.28614342212677,0.49549999833106995,1.4158811569213867
309,0.5511000156402588,1.284029245376587,0.5180000066757202,1.3870853185653687
310,0.5536999702453613,1.2831918001174927,0.49900001287460327,1.382751703262329
311,0.5497999787330627,1.2837467193603516,0.4699999988079071,1.4817222356796265
312,0.5508999824523926,1.2892496585845947,0.5095000267028809,1.388175129890442
313,0.5523999929428101,1.278702974319458,0.4984999895095825,1.4239689111709595
314,0.551800012588501,1.2813974618911743,0.5120000243186951,1.389554500579834
315,0.5529000163078308,1.2797309160232544,0.4945000112056732,1.4408308267593384
316,0.5548999905586243,1.284192681312561,0.4909999966621399,1.4301714897155762
317,0.5519000291824341,1.2803486585617065,0.5195000171661377,1.37001371383667
318,0.5568000078201294,1.2757508754730225,0.512499988079071,1.370560646057129
319,0.5551000237464905,1.2775557041168213,0.49050000309944153,1.4188047647476196
320,0.5565999746322632,1.2709333896636963,0.5009999871253967,1.3964478969573975
321,0.5548999905586243,1.272919774055481,0.49799999594688416,1.3870209455490112
322,0.5555999875068665,1.2732208967208862,0.4675000011920929,1.4803286790847778
323,0.5583000183105469,1.2736141681671143,0.4909999966621399,1.429337501525879
324,0.5544000267982483,1.274742841720581,0.484499990940094,1.4518696069717407
325,0.5587000250816345,1.2699015140533447,0.4375,1.595218539237976
326,0.554099977016449,1.26748788356781,0.5170000195503235,1.420029878616333
327,0.5551000237464905,1.2654542922973633,0.5049999952316284,1.4644156694412231
328,0.557699978351593,1.267566442489624,0.5205000042915344,1.3661150932312012
329,0.5584999918937683,1.264018177986145,0.5230000019073486,1.3620258569717407
330,0.5601000189781189,1.261773943901062,0.4790000021457672,1.4555246829986572
331,0.5619999766349792,1.2617484331130981,0.4855000078678131,1.5071781873703003
332,0.5598999857902527,1.264726996421814,0.49900001287460327,1.394453525543213
333,0.5587999820709229,1.258737325668335,0.5220000147819519,1.3671143054962158
334,0.5600000023841858,1.2587947845458984,0.4505000114440918,1.5814777612686157
335,0.5591999888420105,1.2608669996261597,0.5130000114440918,1.3624064922332764
336,0.5623000264167786,1.2560819387435913,0.4894999861717224,1.3888837099075317
337,0.560699999332428,1.2560275793075562,0.5139999985694885,1.391455888748169
338,0.5633000135421753,1.2548454999923706,0.515500009059906,1.3630955219268799
339,0.5602999925613403,1.2519060373306274,0.5049999952316284,1.3755730390548706
340,0.5648000240325928,1.250427484512329,0.4894999861717224,1.4341933727264404
341,0.5644000172615051,1.2522320747375488,0.5130000114440918,1.396532416343689
342,0.5638999938964844,1.2512820959091187,0.512499988079071,1.4086005687713623
343,0.5634999871253967,1.2490332126617432,0.5130000114440918,1.365912914276123
344,0.5602999925613403,1.251188039779663,0.5189999938011169,1.3731127977371216
345,0.5655999779701233,1.250006079673767,0.5049999952316284,1.3927730321884155
346,0.567300021648407,1.2463483810424805,0.4950000047683716,1.4016855955123901
347,0.5683000087738037,1.2435147762298584,0.527999997138977,1.3993937969207764
348,0.5656999945640564,1.2435353994369507,0.503000020980835,1.3892617225646973
349,0.5670999884605408,1.244948387145996,0.4595000147819519,1.5157690048217773
350,0.5670999884605408,1.2410500049591064,0.453000009059906,1.5782203674316406
351,0.5684000253677368,1.2412614822387695,0.4729999899864197,1.4384372234344482
352,0.5672000050544739,1.239154577255249,0.5189999938011169,1.3605964183807373
353,0.5663999915122986,1.2374470233917236,0.5230000019073486,1.3944458961486816
354,0.5655999779701233,1.2389068603515625,0.5184999704360962,1.3785911798477173
355,0.566100001335144,1.2372417449951172,0.4950000047683716,1.4081629514694214
356,0.5723999738693237,1.2319893836975098,0.46000000834465027,1.590191125869751
357,0.5667999982833862,1.235888123512268,0.5099999904632568,1.3812260627746582
358,0.5684000253677368,1.2342206239700317,0.5145000219345093,1.3558651208877563
359,0.5672000050544739,1.2351552248001099,0.4880000054836273,1.4292618036270142
360,0.5683000087738037,1.2351014614105225,0.531499981880188,1.3646951913833618
361,0.5720000267028809,1.2274723052978516,0.5274999737739563,1.3851138353347778
362,0.5734000205993652,1.22565758228302,0.5180000066757202,1.350521206855774
363,0.5712000131607056,1.2264811992645264,0.5350000262260437,1.415440320968628
364,0.5715000033378601,1.2272896766662598,0.47450000047683716,1.442889928817749
365,0.5713000297546387,1.2275609970092773,0.48500001430511475,1.4022071361541748
366,0.5728999972343445,1.2241917848587036,0.5214999914169312,1.3339223861694336
367,0.5728999972343445,1.2221423387527466,0.5009999871253967,1.4442219734191895
368,0.5713000297546387,1.2242450714111328,0.5074999928474426,1.381131649017334
369,0.5728999972343445,1.2213126420974731,0.5224999785423279,1.3470467329025269
370,0.5723999738693237,1.2184312343597412,0.5099999904632568,1.3746721744537354
371,0.5719000101089478,1.2267212867736816,0.503000020980835,1.408340334892273
372,0.5752000212669373,1.2179559469223022,0.49900001287460327,1.3928638696670532
373,0.5756999850273132,1.2152577638626099,0.5115000009536743,1.3895504474639893
374,0.5751000046730042,1.2146605253219604,0.4620000123977661,1.4944835901260376
375,0.5741999745368958,1.2158230543136597,0.5130000114440918,1.3734791278839111
376,0.5745000243186951,1.216400146484375,0.4129999876022339,1.889116644859314
377,0.576200008392334,1.22291898727417,0.4950000047683716,1.4296760559082031
378,0.5763000249862671,1.2124513387680054,0.4625000059604645,1.5572868585586548
379,0.5752000212669373,1.2144559621810913,0.5354999899864197,1.3316336870193481
380,0.5785999894142151,1.2100940942764282,0.5080000162124634,1.3932087421417236
381,0.5820000171661377,1.2048628330230713,0.5210000276565552,1.3381258249282837
382,0.5792999863624573,1.2074650526046753,0.5249999761581421,1.3326435089111328
383,0.5794000029563904,1.2049773931503296,0.5070000290870667,1.3914947509765625
384,0.5809000134468079,1.2051266431808472,0.5235000252723694,1.3330854177474976
385,0.580299973487854,1.2068952322006226,0.5385000109672546,1.3556272983551025
386,0.5838000178337097,1.2014967203140259,0.5120000243186951,1.3622111082077026
387,0.5817999839782715,1.2027133703231812,0.5224999785423279,1.344208002090454
388,0.5809999704360962,1.2039952278137207,0.5099999904632568,1.392919659614563
389,0.582099974155426,1.2013013362884521,0.4855000078678131,1.4709371328353882
390,0.5819000005722046,1.2024508714675903,0.5370000004768372,1.3187270164489746
391,0.5810999870300293,1.1986912488937378,0.5230000019073486,1.4079911708831787
392,0.5841000080108643,1.1967980861663818,0.5149999856948853,1.3459330797195435
393,0.5846999883651733,1.1946971416473389,0.5115000009536743,1.3701335191726685
394,0.5827999711036682,1.1999927759170532,0.484499990940094,1.4711145162582397
395,0.5837000012397766,1.198421835899353,0.5289999842643738,1.3451268672943115
396,0.5824000239372253,1.1935621500015259,0.5084999799728394,1.412846565246582
397,0.5800999999046326,1.1974995136260986,0.45100000500679016,1.5405887365341187
398,0.5848000049591064,1.1957554817199707,0.49050000309944153,1.4706963300704956
399,0.583299994468689,1.1955167055130005,0.5095000267028809,1.3617151975631714
400,0.5864999890327454,1.189308762550354,0.5024999976158142,1.432413935661316
401,0.5895000100135803,1.1933386325836182,0.5444999933242798,1.3204848766326904
402,0.5856000185012817,1.1850367784500122,0.5049999952316284,1.4165762662887573
403,0.590499997138977,1.1871633529663086,0.5370000004768372,1.338023066520691
404,0.5889999866485596,1.187825322151184,0.5289999842643738,1.3445302248001099
405,0.5903000235557556,1.1847071647644043,0.4650000035762787,1.6607252359390259
406,0.5871000289916992,1.1902598142623901,0.46950000524520874,1.454919457435608
407,0.5898000001907349,1.1839569807052612,0.503000020980835,1.3863011598587036
408,0.5899999737739563,1.1817097663879395,0.5450000166893005,1.3071407079696655
409,0.5921000242233276,1.1798087358474731,0.5404999852180481,1.328475832939148
410,0.5936999917030334,1.1749639511108398,0.492000013589859,1.4656212329864502
411,0.5909000039100647,1.178898811340332,0.5389999747276306,1.3215402364730835
412,0.5938000082969666,1.1793742179870605,0.4625000059604645,1.516345500946045
413,0.5916000008583069,1.1812491416931152,0.5189999938011169,1.3651739358901978
414,0.5928999781608582,1.1734576225280762,0.5120000243186951,1.3499150276184082
415,0.5889999866485596,1.1802880764007568,0.4934999942779541,1.4704713821411133
416,0.5898000001907349,1.173238754272461,0.5149999856948853,1.3554095029830933
417,0.5946000218391418,1.1700506210327148,0.5239999890327454,1.3291183710098267
418,0.5931000113487244,1.1715538501739502,0.4359999895095825,1.58940589427948
419,0.5896000266075134,1.1763010025024414,0.5109999775886536,1.4108588695526123
420,0.5949000120162964,1.1685562133789062,0.49549999833106995,1.4225994348526
421,0.5960000157356262,1.1673338413238525,0.40700000524520874,1.8215140104293823
422,0.5947999954223633,1.171172857284546,0.49399998784065247,1.4435030221939087
423,0.595300018787384,1.1654053926467896,0.5084999799728394,1.4662110805511475
424,0.5952000021934509,1.1624497175216675,0.5120000243186951,1.4124209880828857
425,0.5949000120162964,1.1635839939117432,0.5220000147819519,1.3397573232650757
426,0.5981000065803528,1.162921667098999,0.5239999890327454,1.3285220861434937
427,0.5979999899864197,1.1622974872589111,0.531000018119812,1.3315194845199585
428,0.5949000120162964,1.1602360010147095,0.5479999780654907,1.2917660474777222
429,0.5950999855995178,1.1609151363372803,0.4065000116825104,1.8346383571624756
430,0.5954999923706055,1.1690863370895386,0.5149999856948853,1.4520131349563599
431,0.595300018787384,1.157883882522583,0.5235000252723694,1.3576289415359497
432,0.5996000170707703,1.1580312252044678,0.4945000112056732,1.3953713178634644
433,0.5989000201225281,1.1557849645614624,0.5285000205039978,1.30988609790802
434,0.6017000079154968,1.1527588367462158,0.5145000219345093,1.3794081211090088
435,0.6000999808311462,1.1511520147323608,0.5214999914169312,1.367242693901062
436,0.597599983215332,1.1524039506912231,0.5325000286102295,1.3544833660125732
437,0.5999000072479248,1.1494417190551758,0.5350000262260437,1.317015528678894
438,0.6032000184059143,1.1502360105514526,0.5354999899864197,1.3816941976547241
439,0.6055999994277954,1.1475298404693604,0.5264999866485596,1.335569143295288
440,0.6021000146865845,1.1476309299468994,0.5189999938011169,1.353559136390686
441,0.5967000126838684,1.1497161388397217,0.5444999933242798,1.3145085573196411
442,0.6004999876022339,1.1497492790222168,0.5475000143051147,1.2960734367370605
443,0.6032999753952026,1.1456096172332764,0.5189999938011169,1.4420170783996582
444,0.6025000214576721,1.14670729637146,0.4625000059604645,1.5365303754806519
445,0.6014000177383423,1.1448642015457153,0.5210000276565552,1.3562859296798706
446,0.6065999865531921,1.1425597667694092,0.4855000078678131,1.4261151552200317
447,0.6057000160217285,1.1386480331420898,0.5115000009536743,1.4169731140136719
448,0.6051999926567078,1.14100182056427,0.46149998903274536,1.4819283485412598
449,0.6013000011444092,1.1449941396713257,0.5450000166893005,1.288009524345398
450,0.6067000031471252,1.1383631229400635,0.5299999713897705,1.338144063949585
451,0.6057999730110168,1.1394588947296143,0.5015000104904175,1.4135429859161377
452,0.6060000061988831,1.1384377479553223,0.531000018119812,1.3213242292404175
453,0.6074000000953674,1.1313788890838623,0.5230000019073486,1.3401005268096924
454,0.6114000082015991,1.130134105682373,0.5329999923706055,1.3240323066711426
455,0.6062999963760376,1.132218837738037,0.5325000286102295,1.3351067304611206
456,0.6043000221252441,1.1344176530838013,0.5485000014305115,1.2923787832260132
457,0.6061000227928162,1.1296823024749756,0.5235000252723694,1.3706330060958862
458,0.6064000129699707,1.132964015007019,0.5170000195503235,1.3338749408721924
459,0.6075999736785889,1.128334403038025,0.5325000286102295,1.3603519201278687
460,0.6087999939918518,1.131026268005371,0.5090000033378601,1.4238265752792358
461,0.6079999804496765,1.129919171333313,0.45100000500679016,1.6119688749313354
462,0.6087999939918518,1.1311252117156982,0.4884999990463257,1.4638867378234863
463,0.6067000031471252,1.1274210214614868,0.5239999890327454,1.3461451530456543
464,0.613099992275238,1.1243295669555664,0.5335000157356262,1.3198177814483643
465,0.6118999719619751,1.126578688621521,0.5214999914169312,1.3669813871383667
466,0.61080002784729,1.1241344213485718,0.531499981880188,1.3203834295272827
467,0.6119999885559082,1.1202949285507202,0.4555000066757202,1.4832757711410522
468,0.6148999929428101,1.1206432580947876,0.5379999876022339,1.3429834842681885
469,0.616100013256073,1.120434284210205,0.4884999990463257,1.4149378538131714
470,0.6108999848365784,1.1231927871704102,0.5249999761581421,1.3405160903930664
471,0.6098999977111816,1.1223959922790527,0.5419999957084656,1.3041749000549316
472,0.6137999892234802,1.1161811351776123,0.5475000143051147,1.292241096496582
473,0.6122999787330627,1.119888424873352,0.550000011920929,1.3080397844314575
474,0.6083999872207642,1.1174347400665283,0.5435000061988831,1.2867300510406494
475,0.612500011920929,1.1164872646331787,0.5429999828338623,1.2923334836959839
476,0.6151000261306763,1.1123355627059937,0.49399998784065247,1.4118626117706299
477,0.614300012588501,1.1128216981887817,0.5199999809265137,1.3239656686782837
478,0.614799976348877,1.1094160079956055,0.5239999890327454,1.3942526578903198
479,0.6161999702453613,1.1110167503356934,0.5360000133514404,1.3132776021957397
480,0.6144999861717224,1.109313726425171,0.5479999780654907,1.296305537223816
481,0.6154999732971191,1.105162501335144,0.5024999976158142,1.4030165672302246
482,0.6175000071525574,1.1084990501403809,0.4925000071525574,1.4173952341079712
483,0.6150000095367432,1.1087303161621094,0.5325000286102295,1.2986176013946533
484,0.6166999936103821,1.1050173044204712,0.5659999847412109,1.2651050090789795
485,0.6176999807357788,1.1059496402740479,0.5544999837875366,1.283807635307312
486,0.6180999875068665,1.1050400733947754,0.5435000061988831,1.2945009469985962
487,0.6198999881744385,1.0996297597885132,0.5454999804496765,1.300723910331726
488,0.6183000206947327,1.1025829315185547,0.5295000076293945,1.3582218885421753
489,0.6169000267982483,1.104159951210022,0.5494999885559082,1.2759926319122314
490,0.6158999800682068,1.0999209880828857,0.5414999723434448,1.3603050708770752
491,0.6215000152587891,1.1005988121032715,0.5189999938011169,1.3127492666244507
492,0.6194999814033508,1.0959519147872925,0.4855000078678131,1.5293611288070679
493,0.6226999759674072,1.0974820852279663,0.5249999761581421,1.3466260433197021
494,0.618399977684021,1.1005507707595825,0.5065000057220459,1.479826807975769
495,0.6197999715805054,1.101222038269043,0.5260000228881836,1.338959813117981
496,0.6225000023841858,1.0942338705062866,0.5024999976158142,1.4266217947006226
497,0.6241000294685364,1.0944736003875732,0.5580000281333923,1.305822491645813
498,0.6230000257492065,1.0939794778823853,0.5034999847412109,1.415077567100525
499,0.6227999925613403,1.0905394554138184,0.5425000190734863,1.2807002067565918
500,0.6189000010490417,1.0921518802642822,0.5504999756813049,1.2962446212768555
501,0.6261000037193298,1.0906790494918823,0.5419999957084656,1.350556492805481
502,0.6237999796867371,1.0912492275238037,0.534500002861023,1.3720238208770752
503,0.6212000250816345,1.0918560028076172,0.5019999742507935,1.4371131658554077
504,0.6245999932289124,1.089462161064148,0.5299999713897705,1.3623559474945068
505,0.6237999796867371,1.0901788473129272,0.5619999766349792,1.268082857131958
506,0.6237999796867371,1.0870294570922852,0.5429999828338623,1.2950176000595093
507,0.6236000061035156,1.0818654298782349,0.5425000190734863,1.2948086261749268
508,0.6259999871253967,1.088072657585144,0.5385000109672546,1.3384160995483398
509,0.621399998664856,1.0875746011734009,0.5515000224113464,1.2919049263000488
510,0.6254000067710876,1.0831215381622314,0.5440000295639038,1.2878962755203247
511,0.6301000118255615,1.076812744140625,0.5350000262260437,1.327412486076355
512,0.6304000020027161,1.0755759477615356,0.5184999704360962,1.3570737838745117
513,0.6272000074386597,1.077134370803833,0.5515000224113464,1.2718995809555054
514,0.6251000165939331,1.0799297094345093,0.5095000267028809,1.5479861497879028
515,0.628000020980835,1.0823229551315308,0.5400000214576721,1.328542709350586
516,0.629800021648407,1.0769597291946411,0.4584999978542328,1.5521785020828247
517,0.6277999877929688,1.0780869722366333,0.5224999785423279,1.441432237625122
518,0.6279000043869019,1.0791995525360107,0.5084999799728394,1.3834000825881958
519,0.6284999847412109,1.0735890865325928,0.4490000009536743,1.623807668685913
520,0.6287000179290771,1.073013186454773,0.47350001335144043,1.4993760585784912
521,0.6302000284194946,1.070298194885254,0.5569999814033508,1.2721058130264282
522,0.6320000290870667,1.068603754043579,0.5214999914169312,1.369522213935852
523,0.6345000267028809,1.0665637254714966,0.515999972820282,1.4119606018066406
524,0.629800021648407,1.0678315162658691,0.512499988079071,1.3767422437667847
525,0.6349999904632568,1.0674068927764893,0.4544999897480011,1.5897079706192017
526,0.6327999830245972,1.0686005353927612,0.565500020980835,1.2714014053344727
527,0.6327999830245972,1.0630069971084595,0.4964999854564667,1.393332839012146
528,0.6340000033378601,1.065017819404602,0.5320000052452087,1.3395918607711792
529,0.6320000290870667,1.0646188259124756,0.5080000162124634,1.4826995134353638
530,0.6333000063896179,1.0680112838745117,0.5435000061988831,1.3037922382354736
531,0.6320000290870667,1.060991644859314,0.565500020980835,1.2616751194000244
532,0.6355999708175659,1.0556410551071167,0.5544999837875366,1.2727668285369873
533,0.6352999806404114,1.0574166774749756,0.5174999833106995,1.3603777885437012
534,0.6324999928474426,1.0614510774612427,0.5389999747276306,1.293586254119873
535,0.6377999782562256,1.055055022239685,0.5299999713897705,1.3584797382354736
536,0.6316999793052673,1.057446002960205,0.49900001287460327,1.468863606452942
537,0.6349999904632568,1.0612022876739502,0.4880000054836273,1.4569759368896484
538,0.635699987411499,1.0548287630081177,0.5740000009536743,1.2577382326126099
539,0.640999972820282,1.0478129386901855,0.4945000112056732,1.4283674955368042
540,0.6352999806404114,1.0547668933868408,0.5299999713897705,1.3446369171142578
541,0.6376000046730042,1.0514551401138306,0.546999990940094,1.3208575248718262
542,0.6370000243186951,1.0493571758270264,0.49950000643730164,1.3929014205932617
543,0.6381999850273132,1.0524176359176636,0.5575000047683716,1.275969386100769
544,0.641700029373169,1.048074722290039,0.5325000286102295,1.3337006568908691
545,0.6370000243186951,1.053184151649475,0.4855000078678131,1.506532907485962
546,0.6371999979019165,1.0505492687225342,0.5354999899864197,1.3990039825439453
547,0.6398000121116638,1.0485707521438599,0.5684999823570251,1.2515039443969727
548,0.6431999802589417,1.041019082069397,0.5389999747276306,1.3084818124771118
549,0.6419000029563904,1.0440082550048828,0.5339999794960022,1.406062364578247
550,0.6403999924659729,1.0438462495803833,0.5460000038146973,1.340865135192871
551,0.6444000005722046,1.0423343181610107,0.5569999814033508,1.2687822580337524
552,0.6398000121116638,1.045891284942627,0.5350000262260437,1.3591922521591187
553,0.644599974155426,1.0384275913238525,0.5130000114440918,1.4357444047927856
554,0.6421999931335449,1.0457534790039062,0.5534999966621399,1.318086862564087
555,0.6455000042915344,1.038586974143982,0.5519999861717224,1.288002610206604
556,0.6444000005722046,1.04035484790802,0.5515000224113464,1.3396469354629517
557,0.6448000073432922,1.0343058109283447,0.5220000147819519,1.3661586046218872
558,0.6427000164985657,1.0368520021438599,0.515500009059906,1.3953148126602173
559,0.6452000141143799,1.0330064296722412,0.5205000042915344,1.352719783782959
560,0.6431999802589417,1.0363998413085938,0.5394999980926514,1.3114237785339355
561,0.6445000171661377,1.0336520671844482,0.5149999856948853,1.3594639301300049
562,0.6430000066757202,1.0347697734832764,0.5494999885559082,1.300101399421692
563,0.6466000080108643,1.030883550643921,0.5724999904632568,1.2573539018630981
564,0.6468999981880188,1.0297925472259521,0.5565000176429749,1.2678078413009644
565,0.6434999704360962,1.0314080715179443,0.4699999988079071,1.5920594930648804
566,0.6412000060081482,1.0362240076065063,0.5270000100135803,1.3301692008972168
567,0.6460999846458435,1.0305534601211548,0.5419999957084656,1.3374814987182617
568,0.6449000239372253,1.0285687446594238,0.5329999923706055,1.3347580432891846
569,0.6464999914169312,1.0288153886795044,0.5239999890327454,1.3147833347320557
570,0.6478999853134155,1.0229803323745728,0.5554999709129333,1.3426661491394043
571,0.652400016784668,1.0210444927215576,0.5519999861717224,1.266890048980713
572,0.647599995136261,1.0243819952011108,0.5485000014305115,1.2623859643936157
573,0.6496000289916992,1.0227617025375366,0.5394999980926514,1.30610191822052
574,0.649399995803833,1.0211379528045654,0.5534999966621399,1.3254631757736206
575,0.6513000130653381,1.0176703929901123,0.5329999923706055,1.3289228677749634
576,0.6463000178337097,1.0229452848434448,0.5285000205039978,1.373518466949463
577,0.646399974822998,1.0268902778625488,0.5609999895095825,1.2786412239074707
578,0.6521000266075134,1.0171945095062256,0.5550000071525574,1.301090955734253
579,0.6565999984741211,1.015670895576477,0.4729999899864197,1.5874285697937012
580,0.6478999853134155,1.0261132717132568,0.5479999780654907,1.2908772230148315
581,0.6488999724388123,1.0164247751235962,0.5440000295639038,1.2941126823425293
582,0.6499999761581421,1.0150184631347656,0.5575000047683716,1.2920777797698975
583,0.6539000272750854,1.0151240825653076,0.5540000200271606,1.2717785835266113
584,0.6567000150680542,1.010325312614441,0.5435000061988831,1.3197661638259888
585,0.6521999835968018,1.016236424446106,0.5249999761581421,1.3431636095046997
586,0.6503999829292297,1.0137951374053955,0.5575000047683716,1.2864291667938232
587,0.6535000205039978,1.0111593008041382,0.590499997138977,1.2216087579727173
588,0.6538000106811523,1.0110398530960083,0.48399999737739563,1.52681565284729
589,0.6547999978065491,1.0084657669067383,0.5425000190734863,1.2792686223983765
590,0.6556000113487244,1.0046000480651855,0.5745000243186951,1.246713638305664
591,0.6557999849319458,1.0015195608139038,0.5695000290870667,1.2622255086898804
592,0.6541000008583069,1.0062174797058105,0.5485000014305115,1.3317158222198486
593,0.6567999720573425,1.0021898746490479,0.5134999752044678,1.4221885204315186
594,0.6514999866485596,1.0107777118682861,0.5214999914169312,1.3805103302001953
595,0.656499981880188,1.0030797719955444,0.5335000157356262,1.3302830457687378
596,0.6556000113487244,1.0073329210281372,0.5565000176429749,1.2992717027664185
597,0.6554999947547913,1.002940058708191,0.5504999756813049,1.2924481630325317
598,0.6589999794960022,0.9993962049484253,0.5705000162124634,1.2380152940750122
599,0.6556000113487244,1.0041996240615845,0.5634999871253967,1.249598503112793
600,0.6585000157356262,0.9993235468864441,0.5295000076293945,1.3328444957733154
601,0.6567000150680542,0.9960458874702454,0.5274999737739563,1.422975778579712
602,0.6571000218391418,1.002557396888733,0.5605000257492065,1.2369767427444458
603,0.6574000120162964,0.995644211769104,0.5724999904632568,1.240646243095398
604,0.6567999720573425,0.9960970878601074,0.5325000286102295,1.3301610946655273
605,0.65420001745224,0.9947327375411987,0.5170000195503235,1.3875583410263062
606,0.6579999923706055,0.996333122253418,0.5540000200271606,1.2925664186477661
607,0.6600000262260437,0.9957810640335083,0.5299999713897705,1.3118070363998413
608,0.6626999974250793,0.9891490340232849,0.5544999837875366,1.3223742246627808
609,0.6626999974250793,0.9922598600387573,0.4959999918937683,1.4729753732681274
610,0.656499981880188,0.9943389892578125,0.5600000023841858,1.2712346315383911
611,0.6550999879837036,0.9905650615692139,0.550000011920929,1.2861534357070923
612,0.6607000231742859,0.9885570406913757,0.5565000176429749,1.2653249502182007
613,0.6608999967575073,0.987575888633728,0.5529999732971191,1.2540143728256226
614,0.6672999858856201,0.9838476777076721,0.4794999957084656,1.5036736726760864
615,0.6615999937057495,0.9865648150444031,0.5665000081062317,1.2579751014709473
616,0.6640999913215637,0.9834952354431152,0.5889999866485596,1.2458422183990479
617,0.6615999937057495,0.984082818031311,0.5515000224113464,1.2945665121078491
618,0.6639999747276306,0.9838653206825256,0.5295000076293945,1.3379950523376465
619,0.6657000184059143,0.9822690486907959,0.44350001215934753,1.7798765897750854
620,0.6607999801635742,0.9884747266769409,0.565500020980835,1.3081166744232178
621,0.6618000268936157,0.9817957878112793,0.5830000042915344,1.2376846075057983
622,0.6638000011444092,0.9799481630325317,0.5364999771118164,1.288744330406189
623,0.6625000238418579,0.9795153141021729,0.49300000071525574,1.4766020774841309
624,0.6633999943733215,0.9794715046882629,0.5174999833106995,1.3880891799926758
625,0.66839998960495,0.9761680960655212,0.5544999837875366,1.282987356185913
626,0.6654000282287598,0.9763658046722412,0.5715000033378601,1.246552586555481
627,0.6638000011444092,0.9735009670257568,0.5550000071525574,1.2596286535263062
628,0.6682000160217285,0.9732393622398376,0.5285000205039978,1.3312902450561523
629,0.6656000018119812,0.9741384983062744,0.5044999718666077,1.4321502447128296
630,0.664900004863739,0.9747300744056702,0.5809999704360962,1.2379906177520752
631,0.6664000153541565,0.9717622995376587,0.5525000095367432,1.2779943943023682
632,0.6687999963760376,0.9685225486755371,0.5419999957084656,1.2773538827896118
633,0.6717000007629395,0.9688314199447632,0.5615000128746033,1.2584633827209473
634,0.671999990940094,0.9707105755805969,0.5839999914169312,1.259486436843872
635,0.6676999926567078,0.9668221473693848,0.5734999775886536,1.2354894876480103
636,0.667900025844574,0.9701986312866211,0.5795000195503235,1.2340660095214844
637,0.6705999970436096,0.9644734263420105,0.5214999914169312,1.3947633504867554
638,0.6697999835014343,0.9664475321769714,0.5289999842643738,1.3163117170333862
639,0.6682999730110168,0.9656840562820435,0.5410000085830688,1.313720941543579
640,0.6754999756813049,0.9626712203025818,0.4749999940395355,1.5716122388839722
641,0.6682999730110168,0.9692777395248413,0.5354999899864197,1.3541266918182373
642,0.6712999939918518,0.9640374183654785,0.5174999833106995,1.423812747001648
643,0.6672000288963318,0.9678502678871155,0.546999990940094,1.3368765115737915
644,0.6686000227928162,0.9645179510116577,0.5684999823570251,1.2567023038864136
645,0.6743999719619751,0.963323712348938,0.5674999952316284,1.2379906177520752
646,0.6736999750137329,0.9536406397819519,0.5554999709129333,1.2729055881500244
647,0.6725000143051147,0.9592499732971191,0.5550000071525574,1.3048369884490967
648,0.671999990940094,0.958136796951294,0.4860000014305115,1.5059036016464233
649,0.6732000112533569,0.9557080864906311,0.5695000290870667,1.2874119281768799
650,0.675000011920929,0.9579532146453857,0.5774999856948853,1.2768720388412476
651,0.6723999977111816,0.9524704217910767,0.550000011920929,1.2980315685272217
652,0.6771000027656555,0.9537073969841003,0.5335000157356262,1.353211522102356
653,0.6754000186920166,0.9564872980117798,0.5320000052452087,1.318394422531128
654,0.6754999756813049,0.9486432671546936,0.5550000071525574,1.271508812904358
655,0.675000011920929,0.9504926800727844,0.5580000281333923,1.3004050254821777
656,0.6748999953269958,0.9536483287811279,0.5180000066757202,1.3858665227890015
657,0.6740000247955322,0.952325701713562,0.5740000009536743,1.2721253633499146
658,0.6764000058174133,0.9512435793876648,0.5419999957084656,1.3218193054199219
659,0.6740999817848206,0.951905369758606,0.5849999785423279,1.2095963954925537
660,0.6793000102043152,0.9443222880363464,0.5239999890327454,1.3695182800292969
661,0.6754000186920166,0.9516540765762329,0.5755000114440918,1.2590827941894531
662,0.6751000285148621,0.9480252861976624,0.5699999928474426,1.2363418340682983
663,0.6776000261306763,0.9464603662490845,0.550000011920929,1.3036597967147827
664,0.6765000224113464,0.9499407410621643,0.5600000023841858,1.2872148752212524
665,0.6798999905586243,0.9421709179878235,0.578000009059906,1.2654472589492798
666,0.6784999966621399,0.9423548579216003,0.5559999942779541,1.2594407796859741
667,0.6805999875068665,0.93905109167099,0.5285000205039978,1.3959988355636597
668,0.6798999905586243,0.9428210854530334,0.5630000233650208,1.254794716835022
669,0.678600013256073,0.9377483129501343,0.45249998569488525,1.682699203491211
670,0.6789000034332275,0.9485383629798889,0.5375000238418579,1.3587027788162231
671,0.6804999709129333,0.9395841956138611,0.5799999833106995,1.2102116346359253
672,0.6800000071525574,0.9361265897750854,0.5855000019073486,1.2312134504318237
673,0.6844000220298767,0.9394081234931946,0.5619999766349792,1.297286033630371
674,0.6808000206947327,0.9331631660461426,0.47850000858306885,1.5555603504180908
675,0.682200014591217,0.9374862313270569,0.5554999709129333,1.3281375169754028
676,0.6834999918937683,0.9325135946273804,0.5945000052452087,1.2067654132843018
677,0.685699999332428,0.9278018474578857,0.5540000200271606,1.3255765438079834
678,0.682699978351593,0.9335041046142578,0.5364999771118164,1.3258087635040283
679,0.6825000047683716,0.933334469795227,0.5755000114440918,1.239310383796692
680,0.6844000220298767,0.9267986416816711,0.5375000238418579,1.3291728496551514
681,0.6852999925613403,0.9288046956062317,0.5734999775886536,1.2522088289260864
682,0.6840000152587891,0.9272592663764954,0.5534999966621399,1.282989740371704
683,0.6845999956130981,0.9285903573036194,0.5730000138282776,1.2323049306869507
684,0.6894000172615051,0.9237016439437866,0.5134999752044678,1.445765495300293
685,0.6862000226974487,0.9284569621086121,0.42149999737739563,1.8577853441238403
686,0.6801000237464905,0.939918577671051,0.5224999785423279,1.3847661018371582
687,0.6808000206947327,0.9249430894851685,0.5830000042915344,1.2182986736297607
688,0.6805999875068665,0.9243794679641724,0.5059999823570251,1.5557688474655151
689,0.6833000183105469,0.9284928441047668,0.550000011920929,1.2802585363388062
690,0.6844000220298767,0.9231861233711243,0.4634999930858612,1.7079731225967407
691,0.6858999729156494,0.9281979203224182,0.5055000185966492,1.4884580373764038
692,0.6873000264167786,0.9214051961898804,0.5634999871253967,1.2778003215789795
693,0.6886000037193298,0.9194908142089844,0.5814999938011169,1.2471672296524048
694,0.6858999729156494,0.9199625849723816,0.5435000061988831,1.3286540508270264
695,0.6879000067710876,0.9191574454307556,0.5475000143051147,1.3365434408187866
696,0.6891000270843506,0.9192114472389221,0.5540000200271606,1.355737328529358
697,0.6832000017166138,0.9255924820899963,0.46149998903274536,1.7162444591522217
698,0.6883999705314636,0.9214274287223816,0.5044999718666077,1.4943958520889282
699,0.6872000098228455,0.9153363108634949,0.5600000023841858,1.2531436681747437
700,0.6886000037193298,0.911477267742157,0.5504999756813049,1.3158438205718994
701,0.6909999847412109,0.9093911051750183,0.5584999918937683,1.271789312362671
702,0.6888999938964844,0.9136875867843628,0.5580000281333923,1.3207550048828125
703,0.6880000233650208,0.916213870048523,0.5335000157356262,1.359620451927185
704,0.6899999976158142,0.9163662195205688,0.5770000219345093,1.2439275979995728
705,0.6938999891281128,0.9050446152687073,0.5619999766349792,1.2563188076019287
706,0.6873999834060669,0.9113028049468994,0.5335000157356262,1.3467282056808472
707,0.6945000290870667,0.9094882607460022,0.5820000171661377,1.2052849531173706
708,0.694599986076355,0.9030482172966003,0.5699999928474426,1.236883282661438
709,0.6927000284194946,0.9048253893852234,0.5755000114440918,1.2542846202850342
710,0.6898999810218811,0.9089942574501038,0.5475000143051147,1.2733854055404663
711,0.6973999738693237,0.9015707969665527,0.5544999837875366,1.2902883291244507
712,0.6952999830245972,0.9052107334136963,0.5385000109672546,1.348425030708313
713,0.6956999897956848,0.903115451335907,0.5755000114440918,1.2515181303024292
714,0.6905999779701233,0.901545524597168,0.5590000152587891,1.3138177394866943
715,0.6894999742507935,0.9059653282165527,0.5745000243186951,1.24246084690094
716,0.6944000124931335,0.9056153297424316,0.5544999837875366,1.2521663904190063
717,0.6951000094413757,0.9000481367111206,0.5494999885559082,1.3253318071365356
718,0.6948999762535095,0.9029554724693298,0.5789999961853027,1.2368921041488647
719,0.6935999989509583,0.8985097408294678,0.5095000267028809,1.4705522060394287
720,0.695900022983551,0.9014204144477844,0.546500027179718,1.316586971282959
721,0.6990000009536743,0.8942441344261169,0.578499972820282,1.2430086135864258
722,0.6952999830245972,0.8958520293235779,0.5580000281333923,1.2730408906936646
723,0.6947000026702881,0.8954723477363586,0.515500009059906,1.4820646047592163
724,0.694599986076355,0.8981800079345703,0.47999998927116394,1.5029534101486206
725,0.690500020980835,0.903380274772644,0.5634999871253967,1.2510076761245728
726,0.6965000033378601,0.8939768671989441,0.546500027179718,1.3483624458312988
727,0.6984999775886536,0.8940227627754211,0.5615000128746033,1.2818557024002075
728,0.7002000212669373,0.8895994424819946,0.5659999847412109,1.2815659046173096
729,0.6966999769210815,0.8918967843055725,0.5715000033378601,1.2111254930496216
730,0.6966999769210815,0.8909749984741211,0.5525000095367432,1.3077887296676636
731,0.7019000053405762,0.886733889579773,0.5145000219345093,1.3859769105911255
732,0.6967999935150146,0.890481173992157,0.5375000238418579,1.3548877239227295
733,0.7002000212669373,0.8838384747505188,0.531000018119812,1.334597110748291
734,0.699400007724762,0.8918224573135376,0.5715000033378601,1.2543034553527832
735,0.7009000182151794,0.8883820176124573,0.5720000267028809,1.2722326517105103
736,0.7009000182151794,0.8845635652542114,0.5584999918937683,1.2711983919143677
737,0.704800009727478,0.8814375996589661,0.6025000214576721,1.2104249000549316
738,0.6970999836921692,0.8837777376174927,0.5730000138282776,1.242098331451416
739,0.6988999843597412,0.8833810687065125,0.5559999942779541,1.3458342552185059
740,0.7063999772071838,0.8785328269004822,0.5454999804496765,1.3889468908309937
741,0.6984999775886536,0.8869980573654175,0.5074999928474426,1.4940836429595947
742,0.6973999738693237,0.8820750117301941,0.5910000205039978,1.2151470184326172
743,0.6995000243186951,0.8840478658676147,0.5690000057220459,1.275395154953003
744,0.7060999870300293,0.8704610466957092,0.42500001192092896,1.9787049293518066
745,0.6972000002861023,0.8909921646118164,0.5814999938011169,1.2267751693725586
746,0.7031999826431274,0.875396192073822,0.5224999785423279,1.4617345333099365
747,0.6995000243186951,0.8794009685516357,0.5295000076293945,1.4652926921844482
748,0.707099974155426,0.8797174692153931,0.5615000128746033,1.302500605583191
749,0.7039999961853027,0.8740477561950684,0.5084999799728394,1.4898666143417358
750,0.7028999924659729,0.8769937753677368,0.5454999804496765,1.394797444343567
751,0.7052000164985657,0.8732868432998657,0.5274999737739563,1.3882472515106201
752,0.7075999975204468,0.8755254149436951,0.5044999718666077,1.4554857015609741
753,0.7042999863624573,0.8739639520645142,0.5519999861717224,1.2772225141525269
754,0.707099974155426,0.8647655248641968,0.5690000057220459,1.3398118019104004
755,0.7070000171661377,0.8765497207641602,0.5715000033378601,1.2530611753463745
756,0.7069000005722046,0.8692712187767029,0.5584999918937683,1.3014510869979858
757,0.7087000012397766,0.8649484515190125,0.5659999847412109,1.25428307056427
758,0.7107999920845032,0.8646266460418701,0.5770000219345093,1.279310941696167
759,0.7071999907493591,0.8653662800788879,0.5680000185966492,1.2557379007339478
760,0.7059999704360962,0.8701795935630798,0.534500002861023,1.3837802410125732
761,0.7074000239372253,0.8660368323326111,0.515999972820282,1.4220242500305176
762,0.7074000239372253,0.8673394322395325,0.5695000290870667,1.2451971769332886
763,0.7063999772071838,0.862319827079773,0.5534999966621399,1.2890900373458862
764,0.7099000215530396,0.8649186491966248,0.5605000257492065,1.2722560167312622
765,0.7113000154495239,0.8576661348342896,0.5239999890327454,1.3994742631912231
766,0.7085999846458435,0.8633754849433899,0.5199999809265137,1.475103735923767
767,0.7102000117301941,0.8617633581161499,0.5874999761581421,1.217820405960083
768,0.7103000283241272,0.8589142560958862,0.5960000157356262,1.1964900493621826
769,0.7095000147819519,0.8554133772850037,0.5295000076293945,1.4130316972732544
770,0.7099999785423279,0.858848512172699,0.578499972820282,1.237635850906372
771,0.7107999920845032,0.8609654307365417,0.48649999499320984,1.5940155982971191
772,0.7109000086784363,0.8546557426452637,0.5534999966621399,1.299656629562378
773,0.7152000069618225,0.8522090911865234,0.5720000267028809,1.2736660242080688
774,0.7105000019073486,0.8526973724365234,0.5490000247955322,1.3138611316680908
775,0.7113999724388123,0.8550191521644592,0.5795000195503235,1.211652398109436
776,0.7106000185012817,0.8545181751251221,0.5565000176429749,1.3361470699310303
777,0.707099974155426,0.8556572198867798,0.6004999876022339,1.1974889039993286
778,0.7121000289916992,0.8533080220222473,0.6019999980926514,1.2232887744903564
779,0.7139999866485596,0.848864734172821,0.5479999780654907,1.3730227947235107
780,0.7109000086784363,0.852323055267334,0.5720000267028809,1.2742780447006226
781,0.7103000283241272,0.8510084748268127,0.5665000081062317,1.3217347860336304
782,0.7121000289916992,0.8524823188781738,0.5389999747276306,1.355828881263733
783,0.7167999744415283,0.8487589955329895,0.5929999947547913,1.2241666316986084
784,0.7120000123977661,0.8485560417175293,0.5929999947547913,1.2276123762130737
785,0.713699996471405,0.8437781929969788,0.6019999980926514,1.1895543336868286
786,0.717199981212616,0.8441417217254639,0.5615000128746033,1.308144211769104
787,0.7132999897003174,0.8476504683494568,0.4945000112056732,1.5581799745559692
788,0.7095000147819519,0.8535569310188293,0.5540000200271606,1.3149899244308472
789,0.7164999842643738,0.8412004113197327,0.515999972820282,1.474286675453186
790,0.7139999866485596,0.8460837006568909,0.5839999914169312,1.2651418447494507
791,0.7178000211715698,0.8430665135383606,0.5960000157356262,1.2160754203796387
792,0.7161999940872192,0.8401068449020386,0.49799999594688416,1.5490716695785522
793,0.7113000154495239,0.8544072508811951,0.5755000114440918,1.250657320022583
794,0.7164000272750854,0.8359975814819336,0.5285000205039978,1.462473750114441
795,0.7106999754905701,0.8463134765625,0.4945000112056732,1.5941574573516846
796,0.7164000272750854,0.8460347652435303,0.574999988079071,1.2527540922164917
797,0.7178999781608582,0.8368253707885742,0.6019999980926514,1.206877589225769
798,0.7210000157356262,0.8352689743041992,0.5764999985694885,1.2478219270706177
799,0.7204999923706055,0.833621084690094,0.5274999737739563,1.3823682069778442
800,0.7178000211715698,0.8364747762680054,0.5339999794960022,1.382082223892212
801,0.7208999991416931,0.8293221592903137,0.5385000109672546,1.3749642372131348
802,0.720300018787384,0.8327661156654358,0.6085000038146973,1.2053940296173096
803,0.7188000082969666,0.8308886885643005,0.5799999833106995,1.2346915006637573
804,0.7218999862670898,0.8341988325119019,0.5559999942779541,1.3162161111831665
805,0.7214999794960022,0.8334215879440308,0.5960000157356262,1.2184343338012695
806,0.7193999886512756,0.8294122815132141,0.5690000057220459,1.3119122982025146
807,0.7172999978065491,0.8310384750366211,0.5690000057220459,1.2837245464324951
808,0.7239000201225281,0.8262934684753418,0.5540000200271606,1.296791911125183
809,0.7174000144004822,0.8303016424179077,0.5870000123977661,1.274925708770752
810,0.7221999764442444,0.8269058465957642,0.546999990940094,1.376528024673462
811,0.7132999897003174,0.8372125029563904,0.5724999904632568,1.2402490377426147
812,0.7211999893188477,0.8303975462913513,0.5,1.5598963499069214
813,0.7218999862670898,0.8287748098373413,0.5569999814033508,1.3011600971221924
814,0.7218999862670898,0.8238112330436707,0.5509999990463257,1.3077682256698608
815,0.724399983882904,0.8207421898841858,0.5609999895095825,1.3002136945724487
816,0.7279999852180481,0.8207755088806152,0.578000009059906,1.2693454027175903
817,0.7267000079154968,0.8174169659614563,0.5090000033378601,1.5123419761657715
818,0.7213000059127808,0.826100766658783,0.5889999866485596,1.2297513484954834
819,0.723800003528595,0.8237776160240173,0.5590000152587891,1.2660945653915405
820,0.7233999967575073,0.8205007910728455,0.527999997138977,1.4283502101898193
821,0.7224000096321106,0.8259986042976379,0.5759999752044678,1.2402244806289673
822,0.7232000231742859,0.8200276494026184,0.593500018119812,1.2003988027572632
823,0.7242000102996826,0.8175927996635437,0.5569999814033508,1.328220009803772
824,0.7261999845504761,0.8174753189086914,0.6025000214576721,1.2070101499557495
825,0.7301999926567078,0.8170874118804932,0.5504999756813049,1.4171125888824463
826,0.7289000153541565,0.814401388168335,0.5350000262260437,1.3586094379425049
827,0.7260000109672546,0.8138116598129272,0.5630000233650208,1.2970043420791626
828,0.7275999784469604,0.8137668371200562,0.5985000133514404,1.2130565643310547
829,0.7297000288963318,0.8125605583190918,0.5640000104904175,1.2648884057998657
830,0.7268000245094299,0.813528835773468,0.6154999732971191,1.2024414539337158
831,0.7303000092506409,0.8084901571273804,0.5945000052452087,1.2252976894378662
832,0.7303000092506409,0.8033402562141418,0.5734999775886536,1.2703757286071777
833,0.7264000177383423,0.8159555196762085,0.5985000133514404,1.2277721166610718
834,0.7289000153541565,0.8070414066314697,0.5964999794960022,1.2051489353179932
835,0.7286999821662903,0.8073828816413879,0.5559999942779541,1.3518774509429932
836,0.7311999797821045,0.8100845217704773,0.5370000004768372,1.3518849611282349
837,0.7304999828338623,0.8082314729690552,0.5960000157356262,1.2445266246795654
838,0.7290999889373779,0.8054198622703552,0.5440000295639038,1.3867130279541016
839,0.7281000018119812,0.8055227994918823,0.5509999990463257,1.307281494140625
840,0.7251999974250793,0.8092068433761597,0.5304999947547913,1.4551910161972046
841,0.7311999797821045,0.8034677505493164,0.5684999823570251,1.3116645812988281
842,0.7305999994277954,0.8027458190917969,0.5960000157356262,1.2228080034255981
843,0.7317000031471252,0.8046301603317261,0.5394999980926514,1.3787047863006592
844,0.7325999736785889,0.8031060695648193,0.5289999842643738,1.4324089288711548
845,0.734499990940094,0.8063204884529114,0.5625,1.3801521062850952
846,0.7297999858856201,0.8007654547691345,0.5615000128746033,1.332007884979248
847,0.7364000082015991,0.7971612215042114,0.5575000047683716,1.3548160791397095
848,0.7325000166893005,0.7988863587379456,0.578499972820282,1.2822316884994507
849,0.7342000007629395,0.7966933846473694,0.5764999985694885,1.2443013191223145
850,0.7324000000953674,0.7942015528678894,0.5534999966621399,1.3525334596633911
851,0.7318000197410583,0.7947852611541748,0.5534999966621399,1.3349502086639404
852,0.7336999773979187,0.8019391894340515,0.574999988079071,1.2507312297821045
853,0.7343000173568726,0.7895914912223816,0.5730000138282776,1.325999140739441
854,0.7333999872207642,0.7933015823364258,0.5695000290870667,1.2841931581497192
855,0.7357000112533569,0.7935135960578918,0.5954999923706055,1.2277814149856567
856,0.7390999794006348,0.7886528372764587,0.5964999794960022,1.206672191619873
857,0.7353000044822693,0.7851242423057556,0.5644999742507935,1.274511456489563
858,0.7394000291824341,0.7892829179763794,0.5864999890327454,1.2264420986175537
859,0.7350000143051147,0.7894278764724731,0.46050000190734863,1.7907336950302124
860,0.7343999743461609,0.798473596572876,0.6035000085830688,1.2102653980255127
861,0.7376000285148621,0.788053572177887,0.5615000128746033,1.2831034660339355
862,0.7372999787330627,0.7870506644248962,0.5724999904632568,1.290696144104004
863,0.7387999892234802,0.7854289412498474,0.5870000123977661,1.2343230247497559
864,0.7348999977111816,0.7917747497558594,0.5709999799728394,1.3022139072418213
865,0.7343000173568726,0.7836177349090576,0.5715000033378601,1.2600897550582886
866,0.733299970626831,0.794341504573822,0.578000009059906,1.2981458902359009
867,0.7365000247955322,0.7842509150505066,0.5634999871253967,1.3331174850463867
868,0.7368999719619751,0.7857276797294617,0.5849999785423279,1.2555724382400513
869,0.7366999983787537,0.7814858555793762,0.5289999842643738,1.4211540222167969
870,0.7378000020980835,0.7842181324958801,0.5870000123977661,1.225010871887207
871,0.7386999726295471,0.7826982140541077,0.5799999833106995,1.2709108591079712
872,0.73580002784729,0.7855667471885681,0.5295000076293945,1.536083459854126
873,0.7379000186920166,0.7860047817230225,0.5044999718666077,1.5639982223510742
874,0.7408000230789185,0.7823254466056824,0.6025000214576721,1.2651784420013428
875,0.7439000010490417,0.7694123983383179,0.5665000081062317,1.2893391847610474
876,0.7426999807357788,0.7756513953208923,0.48649999499320984,1.6413739919662476
877,0.7368999719619751,0.78536057472229,0.5879999995231628,1.2637732028961182
878,0.7444999814033508,0.7719010710716248,0.5695000290870667,1.3211003541946411
879,0.7422000169754028,0.7721375823020935,0.5680000185966492,1.3129583597183228
880,0.7373999953269958,0.7783703804016113,0.5494999885559082,1.3440450429916382
881,0.7415000200271606,0.7732094526290894,0.5554999709129333,1.3509448766708374
882,0.739799976348877,0.7742452025413513,0.5270000100135803,1.512635350227356
883,0.7389000058174133,0.776966392993927,0.5435000061988831,1.3331458568572998
884,0.7412999868392944,0.7718650102615356,0.5619999766349792,1.3368439674377441
885,0.7423999905586243,0.7703931927680969,0.5855000019073486,1.2462916374206543
886,0.7421000003814697,0.7750366926193237,0.5195000171661377,1.404030442237854
887,0.7418000102043152,0.7653980255126953,0.6054999828338623,1.2117085456848145
888,0.748199999332428,0.7634084224700928,0.4659999907016754,1.7604327201843262
889,0.7415000200271606,0.7778344750404358,0.578000009059906,1.2742573022842407
890,0.7480000257492065,0.7631267309188843,0.5950000286102295,1.2586338520050049
891,0.7491999864578247,0.7621591091156006,0.5989999771118164,1.2097997665405273
892,0.7439000010490417,0.7674791812896729,0.6010000109672546,1.2547563314437866
893,0.7480000257492065,0.7644438743591309,0.590499997138977,1.24285089969635
894,0.7461000084877014,0.7648104429244995,0.5350000262260437,1.4904978275299072
895,0.7491000294685364,0.764588475227356,0.5264999866485596,1.3949929475784302
896,0.746999979019165,0.7619614601135254,0.5519999861717224,1.3588608503341675
897,0.7509999871253967,0.7565429210662842,0.5575000047683716,1.3650354146957397
898,0.7465999722480774,0.7639458775520325,0.5435000061988831,1.3803550004959106
899,0.746399998664856,0.7584445476531982,0.5184999704360962,1.5213319063186646
900,0.7465000152587891,0.7605746388435364,0.5264999866485596,1.4966726303100586
901,0.743399977684021,0.7636504173278809,0.5669999718666077,1.366018295288086
902,0.7455000281333923,0.7590007185935974,0.5509999990463257,1.4089293479919434
903,0.7476999759674072,0.7546789646148682,0.5924999713897705,1.2422335147857666
904,0.7465000152587891,0.7568452954292297,0.5814999938011169,1.2916150093078613
905,0.748199999332428,0.7578072547912598,0.5929999947547913,1.2532693147659302
906,0.7504000067710876,0.7513061761856079,0.5820000171661377,1.3274683952331543
907,0.7490000128746033,0.7555701732635498,0.5575000047683716,1.353914737701416
908,0.7534000277519226,0.7494539022445679,0.5809999704360962,1.2820074558258057
909,0.7501999735832214,0.7480802536010742,0.5774999856948853,1.2755906581878662
910,0.7470999956130981,0.7560761570930481,0.5619999766349792,1.323907494544983
911,0.7523000240325928,0.7524665594100952,0.5715000033378601,1.258705735206604
912,0.7493000030517578,0.7509440183639526,0.5665000081062317,1.299749732017517
913,0.7508000135421753,0.7486385703086853,0.5929999947547913,1.2738052606582642
914,0.7560999989509583,0.7453603148460388,0.5295000076293945,1.449192762374878
915,0.7505000233650208,0.7504246830940247,0.6000000238418579,1.2332713603973389
916,0.7491999864578247,0.7541927695274353,0.5795000195503235,1.2872415781021118
917,0.7519000172615051,0.7481718063354492,0.5095000267028809,1.5785191059112549
918,0.7490000128746033,0.7531768083572388,0.5299999713897705,1.4975439310073853
919,0.7476999759674072,0.7513364553451538,0.6165000200271606,1.2137980461120605
920,0.7570000290870667,0.7404116988182068,0.6065000295639038,1.2191245555877686
921,0.7519999742507935,0.7435373067855835,0.5950000286102295,1.1973081827163696
922,0.7551000118255615,0.7366378307342529,0.5885000228881836,1.273297905921936
923,0.7505999803543091,0.7458798289299011,0.5759999752044678,1.26237154006958
924,0.7544999718666077,0.739906370639801,0.5774999856948853,1.3364434242248535
925,0.7573999762535095,0.7366407513618469,0.5885000228881836,1.2412755489349365
926,0.757099986076355,0.7376949787139893,0.5665000081062317,1.3327513933181763
927,0.7581999897956848,0.7347541451454163,0.5479999780654907,1.355867624282837
928,0.7515000104904175,0.7397316098213196,0.5820000171661377,1.2648122310638428
929,0.7580000162124634,0.733232319355011,0.5690000057220459,1.340725302696228
930,0.7570000290870667,0.7352949976921082,0.593999981880188,1.2330137491226196
931,0.7544999718666077,0.7366098761558533,0.578499972820282,1.258828043937683
932,0.7554000020027161,0.7385398745536804,0.5824999809265137,1.284730315208435
933,0.7556999921798706,0.7350084781646729,0.5260000228881836,1.4350817203521729
934,0.756600022315979,0.7345002889633179,0.6085000038146973,1.2447553873062134
935,0.7544000148773193,0.7338809370994568,0.546999990940094,1.3982324600219727
936,0.7558000087738037,0.7354117631912231,0.5805000066757202,1.3073124885559082
937,0.7534000277519226,0.736778974533081,0.5644999742507935,1.3482683897018433
938,0.7559000253677368,0.7298905253410339,0.5320000052452087,1.439002513885498
939,0.758899986743927,0.7319747805595398,0.5199999809265137,1.5089462995529175
940,0.7570000290870667,0.7321292757987976,0.6039999723434448,1.20654296875
941,0.7556999921798706,0.7254720330238342,0.4429999887943268,1.926501750946045
942,0.7566999793052673,0.7381923794746399,0.5490000247955322,1.4442858695983887
943,0.7576000094413757,0.7277428507804871,0.6010000109672546,1.2231676578521729
944,0.7620000243186951,0.7236213088035583,0.5019999742507935,1.707135796546936
945,0.761900007724762,0.7252863049507141,0.4715000092983246,1.833911418914795
946,0.757099986076355,0.7283368110656738,0.4715000092983246,1.7911957502365112
947,0.7592999935150146,0.7276638150215149,0.5849999785423279,1.2306090593338013
948,0.7597000002861023,0.727051854133606,0.5755000114440918,1.2953838109970093
949,0.7627999782562256,0.7236946821212769,0.534500002861023,1.4675413370132446
950,0.7608000040054321,0.7252312898635864,0.4819999933242798,1.6282660961151123
951,0.7603999972343445,0.7258625626564026,0.5979999899864197,1.257985234260559
952,0.7609999775886536,0.7191216945648193,0.5674999952316284,1.2920482158660889
953,0.7570000290870667,0.7240514755249023,0.5289999842643738,1.4710280895233154
954,0.7645000219345093,0.7156938910484314,0.559499979019165,1.3685729503631592
955,0.7609000205993652,0.7198306322097778,0.5609999895095825,1.3299036026000977
956,0.7652999758720398,0.7182943820953369,0.578000009059906,1.2746875286102295
957,0.7651000022888184,0.7141727209091187,0.5485000014305115,1.449434518814087
958,0.7627000212669373,0.7194074392318726,0.5419999957084656,1.393808126449585
959,0.7609000205993652,0.7210625410079956,0.5814999938011169,1.2924840450286865
960,0.7667999863624573,0.7107147574424744,0.6065000295639038,1.2373578548431396
961,0.7667999863624573,0.710852861404419,0.5695000290870667,1.3172434568405151
962,0.7656000256538391,0.7113524079322815,0.5985000133514404,1.2068676948547363
963,0.7666000127792358,0.7100843191146851,0.5759999752044678,1.4099723100662231
964,0.7662000060081482,0.7109928131103516,0.5554999709129333,1.361682415008545
965,0.7639999985694885,0.7076676487922668,0.5360000133514404,1.4716458320617676
966,0.7627999782562256,0.7146059274673462,0.6069999933242798,1.2215863466262817
967,0.7692000269889832,0.7067545652389526,0.5575000047683716,1.3243217468261719
968,0.765500009059906,0.7087710499763489,0.5860000252723694,1.30951988697052
969,0.7681000232696533,0.7070378065109253,0.5515000224113464,1.4350054264068604
970,0.7645000219345093,0.7086591720581055,0.593999981880188,1.2383174896240234
971,0.7678999900817871,0.7038707137107849,0.5724999904632568,1.3415241241455078
972,0.7663999795913696,0.7075718641281128,0.5899999737739563,1.2427890300750732
973,0.7706000208854675,0.7057185173034668,0.5770000219345093,1.3630210161209106
974,0.7678999900817871,0.7058955430984497,0.515500009059906,1.5243579149246216
975,0.7684999704360962,0.7024773955345154,0.6050000190734863,1.2570672035217285
976,0.7721999883651733,0.6974194049835205,0.5444999933242798,1.4521549940109253
977,0.7674000263214111,0.710025429725647,0.5945000052452087,1.2700536251068115
978,0.7720999717712402,0.6967364549636841,0.6010000109672546,1.2115002870559692
979,0.765500009059906,0.704613447189331,0.5360000133514404,1.469827651977539
980,0.765500009059906,0.7066967487335205,0.5600000023841858,1.3381870985031128
981,0.7689999938011169,0.697084367275238,0.5720000267028809,1.3011950254440308
982,0.7706000208854675,0.7000101804733276,0.578000009059906,1.3491528034210205
983,0.7739999890327454,0.6916444897651672,0.5605000257492065,1.359097957611084
984,0.771399974822998,0.6924107670783997,0.5674999952316284,1.3107956647872925
985,0.7739999890327454,0.6959051489830017,0.5920000076293945,1.2581714391708374
986,0.7728999853134155,0.6900320053100586,0.5659999847412109,1.4434987306594849
987,0.7685999870300293,0.6968458294868469,0.5870000123977661,1.2897932529449463
988,0.7696999907493591,0.6919662356376648,0.5724999904632568,1.347242832183838
989,0.7709000110626221,0.6964622735977173,0.6004999876022339,1.2330669164657593
990,0.7700999975204468,0.6912522912025452,0.5814999938011169,1.297853708267212
991,0.7727000117301941,0.6899440884590149,0.5759999752044678,1.3814135789871216
992,0.7724999785423279,0.6928001046180725,0.5809999704360962,1.350138545036316
993,0.7749999761581421,0.6899007558822632,0.5680000185966492,1.3923282623291016
994,0.7764000296592712,0.6850206255912781,0.609499990940094,1.2286335229873657
995,0.7742999792098999,0.6838619709014893,0.6050000190734863,1.2268315553665161
996,0.7695000171661377,0.6947863698005676,0.5724999904632568,1.33536958694458
997,0.7757999897003174,0.6879870891571045,0.6010000109672546,1.2351508140563965
998,0.7753999829292297,0.6832053065299988,0.5864999890327454,1.3404996395111084
999,0.7723000049591064,0.6883819103240967,0.5839999914169312,1.2556705474853516
