epoch,accuracy,loss,val_accuracy,val_loss
0,0.16210000216960907,2.290590524673462,0.19550000131130219,2.1376328468322754
1,0.2703999876976013,2.0558314323425293,0.12449999898672104,3.2716305255889893
2,0.32839998602867126,1.881514072418213,0.3199999928474426,1.9232580661773682
3,0.3801000118255615,1.7557687759399414,0.31299999356269836,1.949163556098938
4,0.41519999504089355,1.6467055082321167,0.3100000023841858,1.9251042604446411
5,0.4388999938964844,1.5788590908050537,0.37549999356269836,1.7921738624572754
6,0.45730000734329224,1.5136301517486572,0.43799999356269836,1.6495273113250732
7,0.4772999882698059,1.4602659940719604,0.36800000071525574,1.8135578632354736
8,0.4959000051021576,1.4072551727294922,0.3555000126361847,1.9342942237854004
9,0.5123000144958496,1.376738429069519,0.35850000381469727,2.1476731300354004
10,0.5331000089645386,1.3187177181243896,0.34850001335144043,1.9498074054718018
11,0.5404000282287598,1.2975012063980103,0.4399999976158142,1.6181464195251465
12,0.5616999864578247,1.2298814058303833,0.4124999940395355,1.8345177173614502
13,0.57669997215271,1.191597819328308,0.42800000309944153,1.7530359029769897
14,0.5878000259399414,1.159613847732544,0.39899998903274536,1.902085781097412
15,0.604200005531311,1.1147533655166626,0.4235000014305115,1.8858942985534668
16,0.6157000064849854,1.0838176012039185,0.4230000078678131,1.8812984228134155
17,0.6326000094413757,1.0465919971466064,0.4189999997615814,1.9118939638137817
18,0.6403999924659729,1.0174075365066528,0.40400001406669617,2.261230945587158
19,0.6503999829292297,0.9860648512840271,0.48350000381469727,1.6772122383117676
20,0.669700026512146,0.934592068195343,0.4449999928474426,2.0439319610595703
21,0.6769000291824341,0.90105801820755,0.3564999997615814,2.247668981552124
22,0.6899999976158142,0.8761038184165955,0.41749998927116394,2.1431901454925537
23,0.7006000280380249,0.8502680659294128,0.4659999907016754,1.8319844007492065
24,0.7087000012397766,0.8103790283203125,0.3889999985694885,2.5623373985290527
25,0.7239999771118164,0.7833238840103149,0.460999995470047,2.1760265827178955
26,0.7364000082015991,0.7458851337432861,0.4884999990463257,1.8992347717285156
27,0.7459999918937683,0.7109425067901611,0.4675000011920929,2.045884132385254
28,0.7631000280380249,0.6683051586151123,0.4814999997615814,1.8907302618026733
29,0.7639999985694885,0.6549009680747986,0.5034999847412109,2.012035608291626
30,0.7806000113487244,0.6166834235191345,0.44699999690055847,2.41286039352417
31,0.7925000190734863,0.5804506540298462,0.45399999618530273,2.654839038848877
32,0.7998999953269958,0.5655960440635681,0.4819999933242798,2.1192572116851807
33,0.8026000261306763,0.5482882857322693,0.4334999918937683,2.823589563369751
34,0.8202000260353088,0.5088332891464233,0.45500001311302185,2.370239734649658
35,0.8295000195503235,0.4816679060459137,0.4505000114440918,2.757833957672119
36,0.8335999846458435,0.46981412172317505,0.47699999809265137,2.6912102699279785
37,0.8517000079154968,0.4301777780056,0.4494999945163727,2.7380003929138184
38,0.8574000000953674,0.41093647480010986,0.45249998569488525,3.3514814376831055
39,0.8626000285148621,0.3952453136444092,0.48500001430511475,2.748725652694702
40,0.8758000135421753,0.3670201301574707,0.5,2.8280370235443115
41,0.8729000091552734,0.3530712127685547,0.44350001215934753,3.3191914558410645
42,0.8741999864578247,0.3595861792564392,0.49399998784065247,3.071606159210205
43,0.8863999843597412,0.321094810962677,0.4754999876022339,2.986964702606201
44,0.8924999833106995,0.3173602819442749,0.4255000054836273,3.5982861518859863
45,0.8985999822616577,0.2875230610370636,0.5084999799728394,3.069456100463867
46,0.8982999920845032,0.2890300750732422,0.48500001430511475,3.2799935340881348
47,0.9077000021934509,0.2633957266807556,0.5044999718666077,3.3164589405059814
48,0.907800018787384,0.2628401517868042,0.4869999885559082,3.5972068309783936
49,0.9150000214576721,0.25560081005096436,0.4860000014305115,3.5661263465881348
50,0.9144999980926514,0.24290072917938232,0.4880000054836273,3.6650049686431885
51,0.9218000173568726,0.22636225819587708,0.4300000071525574,4.561043739318848
52,0.925000011920929,0.22335197031497955,0.5009999871253967,3.835845947265625
53,0.927299976348877,0.21547351777553558,0.48399999737739563,3.869422435760498
54,0.9272000193595886,0.2190176546573639,0.4909999966621399,3.9241106510162354
55,0.9340999722480774,0.1926954984664917,0.4715000092983246,3.9193055629730225
56,0.9319999814033508,0.20032288134098053,0.4429999887943268,4.32622766494751
57,0.9333000183105469,0.19933569431304932,0.5115000009536743,4.019846439361572
58,0.9379000067710876,0.17589862644672394,0.4410000145435333,5.050699234008789
59,0.9417999982833862,0.1705295890569687,0.4729999899864197,4.564981937408447
60,0.9376000165939331,0.1792696863412857,0.4970000088214874,4.269457817077637
61,0.941100001335144,0.17482580244541168,0.47450000047683716,4.751364707946777
62,0.9495000243186951,0.15562964975833893,0.44999998807907104,5.523347854614258
63,0.9472000002861023,0.16475309431552887,0.44699999690055847,5.219101905822754
64,0.9467999935150146,0.15936794877052307,0.5195000171661377,4.450727939605713
65,0.9485999941825867,0.15425048768520355,0.48649999499320984,4.513915538787842
66,0.9520000219345093,0.13936929404735565,0.492000013589859,4.673319339752197
67,0.9509000182151794,0.1524539738893509,0.49950000643730164,4.7284722328186035
68,0.954800009727478,0.14494149386882782,0.48649999499320984,4.962998390197754
69,0.95169997215271,0.14379461109638214,0.47999998927116394,5.202354907989502
70,0.9577999711036682,0.13274359703063965,0.47350001335144043,5.391617298126221
71,0.949400007724762,0.16890227794647217,0.46149998903274536,5.012539386749268
72,0.9609000086784363,0.12247149646282196,0.5040000081062317,5.342578887939453
73,0.95660001039505,0.13165542483329773,0.4724999964237213,5.552972793579102
74,0.9628000259399414,0.11295075714588165,0.5070000290870667,5.430619239807129
75,0.9535999894142151,0.14028432965278625,0.48350000381469727,5.836618423461914
76,0.9606000185012817,0.12838783860206604,0.46799999475479126,5.564998626708984
77,0.9657999873161316,0.10959061235189438,0.5070000290870667,5.348370552062988
78,0.9574999809265137,0.13362380862236023,0.5105000138282776,5.496138095855713
79,0.9609000086784363,0.1155225858092308,0.492000013589859,5.4766669273376465
80,0.9610000252723694,0.11759606748819351,0.48500001430511475,6.2246174812316895
81,0.9595999717712402,0.12197606265544891,0.4909999966621399,6.036454200744629
82,0.9635999798774719,0.11610907316207886,0.4869999885559082,5.885573863983154
83,0.9679999947547913,0.09627820551395416,0.48100000619888306,6.597375392913818
84,0.9625999927520752,0.11857903748750687,0.4595000147819519,6.559571743011475
85,0.9667999744415283,0.10802645236253738,0.4880000054836273,5.992053985595703
86,0.9621999859809875,0.11684568971395493,0.4945000112056732,5.558936595916748
87,0.9656999707221985,0.10807997733354568,0.45249998569488525,6.66366720199585
88,0.968999981880188,0.09786468744277954,0.46000000834465027,6.253206253051758
89,0.9674000144004822,0.10805448144674301,0.5080000162124634,6.093056678771973
90,0.963100016117096,0.11644230037927628,0.5040000081062317,6.0582194328308105
91,0.9728000164031982,0.08064337074756622,0.5024999976158142,6.252476692199707
92,0.9668999910354614,0.1228775605559349,0.4555000066757202,6.808083534240723
93,0.9700999855995178,0.0940837636590004,0.49900001287460327,6.486660480499268
94,0.9696999788284302,0.10317400842905045,0.5,6.790017127990723
95,0.9728000164031982,0.08857118338346481,0.49900001287460327,6.490189075469971
96,0.970300018787384,0.09492126107215881,0.4934999942779541,6.784947395324707
97,0.9677000045776367,0.10224078595638275,0.4684999883174896,6.991579055786133
98,0.9682000279426575,0.11077136546373367,0.4855000078678131,6.617472171783447
99,0.9702000021934509,0.1046503409743309,0.5009999871253967,6.684914588928223
100,0.9714999794960022,0.09852804243564606,0.484499990940094,7.164471626281738
101,0.9696000218391418,0.10212044417858124,0.5049999952316284,6.800926208496094
102,0.9757999777793884,0.09246523678302765,0.4740000069141388,6.672759532928467
103,0.9700999855995178,0.10908307135105133,0.5049999952316284,6.473428726196289
104,0.9731000065803528,0.09169050306081772,0.5059999823570251,6.646176815032959
105,0.9692999720573425,0.09874110668897629,0.5015000104904175,6.640554904937744
106,0.9768999814987183,0.07281168550252914,0.5040000081062317,6.646176338195801
107,0.9718000292778015,0.0864860936999321,0.46000000834465027,7.246087551116943
108,0.9704999923706055,0.10954473912715912,0.5105000138282776,6.611961841583252
109,0.9724000096321106,0.08925455808639526,0.47600001096725464,7.331239223480225
110,0.9747999906539917,0.09305232763290405,0.4855000078678131,7.361476421356201
111,0.9742000102996826,0.08764614164829254,0.5090000033378601,7.121922492980957
112,0.9742000102996826,0.08274444937705994,0.46700000762939453,7.555720806121826
113,0.9707000255584717,0.09928139299154282,0.5090000033378601,6.956338882446289
114,0.977400004863739,0.07443707436323166,0.4869999885559082,7.77932596206665
115,0.9711999893188477,0.0978783667087555,0.5134999752044678,7.242344856262207
116,0.9764000177383423,0.08110547065734863,0.48500001430511475,7.611429214477539
117,0.9736999869346619,0.08420863002538681,0.4684999883174896,7.30024528503418
118,0.9745000004768372,0.10106733441352844,0.48500001430511475,7.515189170837402
119,0.9751999974250793,0.08899430930614471,0.503000020980835,7.539700984954834
120,0.9771999716758728,0.08513396233320236,0.5015000104904175,7.4357404708862305
121,0.9779999852180481,0.06861456483602524,0.4909999966621399,8.408600807189941
122,0.9757999777793884,0.07998199760913849,0.5034999847412109,7.436014652252197
123,0.9775000214576721,0.07399076968431473,0.4950000047683716,7.7375335693359375
124,0.9776999950408936,0.07243621349334717,0.47350001335144043,8.071025848388672
125,0.9779000282287598,0.075514055788517,0.4970000088214874,7.512475490570068
126,0.9746000170707703,0.08312320709228516,0.5065000057220459,8.062821388244629
127,0.9749000072479248,0.08564405888319016,0.5019999742507935,7.686188220977783
128,0.974399983882904,0.0905880406498909,0.46000000834465027,7.60954475402832
129,0.977400004863739,0.08254647254943848,0.47049999237060547,9.488855361938477
130,0.9783999919891357,0.08363940566778183,0.5065000057220459,7.461627006530762
131,0.9764000177383423,0.08731493353843689,0.4975000023841858,7.701772689819336
132,0.9751999974250793,0.08354189246892929,0.49149999022483826,7.960421085357666
133,0.979200005531311,0.07164473086595535,0.49799999594688416,7.670232772827148
134,0.9772999882698059,0.07420949637889862,0.4959999918937683,8.374028205871582
135,0.9803000092506409,0.07004830241203308,0.5024999976158142,7.757556438446045
136,0.9797000288963318,0.07198914885520935,0.5055000185966492,7.932600975036621
137,0.9768000245094299,0.07918225228786469,0.49050000309944153,8.01072883605957
138,0.9814000129699707,0.061761144548654556,0.4855000078678131,7.646818161010742
139,0.9789999723434448,0.07305411994457245,0.4925000071525574,8.117770195007324
140,0.9782000184059143,0.08076383918523788,0.5,8.192825317382812
141,0.983299970626831,0.05779995769262314,0.49149999022483826,7.9605865478515625
142,0.98089998960495,0.06661303341388702,0.5005000233650208,7.959010124206543
143,0.9812999963760376,0.05871520936489105,0.5055000185966492,8.100187301635742
144,0.9781000018119812,0.07663112878799438,0.4934999942779541,7.993646144866943
145,0.9810000061988831,0.06857886910438538,0.48350000381469727,8.258318901062012
146,0.9811000227928162,0.06530316919088364,0.5095000267028809,8.026994705200195
147,0.975600004196167,0.07992000132799149,0.42649999260902405,10.0245361328125
148,0.9829000234603882,0.061566051095724106,0.5049999952316284,7.972032070159912
149,0.9817000031471252,0.06685303151607513,0.4975000023841858,8.089763641357422
150,0.9807999730110168,0.06323392689228058,0.5040000081062317,7.796619892120361
151,0.9847000241279602,0.06188606470823288,0.4724999964237213,9.248922348022461
152,0.9803000092506409,0.06876431405544281,0.4964999854564667,8.073670387268066
153,0.9819999933242798,0.057153236120939255,0.49000000953674316,8.150537490844727
154,0.9815000295639038,0.07074743509292603,0.4690000116825104,8.077662467956543
155,0.9846000075340271,0.057676684111356735,0.4860000014305115,7.99902868270874
156,0.9812999963760376,0.06150076165795326,0.4984999895095825,8.190030097961426
157,0.9836000204086304,0.0583658404648304,0.4675000011920929,8.601000785827637
158,0.9824000000953674,0.06531228870153427,0.503000020980835,8.091710090637207
159,0.978600025177002,0.0751575380563736,0.48350000381469727,9.282055854797363
160,0.9833999872207642,0.06517788767814636,0.5120000243186951,7.959819793701172
161,0.9842000007629395,0.05198435112833977,0.5105000138282776,8.197029113769531
162,0.982200026512146,0.06901825219392776,0.4964999854564667,8.140363693237305
163,0.9814000129699707,0.0659443736076355,0.4945000112056732,8.310730934143066
164,0.9825999736785889,0.05982969328761101,0.4860000014305115,8.536130905151367
165,0.9836000204086304,0.05410541221499443,0.5009999871253967,8.765310287475586
166,0.9836999773979187,0.052360858768224716,0.5,8.720148086547852
167,0.9818000197410583,0.06480743736028671,0.46050000190734863,9.253836631774902
168,0.9836999773979187,0.06346755474805832,0.4975000023841858,8.80436897277832
169,0.9836000204086304,0.0612877756357193,0.49149999022483826,9.057226181030273
170,0.9825000166893005,0.06401719152927399,0.49000000953674316,8.396620750427246
171,0.98089998960495,0.06026854366064072,0.4970000088214874,8.536473274230957
172,0.9846000075340271,0.05698269605636597,0.4860000014305115,9.117100715637207
173,0.9821000099182129,0.0657404363155365,0.4975000023841858,9.020710945129395
174,0.9835000038146973,0.06115374714136124,0.49900001287460327,8.773353576660156
175,0.9854000210762024,0.054668739438056946,0.4959999918937683,8.383091926574707
176,0.9865000247955322,0.05354396253824234,0.4970000088214874,8.476390838623047
177,0.9822999835014343,0.06537254899740219,0.4959999918937683,8.570379257202148
178,0.9830999970436096,0.06502621620893478,0.5084999799728394,8.673834800720215
179,0.9833999872207642,0.06175772845745087,0.4359999895095825,10.195451736450195
180,0.9818999767303467,0.06604450941085815,0.5099999904632568,8.657706260681152
181,0.9825999736785889,0.06426128000020981,0.5084999799728394,8.887109756469727
182,0.9843000173568726,0.051605988293886185,0.492000013589859,8.809151649475098
183,0.984499990940094,0.05959564819931984,0.5019999742507935,8.725672721862793
184,0.9832000136375427,0.059384796768426895,0.4964999854564667,9.289630889892578
185,0.9843000173568726,0.057233233004808426,0.5130000114440918,8.868729591369629
186,0.982699990272522,0.06608899682760239,0.45750001072883606,9.283550262451172
187,0.9819999933242798,0.06934100389480591,0.5055000185966492,8.885249137878418
188,0.9821000099182129,0.06000891700387001,0.503000020980835,8.625629425048828
189,0.9871000051498413,0.05234123393893242,0.492000013589859,9.01082992553711
190,0.986299991607666,0.05725279450416565,0.4959999918937683,8.600645065307617
191,0.9860000014305115,0.05149776116013527,0.5044999718666077,8.615727424621582
192,0.9865999817848206,0.046363264322280884,0.49000000953674316,8.877828598022461
193,0.9850000143051147,0.049287330359220505,0.4790000021457672,8.929678916931152
194,0.9829000234603882,0.059699464589357376,0.49799999594688416,8.9464750289917
195,0.9861999750137329,0.04636206850409508,0.49149999022483826,9.613240242004395
196,0.9850999712944031,0.05527697876095772,0.492000013589859,9.084013938903809
197,0.9847000241279602,0.06473436206579208,0.48350000381469727,9.236663818359375
198,0.9854999780654907,0.04305817931890488,0.45350000262260437,9.89413070678711
199,0.9850000143051147,0.05519500747323036,0.4945000112056732,9.24826717376709
200,0.9865999817848206,0.05097850412130356,0.49900001287460327,9.176183700561523
201,0.9865000247955322,0.04648773372173309,0.484499990940094,9.381908416748047
202,0.9846000075340271,0.05528176948428154,0.4945000112056732,9.250856399536133
203,0.9865000247955322,0.047672025859355927,0.45350000262260437,10.680893898010254
204,0.9812999963760376,0.06994994729757309,0.47350001335144043,10.318578720092773
205,0.989300012588501,0.048999540507793427,0.49950000643730164,9.497802734375
206,0.9872999787330627,0.0433257557451725,0.49399998784065247,9.647683143615723
207,0.9857000112533569,0.04917791485786438,0.4794999957084656,9.696510314941406
208,0.9869999885559082,0.044494032859802246,0.5024999976158142,9.257179260253906
209,0.9842000007629395,0.061205241829156876,0.4964999854564667,9.078856468200684
210,0.9887999892234802,0.04219341650605202,0.484499990940094,9.282212257385254
211,0.9850999712944031,0.05745760351419449,0.5074999928474426,9.381424903869629
212,0.9861999750137329,0.05827242508530617,0.48899999260902405,9.126932144165039
213,0.9854000210762024,0.05051495134830475,0.5,9.218555450439453
214,0.9868999719619751,0.04856853187084198,0.49900001287460327,9.51467514038086
215,0.9883999824523926,0.043351832777261734,0.4884999990463257,9.967835426330566
216,0.9858999848365784,0.049187783151865005,0.47749999165534973,9.948883056640625
217,0.9860000014305115,0.04936005175113678,0.4945000112056732,9.052949905395508
218,0.9865000247955322,0.05090741068124771,0.47200000286102295,10.128430366516113
219,0.9886999726295471,0.04099288210272789,0.5,9.588750839233398
220,0.9860000014305115,0.05954335257411003,0.49050000309944153,9.995162963867188
221,0.9854999780654907,0.04844726622104645,0.4779999852180481,9.783419609069824
222,0.9860000014305115,0.05242760106921196,0.4925000071525574,9.828256607055664
223,0.9854000210762024,0.057200055569410324,0.4925000071525574,9.494757652282715
224,0.9869999885559082,0.04674125090241432,0.5095000267028809,9.84749698638916
225,0.9850000143051147,0.05752485990524292,0.49050000309944153,9.429269790649414
226,0.9840999841690063,0.05867579206824303,0.49149999022483826,9.825505256652832
227,0.9848999977111816,0.05560169741511345,0.5009999871253967,9.518610000610352
228,0.9865999817848206,0.04860244318842888,0.5055000185966492,9.832358360290527
229,0.9872000217437744,0.05320602282881737,0.4945000112056732,10.079548835754395
230,0.9872000217437744,0.051760442554950714,0.5074999928474426,10.072402000427246
231,0.9894999861717224,0.04661840200424194,0.5015000104904175,9.772175788879395
232,0.9851999878883362,0.053436145186424255,0.48649999499320984,10.376875877380371
233,0.9865999817848206,0.047991905361413956,0.46700000762939453,10.433267593383789
234,0.9846000075340271,0.059694189578294754,0.4860000014305115,9.586999893188477
235,0.9869999885559082,0.04269932955503464,0.4869999885559082,10.284541130065918
236,0.9855999946594238,0.05575477331876755,0.4465000033378601,10.96562671661377
237,0.9883999824523926,0.04651760309934616,0.4984999895095825,9.670544624328613
238,0.988099992275238,0.0439138226211071,0.4869999885559082,10.647778511047363
239,0.987500011920929,0.05012562870979309,0.48100000619888306,9.705045700073242
240,0.988099992275238,0.04154061898589134,0.4945000112056732,9.86657428741455
241,0.9861999750137329,0.05247475579380989,0.49000000953674316,10.159734725952148
242,0.9883000254631042,0.03390472009778023,0.47699999809265137,10.274650573730469
243,0.9886999726295471,0.042966701090335846,0.47350001335144043,11.538540840148926
244,0.9872000217437744,0.0606314092874527,0.49149999022483826,9.923415184020996
245,0.9873999953269958,0.05321900174021721,0.47049999237060547,10.482885360717773
246,0.9873999953269958,0.04601196199655533,0.49900001287460327,9.995820045471191
247,0.989300012588501,0.044078197330236435,0.4909999966621399,9.805595397949219
248,0.9894000291824341,0.039609480649232864,0.5005000233650208,10.310347557067871
249,0.9868999719619751,0.05251975730061531,0.4819999933242798,10.388633728027344
250,0.986299991607666,0.05329428240656853,0.49000000953674316,10.11732006072998
251,0.989300012588501,0.04377209395170212,0.4880000054836273,10.310066223144531
252,0.9876999855041504,0.0461273267865181,0.484499990940094,9.911629676818848
253,0.989799976348877,0.03935077041387558,0.4894999861717224,10.618497848510742
254,0.9887999892234802,0.042157962918281555,0.4794999957084656,10.913651466369629
255,0.9879000186920166,0.04735248535871506,0.5084999799728394,9.96877384185791
256,0.9894999861717224,0.03969130665063858,0.49050000309944153,10.257274627685547
257,0.9868999719619751,0.045344073325395584,0.47850000858306885,10.334428787231445
258,0.9873999953269958,0.05498425289988518,0.5,9.847835540771484
259,0.9879999756813049,0.04196596518158913,0.5,9.710758209228516
260,0.9907000064849854,0.035999175161123276,0.5095000267028809,10.346033096313477
261,0.9879999756813049,0.03928549215197563,0.4945000112056732,10.333438873291016
262,0.9882000088691711,0.048017241060733795,0.4964999854564667,10.78455638885498
263,0.9876000285148621,0.045437805354595184,0.5074999928474426,10.658780097961426
264,0.9865000247955322,0.054462797939777374,0.48649999499320984,10.558473587036133
265,0.9896000027656555,0.03452247381210327,0.4909999966621399,10.708827018737793
266,0.9887999892234802,0.042367711663246155,0.4884999990463257,10.730856895446777
267,0.9879999756813049,0.04345220699906349,0.49050000309944153,10.927145957946777
268,0.9897000193595886,0.0417303666472435,0.5080000162124634,10.284372329711914
269,0.9912999868392944,0.03660648688673973,0.4970000088214874,10.267037391662598
270,0.9900000095367432,0.04831792786717415,0.5065000057220459,10.526101112365723
271,0.9916999936103821,0.039890363812446594,0.4959999918937683,10.609806060791016
272,0.9883999824523926,0.0487578846514225,0.47450000047683716,11.396063804626465
273,0.9876000285148621,0.05348777025938034,0.4814999997615814,10.714319229125977
274,0.9896000027656555,0.03687310218811035,0.5009999871253967,10.551091194152832
275,0.9872999787330627,0.043521709740161896,0.49000000953674316,11.040545463562012
276,0.9908999800682068,0.03687530383467674,0.4975000023841858,11.46944522857666
277,0.9894000291824341,0.04071659967303276,0.4790000021457672,11.835794448852539
278,0.9886000156402588,0.04688559100031853,0.4855000078678131,11.530097007751465
279,0.9873999953269958,0.047399502247571945,0.5005000233650208,11.08201789855957
280,0.9889000058174133,0.04756747931241989,0.49900001287460327,10.406399726867676
281,0.988099992275238,0.04250314459204674,0.4970000088214874,11.248357772827148
282,0.9879999756813049,0.04697972163558006,0.4645000100135803,12.025558471679688
283,0.9901000261306763,0.055064380168914795,0.46799999475479126,10.522049903869629
284,0.9884999990463257,0.03890543431043625,0.4945000112056732,10.930683135986328
285,0.9883999824523926,0.044015783816576004,0.5115000009536743,11.10610580444336
286,0.9883000254631042,0.05088943988084793,0.49050000309944153,10.946521759033203
287,0.9882000088691711,0.050664663314819336,0.4869999885559082,11.06235122680664
288,0.9909999966621399,0.038254301995038986,0.5059999823570251,11.227575302124023
289,0.9904000163078308,0.03778437152504921,0.4855000078678131,11.14226245880127
290,0.9886000156402588,0.053564298897981644,0.49050000309944153,11.188006401062012
291,0.9882000088691711,0.039413437247276306,0.48649999499320984,11.173595428466797
292,0.9908999800682068,0.032858580350875854,0.484499990940094,11.465402603149414
293,0.9886999726295471,0.04219454899430275,0.492000013589859,11.082795143127441
294,0.9905999898910522,0.04275999590754509,0.49900001287460327,11.423587799072266
295,0.9914000034332275,0.039857227355241776,0.48899999260902405,11.666556358337402
296,0.9894000291824341,0.04702652245759964,0.4869999885559082,11.695256233215332
297,0.9886000156402588,0.04244823381304741,0.4860000014305115,11.134749412536621
298,0.9911999702453613,0.03677928447723389,0.4805000126361847,11.46489429473877
299,0.9900000095367432,0.041950106620788574,0.4964999854564667,10.948122024536133
300,0.987500011920929,0.045597538352012634,0.48500001430511475,11.009258270263672
301,0.9908000230789185,0.0330345444381237,0.49149999022483826,11.605064392089844
302,0.991100013256073,0.04008408635854721,0.4830000102519989,11.279989242553711
303,0.9890999794006348,0.045068033039569855,0.4964999854564667,11.316864013671875
304,0.9900000095367432,0.03482422977685928,0.49399998784065247,11.604479789733887
305,0.989300012588501,0.04564432054758072,0.47699999809265137,13.101572036743164
306,0.989300012588501,0.04747505486011505,0.49149999022483826,11.783312797546387
307,0.9887999892234802,0.04243680089712143,0.484499990940094,11.75063419342041
308,0.9904999732971191,0.04041851684451103,0.49799999594688416,11.687646865844727
309,0.9886999726295471,0.04032367095351219,0.48249998688697815,11.697150230407715
310,0.9890999794006348,0.049951985478401184,0.4964999854564667,11.428756713867188
311,0.9900000095367432,0.037174973636865616,0.503000020980835,11.839999198913574
312,0.9902999997138977,0.045467521995306015,0.503000020980835,11.200749397277832
313,0.9883999824523926,0.04711819440126419,0.5009999871253967,11.21922492980957
314,0.9914000034332275,0.032806623727083206,0.4880000054836273,11.720471382141113
315,0.9908999800682068,0.0367918536067009,0.4880000054836273,11.709115028381348
316,0.9883000254631042,0.04774629697203636,0.49950000643730164,11.317475318908691
317,0.9883999824523926,0.05066126957535744,0.5105000138282776,11.354107856750488
318,0.9891999959945679,0.03637692704796791,0.4959999918937683,11.339224815368652
319,0.9915000200271606,0.03497340902686119,0.4959999918937683,11.762681007385254
320,0.9901000261306763,0.042066242545843124,0.4869999885559082,11.401445388793945
321,0.9890999794006348,0.03855961188673973,0.48899999260902405,12.532711029052734
322,0.9894999861717224,0.04433342441916466,0.4945000112056732,11.829466819763184
323,0.9908999800682068,0.03715917095541954,0.5040000081062317,11.99351692199707
324,0.9898999929428101,0.043401628732681274,0.4830000102519989,12.289684295654297
325,0.9887999892234802,0.04499795287847519,0.4950000047683716,11.752236366271973
326,0.9908000230789185,0.03683701530098915,0.49900001287460327,11.31558895111084
327,0.9879000186920166,0.04420865327119827,0.5024999976158142,11.6647367477417
328,0.9909999966621399,0.03755006566643715,0.4925000071525574,12.475064277648926
329,0.9896000027656555,0.050149574875831604,0.5024999976158142,12.392006874084473
330,0.9908000230789185,0.037383709102869034,0.49900001287460327,12.277484893798828
331,0.9890999794006348,0.04074111208319664,0.49399998784065247,12.735762596130371
332,0.9905999898910522,0.04320371150970459,0.492000013589859,12.98837947845459
333,0.9908000230789185,0.0392330139875412,0.49799999594688416,11.463677406311035
334,0.9904999732971191,0.040537163615226746,0.5009999871253967,13.051012992858887
335,0.9912999868392944,0.039463188499212265,0.4634999930858612,13.20372200012207
336,0.989300012588501,0.046861011534929276,0.4984999895095825,12.43039321899414
337,0.9904000163078308,0.04051551967859268,0.4945000112056732,12.213963508605957
338,0.991599977016449,0.03780526667833328,0.49900001287460327,12.032764434814453
339,0.987500011920929,0.05515987053513527,0.5189999938011169,11.826995849609375
340,0.9921000003814697,0.03060680814087391,0.4964999854564667,12.082901954650879
341,0.9908000230789185,0.0371391586959362,0.5040000081062317,12.073226928710938
342,0.9904000163078308,0.042823754251003265,0.5044999718666077,12.171976089477539
343,0.9914000034332275,0.03213677927851677,0.5005000233650208,12.337510108947754
344,0.989799976348877,0.04319317266345024,0.4909999966621399,12.27453899383545
345,0.9904000163078308,0.03954093158245087,0.4909999966621399,12.325373649597168
346,0.991599977016449,0.03140103444457054,0.49399998784065247,12.853004455566406
347,0.9897000193595886,0.04471414163708687,0.49149999022483826,12.364168167114258
348,0.9907000064849854,0.03521818667650223,0.48649999499320984,12.286202430725098
349,0.9897000193595886,0.04431086778640747,0.49900001287460327,11.872411727905273
350,0.9908000230789185,0.03781534358859062,0.4884999990463257,12.178394317626953
351,0.9918000102043152,0.029724648222327232,0.4880000054836273,12.631241798400879
352,0.9905999898910522,0.03913373127579689,0.4894999861717224,13.281363487243652
353,0.9901999831199646,0.042070310562849045,0.4690000116825104,13.837754249572754
354,0.9898999929428101,0.042339667677879333,0.48649999499320984,12.969372749328613
355,0.9914000034332275,0.03887580707669258,0.4884999990463257,12.948653221130371
356,0.9916999936103821,0.03287668898701668,0.47749999165534973,13.242961883544922
357,0.9901000261306763,0.04412342980504036,0.4959999918937683,12.485372543334961
358,0.9896000027656555,0.04608101025223732,0.49799999594688416,12.7558012008667
359,0.991100013256073,0.03273451700806618,0.5074999928474426,13.264918327331543
360,0.9914000034332275,0.034831803292036057,0.4975000023841858,12.597675323486328
361,0.9916999936103821,0.03447685390710831,0.4934999942779541,12.918661117553711
362,0.9922000169754028,0.03628107160329819,0.4909999966621399,12.736735343933105
363,0.9905999898910522,0.047550421208143234,0.49050000309944153,12.926408767700195
364,0.9907000064849854,0.03757980465888977,0.47699999809265137,13.154033660888672
365,0.9914000034332275,0.036436207592487335,0.492000013589859,12.831942558288574
366,0.9894999861717224,0.052315063774585724,0.49000000953674316,13.034772872924805
367,0.9921000003814697,0.033975694328546524,0.44350001215934753,13.723220825195312
368,0.9901999831199646,0.03990223631262779,0.49399998784065247,12.385293960571289
369,0.9905999898910522,0.0372052937746048,0.48100000619888306,12.531892776489258
370,0.9900000095367432,0.047101762145757675,0.5095000267028809,12.725987434387207
371,0.9908999800682068,0.03597371652722359,0.49300000071525574,12.657815933227539
372,0.9905999898910522,0.037327442318201065,0.4959999918937683,12.785016059875488
373,0.989799976348877,0.04131340608000755,0.4790000021457672,13.217803955078125
374,0.9896000027656555,0.04241449758410454,0.49050000309944153,13.186306953430176
375,0.9923999905586243,0.03217038884758949,0.48750001192092896,12.545812606811523
376,0.9898999929428101,0.04198705032467842,0.48649999499320984,13.489105224609375
377,0.9894999861717224,0.048761434853076935,0.48899999260902405,12.442374229431152
378,0.9919000267982483,0.031385887414216995,0.48750001192092896,13.3640718460083
379,0.9896000027656555,0.047298695892095566,0.4959999918937683,13.394691467285156
380,0.9927999973297119,0.02811458520591259,0.49149999022483826,13.552901268005371
381,0.9900000095367432,0.03688756003975868,0.4950000047683716,13.509528160095215
382,0.9901000261306763,0.04369518160820007,0.4950000047683716,13.131622314453125
383,0.9922000169754028,0.035137202590703964,0.4894999861717224,13.458407402038574
384,0.9907000064849854,0.043427031487226486,0.4855000078678131,13.986855506896973
385,0.9911999702453613,0.03284904360771179,0.4964999854564667,13.531182289123535
386,0.9916999936103821,0.04147886857390404,0.4880000054836273,13.760109901428223
387,0.991599977016449,0.03189645707607269,0.4814999997615814,14.033660888671875
388,0.9911999702453613,0.04353535547852516,0.4880000054836273,13.699552536010742
389,0.992900013923645,0.03174073249101639,0.4880000054836273,13.755308151245117
390,0.989799976348877,0.04776998236775398,0.47999998927116394,13.018898963928223
391,0.9916999936103821,0.034830108284950256,0.5015000104904175,12.821009635925293
392,0.9904000163078308,0.043389249593019485,0.4925000071525574,13.279756546020508
393,0.9909999966621399,0.041941504925489426,0.5044999718666077,13.227543830871582
394,0.9915000200271606,0.03377780690789223,0.4880000054836273,13.584919929504395
395,0.9911999702453613,0.04841778427362442,0.5065000057220459,13.151655197143555
396,0.9909999966621399,0.042520616203546524,0.4975000023841858,13.576109886169434
397,0.9901999831199646,0.03723498806357384,0.4925000071525574,13.685460090637207
398,0.9904000163078308,0.03938688710331917,0.4934999942779541,13.483421325683594
399,0.9904999732971191,0.047346748411655426,0.4970000088214874,12.922924995422363
400,0.9919999837875366,0.03679867088794708,0.5009999871253967,12.831745147705078
401,0.9916999936103821,0.03739798441529274,0.4860000014305115,13.269057273864746
402,0.9922000169754028,0.033279746770858765,0.484499990940094,13.530096054077148
403,0.9905999898910522,0.043978430330753326,0.49799999594688416,13.93614387512207
404,0.9922999739646912,0.03420763090252876,0.48500001430511475,13.749385833740234
405,0.9925000071525574,0.03187006711959839,0.49900001287460327,13.698137283325195
406,0.9914000034332275,0.04178306460380554,0.48249998688697815,13.780163764953613
407,0.9921000003814697,0.03498469665646553,0.48649999499320984,14.146324157714844
408,0.9919999837875366,0.03328131139278412,0.4659999907016754,13.69687271118164
409,0.9897000193595886,0.03830299526453018,0.4970000088214874,13.781401634216309
410,0.9923999905586243,0.0296369269490242,0.5005000233650208,13.81314468383789
411,0.991100013256073,0.04423477500677109,0.4959999918937683,13.290679931640625
412,0.9922000169754028,0.03713228926062584,0.4884999990463257,13.815656661987305
413,0.9904999732971191,0.039192378520965576,0.4934999942779541,13.933990478515625
414,0.9927999973297119,0.03157317638397217,0.476500004529953,13.963129997253418
415,0.9905999898910522,0.03744190186262131,0.49549999833106995,14.364811897277832
416,0.9936000108718872,0.03162816911935806,0.49000000953674316,13.729362487792969
417,0.9916999936103821,0.04480883479118347,0.503000020980835,13.932884216308594
418,0.9912999868392944,0.03798762708902359,0.4984999895095825,13.951874732971191
419,0.9901000261306763,0.04665951058268547,0.4975000023841858,13.72392749786377
420,0.9930999875068665,0.03210814669728279,0.4819999933242798,14.382479667663574
421,0.9904000163078308,0.0396580770611763,0.484499990940094,14.009852409362793
422,0.9904000163078308,0.04938020184636116,0.4814999997615814,13.75474739074707
423,0.9923999905586243,0.0322677381336689,0.48649999499320984,13.754420280456543
424,0.9933000206947327,0.033645328134298325,0.4805000126361847,13.977546691894531
425,0.9925000071525574,0.0413014180958271,0.47999998927116394,14.15073013305664
426,0.9909999966621399,0.041976749897003174,0.4814999997615814,14.971646308898926
427,0.9926999807357788,0.0373266227543354,0.49549999833106995,14.464754104614258
428,0.9941999912261963,0.020314158871769905,0.5105000138282776,13.951603889465332
429,0.991599977016449,0.041409000754356384,0.48350000381469727,14.03803539276123
430,0.9902999997138977,0.042112283408641815,0.4950000047683716,14.396857261657715
431,0.9929999709129333,0.034177862107753754,0.47850000858306885,13.91055965423584
432,0.9901000261306763,0.05453485623002052,0.47850000858306885,14.218631744384766
433,0.9937999844551086,0.026442397385835648,0.48100000619888306,15.30252456665039
434,0.9909999966621399,0.04819487780332565,0.48249998688697815,14.587957382202148
435,0.9929999709129333,0.03375422954559326,0.49000000953674316,14.342524528503418
436,0.9926999807357788,0.03465545177459717,0.4894999861717224,14.520607948303223
437,0.9918000102043152,0.03883053734898567,0.48500001430511475,14.84097957611084
438,0.9918000102043152,0.037643298506736755,0.48249998688697815,14.627100944519043
439,0.9922999739646912,0.03923247009515762,0.4894999861717224,14.384586334228516
440,0.9918000102043152,0.038583748042583466,0.5,15.048041343688965
441,0.9911999702453613,0.03875824809074402,0.4894999861717224,15.407184600830078
442,0.9904999732971191,0.04158853366971016,0.49549999833106995,14.761795997619629
443,0.9914000034332275,0.03756919875741005,0.48500001430511475,14.52409839630127
444,0.9925000071525574,0.03176824003458023,0.4724999964237213,15.337421417236328
445,0.9907000064849854,0.04305844008922577,0.49149999022483826,15.003080368041992
446,0.9915000200271606,0.03639119490981102,0.48399999737739563,15.18697452545166
447,0.9925000071525574,0.04204922169446945,0.49000000953674316,14.559873580932617
448,0.9911999702453613,0.040644560009241104,0.47450000047683716,14.615045547485352
449,0.9925000071525574,0.03534800559282303,0.4805000126361847,14.212215423583984
450,0.9937999844551086,0.027019290253520012,0.4984999895095825,14.063213348388672
451,0.9915000200271606,0.04127832129597664,0.4684999883174896,15.181962013244629
452,0.9901999831199646,0.04180503264069557,0.49549999833106995,15.095425605773926
453,0.9925000071525574,0.03494732081890106,0.4860000014305115,15.306288719177246
454,0.9922999739646912,0.0405440516769886,0.4855000078678131,14.158964157104492
455,0.9922000169754028,0.04041639715433121,0.4934999942779541,14.639488220214844
456,0.9932000041007996,0.026568448171019554,0.4884999990463257,14.576194763183594
457,0.9918000102043152,0.04436353221535683,0.4950000047683716,14.400773048400879
458,0.9922999739646912,0.03629913926124573,0.49300000071525574,15.229931831359863
459,0.9922999739646912,0.02849588356912136,0.4934999942779541,14.500574111938477
460,0.9919999837875366,0.03073478303849697,0.492000013589859,15.001490592956543
461,0.9932000041007996,0.036696258932352066,0.5080000162124634,14.525750160217285
462,0.9902999997138977,0.043660856783390045,0.492000013589859,14.720613479614258
463,0.9908000230789185,0.05220809951424599,0.503000020980835,14.686556816101074
464,0.9936000108718872,0.029978826642036438,0.4684999883174896,15.899238586425781
465,0.993399977684021,0.03807784616947174,0.4855000078678131,14.77646541595459
466,0.9936000108718872,0.029528621584177017,0.4984999895095825,15.199051856994629
467,0.991100013256073,0.03952403366565704,0.4869999885559082,15.486162185668945
468,0.9915000200271606,0.0432155579328537,0.4975000023841858,15.149938583374023
469,0.9919000267982483,0.03535456210374832,0.4819999933242798,15.11152458190918
470,0.9901999831199646,0.04531069099903107,0.48899999260902405,15.567727088928223
471,0.9922999739646912,0.03814844414591789,0.49399998784065247,15.284034729003906
472,0.9919000267982483,0.035949960350990295,0.4950000047683716,15.135932922363281
473,0.9919000267982483,0.03813725709915161,0.4884999990463257,15.260769844055176
474,0.9921000003814697,0.03866490349173546,0.484499990940094,16.1921329498291
475,0.9922000169754028,0.04086700826883316,0.47850000858306885,14.486583709716797
476,0.9921000003814697,0.04415209963917732,0.4964999854564667,15.075384140014648
477,0.9927999973297119,0.03054204024374485,0.4925000071525574,14.871212005615234
478,0.9936000108718872,0.03445686772465706,0.4855000078678131,15.188223838806152
479,0.9915000200271606,0.044427040964365005,0.4884999990463257,15.786617279052734
480,0.9918000102043152,0.03570915758609772,0.4909999966621399,15.594571113586426
481,0.991100013256073,0.05101500824093819,0.4959999918937683,14.864103317260742
482,0.9914000034332275,0.04489097744226456,0.47049999237060547,14.151208877563477
483,0.9926999807357788,0.0309279877692461,0.49300000071525574,14.085968971252441
484,0.992900013923645,0.030223488807678223,0.48500001430511475,15.042409896850586
485,0.9929999709129333,0.03618322312831879,0.49050000309944153,14.872034072875977
486,0.9925000071525574,0.030686795711517334,0.4959999918937683,15.3616304397583
487,0.991599977016449,0.0409083254635334,0.5,15.019165992736816
488,0.9925000071525574,0.035063862800598145,0.4880000054836273,14.36967945098877
489,0.9932000041007996,0.027297470718622208,0.4894999861717224,15.15269660949707
490,0.9921000003814697,0.035733141005039215,0.4814999997615814,15.383199691772461
491,0.9937999844551086,0.027740420773625374,0.49950000643730164,14.62575626373291
492,0.993399977684021,0.029752541333436966,0.4950000047683716,15.384503364562988
493,0.9929999709129333,0.030532004311680794,0.4934999942779541,15.363720893859863
494,0.992900013923645,0.035707276314496994,0.49799999594688416,15.096295356750488
495,0.9905999898910522,0.04224502295255661,0.48750001192092896,14.938971519470215
496,0.9927999973297119,0.041638296097517014,0.49950000643730164,15.091424942016602
497,0.9922000169754028,0.041024480015039444,0.48350000381469727,14.109277725219727
498,0.9932000041007996,0.031648892909288406,0.5009999871253967,14.651288986206055
499,0.9921000003814697,0.033784471452236176,0.5080000162124634,15.752912521362305
500,0.9923999905586243,0.033476121723651886,0.49950000643730164,15.84067440032959
501,0.9943000078201294,0.02597440406680107,0.49000000953674316,15.11559009552002
502,0.9929999709129333,0.036171138286590576,0.484499990940094,15.895341873168945
503,0.9922999739646912,0.03398749977350235,0.4975000023841858,16.32278060913086
504,0.991599977016449,0.04255680367350578,0.5059999823570251,15.326406478881836
505,0.9936000108718872,0.04183879867196083,0.492000013589859,15.443265914916992
506,0.9945999979972839,0.030592728406190872,0.5019999742507935,15.211726188659668
507,0.9916999936103821,0.03771132975816727,0.4790000021457672,16.806690216064453
508,0.9921000003814697,0.04278937727212906,0.4964999854564667,15.623997688293457
509,0.9947999715805054,0.02633843757212162,0.49799999594688416,15.499371528625488
510,0.9911999702453613,0.045333508402109146,0.49050000309944153,15.36085033416748
511,0.9919999837875366,0.03907126933336258,0.4984999895095825,15.734559059143066
512,0.992900013923645,0.0383586511015892,0.49399998784065247,15.205381393432617
513,0.9927999973297119,0.0402260348200798,0.4975000023841858,16.734556198120117
514,0.993399977684021,0.033681683242321014,0.49799999594688416,14.988042831420898
515,0.9919000267982483,0.04006607085466385,0.4794999957084656,15.911499977111816
516,0.9927999973297119,0.03517835959792137,0.48649999499320984,15.6400728225708
517,0.9927999973297119,0.03590208292007446,0.5055000185966492,16.087806701660156
518,0.9923999905586243,0.041717227548360825,0.4754999876022339,16.910139083862305
519,0.9919999837875366,0.0367254838347435,0.4754999876022339,17.3615665435791
520,0.9923999905586243,0.043452005833387375,0.49549999833106995,15.634442329406738
521,0.991100013256073,0.04585830867290497,0.47699999809265137,15.489669799804688
522,0.9926999807357788,0.04058176279067993,0.48750001192092896,16.144248962402344
523,0.9933000206947327,0.034450385719537735,0.4909999966621399,15.538026809692383
524,0.9926000237464905,0.0343131460249424,0.4964999854564667,16.664581298828125
525,0.9919000267982483,0.03313874080777168,0.49149999022483826,16.1907901763916
526,0.992900013923645,0.03457958251237869,0.47049999237060547,16.367813110351562
527,0.9926999807357788,0.042278919368982315,0.5019999742507935,15.797797203063965
528,0.9919000267982483,0.04193194583058357,0.5005000233650208,15.74397087097168
529,0.9934999942779541,0.031070096418261528,0.5059999823570251,15.951412200927734
530,0.9918000102043152,0.045518141239881516,0.503000020980835,16.14247703552246
531,0.9925000071525574,0.03540603071451187,0.5034999847412109,15.456891059875488
532,0.9908000230789185,0.048720307648181915,0.4975000023841858,14.934593200683594
533,0.9916999936103821,0.03739885985851288,0.4984999895095825,16.015172958374023
534,0.9934999942779541,0.029036739841103554,0.5,15.971353530883789
535,0.992900013923645,0.04113757610321045,0.49549999833106995,16.254911422729492
536,0.9911999702453613,0.04183943569660187,0.5090000033378601,16.113752365112305
537,0.9947999715805054,0.025613540783524513,0.4945000112056732,16.30049705505371
538,0.9933000206947327,0.03793348744511604,0.4925000071525574,16.457820892333984
539,0.9918000102043152,0.0422130711376667,0.492000013589859,16.25217056274414
540,0.9923999905586243,0.04111943393945694,0.4934999942779541,16.21356964111328
541,0.9940000176429749,0.02829972468316555,0.4945000112056732,16.285232543945312
542,0.9932000041007996,0.04231850057840347,0.5015000104904175,16.012432098388672
543,0.9926000237464905,0.03483296185731888,0.484499990940094,15.961209297180176
544,0.9936000108718872,0.03550403565168381,0.5105000138282776,15.78458309173584
545,0.9923999905586243,0.03476456552743912,0.49549999833106995,15.94554328918457
546,0.9945999979972839,0.025051280856132507,0.47699999809265137,16.751298904418945
547,0.9957000017166138,0.02358165942132473,0.48350000381469727,15.951573371887207
548,0.9939000010490417,0.026208700612187386,0.4884999990463257,16.513975143432617
549,0.9925000071525574,0.040208376944065094,0.5040000081062317,16.856534957885742
550,0.9911999702453613,0.041442833840847015,0.49799999594688416,16.19244384765625
551,0.9944000244140625,0.029636764898896217,0.49799999594688416,16.950159072875977
552,0.992900013923645,0.03520716726779938,0.4925000071525574,16.494321823120117
553,0.9934999942779541,0.03138784319162369,0.5059999823570251,16.833738327026367
554,0.9926999807357788,0.037655990570783615,0.5,16.698490142822266
555,0.9921000003814697,0.03428105264902115,0.5145000219345093,16.63131332397461
556,0.9934999942779541,0.029917627573013306,0.4880000054836273,16.850767135620117
557,0.9927999973297119,0.033631566911935806,0.49300000071525574,17.02336883544922
558,0.992900013923645,0.03749131038784981,0.49900001287460327,17.633399963378906
559,0.9948999881744385,0.027490276843309402,0.4945000112056732,17.16976547241211
560,0.9937999844551086,0.03300287574529648,0.4909999966621399,16.805387496948242
561,0.9922000169754028,0.03938761726021767,0.4880000054836273,17.11712074279785
562,0.9937999844551086,0.03318469971418381,0.484499990940094,17.960906982421875
563,0.9919000267982483,0.04910728707909584,0.4884999990463257,18.210304260253906
564,0.9936000108718872,0.03626159206032753,0.49300000071525574,17.232486724853516
565,0.9932000041007996,0.03862393647432327,0.48249998688697815,17.858631134033203
566,0.9933000206947327,0.037623967975378036,0.5005000233650208,17.392797470092773
567,0.9936000108718872,0.0401478037238121,0.5019999742507935,17.001115798950195
568,0.9922000169754028,0.036809492856264114,0.49300000071525574,17.625194549560547
569,0.9939000010490417,0.027310535311698914,0.5099999904632568,16.7674617767334
570,0.9918000102043152,0.047952406108379364,0.4970000088214874,16.847057342529297
571,0.9926999807357788,0.040634967386722565,0.5034999847412109,16.711410522460938
572,0.9929999709129333,0.033639173954725266,0.5090000033378601,16.828472137451172
573,0.993399977684021,0.03356315568089485,0.5065000057220459,17.034929275512695
574,0.9930999875068665,0.03632928803563118,0.5040000081062317,17.946420669555664
575,0.9925000071525574,0.04040643945336342,0.48899999260902405,18.025604248046875
576,0.9926000237464905,0.03769758716225624,0.4894999861717224,18.132177352905273
577,0.9908000230789185,0.04316986724734306,0.5015000104904175,17.056547164916992
578,0.9933000206947327,0.03783881664276123,0.48899999260902405,16.840238571166992
579,0.9926999807357788,0.037098247557878494,0.49799999594688416,16.665523529052734
580,0.992900013923645,0.037484489381313324,0.4740000069141388,18.46704864501953
581,0.9922000169754028,0.03363816812634468,0.4925000071525574,17.481481552124023
582,0.9932000041007996,0.04169430583715439,0.5009999871253967,17.320816040039062
583,0.9933000206947327,0.03865562379360199,0.5090000033378601,17.321149826049805
584,0.9933000206947327,0.03598416969180107,0.4964999854564667,17.440174102783203
585,0.9936000108718872,0.030196938663721085,0.4964999854564667,17.553550720214844
586,0.992900013923645,0.03792105242609978,0.49149999022483826,18.682329177856445
587,0.9937999844551086,0.037030406296253204,0.4959999918937683,17.74307632446289
588,0.9957000017166138,0.024162806570529938,0.5044999718666077,17.533985137939453
589,0.9919999837875366,0.03783254325389862,0.5009999871253967,18.29492950439453
590,0.9932000041007996,0.04240886867046356,0.5115000009536743,18.262622833251953
591,0.9940999746322632,0.027340298518538475,0.5074999928474426,18.595659255981445
592,0.9919999837875366,0.047337137162685394,0.5044999718666077,18.076841354370117
593,0.9943000078201294,0.029363585636019707,0.4984999895095825,18.543392181396484
594,0.9918000102043152,0.05140766128897667,0.492000013589859,18.429170608520508
595,0.992900013923645,0.035085197538137436,0.5090000033378601,17.91058921813965
596,0.9947999715805054,0.028064824640750885,0.5015000104904175,18.238033294677734
597,0.9925000071525574,0.041193991899490356,0.49300000071525574,17.567129135131836
598,0.9943000078201294,0.034171052277088165,0.49399998784065247,17.7563419342041
599,0.9937000274658203,0.032417770475149155,0.4950000047683716,18.204505920410156
600,0.992900013923645,0.03618234395980835,0.5015000104904175,17.7603702545166
601,0.9943000078201294,0.02590429037809372,0.4950000047683716,17.905467987060547
602,0.9916999936103821,0.04372473806142807,0.5,17.918636322021484
603,0.9937999844551086,0.03692692890763283,0.4740000069141388,19.187074661254883
604,0.9930999875068665,0.04046306014060974,0.5,17.138687133789062
605,0.9943000078201294,0.02538542076945305,0.5084999799728394,17.62562370300293
606,0.9939000010490417,0.04003974050283432,0.4984999895095825,18.446975708007812
607,0.9919000267982483,0.04170724004507065,0.5034999847412109,17.951087951660156
608,0.9939000010490417,0.030359534546732903,0.4975000023841858,17.9409236907959
609,0.9936000108718872,0.024829139932990074,0.503000020980835,18.811458587646484
610,0.9916999936103821,0.04459977149963379,0.4950000047683716,17.840070724487305
611,0.9934999942779541,0.03717254847288132,0.4880000054836273,18.483341217041016
612,0.9936000108718872,0.03431045636534691,0.49149999022483826,18.42308235168457
613,0.9940000176429749,0.029572313651442528,0.4959999918937683,17.982952117919922
614,0.9916999936103821,0.05688030272722244,0.476500004529953,18.709598541259766
615,0.9944000244140625,0.02849521115422249,0.49549999833106995,17.595041275024414
616,0.9941999912261963,0.030603867024183273,0.49799999594688416,18.373991012573242
617,0.9933000206947327,0.04496997594833374,0.48899999260902405,18.24203109741211
618,0.9937999844551086,0.026509592309594154,0.48350000381469727,18.885433197021484
619,0.9933000206947327,0.03125879913568497,0.4794999957084656,18.741310119628906
620,0.9939000010490417,0.03468814864754677,0.49050000309944153,18.717784881591797
621,0.9934999942779541,0.03114660084247589,0.5015000104904175,18.951866149902344
622,0.9937000274658203,0.04169892519712448,0.5019999742507935,19.403226852416992
623,0.9922999739646912,0.04238253831863403,0.4945000112056732,19.205204010009766
624,0.9941999912261963,0.03766161575913429,0.4715000092983246,19.18044090270996
625,0.9936000108718872,0.033740703016519547,0.49799999594688416,20.293365478515625
626,0.993399977684021,0.04022989049553871,0.49799999594688416,19.981002807617188
627,0.9930999875068665,0.03934652358293533,0.4975000023841858,19.728336334228516
628,0.9940999746322632,0.03195751830935478,0.512499988079071,19.01335334777832
629,0.9944000244140625,0.03300507739186287,0.4925000071525574,19.06305503845215
630,0.9932000041007996,0.03225671127438545,0.4884999990463257,20.519670486450195
631,0.9933000206947327,0.03611970692873001,0.5059999823570251,19.83308982849121
632,0.9940000176429749,0.028261084109544754,0.4984999895095825,20.4987850189209
633,0.9919999837875366,0.04195280373096466,0.503000020980835,20.719724655151367
634,0.9937999844551086,0.03385535255074501,0.4855000078678131,20.223796844482422
635,0.9925000071525574,0.03858707472681999,0.4964999854564667,20.693445205688477
636,0.9939000010490417,0.030915774405002594,0.46799999475479126,21.828102111816406
637,0.9940999746322632,0.04254190996289253,0.5074999928474426,19.76763153076172
638,0.9943000078201294,0.039382439106702805,0.48399999737739563,20.042882919311523
639,0.9937000274658203,0.04557221382856369,0.503000020980835,19.639493942260742
640,0.9940999746322632,0.030433133244514465,0.5,20.302160263061523
641,0.9937000274658203,0.030128689482808113,0.4880000054836273,19.556398391723633
642,0.9927999973297119,0.03920324891805649,0.4909999966621399,19.926542282104492
643,0.9926999807357788,0.047908466309309006,0.47749999165534973,21.459543228149414
644,0.9930999875068665,0.03734957426786423,0.47999998927116394,21.183088302612305
645,0.9921000003814697,0.04422011598944664,0.49399998784065247,19.67804718017578
646,0.9940000176429749,0.04487074166536331,0.48350000381469727,20.09270668029785
647,0.9918000102043152,0.04338521882891655,0.4964999854564667,21.031095504760742
648,0.9927999973297119,0.04554376378655434,0.5055000185966492,19.895261764526367
649,0.9947999715805054,0.029784677550196648,0.49799999594688416,19.250762939453125
650,0.992900013923645,0.0452837236225605,0.48399999737739563,20.113996505737305
651,0.9934999942779541,0.040807291865348816,0.4959999918937683,19.683761596679688
652,0.994700014591217,0.032586470246315,0.48750001192092896,19.89769172668457
653,0.9937999844551086,0.032706983387470245,0.4975000023841858,19.669641494750977
654,0.9925000071525574,0.03771496191620827,0.503000020980835,19.920623779296875
655,0.9936000108718872,0.03063989244401455,0.5044999718666077,19.529273986816406
656,0.993399977684021,0.03669086843729019,0.49399998784065247,19.489572525024414
657,0.9925000071525574,0.0434257797896862,0.4984999895095825,19.511154174804688
658,0.9944000244140625,0.03427472338080406,0.4950000047683716,20.138839721679688
659,0.9940000176429749,0.03667914867401123,0.4869999885559082,19.25399398803711
660,0.9939000010490417,0.03493126109242439,0.484499990940094,20.367908477783203
661,0.9947999715805054,0.03742215782403946,0.48899999260902405,19.287517547607422
662,0.9937999844551086,0.0416644811630249,0.4880000054836273,19.599201202392578
663,0.9936000108718872,0.03369918838143349,0.49549999833106995,19.447689056396484
664,0.9944999814033508,0.03684847801923752,0.5065000057220459,20.61922836303711
665,0.9932000041007996,0.04301105812191963,0.48649999499320984,19.896194458007812
666,0.9934999942779541,0.036962129175662994,0.4794999957084656,19.925872802734375
667,0.992900013923645,0.04253699257969856,0.47850000858306885,20.03369140625
668,0.9936000108718872,0.047193873673677444,0.49900001287460327,19.685550689697266
669,0.9937999844551086,0.03599952906370163,0.5,20.3082218170166
670,0.9933000206947327,0.03513267636299133,0.47749999165534973,21.741296768188477
671,0.9940000176429749,0.04082590714097023,0.4830000102519989,21.133869171142578
672,0.9926000237464905,0.0417027473449707,0.49149999022483826,20.987974166870117
673,0.9940999746322632,0.038510121405124664,0.49399998784065247,21.757511138916016
674,0.993399977684021,0.04073314741253853,0.492000013589859,19.88592529296875
675,0.995199978351593,0.034392375499010086,0.48500001430511475,18.943140029907227
676,0.992900013923645,0.04264029115438461,0.492000013589859,20.97732925415039
677,0.994700014591217,0.03760257363319397,0.492000013589859,21.448747634887695
678,0.9934999942779541,0.03534919023513794,0.4945000112056732,19.51571273803711
679,0.9947999715805054,0.026495471596717834,0.5059999823570251,20.244369506835938
680,0.9936000108718872,0.03396526351571083,0.4909999966621399,20.84806251525879
681,0.992900013923645,0.034976884722709656,0.4970000088214874,19.641834259033203
682,0.9932000041007996,0.0351220965385437,0.4584999978542328,22.041107177734375
683,0.9937000274658203,0.04275701940059662,0.49900001287460327,19.73011016845703
684,0.9945999979972839,0.03621958941221237,0.4754999876022339,20.894611358642578
685,0.9939000010490417,0.03612141311168671,0.5,20.40682601928711
686,0.9947999715805054,0.02986915037035942,0.492000013589859,20.965394973754883
687,0.9940000176429749,0.029325881972908974,0.4945000112056732,20.852519989013672
688,0.9937999844551086,0.02936823107302189,0.49900001287460327,20.607152938842773
689,0.9952999949455261,0.02514917589724064,0.48399999737739563,21.073745727539062
690,0.9945999979972839,0.02792457491159439,0.4869999885559082,20.722557067871094
691,0.9936000108718872,0.03327938914299011,0.4860000014305115,21.428974151611328
692,0.9937999844551086,0.034519683569669724,0.5034999847412109,21.56484603881836
693,0.9937000274658203,0.0447055883705616,0.5015000104904175,21.36931800842285
694,0.9943000078201294,0.028073763474822044,0.503000020980835,21.866653442382812
695,0.9929999709129333,0.0365426130592823,0.5015000104904175,22.276870727539062
696,0.9932000041007996,0.04275541752576828,0.5019999742507935,21.950725555419922
697,0.9952999949455261,0.03165961429476738,0.49149999022483826,22.039731979370117
698,0.9926999807357788,0.05056758597493172,0.5,21.65568733215332
699,0.9936000108718872,0.042699284851551056,0.49549999833106995,21.264148712158203
700,0.9926999807357788,0.04054100438952446,0.5009999871253967,21.681930541992188
701,0.9943000078201294,0.03311624750494957,0.47850000858306885,22.02960205078125
702,0.994700014591217,0.040397852659225464,0.49149999022483826,21.906932830810547
703,0.9926000237464905,0.04790229722857475,0.4975000023841858,22.322534561157227
704,0.9957000017166138,0.025879058986902237,0.49050000309944153,21.915367126464844
705,0.9930999875068665,0.04861825704574585,0.4855000078678131,21.424564361572266
706,0.9933000206947327,0.05186047405004501,0.5,21.609373092651367
707,0.9926999807357788,0.050422873347997665,0.5034999847412109,21.70213508605957
708,0.993399977684021,0.03606821969151497,0.492000013589859,22.16057586669922
709,0.9940000176429749,0.04647184908390045,0.4959999918937683,20.883031845092773
710,0.9943000078201294,0.035890959203243256,0.4959999918937683,21.237367630004883
711,0.992900013923645,0.056144941598176956,0.48649999499320984,21.73512077331543
712,0.9933000206947327,0.03516737371683121,0.5009999871253967,21.34477996826172
713,0.9937000274658203,0.03219325467944145,0.5074999928474426,21.686325073242188
714,0.9952999949455261,0.0328964926302433,0.49149999022483826,22.929685592651367
715,0.9940999746322632,0.030135367065668106,0.4909999966621399,21.964563369750977
716,0.9940999746322632,0.043521277606487274,0.4934999942779541,21.942581176757812
717,0.9952999949455261,0.031208014115691185,0.4945000112056732,20.89835548400879
718,0.9940000176429749,0.04058036953210831,0.49549999833106995,21.60931396484375
719,0.9926000237464905,0.04530544951558113,0.49050000309944153,21.00061798095703
720,0.9937999844551086,0.0346464067697525,0.476500004529953,22.003456115722656
721,0.9936000108718872,0.03827974200248718,0.5055000185966492,22.004915237426758
722,0.995199978351593,0.02947482280433178,0.5040000081062317,22.199522018432617
723,0.9950000047683716,0.0317421518266201,0.48750001192092896,24.946348190307617
724,0.9937999844551086,0.0437312014400959,0.48249998688697815,22.58666229248047
725,0.9934999942779541,0.04817971959710121,0.49149999022483826,22.216121673583984
726,0.9940000176429749,0.034646060317754745,0.4950000047683716,22.706642150878906
727,0.992900013923645,0.043520860373973846,0.47749999165534973,21.493389129638672
728,0.9940999746322632,0.042776480317115784,0.49149999022483826,22.054609298706055
729,0.9945999979972839,0.03738575428724289,0.49050000309944153,22.398792266845703
730,0.9941999912261963,0.03291124477982521,0.4964999854564667,23.18514633178711
731,0.9944999814033508,0.03972891718149185,0.4880000054836273,23.071134567260742
732,0.9937000274658203,0.04138234257698059,0.4880000054836273,23.172136306762695
733,0.9932000041007996,0.046049103140830994,0.5095000267028809,23.201343536376953
734,0.9955000281333923,0.033928290009498596,0.5005000233650208,23.015722274780273
735,0.9955999851226807,0.021179819479584694,0.49399998784065247,21.760438919067383
736,0.9939000010490417,0.037942979484796524,0.5019999742507935,22.62188720703125
737,0.9933000206947327,0.05198552832007408,0.5044999718666077,21.845264434814453
738,0.9927999973297119,0.04917662963271141,0.5130000114440918,21.881980895996094
739,0.9950000047683716,0.03235994651913643,0.4814999997615814,23.471046447753906
740,0.9940999746322632,0.048984725028276443,0.46799999475479126,22.691333770751953
741,0.994700014591217,0.025712765753269196,0.4984999895095825,22.934791564941406
742,0.9940999746322632,0.040474940091371536,0.5,23.67091941833496
743,0.9934999942779541,0.04175775125622749,0.5059999823570251,21.852298736572266
744,0.9944999814033508,0.04334327578544617,0.5015000104904175,22.23326301574707
745,0.9955000281333923,0.030912036076188087,0.48750001192092896,21.888776779174805
746,0.9936000108718872,0.038348231464624405,0.5024999976158142,23.60759162902832
747,0.9939000010490417,0.03947124630212784,0.5074999928474426,22.794939041137695
748,0.9940999746322632,0.0392436720430851,0.5005000233650208,23.09386444091797
749,0.9945999979972839,0.039450038224458694,0.49399998784065247,22.21367835998535
750,0.9933000206947327,0.04186227545142174,0.4945000112056732,22.348154067993164
751,0.9937999844551086,0.039248041808605194,0.49000000953674316,21.82804298400879
752,0.9944999814033508,0.0429781936109066,0.4950000047683716,21.74459457397461
753,0.9939000010490417,0.0397481694817543,0.47450000047683716,25.223512649536133
754,0.9922999739646912,0.05090678855776787,0.5065000057220459,22.006122589111328
755,0.9941999912261963,0.03450024873018265,0.5024999976158142,21.572317123413086
756,0.9937000274658203,0.03376862779259682,0.48649999499320984,22.62864112854004
757,0.9944000244140625,0.03303356468677521,0.492000013589859,22.581127166748047
758,0.9957000017166138,0.022758005186915398,0.4909999966621399,21.658443450927734
759,0.9940999746322632,0.04143639653921127,0.4894999861717224,21.199947357177734
760,0.993399977684021,0.045675139874219894,0.4830000102519989,21.402769088745117
761,0.9958000183105469,0.020308775827288628,0.4964999854564667,22.063232421875
762,0.9945999979972839,0.03257161006331444,0.4970000088214874,23.386022567749023
763,0.995199978351593,0.040101151913404465,0.48649999499320984,23.798011779785156
764,0.9932000041007996,0.052781492471694946,0.5084999799728394,24.039810180664062
765,0.995199978351593,0.024174967780709267,0.49799999594688416,23.593673706054688
766,0.9940999746322632,0.044378526508808136,0.4945000112056732,23.00348663330078
767,0.9943000078201294,0.031414732336997986,0.49050000309944153,23.70635414123535
768,0.9951000213623047,0.03309556096792221,0.49900001287460327,24.422800064086914
769,0.9944000244140625,0.048778850585222244,0.48750001192092896,25.143165588378906
770,0.9944999814033508,0.036310356110334396,0.49000000953674316,24.09621810913086
771,0.9941999912261963,0.03275391086935997,0.4830000102519989,23.42591094970703
772,0.9945999979972839,0.03427813574671745,0.4934999942779541,23.8250789642334
773,0.9955000281333923,0.03616226091980934,0.4945000112056732,24.69155502319336
774,0.9944999814033508,0.03706817701458931,0.4909999966621399,22.94530487060547
775,0.9939000010490417,0.04066136106848717,0.4779999852180481,23.28008460998535
776,0.9940999746322632,0.04321056976914406,0.5009999871253967,23.08901596069336
777,0.9927999973297119,0.05722294747829437,0.4984999895095825,22.676454544067383
778,0.9955999851226807,0.025974050164222717,0.4884999990463257,24.188894271850586
779,0.9932000041007996,0.042249809950590134,0.48100000619888306,24.015871047973633
780,0.9940999746322632,0.04028647020459175,0.49399998784065247,22.730546951293945
781,0.9922000169754028,0.051899977028369904,0.48249998688697815,23.587364196777344
782,0.9948999881744385,0.03260913863778114,0.5080000162124634,23.49081039428711
783,0.9941999912261963,0.03931732103228569,0.4934999942779541,23.92569923400879
784,0.9951000213623047,0.03570857644081116,0.4950000047683716,23.46368408203125
785,0.9944999814033508,0.040022701025009155,0.4964999854564667,24.167949676513672
786,0.9941999912261963,0.03621072694659233,0.5024999976158142,24.580368041992188
787,0.9954000115394592,0.02909162826836109,0.4869999885559082,23.795562744140625
788,0.9951000213623047,0.025263745337724686,0.4964999854564667,23.649789810180664
789,0.9944000244140625,0.04184059053659439,0.4934999942779541,23.69400978088379
790,0.9944000244140625,0.04137308523058891,0.4925000071525574,24.307903289794922
791,0.9943000078201294,0.044060010462999344,0.4934999942779541,25.17361068725586
792,0.995199978351593,0.030575357377529144,0.5040000081062317,24.980987548828125
793,0.9947999715805054,0.03969363123178482,0.4894999861717224,24.796281814575195
794,0.9940999746322632,0.0499921590089798,0.4945000112056732,23.42665672302246
795,0.9936000108718872,0.04309118911623955,0.5034999847412109,24.70761489868164
796,0.9941999912261963,0.04070728272199631,0.5130000114440918,23.598543167114258
797,0.9944000244140625,0.03493144363164902,0.49000000953674316,24.977584838867188
798,0.9937000274658203,0.04777665063738823,0.4934999942779541,24.16584014892578
799,0.995199978351593,0.02995569072663784,0.48899999260902405,25.832738876342773
800,0.9943000078201294,0.04369141906499863,0.49000000953674316,24.687973022460938
801,0.9951000213623047,0.03573639690876007,0.4945000112056732,24.060546875
802,0.9926000237464905,0.04629095271229744,0.4970000088214874,24.21532440185547
803,0.9940999746322632,0.04636726155877113,0.49950000643730164,24.292499542236328
804,0.9947999715805054,0.038687195628881454,0.5065000057220459,24.034414291381836
805,0.9939000010490417,0.044182002544403076,0.4970000088214874,23.958370208740234
806,0.9937999844551086,0.030972668901085854,0.49799999594688416,23.497121810913086
807,0.9945999979972839,0.04166458919644356,0.4975000023841858,24.859548568725586
808,0.994700014591217,0.0436662957072258,0.5,24.289716720581055
809,0.9955000281333923,0.04311913996934891,0.4950000047683716,24.598896026611328
810,0.9929999709129333,0.0439797043800354,0.48899999260902405,23.882497787475586
811,0.994700014591217,0.03320784494280815,0.49149999022483826,24.81060028076172
812,0.9936000108718872,0.04827342554926872,0.5005000233650208,24.18316078186035
813,0.9929999709129333,0.05145057290792465,0.4880000054836273,26.34115219116211
814,0.9933000206947327,0.040467824786901474,0.5040000081062317,24.167463302612305
815,0.994700014591217,0.037098221480846405,0.4925000071525574,24.787811279296875
816,0.9941999912261963,0.04310475289821625,0.5009999871253967,24.32151985168457
817,0.9941999912261963,0.04203123599290848,0.5019999742507935,23.30373764038086
818,0.9941999912261963,0.04280751943588257,0.4945000112056732,25.13681411743164
819,0.9944000244140625,0.0361415334045887,0.48750001192092896,24.86919593811035
820,0.9947999715805054,0.032616522163152695,0.4830000102519989,24.315717697143555
821,0.9937999844551086,0.04118883237242699,0.4964999854564667,25.668603897094727
822,0.9950000047683716,0.03461962565779686,0.492000013589859,24.880367279052734
823,0.9941999912261963,0.04872710257768631,0.4975000023841858,24.368412017822266
824,0.9944000244140625,0.0335049144923687,0.4884999990463257,26.95891571044922
825,0.9941999912261963,0.042032256722450256,0.47850000858306885,25.01864242553711
826,0.9941999912261963,0.04420289769768715,0.503000020980835,24.736156463623047
827,0.9944999814033508,0.03607967123389244,0.49399998784065247,24.88803482055664
828,0.9932000041007996,0.04444444924592972,0.4909999966621399,25.928098678588867
829,0.9943000078201294,0.040541909635066986,0.4909999966621399,25.502197265625
830,0.9930999875068665,0.05152597650885582,0.49549999833106995,25.488414764404297
831,0.9944999814033508,0.045554373413324356,0.4959999918937683,25.158641815185547
832,0.9940000176429749,0.045622434467077255,0.503000020980835,24.837860107421875
833,0.995199978351593,0.03235834464430809,0.49799999594688416,25.110605239868164
834,0.9940000176429749,0.03969318047165871,0.49549999833106995,25.278968811035156
835,0.9939000010490417,0.04347620904445648,0.49549999833106995,25.10368537902832
836,0.9936000108718872,0.044373348355293274,0.5115000009536743,25.165925979614258
837,0.9939000010490417,0.03885674849152565,0.48100000619888306,25.826101303100586
838,0.9954000115394592,0.03118116222321987,0.49799999594688416,25.346721649169922
839,0.9947999715805054,0.035390209406614304,0.5015000104904175,24.338743209838867
840,0.9950000047683716,0.0339273139834404,0.5065000057220459,25.10150146484375
841,0.9952999949455261,0.03688144311308861,0.4945000112056732,25.430479049682617
842,0.9944000244140625,0.04262859374284744,0.5005000233650208,25.78671646118164
843,0.9937999844551086,0.054852601140737534,0.5049999952316284,25.058067321777344
844,0.9950000047683716,0.03211041912436485,0.48350000381469727,25.257923126220703
845,0.9943000078201294,0.04581684619188309,0.4950000047683716,24.99094581604004
846,0.995199978351593,0.03989793732762337,0.5040000081062317,25.06671905517578
847,0.9939000010490417,0.04374602809548378,0.4909999966621399,25.36572265625
848,0.9955999851226807,0.02463175356388092,0.4830000102519989,24.639400482177734
849,0.9933000206947327,0.04475104808807373,0.49000000953674316,24.293773651123047
850,0.9947999715805054,0.0404222272336483,0.4894999861717224,25.006893157958984
851,0.9944000244140625,0.039396461099386215,0.4909999966621399,25.74521255493164
852,0.9934999942779541,0.05019107833504677,0.5070000290870667,26.590471267700195
853,0.9947999715805054,0.03555351123213768,0.5055000185966492,27.102746963500977
854,0.9943000078201294,0.03973334655165672,0.4959999918937683,26.919710159301758
855,0.9945999979972839,0.04219967871904373,0.4909999966621399,26.658966064453125
856,0.9937999844551086,0.04630854353308678,0.5084999799728394,26.026580810546875
857,0.9944000244140625,0.0317121259868145,0.5005000233650208,25.564451217651367
858,0.9940999746322632,0.03349107503890991,0.4975000023841858,26.994571685791016
859,0.9952999949455261,0.041021574288606644,0.4894999861717224,27.484262466430664
860,0.9943000078201294,0.04178033024072647,0.5034999847412109,27.41976547241211
861,0.9943000078201294,0.0417000874876976,0.5115000009536743,26.33612060546875
862,0.9939000010490417,0.04230274260044098,0.5040000081062317,27.037872314453125
863,0.9957000017166138,0.03281049057841301,0.47200000286102295,29.248022079467773
864,0.993399977684021,0.04706500098109245,0.4884999990463257,28.51412582397461
865,0.9937000274658203,0.05282210558652878,0.5034999847412109,26.152435302734375
866,0.994700014591217,0.0378698855638504,0.5034999847412109,25.31361961364746
867,0.9950000047683716,0.036318592727184296,0.5040000081062317,26.976219177246094
868,0.9944999814033508,0.044933851808309555,0.5040000081062317,26.703189849853516
869,0.9948999881744385,0.03592752292752266,0.4984999895095825,26.135854721069336
870,0.9966999888420105,0.02539447695016861,0.5015000104904175,26.825590133666992
871,0.9944999814033508,0.03607373312115669,0.5084999799728394,28.92926025390625
872,0.9941999912261963,0.040968794375658035,0.5024999976158142,28.00068473815918
873,0.9952999949455261,0.03428244963288307,0.49300000071525574,27.010211944580078
874,0.9934999942779541,0.04627355933189392,0.49300000071525574,27.08736801147461
875,0.9940000176429749,0.039831943809986115,0.4975000023841858,26.74480628967285
876,0.9951000213623047,0.031440187245607376,0.5,27.473838806152344
877,0.9939000010490417,0.04646184295415878,0.4934999942779541,27.298887252807617
878,0.9941999912261963,0.03656955435872078,0.48649999499320984,28.018831253051758
879,0.9948999881744385,0.04952224716544151,0.49149999022483826,26.82164764404297
880,0.9948999881744385,0.04154394567012787,0.5024999976158142,27.344999313354492
881,0.9955999851226807,0.03129450976848602,0.484499990940094,27.664426803588867
882,0.994700014591217,0.03557998314499855,0.5055000185966492,26.816946029663086
883,0.9951000213623047,0.046865448355674744,0.5115000009536743,27.73231315612793
884,0.9944999814033508,0.042289555072784424,0.49050000309944153,28.531360626220703
885,0.9952999949455261,0.031649231910705566,0.4869999885559082,28.497331619262695
886,0.9947999715805054,0.04518141970038414,0.4964999854564667,28.37114715576172
887,0.9958999752998352,0.0333232581615448,0.5044999718666077,27.914953231811523
888,0.9941999912261963,0.046156689524650574,0.4814999997615814,28.11193084716797
889,0.9941999912261963,0.046946439892053604,0.5019999742507935,28.630939483642578
890,0.9944999814033508,0.04156232997775078,0.4909999966621399,26.820026397705078
891,0.9952999949455261,0.03671560063958168,0.515999972820282,27.52835464477539
892,0.9958999752998352,0.028921950608491898,0.5044999718666077,28.11150360107422
893,0.9962000250816345,0.037145208567380905,0.5065000057220459,29.170190811157227
894,0.9936000108718872,0.06226290389895439,0.4964999854564667,28.315082550048828
895,0.9948999881744385,0.04369684308767319,0.4945000112056732,28.66200065612793
896,0.9959999918937683,0.027329159900546074,0.48249998688697815,28.519866943359375
897,0.9955999851226807,0.04376870021224022,0.49950000643730164,29.506959915161133
898,0.9955000281333923,0.032232169061899185,0.484499990940094,28.84047508239746
899,0.9944000244140625,0.04304603487253189,0.4984999895095825,29.25673484802246
900,0.9950000047683716,0.036064352840185165,0.5059999823570251,28.563690185546875
901,0.9944999814033508,0.04200759530067444,0.5024999976158142,29.151357650756836
902,0.9948999881744385,0.05371201038360596,0.5034999847412109,28.45958709716797
903,0.9951000213623047,0.02999516949057579,0.49149999022483826,28.922964096069336
904,0.9940999746322632,0.043421078473329544,0.49799999594688416,29.88018798828125
905,0.9951000213623047,0.02900003083050251,0.48100000619888306,28.84391212463379
906,0.9955999851226807,0.0370870865881443,0.4819999933242798,30.931812286376953
907,0.9937999844551086,0.05209260433912277,0.4814999997615814,30.96355628967285
908,0.9944999814033508,0.05109383165836334,0.49149999022483826,28.723106384277344
909,0.9945999979972839,0.03414914757013321,0.4869999885559082,30.364107131958008
910,0.9945999979972839,0.0552540048956871,0.4945000112056732,29.921173095703125
911,0.9955000281333923,0.03058924898505211,0.4934999942779541,30.4299259185791
912,0.9941999912261963,0.04228176549077034,0.4945000112056732,28.787818908691406
913,0.9958000183105469,0.025058133527636528,0.4950000047683716,28.508516311645508
914,0.9933000206947327,0.052491795271635056,0.5059999823570251,29.712095260620117
915,0.9944999814033508,0.04618679732084274,0.49900001287460327,29.183740615844727
916,0.9934999942779541,0.046760402619838715,0.5019999742507935,29.186941146850586
917,0.9944999814033508,0.04527220129966736,0.5015000104904175,28.657230377197266
918,0.9944000244140625,0.0521259568631649,0.5080000162124634,28.761327743530273
919,0.9955999851226807,0.03072294220328331,0.49950000643730164,31.539981842041016
920,0.9955000281333923,0.04120132699608803,0.48899999260902405,30.35616683959961
921,0.9962000250816345,0.026167748495936394,0.4855000078678131,29.513874053955078
922,0.994700014591217,0.04060951992869377,0.4860000014305115,29.97056007385254
923,0.9937000274658203,0.046146124601364136,0.49050000309944153,29.958709716796875
924,0.9958000183105469,0.04584985598921776,0.4945000112056732,29.690338134765625
925,0.9932000041007996,0.05390696972608566,0.49799999594688416,29.619596481323242
926,0.9941999912261963,0.03999749571084976,0.5074999928474426,28.74614906311035
927,0.9937000274658203,0.043023481965065,0.49399998784065247,30.707487106323242
928,0.9959999918937683,0.03297833725810051,0.4884999990463257,30.614816665649414
929,0.9950000047683716,0.05061962082982063,0.48500001430511475,29.616113662719727
930,0.994700014591217,0.035228755325078964,0.4975000023841858,29.36215591430664
931,0.9945999979972839,0.040108222514390945,0.492000013589859,29.097196578979492
932,0.9940999746322632,0.06212402507662773,0.49050000309944153,29.496713638305664
933,0.9957000017166138,0.03598453849554062,0.4975000023841858,30.313655853271484
934,0.9948999881744385,0.0463738739490509,0.49950000643730164,29.736061096191406
935,0.9947999715805054,0.0485258623957634,0.503000020980835,29.803037643432617
936,0.9940999746322632,0.044478800147771835,0.48100000619888306,29.741302490234375
937,0.994700014591217,0.03405364602804184,0.48100000619888306,30.129819869995117
938,0.9951000213623047,0.04131676256656647,0.484499990940094,28.746784210205078
939,0.9945999979972839,0.037758465856313705,0.5099999904632568,29.373868942260742
940,0.9945999979972839,0.04744138941168785,0.5055000185966492,30.30459976196289
941,0.994700014591217,0.046562474220991135,0.492000013589859,29.48528289794922
942,0.996399998664856,0.03424839302897453,0.4975000023841858,29.277080535888672
943,0.9939000010490417,0.054499730467796326,0.4934999942779541,28.849597930908203
944,0.9950000047683716,0.04131615161895752,0.4964999854564667,28.693326950073242
945,0.995199978351593,0.04168040305376053,0.48350000381469727,29.14631462097168
946,0.9926999807357788,0.049493882805109024,0.49000000953674316,29.85323715209961
947,0.9962999820709229,0.025554969906806946,0.4925000071525574,32.35493087768555
948,0.9958999752998352,0.03500278294086456,0.4964999854564667,30.52379608154297
949,0.996399998664856,0.026903320103883743,0.5049999952316284,29.026472091674805
950,0.995199978351593,0.04159235954284668,0.5040000081062317,29.954065322875977
951,0.9968000054359436,0.02866527996957302,0.5084999799728394,29.484600067138672
952,0.9940000176429749,0.06586377322673798,0.4934999942779541,28.992258071899414
953,0.9950000047683716,0.0307077094912529,0.5015000104904175,29.42131233215332
954,0.9944999814033508,0.04848757013678551,0.492000013589859,28.661304473876953
955,0.9958000183105469,0.023215586319565773,0.48500001430511475,30.672954559326172
956,0.9941999912261963,0.05707869306206703,0.4894999861717224,30.563085556030273
957,0.9948999881744385,0.03838033601641655,0.4790000021457672,30.900806427001953
958,0.9940999746322632,0.051873695105314255,0.48249998688697815,29.537471771240234
959,0.9957000017166138,0.036117348819971085,0.4860000014305115,31.314037322998047
960,0.9950000047683716,0.03033042512834072,0.5005000233650208,31.815204620361328
961,0.993399977684021,0.044776346534490585,0.49399998784065247,31.232479095458984
962,0.9957000017166138,0.03593100234866142,0.4975000023841858,30.861677169799805
963,0.9945999979972839,0.04040789231657982,0.4964999854564667,30.433218002319336
964,0.9944000244140625,0.04079486057162285,0.49950000643730164,30.073728561401367
965,0.9954000115394592,0.04198852926492691,0.4925000071525574,29.8684139251709
966,0.9958999752998352,0.03550896421074867,0.5044999718666077,29.753814697265625
967,0.9955999851226807,0.04673318192362785,0.5019999742507935,29.082324981689453
968,0.9937000274658203,0.05403072386980057,0.5024999976158142,29.454940795898438
969,0.995199978351593,0.035649701952934265,0.49399998784065247,30.86187744140625
970,0.995199978351593,0.045382678508758545,0.4884999990463257,30.233030319213867
971,0.9945999979972839,0.050483811646699905,0.49050000309944153,30.07269859313965
972,0.9936000108718872,0.04273489490151405,0.4860000014305115,30.832592010498047
973,0.9950000047683716,0.037523627281188965,0.48649999499320984,31.76669692993164
974,0.9941999912261963,0.046755414456129074,0.5055000185966492,29.024154663085938
975,0.9941999912261963,0.049567896872758865,0.5015000104904175,28.978675842285156
976,0.9952999949455261,0.03266414627432823,0.5084999799728394,29.82205581665039
977,0.9951000213623047,0.04525453597307205,0.5074999928474426,30.52423858642578
978,0.9962000250816345,0.031094122678041458,0.4860000014305115,28.997882843017578
979,0.9952999949455261,0.03863336145877838,0.49799999594688416,29.758106231689453
980,0.9957000017166138,0.04485015943646431,0.5009999871253967,30.34401512145996
981,0.9930999875068665,0.05925958976149559,0.5074999928474426,29.864652633666992
982,0.9943000078201294,0.042532581835985184,0.49799999594688416,29.81241798400879
983,0.9955999851226807,0.03763553127646446,0.49149999022483826,30.821107864379883
984,0.9945999979972839,0.03990938887000084,0.48649999499320984,30.200037002563477
985,0.9933000206947327,0.052986107766628265,0.4984999895095825,30.164653778076172
986,0.9948999881744385,0.04742518067359924,0.47749999165534973,31.213058471679688
987,0.9943000078201294,0.05445010960102081,0.49900001287460327,30.320390701293945
988,0.9954000115394592,0.03510032966732979,0.4860000014305115,30.4073429107666
989,0.995199978351593,0.04289636015892029,0.48899999260902405,30.11805534362793
990,0.994700014591217,0.035941243171691895,0.4855000078678131,30.938047409057617
991,0.9933000206947327,0.06272154301404953,0.4964999854564667,30.596433639526367
992,0.9945999979972839,0.04864562675356865,0.4975000023841858,31.1605167388916
993,0.995199978351593,0.04097024351358414,0.4884999990463257,32.99573516845703
994,0.9950000047683716,0.045710109174251556,0.5105000138282776,32.13970947265625
995,0.9961000084877014,0.03053167462348938,0.4869999885559082,31.255950927734375
996,0.9945999979972839,0.040079209953546524,0.48649999499320984,30.742788314819336
997,0.9937000274658203,0.04570375010371208,0.5005000233650208,30.21837043762207
998,0.9948999881744385,0.0476849302649498,0.492000013589859,31.35710334777832
999,0.9969000220298767,0.03127899020910263,0.49950000643730164,32.38199996948242
