epoch,accuracy,loss,val_accuracy,val_loss
0,0.12950000166893005,2.303185224533081,0.12600000202655792,2.2936463356018066
1,0.13449999690055847,2.288851022720337,0.13950000703334808,2.2848448753356934
2,0.14550000429153442,2.2810733318328857,0.15549999475479126,2.2773656845092773
3,0.15960000455379486,2.2734251022338867,0.18700000643730164,2.269458293914795
4,0.18129999935626984,2.2647862434387207,0.19850000739097595,2.2596516609191895
5,0.19859999418258667,2.254669427871704,0.21199999749660492,2.248622179031372
6,0.20340000092983246,2.2435057163238525,0.23100000619888306,2.2363123893737793
7,0.21379999816417694,2.2307803630828857,0.21250000596046448,2.2235052585601807
8,0.2150000035762787,2.2159922122955322,0.23199999332427979,2.2059543132781982
9,0.2272000014781952,2.1989612579345703,0.23899999260902405,2.187464952468872
10,0.23469999432563782,2.1798393726348877,0.23399999737739563,2.1687235832214355
11,0.23360000550746918,2.158989429473877,0.2304999977350235,2.1472911834716797
12,0.2410999983549118,2.137092113494873,0.2460000067949295,2.1230251789093018
13,0.24789999425411224,2.1147561073303223,0.25049999356269836,2.099468231201172
14,0.2549999952316284,2.0934207439422607,0.25,2.0791985988616943
15,0.2596000134944916,2.0735111236572266,0.2694999873638153,2.0628268718719482
16,0.26589998602867126,2.0557751655578613,0.25049999356269836,2.0447604656219482
17,0.2696000039577484,2.0396995544433594,0.2669999897480011,2.032710313796997
18,0.2727999985218048,2.02665638923645,0.25999999046325684,2.0178370475769043
19,0.27309998869895935,2.0135209560394287,0.2565000057220459,2.006316900253296
20,0.28029999136924744,2.0024940967559814,0.2775000035762787,1.9980446100234985
21,0.28200000524520874,1.9929226636886597,0.2590000033378601,1.989088535308838
22,0.28349998593330383,1.9833381175994873,0.273499995470047,1.9909381866455078
23,0.2872999906539917,1.9753589630126953,0.2694999873638153,1.9746501445770264
24,0.289000004529953,1.9668726921081543,0.2745000123977661,1.977417230606079
25,0.2953999936580658,1.9594048261642456,0.2815000116825104,1.9546467065811157
26,0.2994999885559082,1.9506006240844727,0.27250000834465027,1.9547251462936401
27,0.3003000020980835,1.9433515071868896,0.29100000858306885,1.9437493085861206
28,0.3018999993801117,1.9362154006958008,0.273499995470047,1.942279577255249
29,0.3041999936103821,1.9293549060821533,0.2865000069141388,1.9343359470367432
30,0.3093999922275543,1.9228925704956055,0.29499998688697815,1.9232646226882935
31,0.311599999666214,1.9156702756881714,0.2980000078678131,1.9219639301300049
32,0.3149999976158142,1.9091970920562744,0.29350000619888306,1.9114680290222168
33,0.31459999084472656,1.9024306535720825,0.29899999499320984,1.904463768005371
34,0.3174999952316284,1.8965156078338623,0.2955000102519989,1.903793454170227
35,0.32030001282691956,1.8891476392745972,0.3034999966621399,1.8973727226257324
36,0.3246999979019165,1.88347327709198,0.3095000088214874,1.8996713161468506
37,0.32739999890327454,1.8766841888427734,0.3050000071525574,1.8835891485214233
38,0.32989999651908875,1.8701517581939697,0.30399999022483826,1.8757537603378296
39,0.33489999175071716,1.8638043403625488,0.3005000054836273,1.8832780122756958
40,0.3366999924182892,1.856399655342102,0.30799999833106995,1.8752543926239014
41,0.33550000190734863,1.8518859148025513,0.3165000081062317,1.882866382598877
42,0.337799996137619,1.8454755544662476,0.31349998712539673,1.8555618524551392
43,0.34130001068115234,1.838775634765625,0.31450000405311584,1.8527277708053589
44,0.34310001134872437,1.833348274230957,0.3199999928474426,1.842968225479126
45,0.3458999991416931,1.8273371458053589,0.328000009059906,1.837374210357666
46,0.34860000014305115,1.8212472200393677,0.31049999594688416,1.8507336378097534
47,0.35040000081062317,1.8152714967727661,0.3330000042915344,1.8275736570358276
48,0.3504999876022339,1.810172438621521,0.3305000066757202,1.822237253189087
49,0.357699990272522,1.8039230108261108,0.34299999475479126,1.81846284866333
50,0.3580999970436096,1.7983003854751587,0.3240000009536743,1.8149702548980713
51,0.3587999939918518,1.7928781509399414,0.34599998593330383,1.8101601600646973
52,0.3637000024318695,1.7867380380630493,0.3330000042915344,1.8046176433563232
53,0.36340001225471497,1.7826939821243286,0.34299999475479126,1.8055447340011597
54,0.37119999527931213,1.7785818576812744,0.3384999930858612,1.8003425598144531
55,0.36899998784065247,1.7716724872589111,0.3334999978542328,1.8249404430389404
56,0.37220001220703125,1.7672889232635498,0.3305000066757202,1.8005167245864868
57,0.3714999854564667,1.7623345851898193,0.3370000123977661,1.7872453927993774
58,0.37310001254081726,1.7584868669509888,0.3305000066757202,1.7970659732818604
59,0.37700000405311584,1.7554261684417725,0.34700000286102295,1.7862917184829712
60,0.3765000104904175,1.7475659847259521,0.3555000126361847,1.7909995317459106
61,0.3824000060558319,1.744748592376709,0.3499999940395355,1.798345923423767
62,0.382099986076355,1.738569736480713,0.3179999887943268,1.8642773628234863
63,0.3813000023365021,1.735837459564209,0.3190000057220459,1.8410850763320923
64,0.384799987077713,1.7324286699295044,0.33899998664855957,1.7978154420852661
65,0.382999986410141,1.7254363298416138,0.367000013589859,1.7477887868881226
66,0.38690000772476196,1.7216087579727173,0.3610000014305115,1.7496298551559448
67,0.38940000534057617,1.7178055047988892,0.3619999885559082,1.7419512271881104
68,0.3939000070095062,1.7128006219863892,0.3610000014305115,1.756069540977478
69,0.3889999985694885,1.7092205286026,0.3440000116825104,1.7773923873901367
70,0.3928999900817871,1.705536961555481,0.34599998593330383,1.7818742990493774
71,0.39399999380111694,1.7020817995071411,0.37450000643730164,1.7258594036102295
72,0.3959999978542328,1.6968224048614502,0.3504999876022339,1.747015118598938
73,0.39719998836517334,1.691772699356079,0.35899999737739563,1.7244627475738525
74,0.39890000224113464,1.6876006126403809,0.36399999260902405,1.7464253902435303
75,0.39879998564720154,1.6838023662567139,0.3889999985694885,1.717668056488037
76,0.40130001306533813,1.6798861026763916,0.359499990940094,1.7549970149993896
77,0.4032999873161316,1.6762417554855347,0.3765000104904175,1.7207976579666138
78,0.40549999475479126,1.6708824634552002,0.3774999976158142,1.7631914615631104
79,0.4081999957561493,1.666353464126587,0.37599998712539673,1.7262731790542603
80,0.412200003862381,1.6630550622940063,0.3765000104904175,1.7450299263000488
81,0.41019999980926514,1.6596013307571411,0.39100000262260437,1.6803501844406128
82,0.4066999852657318,1.6559900045394897,0.3774999976158142,1.7115294933319092
83,0.4104999899864197,1.6512869596481323,0.3725000023841858,1.7384729385375977
84,0.4122999906539917,1.6491386890411377,0.3799999952316284,1.6891300678253174
85,0.4165000021457672,1.6423239707946777,0.3580000102519989,1.7494710683822632
86,0.4122999906539917,1.6395251750946045,0.40450000762939453,1.6692897081375122
87,0.415800005197525,1.6357413530349731,0.38850000500679016,1.6757348775863647
88,0.4165000021457672,1.6333268880844116,0.3935000002384186,1.668931007385254
89,0.41830000281333923,1.6276124715805054,0.39899998903274536,1.6978586912155151
90,0.4180000126361847,1.627308964729309,0.3334999978542328,1.7790699005126953
91,0.4187999963760376,1.6219772100448608,0.39500001072883606,1.6736797094345093
92,0.4203999936580658,1.6183781623840332,0.3815000057220459,1.7697465419769287
93,0.4242999851703644,1.6142877340316772,0.39750000834465027,1.6760624647140503
94,0.4242999851703644,1.6095086336135864,0.3959999978542328,1.6482247114181519
95,0.421999990940094,1.6069564819335938,0.39100000262260437,1.6610921621322632
96,0.42739999294281006,1.6036486625671387,0.38199999928474426,1.7463637590408325
97,0.42809998989105225,1.5997244119644165,0.40299999713897705,1.6369218826293945
98,0.4311999976634979,1.594529151916504,0.3995000123977661,1.7041971683502197
99,0.426800012588501,1.5928202867507935,0.3930000066757202,1.6638424396514893
100,0.4293999969959259,1.5899145603179932,0.40400001406669617,1.6467002630233765
101,0.4345000088214874,1.586995005607605,0.3540000021457672,1.748889684677124
102,0.4325999915599823,1.5842477083206177,0.3644999861717224,1.734100341796875
103,0.4320000112056732,1.5820577144622803,0.414000004529953,1.6636220216751099
104,0.4325999915599823,1.5781943798065186,0.39649999141693115,1.6478689908981323
105,0.4316999912261963,1.5735738277435303,0.40799999237060547,1.6230285167694092
106,0.43549999594688416,1.5720477104187012,0.39250001311302185,1.6356161832809448
107,0.43700000643730164,1.5678240060806274,0.4154999852180481,1.6303246021270752
108,0.4397999942302704,1.5647896528244019,0.4194999933242798,1.6091649532318115
109,0.4422000050544739,1.5621328353881836,0.429500013589859,1.5978803634643555
110,0.4408999979496002,1.5594635009765625,0.39750000834465027,1.6754387617111206
111,0.4406999945640564,1.5585275888442993,0.39149999618530273,1.6687108278274536
112,0.4440999925136566,1.5554392337799072,0.42149999737739563,1.6105707883834839
113,0.4474000036716461,1.550702452659607,0.4059999883174896,1.6154853105545044
114,0.4408999979496002,1.5478599071502686,0.3880000114440918,1.7555497884750366
115,0.44699999690055847,1.5485806465148926,0.4194999933242798,1.6331424713134766
116,0.44429999589920044,1.5457226037979126,0.4235000014305115,1.6234138011932373
117,0.4481000006198883,1.5409791469573975,0.4180000126361847,1.6258893013000488
118,0.4523000121116638,1.5401697158813477,0.42250001430511475,1.5971046686172485
119,0.45159998536109924,1.5380407571792603,0.4320000112056732,1.5687223672866821
120,0.44999998807907104,1.5334614515304565,0.40799999237060547,1.603046178817749
121,0.4514000117778778,1.5336815118789673,0.3959999978542328,1.6375393867492676
122,0.45339998602867126,1.5288914442062378,0.4325000047683716,1.5687803030014038
123,0.4496000111103058,1.528022289276123,0.43549999594688416,1.5841014385223389
124,0.4564000070095062,1.524583101272583,0.4284999966621399,1.5776143074035645
125,0.4564000070095062,1.5220412015914917,0.42899999022483826,1.6268832683563232
126,0.4593999981880188,1.5202295780181885,0.43700000643730164,1.564267635345459
127,0.4578000009059906,1.516296148300171,0.4244999885559082,1.583432912826538
128,0.4553000032901764,1.5141621828079224,0.37049999833106995,1.8700591325759888
129,0.4562000036239624,1.5198962688446045,0.43549999594688416,1.5477150678634644
130,0.4611999988555908,1.5101165771484375,0.4404999911785126,1.553356647491455
131,0.45719999074935913,1.5117251873016357,0.4194999933242798,1.590246558189392
132,0.45680001378059387,1.508678674697876,0.4404999911785126,1.549666166305542
133,0.46209999918937683,1.5038542747497559,0.44350001215934753,1.5538865327835083
134,0.4650999903678894,1.5013294219970703,0.4440000057220459,1.555299162864685
135,0.46129998564720154,1.501645565032959,0.41749998927116394,1.6160484552383423
136,0.46140000224113464,1.5020601749420166,0.4180000126361847,1.5849062204360962
137,0.4641000032424927,1.4979760646820068,0.44600000977516174,1.5627511739730835
138,0.45980000495910645,1.4986693859100342,0.44999998807907104,1.5417263507843018
139,0.4668999910354614,1.4932122230529785,0.44699999690055847,1.5500504970550537
140,0.4636000096797943,1.4889793395996094,0.4284999966621399,1.6163266897201538
141,0.4659999907016754,1.489641547203064,0.4440000057220459,1.5759315490722656
142,0.46459999680519104,1.4873064756393433,0.4325000047683716,1.612793207168579
143,0.4699999988079071,1.4869365692138672,0.45649999380111694,1.5301975011825562
144,0.4708000123500824,1.4857606887817383,0.4269999861717224,1.576454520225525
145,0.4675000011920929,1.4840670824050903,0.4359999895095825,1.5862773656845093
146,0.4747999906539917,1.4799513816833496,0.43700000643730164,1.5408066511154175
147,0.4729999899864197,1.4763468503952026,0.4325000047683716,1.5672333240509033
148,0.47530001401901245,1.4749083518981934,0.3889999985694885,1.7333252429962158
149,0.4729999899864197,1.4763308763504028,0.2955000102519989,2.3037686347961426
150,0.47380000352859497,1.4804998636245728,0.4325000047683716,1.5463236570358276
151,0.4765999913215637,1.4685308933258057,0.42649999260902405,1.5644080638885498
152,0.4772999882698059,1.468800663948059,0.3944999873638153,1.702282428741455
153,0.476500004529953,1.4681850671768188,0.4449999928474426,1.5709165334701538
154,0.47850000858306885,1.4653078317642212,0.4650000035762787,1.5077199935913086
155,0.4812999963760376,1.4622124433517456,0.4255000054836273,1.577698826789856
156,0.47620001435279846,1.4649410247802734,0.43299999833106995,1.5799639225006104
157,0.47839999198913574,1.4612785577774048,0.44749999046325684,1.5155307054519653
158,0.48420000076293945,1.455805778503418,0.4465000033378601,1.5190584659576416
159,0.4830999970436096,1.4562546014785767,0.44699999690055847,1.5982738733291626
160,0.48399999737739563,1.4553911685943604,0.4099999964237213,1.6052029132843018
161,0.48330000042915344,1.4510197639465332,0.4259999990463257,1.6013269424438477
162,0.48410001397132874,1.4513245820999146,0.4359999895095825,1.5997211933135986
163,0.48010000586509705,1.4489624500274658,0.44350001215934753,1.551038384437561
164,0.48399999737739563,1.4488343000411987,0.4359999895095825,1.5662373304367065
165,0.482699990272522,1.4475656747817993,0.4729999899864197,1.5036250352859497
166,0.4860999882221222,1.4439327716827393,0.46000000834465027,1.495998740196228
167,0.48410001397132874,1.442507266998291,0.45249998569488525,1.5116528272628784
168,0.4871000051498413,1.4378992319107056,0.4555000066757202,1.6332706212997437
169,0.491100013256073,1.4424023628234863,0.46700000762939453,1.4941205978393555
170,0.4871000051498413,1.4376029968261719,0.45249998569488525,1.5129923820495605
171,0.4860999882221222,1.4408659934997559,0.28700000047683716,2.4691972732543945
172,0.48840001225471497,1.450290322303772,0.41749998927116394,1.6486605405807495
173,0.48660001158714294,1.4376436471939087,0.47350001335144043,1.5129544734954834
174,0.48989999294281006,1.4342809915542603,0.44350001215934753,1.6090850830078125
175,0.48980000615119934,1.4311851263046265,0.46000000834465027,1.5447605848312378
176,0.49549999833106995,1.4284899234771729,0.46299999952316284,1.494329810142517
177,0.4966999888420105,1.4270319938659668,0.453000009059906,1.5254709720611572
178,0.49480000138282776,1.4251660108566284,0.45899999141693115,1.5035556554794312
179,0.49239999055862427,1.4248151779174805,0.42899999022483826,1.5695035457611084
180,0.4957999885082245,1.4218223094940186,0.43549999594688416,1.6150215864181519
181,0.4959000051021576,1.421012043952942,0.4634999930858612,1.4919347763061523
182,0.49799999594688416,1.4209352731704712,0.46799999475479126,1.4840459823608398
183,0.4993000030517578,1.4147028923034668,0.46000000834465027,1.5075695514678955
184,0.4993000030517578,1.4137171506881714,0.4634999930858612,1.5185747146606445
185,0.49959999322891235,1.4149930477142334,0.46399998664855957,1.510483741760254
186,0.4982999861240387,1.4135501384735107,0.4325000047683716,1.562279224395752
187,0.4993000030517578,1.4136762619018555,0.4494999945163727,1.5846264362335205
188,0.49970000982284546,1.41025972366333,0.4855000078678131,1.4563461542129517
189,0.501800000667572,1.4126510620117188,0.4675000011920929,1.5222668647766113
190,0.5008000135421753,1.405456781387329,0.4749999940395355,1.4703130722045898
191,0.5059000253677368,1.4044042825698853,0.4325000047683716,1.575796127319336
192,0.4997999966144562,1.406355857849121,0.4634999930858612,1.4902300834655762
193,0.5055999755859375,1.4023321866989136,0.4925000071525574,1.4601163864135742
194,0.5029000043869019,1.3989346027374268,0.49549999833106995,1.4610183238983154
195,0.5002999901771545,1.4018265008926392,0.4814999997615814,1.4625110626220703
196,0.507099986076355,1.3984655141830444,0.4569999873638153,1.5155125856399536
197,0.5027999877929688,1.3977394104003906,0.47999998927116394,1.469357967376709
198,0.5088000297546387,1.392886757850647,0.4855000078678131,1.487423062324524
199,0.507099986076355,1.393625259399414,0.47999998927116394,1.4638842344284058
200,0.506600022315979,1.3907190561294556,0.43700000643730164,1.5793472528457642
201,0.5069000124931335,1.3938941955566406,0.484499990940094,1.4848511219024658
202,0.5105000138282776,1.3887255191802979,0.46700000762939453,1.5068928003311157
203,0.5074999928474426,1.3884299993515015,0.48899999260902405,1.4549307823181152
204,0.5023999810218811,1.387901782989502,0.46799999475479126,1.4666357040405273
205,0.5109000205993652,1.3846114873886108,0.45350000262260437,1.5020525455474854
206,0.5103999972343445,1.3847448825836182,0.4855000078678131,1.4549705982208252
207,0.5099999904632568,1.3827738761901855,0.4620000123977661,1.514201045036316
208,0.5116000175476074,1.3835495710372925,0.4690000116825104,1.4790713787078857
209,0.5141000151634216,1.377759575843811,0.49149999022483826,1.4421887397766113
210,0.5101000070571899,1.3800143003463745,0.44850000739097595,1.5863654613494873
211,0.51419997215271,1.3777068853378296,0.48249998688697815,1.482278823852539
212,0.5149000287055969,1.3730992078781128,0.4269999861717224,1.5872243642807007
213,0.5157999992370605,1.3737223148345947,0.47200000286102295,1.452973484992981
214,0.5134999752044678,1.3739213943481445,0.4650000035762787,1.487640142440796
215,0.519599974155426,1.3696506023406982,0.47099998593330383,1.5044132471084595
216,0.5109999775886536,1.372244954109192,0.48100000619888306,1.4602365493774414
217,0.5169000029563904,1.3650245666503906,0.46000000834465027,1.5932445526123047
218,0.5156999826431274,1.371567726135254,0.4830000102519989,1.5072039365768433
219,0.5231000185012817,1.3660328388214111,0.4884999990463257,1.4707962274551392
220,0.5192000269889832,1.3627105951309204,0.4880000054836273,1.434346079826355
221,0.5187000036239624,1.364229440689087,0.4659999907016754,1.4674912691116333
222,0.5198000073432922,1.3608877658843994,0.49399998784065247,1.4434133768081665
223,0.5174000263214111,1.3619213104248047,0.4814999997615814,1.4425290822982788
224,0.5213000178337097,1.3588439226150513,0.4690000116825104,1.485742449760437
225,0.5206000208854675,1.3551884889602661,0.45249998569488525,1.537795901298523
226,0.5231999754905701,1.353690505027771,0.4819999933242798,1.4694823026657104
227,0.521399974822998,1.3543192148208618,0.4884999990463257,1.4351261854171753
228,0.5220999717712402,1.3533101081848145,0.3880000114440918,1.8685722351074219
229,0.522599995136261,1.3550370931625366,0.45750001072883606,1.586794376373291
230,0.5213000178337097,1.353764295578003,0.4675000011920929,1.4886878728866577
231,0.5263000130653381,1.3474239110946655,0.48649999499320984,1.4379527568817139
232,0.5256999731063843,1.347183346748352,0.4729999899864197,1.474509596824646
233,0.5254999995231628,1.3449625968933105,0.4634999930858612,1.4816911220550537
234,0.525600016117096,1.3459842205047607,0.42899999022483826,1.6983152627944946
235,0.5245000123977661,1.3467926979064941,0.49900001287460327,1.4412177801132202
236,0.524399995803833,1.3403891324996948,0.4894999861717224,1.4504283666610718
237,0.5249999761581421,1.3418080806732178,0.48649999499320984,1.4403002262115479
238,0.5248000025749207,1.339949369430542,0.49900001287460327,1.4599426984786987
239,0.5275999903678894,1.3359928131103516,0.460999995470047,1.4882009029388428
240,0.5303000211715698,1.3349008560180664,0.34549999237060547,2.073662757873535
241,0.527400016784668,1.3397727012634277,0.4884999990463257,1.423459768295288
242,0.5318999886512756,1.3340110778808594,0.5080000162124634,1.4153715372085571
243,0.5302000045776367,1.3339170217514038,0.48350000381469727,1.4460172653198242
244,0.5296000242233276,1.3295525312423706,0.47350001335144043,1.4762463569641113
245,0.5281999707221985,1.332337737083435,0.5065000057220459,1.3982887268066406
246,0.5329999923706055,1.3288604021072388,0.47200000286102295,1.4840277433395386
247,0.5317000150680542,1.3265080451965332,0.45500001311302185,1.5198347568511963
248,0.5320000052452087,1.3302571773529053,0.47200000286102295,1.4538482427597046
249,0.534600019454956,1.3223037719726562,0.4690000116825104,1.4705109596252441
250,0.5346999764442444,1.3244094848632812,0.4699999988079071,1.4833875894546509
251,0.5320000052452087,1.3258917331695557,0.5049999952316284,1.4092543125152588
252,0.5386999845504761,1.3191251754760742,0.5009999871253967,1.4111398458480835
253,0.5350000262260437,1.320525050163269,0.48899999260902405,1.4576725959777832
254,0.5382000207901001,1.3181147575378418,0.49300000071525574,1.4614626169204712
255,0.5389999747276306,1.3176488876342773,0.4580000042915344,1.5061477422714233
256,0.5385000109672546,1.3162204027175903,0.43549999594688416,1.5600032806396484
257,0.5365999937057495,1.3200803995132446,0.46799999475479126,1.4788522720336914
258,0.5371999740600586,1.3151400089263916,0.49000000953674316,1.442093014717102
259,0.5401999950408936,1.3136141300201416,0.4909999966621399,1.4188050031661987
260,0.5394999980926514,1.3098371028900146,0.49399998784065247,1.404151201248169
261,0.5439000129699707,1.3065167665481567,0.4934999942779541,1.4602067470550537
262,0.5394999980926514,1.307949423789978,0.5184999704360962,1.3871488571166992
263,0.5389999747276306,1.3079754114151,0.4869999885559082,1.496659517288208
264,0.536300003528595,1.3077056407928467,0.49050000309944153,1.4066344499588013
265,0.538100004196167,1.3076868057250977,0.48100000619888306,1.4452853202819824
266,0.5418999791145325,1.3066154718399048,0.5134999752044678,1.4055393934249878
267,0.541100025177002,1.3034476041793823,0.5070000290870667,1.450359582901001
268,0.5422999858856201,1.3026851415634155,0.4925000071525574,1.4128435850143433
269,0.5440999865531921,1.3010084629058838,0.4805000126361847,1.4372339248657227
270,0.5467000007629395,1.2986522912979126,0.5134999752044678,1.3916202783584595
271,0.5425999760627747,1.2964822053909302,0.4790000021457672,1.4559048414230347
272,0.5443000197410583,1.2989387512207031,0.5005000233650208,1.3998496532440186
273,0.5457000136375427,1.2921043634414673,0.5149999856948853,1.3890665769577026
274,0.5461999773979187,1.294134497642517,0.49549999833106995,1.448716163635254
275,0.544700026512146,1.294468879699707,0.4880000054836273,1.4547475576400757
276,0.5461999773979187,1.29038667678833,0.5164999961853027,1.4016451835632324
277,0.5462999939918518,1.2893184423446655,0.5145000219345093,1.3897221088409424
278,0.550000011920929,1.2881369590759277,0.49300000071525574,1.4264640808105469
279,0.5489000082015991,1.2867951393127441,0.4975000023841858,1.4093537330627441
280,0.5494999885559082,1.2851053476333618,0.5074999928474426,1.4089716672897339
281,0.5479000210762024,1.282227873802185,0.5149999856948853,1.3703789710998535
282,0.5504999756813049,1.286897897720337,0.4959999918937683,1.4334642887115479
283,0.5504000186920166,1.2835859060287476,0.5095000267028809,1.3929505348205566
284,0.5511000156402588,1.2776929140090942,0.5145000219345093,1.3739397525787354
285,0.5494999885559082,1.2780267000198364,0.4555000066757202,1.501205563545227
286,0.5529999732971191,1.2769170999526978,0.4584999978542328,1.5360339879989624
287,0.5478000044822693,1.283381462097168,0.4404999911785126,1.605814814567566
288,0.5507000088691711,1.278719425201416,0.512499988079071,1.3997511863708496
289,0.5547999739646912,1.2730885744094849,0.5180000066757202,1.3853068351745605
290,0.5580999851226807,1.272662878036499,0.5180000066757202,1.3872895240783691
291,0.5539000034332275,1.2708590030670166,0.5130000114440918,1.37323796749115
292,0.555400013923645,1.2726221084594727,0.5015000104904175,1.3862659931182861
293,0.5575000047683716,1.2683887481689453,0.5070000290870667,1.390439748764038
294,0.5568000078201294,1.2690061330795288,0.4410000145435333,1.6339725255966187
295,0.5523999929428101,1.2724456787109375,0.5019999742507935,1.410017967224121
296,0.5587000250816345,1.264944076538086,0.5285000205039978,1.3806252479553223
297,0.5570999979972839,1.2645021677017212,0.5224999785423279,1.3705989122390747
298,0.5583999752998352,1.2653770446777344,0.5199999809265137,1.3771408796310425
299,0.5572999715805054,1.2638931274414062,0.4975000023841858,1.3922785520553589
300,0.5583999752998352,1.2599172592163086,0.503000020980835,1.3872274160385132
301,0.5620999932289124,1.2632205486297607,0.4620000123977661,1.518208384513855
302,0.564300000667572,1.259065866470337,0.5184999704360962,1.3963712453842163
303,0.5577999949455261,1.2589291334152222,0.4269999861717224,1.7900058031082153
304,0.5577999949455261,1.2608169317245483,0.5105000138282776,1.3731672763824463
305,0.5602999925613403,1.256374478340149,0.45350000262260437,1.5256749391555786
306,0.5612999796867371,1.255333662033081,0.49900001287460327,1.416709542274475
307,0.5580000281333923,1.2546870708465576,0.503000020980835,1.4807567596435547
308,0.5658000111579895,1.2522237300872803,0.5084999799728394,1.3697580099105835
309,0.565500020980835,1.247896432876587,0.515999972820282,1.3775469064712524
310,0.5608000159263611,1.2481634616851807,0.5149999856948853,1.3866918087005615
311,0.5634999871253967,1.2496243715286255,0.476500004529953,1.4585201740264893
312,0.5616999864578247,1.2540171146392822,0.515500009059906,1.3673917055130005
313,0.5654000043869019,1.2421531677246094,0.5149999856948853,1.3817296028137207
314,0.564300000667572,1.2444449663162231,0.5220000147819519,1.3638169765472412
315,0.5652999877929688,1.2431687116622925,0.49950000643730164,1.4322339296340942
316,0.5637000203132629,1.2483501434326172,0.4884999990463257,1.4185538291931152
317,0.5616000294685364,1.2462661266326904,0.5249999761581421,1.3427647352218628
318,0.5651999711990356,1.2386850118637085,0.5239999890327454,1.3448705673217773
319,0.5666000247001648,1.240684151649475,0.5080000162124634,1.3983088731765747
320,0.5690000057220459,1.2352628707885742,0.515500009059906,1.375727653503418
321,0.5659999847412109,1.23689866065979,0.5139999985694885,1.387098789215088
322,0.5674999952316284,1.2371294498443604,0.4909999966621399,1.4464302062988281
323,0.5659999847412109,1.2377899885177612,0.48899999260902405,1.4320727586746216
324,0.5695000290870667,1.235897421836853,0.492000013589859,1.4038112163543701
325,0.5715000033378601,1.2335933446884155,0.43650001287460327,1.6192715167999268
326,0.5698999762535095,1.2324680089950562,0.5120000243186951,1.4073902368545532
327,0.5733000040054321,1.2303088903427124,0.5164999961853027,1.427251935005188
328,0.5694000124931335,1.230242133140564,0.5195000171661377,1.3779631853103638
329,0.5745999813079834,1.2268418073654175,0.5325000286102295,1.3525925874710083
330,0.5728999972343445,1.2243589162826538,0.4675000011920929,1.4896738529205322
331,0.5726000070571899,1.2258431911468506,0.5095000267028809,1.4557446241378784
332,0.5740000009536743,1.2279407978057861,0.5134999752044678,1.385877251625061
333,0.5723999738693237,1.2206498384475708,0.5274999737739563,1.3373312950134277
334,0.5745999813079834,1.221839427947998,0.45350000262260437,1.5665228366851807
335,0.5734999775886536,1.2235468626022339,0.5304999947547913,1.3419616222381592
336,0.5763999819755554,1.218785285949707,0.5170000195503235,1.3796956539154053
337,0.5705999732017517,1.218619704246521,0.5260000228881836,1.3785134553909302
338,0.5741000175476074,1.2183396816253662,0.5270000100135803,1.3471355438232422
339,0.5796999931335449,1.2137211561203003,0.4950000047683716,1.431954264640808
340,0.5741000175476074,1.2147023677825928,0.5120000243186951,1.4129952192306519
341,0.5787000060081482,1.2139370441436768,0.5199999809265137,1.3804279565811157
342,0.5760999917984009,1.2142826318740845,0.503000020980835,1.416277289390564
343,0.5799999833106995,1.2114073038101196,0.5099999904632568,1.3930765390396118
344,0.5751000046730042,1.2138075828552246,0.5360000133514404,1.3415790796279907
345,0.579200029373169,1.2105315923690796,0.5199999809265137,1.343559980392456
346,0.5776000022888184,1.207909107208252,0.515500009059906,1.3534252643585205
347,0.5799999833106995,1.2059708833694458,0.5339999794960022,1.3415207862854004
348,0.5799999833106995,1.2034848928451538,0.5180000066757202,1.3580689430236816
349,0.5802000164985657,1.2073274850845337,0.4934999942779541,1.4304238557815552
350,0.5817999839782715,1.2047078609466553,0.47850000858306885,1.5296893119812012
351,0.5866000056266785,1.202486515045166,0.4819999933242798,1.446420431137085
352,0.5828999876976013,1.2024847269058228,0.5325000286102295,1.3274774551391602
353,0.5809999704360962,1.1998801231384277,0.5270000100135803,1.3504753112792969
354,0.5805000066757202,1.2007063627243042,0.5404999852180481,1.3366646766662598
355,0.5839999914169312,1.1973669528961182,0.5224999785423279,1.3719373941421509
356,0.5867000222206116,1.194868803024292,0.48899999260902405,1.5602487325668335
357,0.5795000195503235,1.1986421346664429,0.5210000276565552,1.3801580667495728
358,0.5831999778747559,1.1963156461715698,0.5295000076293945,1.332279086112976
359,0.5834000110626221,1.1987524032592773,0.5105000138282776,1.391258955001831
360,0.5856999754905701,1.1959149837493896,0.5364999771118164,1.3556253910064697
361,0.5857999920845032,1.188749074935913,0.5335000157356262,1.358755111694336
362,0.5873000025749207,1.188459873199463,0.5329999923706055,1.327458143234253
363,0.5870000123977661,1.1875277757644653,0.5170000195503235,1.4111295938491821
364,0.585099995136261,1.1892825365066528,0.5230000019073486,1.3369032144546509
365,0.5878999829292297,1.1871830224990845,0.48899999260902405,1.4328386783599854
366,0.5859000086784363,1.1889395713806152,0.5270000100135803,1.3417104482650757
367,0.5906999707221985,1.1817818880081177,0.4699999988079071,1.5052556991577148
368,0.5860000252723694,1.1848467588424683,0.5214999914169312,1.349497675895691
369,0.5878000259399414,1.1821664571762085,0.5414999723434448,1.313616156578064
370,0.5921000242233276,1.1797152757644653,0.5270000100135803,1.343671441078186
371,0.5864999890327454,1.1869163513183594,0.5199999809265137,1.384881615638733
372,0.5893999934196472,1.1801624298095703,0.48500001430511475,1.4456989765167236
373,0.5934000015258789,1.1778484582901,0.5164999961853027,1.343420386314392
374,0.5918999910354614,1.176072597503662,0.48249998688697815,1.4465762376785278
375,0.5873000025749207,1.1762629747390747,0.5299999713897705,1.3446290493011475
376,0.5895000100135803,1.1801279783248901,0.4339999854564667,1.72138512134552
377,0.589900016784668,1.1805044412612915,0.5304999947547913,1.3450897932052612
378,0.590499997138977,1.170121431350708,0.453000009059906,1.5797709226608276
379,0.5938000082969666,1.1748905181884766,0.5189999938011169,1.35611093044281
380,0.5906999707221985,1.1713130474090576,0.5335000157356262,1.3475358486175537
381,0.5978000164031982,1.1659423112869263,0.5360000133514404,1.3239456415176392
382,0.5960000157356262,1.167481780052185,0.5519999861717224,1.3073002099990845
383,0.5913000106811523,1.1654268503189087,0.5394999980926514,1.3255919218063354
384,0.600600004196167,1.1646766662597656,0.5515000224113464,1.2983098030090332
385,0.5947999954223633,1.1657167673110962,0.5274999737739563,1.3701997995376587
386,0.6000999808311462,1.1613942384719849,0.5210000276565552,1.3581396341323853
387,0.5995000004768372,1.1625146865844727,0.5260000228881836,1.3616447448730469
388,0.5950999855995178,1.16240394115448,0.46650001406669617,1.497653841972351
389,0.598800003528595,1.1633573770523071,0.5205000042915344,1.4205745458602905
390,0.5968999862670898,1.1624202728271484,0.5335000157356262,1.32816743850708
391,0.5968999862670898,1.161251187324524,0.5400000214576721,1.3403185606002808
392,0.597100019454956,1.158037781715393,0.5235000252723694,1.3365998268127441
393,0.6044999957084656,1.155499815940857,0.5149999856948853,1.409058690071106
394,0.6013000011444092,1.158346176147461,0.5049999952316284,1.4026248455047607
395,0.5979999899864197,1.1568926572799683,0.5435000061988831,1.3209072351455688
396,0.5992000102996826,1.1539369821548462,0.5084999799728394,1.4418728351593018
397,0.5954999923706055,1.1576429605484009,0.4584999978542328,1.492173671722412
398,0.6004999876022339,1.1535956859588623,0.49900001287460327,1.446557641029358
399,0.5978999733924866,1.1539559364318848,0.5174999833106995,1.3629266023635864
400,0.6026999950408936,1.148901343345642,0.5230000019073486,1.4071545600891113
401,0.5993000268936157,1.1505006551742554,0.550000011920929,1.297494888305664
402,0.6014999747276306,1.143522024154663,0.5174999833106995,1.3768669366836548
403,0.6067000031471252,1.146625280380249,0.5494999885559082,1.299891710281372
404,0.603600025177002,1.1456773281097412,0.5389999747276306,1.3365272283554077
405,0.6013000011444092,1.1456992626190186,0.46549999713897705,1.6397984027862549
406,0.6013000011444092,1.148557186126709,0.49549999833106995,1.4176641702651978
407,0.603600025177002,1.143373966217041,0.5214999914169312,1.3382221460342407
408,0.6053000092506409,1.1419199705123901,0.5339999794960022,1.3193540573120117
409,0.605400025844574,1.1397920846939087,0.5394999980926514,1.3095848560333252
410,0.6062999963760376,1.1331244707107544,0.48350000381469727,1.500795841217041
411,0.603600025177002,1.1405080556869507,0.5479999780654907,1.295453667640686
412,0.6072999835014343,1.1394883394241333,0.43549999594688416,1.6131867170333862
413,0.6043000221252441,1.1426664590835571,0.5235000252723694,1.402213454246521
414,0.6064000129699707,1.1351828575134277,0.5320000052452087,1.3324103355407715
415,0.609000027179718,1.1370890140533447,0.5084999799728394,1.4171830415725708
416,0.6075000166893005,1.1310678720474243,0.5109999775886536,1.3709667921066284
417,0.6100999712944031,1.130121111869812,0.5494999885559082,1.2982609272003174
418,0.6037999987602234,1.1290605068206787,0.4350000023841858,1.632725715637207
419,0.6065000295639038,1.1360005140304565,0.550000011920929,1.3084149360656738
420,0.6097000241279602,1.1275972127914429,0.4830000102519989,1.4760968685150146
421,0.6119999885559082,1.1254388093948364,0.40849998593330383,1.8507177829742432
422,0.6090999841690063,1.1303156614303589,0.5329999923706055,1.3611689805984497
423,0.6118999719619751,1.1241894960403442,0.5084999799728394,1.5523009300231934
424,0.6132000088691711,1.1206412315368652,0.4860000014305115,1.4641026258468628
425,0.6128000020980835,1.1236512660980225,0.5289999842643738,1.3456343412399292
426,0.6126999855041504,1.121391773223877,0.5354999899864197,1.3279064893722534
427,0.6122999787330627,1.119249701499939,0.5605000257492065,1.3085042238235474
428,0.6129999756813049,1.1183403730392456,0.5435000061988831,1.2850823402404785
429,0.613099992275238,1.1202218532562256,0.4244999885559082,1.7208918333053589
430,0.609000027179718,1.1262484788894653,0.5254999995231628,1.4454145431518555
431,0.616599977016449,1.1154673099517822,0.546500027179718,1.3248724937438965
432,0.6144000291824341,1.1165717840194702,0.4950000047683716,1.3923436403274536
433,0.6158000230789185,1.1145190000534058,0.5559999942779541,1.2826955318450928
434,0.616599977016449,1.1109766960144043,0.5120000243186951,1.3845549821853638
435,0.6169999837875366,1.1099286079406738,0.5460000038146973,1.3192096948623657
436,0.6168000102043152,1.108364462852478,0.5285000205039978,1.3469423055648804
437,0.6175000071525574,1.1071316003799438,0.5205000042915344,1.3631912469863892
438,0.6172999739646912,1.1087417602539062,0.5529999732971191,1.3068227767944336
439,0.6152999997138977,1.1065267324447632,0.5224999785423279,1.3282196521759033
440,0.6158999800682068,1.105602741241455,0.5550000071525574,1.292578101158142
441,0.6183000206947327,1.1059882640838623,0.5580000281333923,1.2778949737548828
442,0.6147000193595886,1.1084494590759277,0.5609999895095825,1.2810312509536743
443,0.621399998664856,1.103129267692566,0.5479999780654907,1.3276396989822388
444,0.6191999912261963,1.1048673391342163,0.4814999997615814,1.4662100076675415
445,0.6234999895095825,1.10252046585083,0.5354999899864197,1.3171181678771973
446,0.618399977684021,1.1007978916168213,0.5095000267028809,1.3679242134094238
447,0.6194000244140625,1.0987704992294312,0.4749999940395355,1.594130516052246
448,0.6190000176429749,1.1019446849822998,0.4934999942779541,1.4266728162765503
449,0.6248000264167786,1.1031821966171265,0.5509999990463257,1.2707632780075073
450,0.6215000152587891,1.0983517169952393,0.5055000185966492,1.3898509740829468
451,0.6194999814033508,1.0994857549667358,0.503000020980835,1.3982490301132202
452,0.6225000023841858,1.0975849628448486,0.5534999966621399,1.3194886445999146
453,0.6259999871253967,1.0885783433914185,0.5139999985694885,1.3836075067520142
454,0.6266000270843506,1.0892508029937744,0.5375000238418579,1.3278969526290894
455,0.6204000115394592,1.090478777885437,0.5224999785423279,1.3651752471923828
456,0.6223000288009644,1.0935230255126953,0.5329999923706055,1.3190817832946777
457,0.6262999773025513,1.0892982482910156,0.5410000085830688,1.3239860534667969
458,0.6209999918937683,1.0927141904830933,0.5364999771118164,1.3268839120864868
459,0.6230000257492065,1.0852842330932617,0.5525000095367432,1.3105372190475464
460,0.6276999711990356,1.0876890420913696,0.5485000014305115,1.3447823524475098
461,0.6238999962806702,1.0862221717834473,0.5109999775886536,1.4264099597930908
462,0.623199999332428,1.0859167575836182,0.5254999995231628,1.3564720153808594
463,0.6262000203132629,1.0851750373840332,0.534500002861023,1.3090447187423706
464,0.6248000264167786,1.0822559595108032,0.5285000205039978,1.3461682796478271
465,0.6255000233650208,1.0860345363616943,0.5260000228881836,1.3509540557861328
466,0.6277999877929688,1.0818663835525513,0.5494999885559082,1.30581796169281
467,0.6258000135421753,1.079969882965088,0.5205000042915344,1.3806393146514893
468,0.6288999915122986,1.0796719789505005,0.5335000157356262,1.3595174551010132
469,0.6277999877929688,1.0789216756820679,0.534500002861023,1.3197065591812134
470,0.6266000270843506,1.0793144702911377,0.5454999804496765,1.2975798845291138
471,0.6262999773025513,1.080182671546936,0.5460000038146973,1.3020490407943726
472,0.6294999718666077,1.0755747556686401,0.5695000290870667,1.2594348192214966
473,0.6263999938964844,1.0770946741104126,0.5490000247955322,1.298335075378418
474,0.6291000247001648,1.0736624002456665,0.5590000152587891,1.2811986207962036
475,0.6281999945640564,1.0731288194656372,0.5429999828338623,1.3049110174179077
476,0.6316999793052673,1.0722565650939941,0.49000000953674316,1.4536614418029785
477,0.6276999711990356,1.0720272064208984,0.5404999852180481,1.3109639883041382
478,0.6319000124931335,1.0682706832885742,0.4569999873638153,1.5916913747787476
479,0.6304000020027161,1.072462797164917,0.5105000138282776,1.3781094551086426
480,0.6301000118255615,1.0663129091262817,0.5494999885559082,1.319976806640625
481,0.6324999928474426,1.0645606517791748,0.5350000262260437,1.37166428565979
482,0.6338000297546387,1.0659757852554321,0.4959999918937683,1.4351729154586792
483,0.6312999725341797,1.0681689977645874,0.5379999876022339,1.318184733390808
484,0.6298999786376953,1.0643824338912964,0.5640000104904175,1.2586513757705688
485,0.6330999732017517,1.0621455907821655,0.5730000138282776,1.254882574081421
486,0.6363000273704529,1.0602190494537354,0.5379999876022339,1.2987005710601807
487,0.6358000040054321,1.0575170516967773,0.5550000071525574,1.3170212507247925
488,0.6377000212669373,1.0609195232391357,0.5239999890327454,1.3749276399612427
489,0.6352999806404114,1.0606496334075928,0.5394999980926514,1.3047946691513062
490,0.6355000138282776,1.0574294328689575,0.5504999756813049,1.3191711902618408
491,0.6358000040054321,1.057993769645691,0.5659999847412109,1.2401535511016846
492,0.6366000175476074,1.054781436920166,0.4970000088214874,1.4872779846191406
493,0.6362000107765198,1.0541800260543823,0.5295000076293945,1.3637968301773071
494,0.6294999718666077,1.061936378479004,0.5460000038146973,1.3907873630523682
495,0.6362000107765198,1.0576165914535522,0.5435000061988831,1.2832602262496948
496,0.6395000219345093,1.05071222782135,0.5224999785423279,1.3905396461486816
497,0.638700008392334,1.0528606176376343,0.559499979019165,1.2877894639968872
498,0.6377999782562256,1.0514799356460571,0.5304999947547913,1.3259484767913818
499,0.6377999782562256,1.046783447265625,0.5525000095367432,1.2846001386642456
500,0.6363000273704529,1.0490268468856812,0.5435000061988831,1.3050035238265991
501,0.6401000022888184,1.0483559370040894,0.5559999942779541,1.3646103143692017
502,0.6377999782562256,1.0470178127288818,0.5400000214576721,1.3809655904769897
503,0.6414999961853027,1.0483763217926025,0.5,1.4752730131149292
504,0.6388000249862671,1.0483946800231934,0.5084999799728394,1.4331474304199219
505,0.636900007724762,1.0503289699554443,0.5634999871253967,1.2610023021697998
506,0.6437000036239624,1.0460346937179565,0.5575000047683716,1.2758033275604248
507,0.6402999758720398,1.041572093963623,0.5479999780654907,1.3006415367126465
508,0.6412000060081482,1.0460609197616577,0.5559999942779541,1.3191020488739014
509,0.6409000158309937,1.0459229946136475,0.5619999766349792,1.2841839790344238
510,0.642300009727478,1.0408613681793213,0.5400000214576721,1.290796160697937
511,0.6431000232696533,1.0363432168960571,0.5189999938011169,1.377664566040039
512,0.6460999846458435,1.033515453338623,0.5410000085830688,1.3297547101974487
513,0.6412000060081482,1.035160779953003,0.5634999871253967,1.2501062154769897
514,0.6389999985694885,1.0370172262191772,0.4950000047683716,1.5900189876556396
515,0.6442999839782715,1.041419506072998,0.5540000200271606,1.2964133024215698
516,0.6467999815940857,1.0330970287322998,0.429500013589859,1.684757947921753
517,0.6427000164985657,1.0384424924850464,0.515999972820282,1.5021535158157349
518,0.6419000029563904,1.0370222330093384,0.5109999775886536,1.3909485340118408
519,0.6450999975204468,1.0319300889968872,0.5239999890327454,1.4074066877365112
520,0.6435999870300293,1.0295708179473877,0.5080000162124634,1.424537181854248
521,0.6480000019073486,1.0284364223480225,0.5080000162124634,1.4017436504364014
522,0.6463000178337097,1.033233880996704,0.5669999718666077,1.2672582864761353
523,0.650600016117096,1.0245842933654785,0.4950000047683716,1.4709398746490479
524,0.6488999724388123,1.0253950357437134,0.5115000009536743,1.3643978834152222
525,0.6446999907493591,1.025940179824829,0.43549999594688416,1.7065843343734741
526,0.6474000215530396,1.0283195972442627,0.5534999966621399,1.2999227046966553
527,0.6467000246047974,1.0228862762451172,0.5364999771118164,1.3086957931518555
528,0.6478999853134155,1.0217275619506836,0.5444999933242798,1.315435767173767
529,0.6498000025749207,1.0211870670318604,0.5084999799728394,1.4428874254226685
530,0.6463000178337097,1.0236436128616333,0.5475000143051147,1.3008761405944824
531,0.6477000117301941,1.0212489366531372,0.5734999775886536,1.252392292022705
532,0.6502000093460083,1.0152618885040283,0.546999990940094,1.2982209920883179
533,0.6523000001907349,1.0171171426773071,0.5270000100135803,1.3264108896255493
534,0.6507999897003174,1.0204464197158813,0.546500027179718,1.290529489517212
535,0.6521999835968018,1.0146403312683105,0.5375000238418579,1.3530653715133667
536,0.6518999934196472,1.0164719820022583,0.5145000219345093,1.4582889080047607
537,0.6503999829292297,1.0208059549331665,0.48899999260902405,1.4676344394683838
538,0.6552000045776367,1.0115041732788086,0.5690000057220459,1.2704986333847046
539,0.654699981212616,1.006838321685791,0.49050000309944153,1.4582858085632324
540,0.6546000242233276,1.013396143913269,0.5540000200271606,1.2673016786575317
541,0.652899980545044,1.0097638368606567,0.5569999814033508,1.3143543004989624
542,0.6545000076293945,1.0075081586837769,0.5109999775886536,1.4037699699401855
543,0.650600016117096,1.0118024349212646,0.5630000233650208,1.274120807647705
544,0.6565999984741211,1.006805419921875,0.5304999947547913,1.3370752334594727
545,0.6506999731063843,1.011927604675293,0.47850000858306885,1.5275877714157104
546,0.65420001745224,1.011050820350647,0.5485000014305115,1.3148070573806763
547,0.6554999947547913,1.0063079595565796,0.5680000185966492,1.2449586391448975
548,0.6607999801635742,1.001970648765564,0.5479999780654907,1.2996141910552979
549,0.6553000211715698,1.0036242008209229,0.5220000147819519,1.4916551113128662
550,0.6531999707221985,1.0050482749938965,0.5354999899864197,1.3486735820770264
551,0.6572999954223633,1.001177430152893,0.5630000233650208,1.2746113538742065
552,0.6542999744415283,1.0058249235153198,0.5410000085830688,1.330922245979309
553,0.6603999733924866,0.9961722493171692,0.5174999833106995,1.4257798194885254
554,0.65829998254776,1.0043251514434814,0.550000011920929,1.3430348634719849
555,0.6547999978065491,0.9997873902320862,0.5569999814033508,1.3058475255966187
556,0.659600019454956,1.0027446746826172,0.5040000081062317,1.5125702619552612
557,0.659600019454956,0.9953371286392212,0.5435000061988831,1.3112555742263794
558,0.6628999710083008,0.9952447414398193,0.5299999713897705,1.3728736639022827
559,0.6629999876022339,0.9920857548713684,0.48649999499320984,1.5179237127304077
560,0.6564000248908997,0.9983788132667542,0.5609999895095825,1.2794537544250488
561,0.6601999998092651,0.9930988550186157,0.5239999890327454,1.3660768270492554
562,0.6589000225067139,0.9951762557029724,0.5580000281333923,1.2678881883621216
563,0.6635000109672546,0.9881114363670349,0.5680000185966492,1.2457854747772217
564,0.6642000079154968,0.9892879128456116,0.5605000257492065,1.2553423643112183
565,0.6603999733924866,0.9910286068916321,0.42399999499320984,1.8939405679702759
566,0.6577000021934509,1.000545859336853,0.5164999961853027,1.3882826566696167
567,0.6607999801635742,0.9935009479522705,0.5254999995231628,1.386074185371399
568,0.6583999991416931,0.9881472587585449,0.5410000085830688,1.3319392204284668
569,0.6624000072479248,0.9892234206199646,0.5254999995231628,1.371695637702942
570,0.6664999723434448,0.9848610162734985,0.4984999895095825,1.5347117185592651
571,0.6625999808311462,0.9839280247688293,0.5630000233650208,1.2469854354858398
572,0.6656000018119812,0.9824151396751404,0.5669999718666077,1.2446767091751099
573,0.6632000207901001,0.9829148650169373,0.5669999718666077,1.2432794570922852
574,0.6658999919891357,0.9800156950950623,0.5350000262260437,1.4216572046279907
575,0.6672999858856201,0.9784218668937683,0.5644999742507935,1.2691936492919922
576,0.6586999893188477,0.9833771586418152,0.48750001192092896,1.5282256603240967
577,0.6650000214576721,0.9841650128364563,0.5644999742507935,1.286126971244812
578,0.6656000018119812,0.9785031080245972,0.534500002861023,1.3732962608337402
579,0.6689000129699707,0.9767006039619446,0.49300000071525574,1.5513187646865845
580,0.661899983882904,0.9824833273887634,0.5230000019073486,1.3425931930541992
581,0.6644999980926514,0.977816104888916,0.5565000176429749,1.2894002199172974
582,0.6700999736785889,0.9738736152648926,0.5695000290870667,1.2594894170761108
583,0.6624000072479248,0.9735603332519531,0.5665000081062317,1.2657023668289185
584,0.6699000000953674,0.9715325236320496,0.5569999814033508,1.2882541418075562
585,0.6692000031471252,0.9742889404296875,0.5494999885559082,1.311133623123169
586,0.6661999821662903,0.9721745252609253,0.5540000200271606,1.2992432117462158
587,0.671999990940094,0.9716950058937073,0.5745000243186951,1.2526108026504517
588,0.6675000190734863,0.9692454934120178,0.512499988079071,1.416296362876892
589,0.6687999963760376,0.967219352722168,0.5509999990463257,1.2780110836029053
590,0.6664000153541565,0.965870201587677,0.5580000281333923,1.269743800163269
591,0.6736000180244446,0.96164870262146,0.5429999828338623,1.358882188796997
592,0.6696000099182129,0.9661365151405334,0.5335000157356262,1.408679723739624
593,0.6704999804496765,0.9639950394630432,0.48899999260902405,1.5233068466186523
594,0.6722999811172485,0.9716904163360596,0.492000013589859,1.5314443111419678
595,0.6711999773979187,0.9650317430496216,0.5630000233650208,1.271403193473816
596,0.671999990940094,0.9632831811904907,0.5659999847412109,1.2678862810134888
597,0.6696000099182129,0.9626501798629761,0.550000011920929,1.2893115282058716
598,0.671999990940094,0.9581875205039978,0.5740000009536743,1.2389634847640991
599,0.6693999767303467,0.9629834890365601,0.565500020980835,1.2658443450927734
600,0.6715999841690063,0.9569642543792725,0.546500027179718,1.313409686088562
601,0.6754999756813049,0.9554715752601624,0.5274999737739563,1.3951886892318726
602,0.6718000173568726,0.9607915282249451,0.5640000104904175,1.2504010200500488
603,0.6725000143051147,0.9552675485610962,0.5559999942779541,1.2460075616836548
604,0.669700026512146,0.9570267796516418,0.512499988079071,1.4243099689483643
605,0.6729999780654907,0.9558549523353577,0.5174999833106995,1.3982782363891602
606,0.6783000230789185,0.9584335088729858,0.5519999861717224,1.2717115879058838
607,0.6758000254631042,0.9568380117416382,0.5339999794960022,1.336647629737854
608,0.6764000058174133,0.9488990306854248,0.48750001192092896,1.6168559789657593
609,0.6721000075340271,0.955632209777832,0.5210000276565552,1.3908284902572632
610,0.6753000020980835,0.9495871067047119,0.5575000047683716,1.2774776220321655
611,0.6772000193595886,0.9480302929878235,0.5509999990463257,1.2865689992904663
612,0.6733999848365784,0.9489739537239075,0.5659999847412109,1.2387678623199463
613,0.6800000071525574,0.9454271197319031,0.5440000295639038,1.2968436479568481
614,0.6766999959945679,0.9470199942588806,0.5070000290870667,1.4312024116516113
615,0.6769999861717224,0.94650799036026,0.5644999742507935,1.2764182090759277
616,0.6747000217437744,0.9438225626945496,0.5805000066757202,1.221958875656128
617,0.6793000102043152,0.9436593651771545,0.5759999752044678,1.2577584981918335
618,0.6784999966621399,0.9445193409919739,0.5289999842643738,1.363232135772705
619,0.678600013256073,0.941700279712677,0.4194999933242798,1.910063624382019
620,0.6812999844551086,0.9491121172904968,0.5665000081062317,1.2776801586151123
621,0.6771000027656555,0.9410818219184875,0.5640000104904175,1.2463388442993164
622,0.679099977016449,0.9415956139564514,0.5515000224113464,1.2981750965118408
623,0.6796000003814697,0.9420990347862244,0.4884999990463257,1.5485929250717163
624,0.6800000071525574,0.9416102766990662,0.5149999856948853,1.4303995370864868
625,0.6833000183105469,0.9376283288002014,0.5695000290870667,1.2625148296356201
626,0.6808000206947327,0.9358878135681152,0.5709999799728394,1.2661994695663452
627,0.678600013256073,0.9364680647850037,0.5730000138282776,1.2326124906539917
628,0.6802999973297119,0.9321945309638977,0.5665000081062317,1.2696961164474487
629,0.6825000047683716,0.9330658316612244,0.5360000133514404,1.358191728591919
630,0.6823999881744385,0.9370178580284119,0.5674999952316284,1.2669235467910767
631,0.6780999898910522,0.9311478734016418,0.5619999766349792,1.2712476253509521
632,0.6840999722480774,0.9323696494102478,0.5720000267028809,1.240355134010315
633,0.6850000023841858,0.9287034869194031,0.5715000033378601,1.2683608531951904
634,0.684499979019165,0.9289933443069458,0.5509999990463257,1.3653151988983154
635,0.6812999844551086,0.9293395280838013,0.5730000138282776,1.2485707998275757
636,0.6858000159263611,0.9300145506858826,0.5764999985694885,1.2160621881484985
637,0.6880000233650208,0.9228160977363586,0.550000011920929,1.3402994871139526
638,0.6837000250816345,0.9250035881996155,0.5715000033378601,1.2327462434768677
639,0.6840999722480774,0.921845018863678,0.5394999980926514,1.3372753858566284
640,0.6850000023841858,0.9300163984298706,0.5055000185966492,1.4542739391326904
641,0.6863999962806702,0.9264525175094604,0.503000020980835,1.470579981803894
642,0.6850000023841858,0.9266481399536133,0.5049999952316284,1.491201400756836
643,0.6797000169754028,0.9284430742263794,0.5580000281333923,1.2868294715881348
644,0.6848999857902527,0.9232221841812134,0.5544999837875366,1.3149751424789429
645,0.6880999803543091,0.9236929416656494,0.578000009059906,1.2271498441696167
646,0.6851999759674072,0.9154229760169983,0.5435000061988831,1.3122767210006714
647,0.6873999834060669,0.9192199110984802,0.49399998784065247,1.5118142366409302
648,0.6854000091552734,0.9221985340118408,0.4884999990463257,1.5074619054794312
649,0.6866999864578247,0.9158421158790588,0.5690000057220459,1.2746824026107788
650,0.6888999938964844,0.9207059741020203,0.5649999976158142,1.3142277002334595
651,0.690500020980835,0.9134836792945862,0.5669999718666077,1.2711714506149292
652,0.6917999982833862,0.9137309789657593,0.5065000057220459,1.4638230800628662
653,0.6876999735832214,0.9164982438087463,0.5450000166893005,1.3133352994918823
654,0.6890000104904175,0.9080309867858887,0.5454999804496765,1.3563454151153564
655,0.6901999711990356,0.9136554002761841,0.5515000224113464,1.3178575038909912
656,0.6894999742507935,0.9138637781143188,0.5429999828338623,1.3376702070236206
657,0.6894000172615051,0.9094299674034119,0.5605000257492065,1.3268060684204102
658,0.690500020980835,0.9125024676322937,0.5634999871253967,1.2618236541748047
659,0.6909999847412109,0.9098758697509766,0.5814999938011169,1.2345101833343506
660,0.6898000240325928,0.905650794506073,0.5419999957084656,1.3157217502593994
661,0.6904000043869019,0.9103332161903381,0.5774999856948853,1.232015609741211
662,0.6901000142097473,0.908371090888977,0.578000009059906,1.2201507091522217
663,0.690500020980835,0.9053153395652771,0.5584999918937683,1.3392913341522217
664,0.6897000074386597,0.9103794097900391,0.559499979019165,1.2868595123291016
665,0.6947000026702881,0.9024122953414917,0.5554999709129333,1.3364399671554565
666,0.6895999908447266,0.9079794883728027,0.5494999885559082,1.2761366367340088
667,0.6940000057220459,0.9019600749015808,0.5440000295639038,1.320048451423645
668,0.6934999823570251,0.9025812745094299,0.5695000290870667,1.2515449523925781
669,0.6953999996185303,0.9015247821807861,0.48100000619888306,1.5784754753112793
670,0.6909999847412109,0.9066081047058105,0.5584999918937683,1.2877092361450195
671,0.6930999755859375,0.9032763838768005,0.5529999732971191,1.303481101989746
672,0.6955999732017517,0.9003486037254333,0.5684999823570251,1.2371454238891602
673,0.696399986743927,0.8987341523170471,0.5394999980926514,1.3788599967956543
674,0.6965000033378601,0.8982104659080505,0.5254999995231628,1.3871140480041504
675,0.6973999738693237,0.8953540921211243,0.515999972820282,1.5434856414794922
676,0.6965000033378601,0.8948445320129395,0.5724999904632568,1.2435224056243896
677,0.6987000107765198,0.8884734511375427,0.5400000214576721,1.3921061754226685
678,0.6966000199317932,0.8962092995643616,0.5504999756813049,1.3200165033340454
679,0.6984999775886536,0.8928982615470886,0.5649999976158142,1.2917170524597168
680,0.7016000151634216,0.890020489692688,0.5370000004768372,1.3532053232192993
681,0.6963000297546387,0.887338399887085,0.5544999837875366,1.3829401731491089
682,0.6996999979019165,0.8893448114395142,0.5634999871253967,1.2625383138656616
683,0.6996999979019165,0.8877532482147217,0.5680000185966492,1.2375409603118896
684,0.6977999806404114,0.8854494094848633,0.5575000047683716,1.3196511268615723
685,0.7020000219345093,0.8895103335380554,0.4659999907016754,1.6856470108032227
686,0.6976000070571899,0.8947773575782776,0.5245000123977661,1.4414477348327637
687,0.7002999782562256,0.8866234421730042,0.5830000042915344,1.2108956575393677
688,0.6991999745368958,0.8855162858963013,0.5164999961853027,1.5281274318695068
689,0.6984999775886536,0.8880809545516968,0.5730000138282776,1.2325658798217773
690,0.7002000212669373,0.8819092512130737,0.5274999737739563,1.4645366668701172
691,0.7006000280380249,0.884352445602417,0.5084999799728394,1.549210548400879
692,0.7034000158309937,0.8850787281990051,0.5425000190734863,1.3856215476989746
693,0.7027000188827515,0.8799974322319031,0.5690000057220459,1.2551199197769165
694,0.7023000121116638,0.8806257843971252,0.546999990940094,1.3374865055084229
695,0.7031000256538391,0.8814612030982971,0.5494999885559082,1.324542760848999
696,0.7052000164985657,0.8783800005912781,0.5339999794960022,1.4360358715057373
697,0.6977999806404114,0.8881621956825256,0.5414999723434448,1.392497181892395
698,0.7046999931335449,0.8750800490379333,0.492000013589859,1.5584309101104736
699,0.7009000182151794,0.87713223695755,0.5649999976158142,1.284751296043396
700,0.7055000066757202,0.8741058707237244,0.5709999799728394,1.248318076133728
701,0.7057999968528748,0.8703397512435913,0.5745000243186951,1.2356972694396973
702,0.7020000219345093,0.8724004030227661,0.5559999942779541,1.3119826316833496
703,0.7070000171661377,0.8743264675140381,0.5440000295639038,1.3385069370269775
704,0.7009999752044678,0.8760523200035095,0.5684999823570251,1.2502659559249878
705,0.7055000066757202,0.8680679798126221,0.5404999852180481,1.366217017173767
706,0.703000009059906,0.8718968629837036,0.5450000166893005,1.3566349744796753
707,0.7080000042915344,0.8697771430015564,0.5724999904632568,1.2276122570037842
708,0.7057999968528748,0.8654320240020752,0.5534999966621399,1.2918715476989746
709,0.7070000171661377,0.866508424282074,0.5515000224113464,1.3736565113067627
710,0.7038999795913696,0.8712152242660522,0.5674999952316284,1.2568892240524292
711,0.7064999938011169,0.8635743856430054,0.5625,1.3418564796447754
712,0.7074999809265137,0.8645331859588623,0.5304999947547913,1.4329006671905518
713,0.7085999846458435,0.8650850653648376,0.5370000004768372,1.3938813209533691
714,0.7117999792098999,0.8644851446151733,0.5699999928474426,1.286280870437622
715,0.7127000093460083,0.8603365421295166,0.5569999814033508,1.3080230951309204
716,0.7091000080108643,0.8650580048561096,0.5680000185966492,1.2170195579528809
717,0.7087000012397766,0.8606225848197937,0.5440000295639038,1.405497431755066
718,0.7075999975204468,0.8628725409507751,0.5695000290870667,1.2564250230789185
719,0.7099000215530396,0.8609558343887329,0.5139999985694885,1.4532933235168457
720,0.7089999914169312,0.8587625026702881,0.5525000095367432,1.3339191675186157
721,0.7095000147819519,0.8578814268112183,0.5709999799728394,1.2570475339889526
722,0.7143999934196472,0.8586981296539307,0.5764999985694885,1.2495694160461426
723,0.7139000296592712,0.8534272313117981,0.5584999918937683,1.3956289291381836
724,0.7141000032424927,0.8566427826881409,0.5304999947547913,1.3914834260940552
725,0.711899995803833,0.8556460738182068,0.5515000224113464,1.3520320653915405
726,0.7148000001907349,0.8525447249412537,0.5304999947547913,1.4256622791290283
727,0.7132999897003174,0.8574050068855286,0.5764999985694885,1.2823045253753662
728,0.7124999761581421,0.8497066497802734,0.5615000128746033,1.3025356531143188
729,0.7149999737739563,0.85152667760849,0.5860000252723694,1.2113581895828247
730,0.7124999761581421,0.8502892851829529,0.5889999866485596,1.2477366924285889
731,0.7171000242233276,0.8451786041259766,0.5040000081062317,1.4742395877838135
732,0.7156000137329102,0.8503694534301758,0.5494999885559082,1.3814406394958496
733,0.7164999842643738,0.8452979326248169,0.5584999918937683,1.2729190587997437
734,0.717199981212616,0.8468562364578247,0.5534999966621399,1.3203930854797363
735,0.717199981212616,0.8472779393196106,0.5600000023841858,1.317741870880127
736,0.713100016117096,0.8451310396194458,0.5669999718666077,1.3005441427230835
737,0.718500018119812,0.842876672744751,0.5809999704360962,1.2653999328613281
738,0.7164000272750854,0.8423746824264526,0.5734999775886536,1.241444706916809
739,0.718999981880188,0.8414608240127563,0.5580000281333923,1.3402495384216309
740,0.718500018119812,0.8403065204620361,0.5490000247955322,1.338620901107788
741,0.7109000086784363,0.8467370271682739,0.531499981880188,1.375115990638733
742,0.7160999774932861,0.8430492281913757,0.5799999833106995,1.2532758712768555
743,0.7132999897003174,0.8447345495223999,0.5640000104904175,1.2717856168746948
744,0.7218000292778015,0.8326500058174133,0.43849998712539673,1.9841201305389404
745,0.7128000259399414,0.8489040732383728,0.5699999928474426,1.256303310394287
746,0.7177000045776367,0.8366599678993225,0.5450000166893005,1.3708014488220215
747,0.7163000106811523,0.8373450040817261,0.5559999942779541,1.2956963777542114
748,0.7188000082969666,0.8376708030700684,0.5490000247955322,1.3476437330245972
749,0.7179999947547913,0.8379713892936707,0.5254999995231628,1.4308182001113892
750,0.7171000242233276,0.8380928635597229,0.5295000076293945,1.4378259181976318
751,0.7192000150680542,0.8331306576728821,0.5680000185966492,1.2651561498641968
752,0.7204999923706055,0.8304910063743591,0.5299999713897705,1.397345781326294
753,0.718500018119812,0.8351157307624817,0.5745000243186951,1.2445664405822754
754,0.7218000292778015,0.8267227411270142,0.531499981880188,1.4151312112808228
755,0.7196999788284302,0.8363248109817505,0.5774999856948853,1.2459217309951782
756,0.7245000004768372,0.8305813670158386,0.5565000176429749,1.3079227209091187
757,0.7240999937057495,0.8239325284957886,0.5740000009536743,1.2745906114578247
758,0.727400004863739,0.8246861100196838,0.5644999742507935,1.3420521020889282
759,0.7197999954223633,0.8277826309204102,0.5824999809265137,1.21405029296875
760,0.7215999960899353,0.8284262418746948,0.5690000057220459,1.3233996629714966
761,0.7247999906539917,0.825068473815918,0.5559999942779541,1.3070095777511597
762,0.7221999764442444,0.8224395513534546,0.5640000104904175,1.2660237550735474
763,0.7253000140190125,0.8225604295730591,0.5845000147819519,1.2422285079956055
764,0.7210000157356262,0.8225890398025513,0.5899999737739563,1.2062433958053589
765,0.7228999733924866,0.8210720419883728,0.5425000190734863,1.312091588973999
766,0.7251999974250793,0.8208009600639343,0.531000018119812,1.399377465248108
767,0.7261000275611877,0.8221102356910706,0.5774999856948853,1.2241464853286743
768,0.7231000065803528,0.8201003670692444,0.5870000123977661,1.2193477153778076
769,0.7276999950408936,0.8165457248687744,0.5649999976158142,1.3133546113967896
770,0.7257999777793884,0.81819748878479,0.5830000042915344,1.2266088724136353
771,0.7250000238418579,0.8190244436264038,0.4580000042915344,1.7976866960525513
772,0.7249000072479248,0.8193507790565491,0.5730000138282776,1.2920974493026733
773,0.7297999858856201,0.8115428686141968,0.5695000290870667,1.2878938913345337
774,0.727400004863739,0.8149797916412354,0.5615000128746033,1.2808390855789185
775,0.7293999791145325,0.8100247979164124,0.5809999704360962,1.2543600797653198
776,0.7287999987602234,0.8129140734672546,0.531000018119812,1.4614129066467285
777,0.7247999906539917,0.8172282576560974,0.5755000114440918,1.2298901081085205
778,0.7257000207901001,0.8142557740211487,0.5860000252723694,1.2389150857925415
779,0.7282000184059143,0.8085065484046936,0.546500027179718,1.3814796209335327
780,0.7287999987602234,0.8126702904701233,0.5490000247955322,1.3475064039230347
781,0.7276999950408936,0.813744306564331,0.5534999966621399,1.341094732284546
782,0.7282000184059143,0.8096954822540283,0.546500027179718,1.3362795114517212
783,0.7272999882698059,0.8061822056770325,0.5814999938011169,1.2507269382476807
784,0.73089998960495,0.8069621920585632,0.5644999742507935,1.302200436592102
785,0.7271999716758728,0.8068112730979919,0.5874999761581421,1.2256255149841309
786,0.7333999872207642,0.8015145659446716,0.5734999775886536,1.2885994911193848
787,0.7287999987602234,0.8058528900146484,0.5375000238418579,1.4264334440231323
788,0.7317000031471252,0.805616021156311,0.5630000233650208,1.3266925811767578
789,0.7337999939918518,0.8023125529289246,0.5529999732971191,1.3627445697784424
790,0.7347000241279602,0.7991042733192444,0.5879999995231628,1.215327501296997
791,0.7343999743461609,0.797904908657074,0.5860000252723694,1.2593733072280884
792,0.7282999753952026,0.8032971024513245,0.5195000171661377,1.4577696323394775
793,0.7290999889373779,0.8058912754058838,0.5440000295639038,1.3823868036270142
794,0.7325999736785889,0.7993678450584412,0.4724999964237213,1.6304206848144531
795,0.7314000129699707,0.8077370524406433,0.5019999742507935,1.594623327255249
796,0.7275000214576721,0.8048182129859924,0.5674999952316284,1.2919490337371826
797,0.7315000295639038,0.7967024445533752,0.5174999833106995,1.4335402250289917
798,0.7279000282287598,0.7985732555389404,0.593999981880188,1.2076935768127441
799,0.7372000217437744,0.7900397181510925,0.5584999918937683,1.3651807308197021
800,0.7325999736785889,0.7951533794403076,0.5864999890327454,1.252931833267212
801,0.7322999835014343,0.7908430695533752,0.5795000195503235,1.243626594543457
802,0.7357000112533569,0.79176265001297,0.5920000076293945,1.2280951738357544
803,0.73580002784729,0.7908691167831421,0.5590000152587891,1.3541713953018188
804,0.7314000129699707,0.7938308119773865,0.5625,1.3280080556869507
805,0.7340999841690063,0.7907024621963501,0.578499972820282,1.3000447750091553
806,0.7415000200271606,0.7882598042488098,0.5680000185966492,1.3103187084197998
807,0.7366999983787537,0.7876108288764954,0.5339999794960022,1.3879666328430176
808,0.7372000217437744,0.7870419025421143,0.5649999976158142,1.290473461151123
809,0.7379000186920166,0.7873931527137756,0.5659999847412109,1.2941573858261108
810,0.7353000044822693,0.7856947779655457,0.5734999775886536,1.2958048582077026
811,0.7336000204086304,0.790817379951477,0.5580000281333923,1.3303828239440918
812,0.7379000186920166,0.7877570986747742,0.5404999852180481,1.3918030261993408
813,0.7432000041007996,0.7867295742034912,0.5609999895095825,1.3336584568023682
814,0.7418000102043152,0.7804515361785889,0.5649999976158142,1.2823435068130493
815,0.7394000291824341,0.7799214124679565,0.5770000219345093,1.2328757047653198
816,0.7365999817848206,0.7832356691360474,0.5705000162124634,1.2732082605361938
817,0.7426000237464905,0.7781575322151184,0.5249999761581421,1.4625651836395264
818,0.737500011920929,0.7826053500175476,0.5814999938011169,1.2705559730529785
819,0.7398999929428101,0.7839791178703308,0.5534999966621399,1.3320608139038086
820,0.7404000163078308,0.7778863310813904,0.534500002861023,1.4659892320632935
821,0.7383000254631042,0.7822437286376953,0.5705000162124634,1.270629644393921
822,0.7430999875068665,0.7774741649627686,0.5879999995231628,1.249498724937439
823,0.738099992275238,0.7766929268836975,0.5600000023841858,1.331127643585205
824,0.7415000200271606,0.7753767967224121,0.5870000123977661,1.2483947277069092
825,0.7433000206947327,0.7745120525360107,0.5509999990463257,1.339253544807434
826,0.7408999800682068,0.7739564776420593,0.5559999942779541,1.352830410003662
827,0.7409999966621399,0.7717381119728088,0.5669999718666077,1.2929929494857788
828,0.742900013923645,0.7715509533882141,0.593999981880188,1.2316371202468872
829,0.7434999942779541,0.7718680500984192,0.5789999961853027,1.2831510305404663
830,0.7407000064849854,0.7712534070014954,0.5924999713897705,1.2228316068649292
831,0.7454000115394592,0.7696604132652283,0.5755000114440918,1.2705544233322144
832,0.7462999820709229,0.7662695050239563,0.5625,1.3120278120040894
833,0.7419999837875366,0.7768323421478271,0.5895000100135803,1.2247709035873413
834,0.745199978351593,0.7641006112098694,0.5855000019073486,1.2446357011795044
835,0.7439000010490417,0.769081175327301,0.5705000162124634,1.3258942365646362
836,0.7448999881744385,0.76679527759552,0.5220000147819519,1.4290645122528076
837,0.7426000237464905,0.7711150646209717,0.546999990940094,1.4246366024017334
838,0.7459999918937683,0.7649489045143127,0.5534999966621399,1.3997676372528076
839,0.7433000206947327,0.7627744078636169,0.5705000162124634,1.2843388319015503
840,0.7439000010490417,0.765099287033081,0.5024999976158142,1.5800036191940308
841,0.7458999752998352,0.7661173343658447,0.5690000057220459,1.2961913347244263
842,0.7455000281333923,0.7610318660736084,0.5634999871253967,1.3207956552505493
843,0.7441999912261963,0.7660488486289978,0.5715000033378601,1.3345998525619507
844,0.7473999857902527,0.7592012286186218,0.5525000095367432,1.3369570970535278
845,0.7458999752998352,0.7608993053436279,0.5715000033378601,1.3037279844284058
846,0.7451000213623047,0.7590946555137634,0.578499972820282,1.256768822669983
847,0.7487000226974487,0.7582746744155884,0.5764999985694885,1.2945722341537476
848,0.7432000041007996,0.7600626945495605,0.5724999904632568,1.28996741771698
849,0.7501999735832214,0.756453275680542,0.5770000219345093,1.2930277585983276
850,0.7466999888420105,0.755188524723053,0.5615000128746033,1.2733142375946045
851,0.7513999938964844,0.7518942356109619,0.5824999809265137,1.2518504858016968
852,0.7487000226974487,0.7555521726608276,0.5855000019073486,1.2765655517578125
853,0.7527999877929688,0.7502018809318542,0.5805000066757202,1.2547816038131714
854,0.7502999901771545,0.7500326633453369,0.5734999775886536,1.2978239059448242
855,0.7459999918937683,0.7523327469825745,0.5855000019073486,1.2361963987350464
856,0.7542999982833862,0.7467074990272522,0.5730000138282776,1.251394271850586
857,0.751800000667572,0.7467588186264038,0.5375000238418579,1.4332512617111206
858,0.7519999742507935,0.7492886185646057,0.5730000138282776,1.2778661251068115
859,0.7526999711990356,0.7480168342590332,0.4970000088214874,1.6294819116592407
860,0.7504000067710876,0.7517874836921692,0.5879999995231628,1.2377158403396606
861,0.7508999705314636,0.7463901042938232,0.5400000214576721,1.36209237575531
862,0.7523000240325928,0.7459379434585571,0.5839999914169312,1.2276175022125244
863,0.7523000240325928,0.7438905239105225,0.5770000219345093,1.3384792804718018
864,0.7512000203132629,0.7481828331947327,0.5730000138282776,1.3131481409072876
865,0.753600001335144,0.7424225211143494,0.5509999990463257,1.3518171310424805
866,0.7522000074386597,0.7497056722640991,0.5730000138282776,1.2838472127914429
867,0.7487000226974487,0.7446635365486145,0.5490000247955322,1.3841110467910767
868,0.7520999908447266,0.7427608370780945,0.565500020980835,1.3238639831542969
869,0.7545999884605408,0.7388307452201843,0.5519999861717224,1.3566232919692993
870,0.7523999810218811,0.7398139834403992,0.5569999814033508,1.3414140939712524
871,0.7534000277519226,0.7419602274894714,0.5975000262260437,1.223110318183899
872,0.7554000020027161,0.7396425008773804,0.5475000143051147,1.4072617292404175
873,0.7547000050544739,0.7386609315872192,0.5059999823570251,1.5444247722625732
874,0.7534000277519226,0.7393685579299927,0.5924999713897705,1.2488418817520142
875,0.7581999897956848,0.7308756113052368,0.565500020980835,1.2995511293411255
876,0.7577000260353088,0.7356507778167725,0.5184999704360962,1.551559567451477
877,0.753000020980835,0.7390230298042297,0.5835000276565552,1.2936205863952637
878,0.7558000087738037,0.7309325933456421,0.5600000023841858,1.4140053987503052
879,0.7554000020027161,0.7333244681358337,0.559499979019165,1.3254953622817993
880,0.7556999921798706,0.7314469218254089,0.5695000290870667,1.3166733980178833
881,0.7519000172615051,0.7352951765060425,0.5404999852180481,1.4508177042007446
882,0.7547000050544739,0.7348933219909668,0.5364999771118164,1.4739309549331665
883,0.7549999952316284,0.7314244508743286,0.5855000019073486,1.2563450336456299
884,0.7566999793052673,0.7265414595603943,0.5730000138282776,1.2820851802825928
885,0.7573999762535095,0.7278027534484863,0.5730000138282776,1.3270587921142578
886,0.7570000290870667,0.7290474772453308,0.4925000071525574,1.5825759172439575
887,0.7590000033378601,0.7269507646560669,0.5820000171661377,1.2485179901123047
888,0.7602999806404114,0.7267439961433411,0.4909999966621399,1.7220295667648315
889,0.7542999982833862,0.7317452430725098,0.5879999995231628,1.2289663553237915
890,0.7580000162124634,0.7218241095542908,0.5705000162124634,1.3666681051254272
891,0.76419997215271,0.7212328314781189,0.593999981880188,1.2235469818115234
892,0.7595000267028809,0.7222018241882324,0.5745000243186951,1.3040724992752075
893,0.7628999948501587,0.7243306636810303,0.5659999847412109,1.295272707939148
894,0.7594000101089478,0.7238754034042358,0.5444999933242798,1.4684511423110962
895,0.7594000101089478,0.7220621109008789,0.5824999809265137,1.2781013250350952
896,0.7620000243186951,0.7198489308357239,0.5740000009536743,1.3170735836029053
897,0.7581999897956848,0.7176777720451355,0.5095000267028809,1.478837013244629
898,0.7590000033378601,0.7228866815567017,0.5609999895095825,1.3456616401672363
899,0.7657999992370605,0.7166223526000977,0.5609999895095825,1.3387387990951538
900,0.7590000033378601,0.715079665184021,0.5519999861717224,1.3837964534759521
901,0.7645999789237976,0.7178101539611816,0.5485000014305115,1.413947582244873
902,0.7651000022888184,0.7188323140144348,0.578000009059906,1.2827153205871582
903,0.7677000164985657,0.7096307873725891,0.5680000185966492,1.3380448818206787
904,0.7630000114440918,0.7118580937385559,0.5659999847412109,1.3749725818634033
905,0.7592999935150146,0.7155394554138184,0.5889999866485596,1.2584210634231567
906,0.762499988079071,0.7097585201263428,0.5304999947547913,1.5716642141342163
907,0.7592999935150146,0.7204075455665588,0.5364999771118164,1.575234293937683
908,0.7667999863624573,0.7118529677391052,0.5634999871253967,1.307714819908142
909,0.7648000121116638,0.7078172564506531,0.5895000100135803,1.2641538381576538
910,0.7623000144958496,0.7125113010406494,0.578000009059906,1.2920187711715698
911,0.7645999789237976,0.7055777311325073,0.5774999856948853,1.2742482423782349
912,0.7645000219345093,0.7068186402320862,0.5559999942779541,1.3669577836990356
913,0.7630000114440918,0.7086807489395142,0.5435000061988831,1.3949536085128784
914,0.767799973487854,0.7042872309684753,0.5435000061988831,1.430855393409729
915,0.7656999826431274,0.7084448933601379,0.5774999856948853,1.2957212924957275
916,0.7645999789237976,0.7088176012039185,0.5619999766349792,1.37721586227417
917,0.7674000263214111,0.7037822008132935,0.5,1.6719579696655273
918,0.7653999924659729,0.708274245262146,0.5705000162124634,1.370352864265442
919,0.7602999806404114,0.7067132592201233,0.5855000019073486,1.271078109741211
920,0.767300009727478,0.7011807560920715,0.5665000081062317,1.4209173917770386
921,0.7664999961853027,0.702086329460144,0.5720000267028809,1.2696243524551392
922,0.769599974155426,0.6963402628898621,0.5885000228881836,1.2755118608474731
923,0.7653999924659729,0.7023314833641052,0.5659999847412109,1.2944949865341187
924,0.7694000005722046,0.6998630166053772,0.5404999852180481,1.4608451128005981
925,0.769599974155426,0.6964685320854187,0.5634999871253967,1.3555892705917358
926,0.7716000080108643,0.6952614784240723,0.5634999871253967,1.3784364461898804
927,0.7681000232696533,0.6951894760131836,0.5615000128746033,1.358201026916504
928,0.7656000256538391,0.6960627436637878,0.5954999923706055,1.2635468244552612
929,0.7735000252723694,0.6907315850257874,0.559499979019165,1.3697559833526611
930,0.7670000195503235,0.693361759185791,0.5929999947547913,1.2647299766540527
931,0.765999972820282,0.691716194152832,0.5759999752044678,1.3281364440917969
932,0.7702999711036682,0.6911182403564453,0.5839999914169312,1.2659400701522827
933,0.7759000062942505,0.6912421584129333,0.5559999942779541,1.360367774963379
934,0.7669000029563904,0.6973724961280823,0.5590000152587891,1.4070392847061157
935,0.7656999826431274,0.6927179098129272,0.546500027179718,1.4755975008010864
936,0.7671999931335449,0.6928201913833618,0.5910000205039978,1.2593258619308472
937,0.7713000178337097,0.6916970014572144,0.5774999856948853,1.3270901441574097
938,0.7716000080108643,0.6900115013122559,0.531000018119812,1.5099036693572998
939,0.7721999883651733,0.6925347447395325,0.5665000081062317,1.3292964696884155
940,0.7721999883651733,0.6845950484275818,0.5910000205039978,1.2747371196746826
941,0.7731999754905701,0.6849398612976074,0.5270000100135803,1.5353590250015259
942,0.7714999914169312,0.6893025636672974,0.5490000247955322,1.3736129999160767
943,0.7767999768257141,0.6808102130889893,0.5914999842643738,1.295265793800354
944,0.775600016117096,0.6781085729598999,0.48750001192092896,1.8709214925765991
945,0.7712000012397766,0.6856662631034851,0.4749999940395355,1.8122774362564087
946,0.7716000080108643,0.6866419315338135,0.49900001287460327,1.7670623064041138
947,0.7706999778747559,0.6852385401725769,0.5814999938011169,1.2547253370285034
948,0.7746999859809875,0.6813283562660217,0.5640000104904175,1.374785304069519
949,0.7771000266075134,0.6800010204315186,0.5630000233650208,1.3452445268630981
950,0.7749000191688538,0.6829463243484497,0.5174999833106995,1.6132827997207642
951,0.7760999798774719,0.6779147982597351,0.531000018119812,1.5085129737854004
952,0.7763000130653381,0.6800285577774048,0.5450000166893005,1.4953898191452026
953,0.7742999792098999,0.6809058785438538,0.546500027179718,1.4316562414169312
954,0.7784000039100647,0.6721543669700623,0.5630000233650208,1.3698593378067017
955,0.7760999798774719,0.6768181920051575,0.5734999775886536,1.314062237739563
956,0.7753999829292297,0.6730278134346008,0.5479999780654907,1.4678847789764404
957,0.7764999866485596,0.6703326106071472,0.5665000081062317,1.3787742853164673
958,0.7789999842643738,0.6752527952194214,0.5299999713897705,1.4797159433364868
959,0.7763000130653381,0.6795095205307007,0.5964999794960022,1.242114782333374
960,0.7792999744415283,0.6689419150352478,0.5879999995231628,1.2621508836746216
961,0.7809000015258789,0.6675122380256653,0.5550000071525574,1.40326988697052
962,0.7767999768257141,0.6699822545051575,0.5885000228881836,1.2611511945724487
963,0.7800999879837036,0.6669194102287292,0.593999981880188,1.2704471349716187
964,0.7817999720573425,0.664952278137207,0.5615000128746033,1.3870415687561035
965,0.784500002861023,0.6626037359237671,0.5299999713897705,1.5376508235931396
966,0.7785000205039978,0.6711936593055725,0.5809999704360962,1.306350827217102
967,0.7766000032424927,0.6646705269813538,0.5619999766349792,1.3396785259246826
968,0.7817000150680542,0.6619701981544495,0.5699999928474426,1.320866584777832
969,0.7756999731063843,0.6664332747459412,0.5285000205039978,1.4930212497711182
970,0.7828999757766724,0.6639829277992249,0.5864999890327454,1.2603451013565063
971,0.7820000052452087,0.6579875349998474,0.5795000195503235,1.3043410778045654
972,0.7807999849319458,0.6641687750816345,0.5724999904632568,1.3310445547103882
973,0.7839000225067139,0.661777138710022,0.5605000257492065,1.4105256795883179
974,0.78329998254776,0.6622493267059326,0.565500020980835,1.3866233825683594
975,0.78329998254776,0.6588930487632751,0.5625,1.3508398532867432
976,0.7827000021934509,0.6589683294296265,0.565500020980835,1.3577158451080322
977,0.7803000211715698,0.6621608138084412,0.5889999866485596,1.2863893508911133
978,0.7829999923706055,0.6541590094566345,0.5914999842643738,1.2671834230422974
979,0.7800999879837036,0.6608334183692932,0.5460000038146973,1.4114331007003784
980,0.779699981212616,0.6619176864624023,0.5715000033378601,1.3752790689468384
981,0.7825999855995178,0.6577303409576416,0.5659999847412109,1.3529582023620605
982,0.7825999855995178,0.6554285883903503,0.5525000095367432,1.3940725326538086
983,0.7860000133514404,0.6508153080940247,0.5745000243186951,1.3761258125305176
984,0.7861999869346619,0.6505599617958069,0.5774999856948853,1.34489905834198
985,0.7871000170707703,0.650760293006897,0.578499972820282,1.3335347175598145
986,0.7864999771118164,0.6513236165046692,0.5619999766349792,1.450821876525879
987,0.788100004196167,0.6541311740875244,0.5575000047683716,1.36137056350708
988,0.786300003528595,0.6481750011444092,0.5864999890327454,1.3022944927215576
989,0.7871999740600586,0.6482515335083008,0.5839999914169312,1.2926567792892456
990,0.7904000282287598,0.6466935276985168,0.5745000243186951,1.334854006767273
991,0.7864000201225281,0.6491514444351196,0.5120000243186951,1.681758165359497
992,0.7892000079154968,0.6521549224853516,0.5849999785423279,1.3307281732559204
993,0.7883999943733215,0.6440587043762207,0.5460000038146973,1.5203651189804077
994,0.7912999987602234,0.6433935761451721,0.5755000114440918,1.3222392797470093
995,0.791100025177002,0.6410834193229675,0.5715000033378601,1.3706657886505127
996,0.7942000031471252,0.6437616348266602,0.5989999771118164,1.2824392318725586
997,0.7856000065803528,0.6455571055412292,0.590499997138977,1.2641812562942505
998,0.7897999882698059,0.6389355063438416,0.5580000281333923,1.4672390222549438
999,0.7858999967575073,0.6464119553565979,0.5385000109672546,1.477364420890808
