epoch,accuracy,loss,val_accuracy,val_loss
0,0.09759999811649323,2.304532527923584,0.09849999845027924,2.2945539951324463
1,0.11389999836683273,2.2901864051818848,0.1289999932050705,2.2844736576080322
2,0.13770000636577606,2.281266689300537,0.14399999380111694,2.2758288383483887
3,0.15729999542236328,2.272435426712036,0.15850000083446503,2.2670798301696777
4,0.1754000037908554,2.2631659507751465,0.18549999594688416,2.2570838928222656
5,0.1889999955892563,2.253152847290039,0.19249999523162842,2.2463274002075195
6,0.19769999384880066,2.2422409057617188,0.2160000056028366,2.2347912788391113
7,0.21400000154972076,2.230025053024292,0.20749999582767487,2.2221102714538574
8,0.21559999883174896,2.21616530418396,0.23100000619888306,2.207230567932129
9,0.2296999990940094,2.2007102966308594,0.2395000010728836,2.1907765865325928
10,0.24279999732971191,2.1836771965026855,0.226500004529953,2.1742329597473145
11,0.23649999499320984,2.165174722671509,0.23649999499320984,2.1552274227142334
12,0.24250000715255737,2.145299196243286,0.24400000274181366,2.133115530014038
13,0.24690000712871552,2.124603748321533,0.2590000033378601,2.111095428466797
14,0.257999986410141,2.104227304458618,0.24899999797344208,2.091362476348877
15,0.2596000134944916,2.084916114807129,0.26100000739097595,2.072502613067627
16,0.2653000056743622,2.06691312789917,0.2605000138282776,2.0574448108673096
17,0.26409998536109924,2.050849437713623,0.27799999713897705,2.043297529220581
18,0.27489998936653137,2.037346124649048,0.26499998569488525,2.028491973876953
19,0.2734000086784363,2.0240609645843506,0.273499995470047,2.016333818435669
20,0.27790001034736633,2.0131192207336426,0.27399998903274536,2.008498191833496
21,0.2782999873161316,2.0038111209869385,0.26750001311302185,2.0014922618865967
22,0.28360000252723694,1.9944757223129272,0.27549999952316284,2.0007922649383545
23,0.28610000014305115,1.9869296550750732,0.2824999988079071,1.9869015216827393
24,0.29100000858306885,1.97915780544281,0.28600001335144043,1.990651249885559
25,0.2946000099182129,1.9723962545394897,0.2879999876022339,1.9696152210235596
26,0.2946000099182129,1.9648535251617432,0.28600001335144043,1.9661266803741455
27,0.29840001463890076,1.9584765434265137,0.2985000014305115,1.9603290557861328
28,0.2976999878883362,1.9518359899520874,0.28349998593330383,1.9571315050125122
29,0.30230000615119934,1.9458603858947754,0.29249998927116394,1.9467991590499878
30,0.30309998989105225,1.9399404525756836,0.29350000619888306,1.9383724927902222
31,0.30630001425743103,1.9335429668426514,0.3050000071525574,1.940320611000061
32,0.30959999561309814,1.927976369857788,0.2930000126361847,1.9324488639831543
33,0.31189998984336853,1.9223039150238037,0.29899999499320984,1.9231984615325928
34,0.3151000142097473,1.916648268699646,0.30000001192092896,1.923052191734314
35,0.3149000108242035,1.9100791215896606,0.3154999911785126,1.9200329780578613
36,0.3206999897956848,1.9053298234939575,0.3059999942779541,1.9234877824783325
37,0.3197000026702881,1.8994299173355103,0.304500013589859,1.9061590433120728
38,0.3244999945163727,1.8938230276107788,0.3125,1.897374153137207
39,0.32760000228881836,1.8878253698349,0.3174999952316284,1.901090145111084
40,0.3312999904155731,1.881015658378601,0.3140000104904175,1.898473858833313
41,0.33079999685287476,1.8776140213012695,0.30300000309944153,1.9049168825149536
42,0.3314000070095062,1.871718406677246,0.3244999945163727,1.8781994581222534
43,0.335999995470047,1.8660818338394165,0.3174999952316284,1.8806716203689575
44,0.33799999952316284,1.861225962638855,0.32749998569488525,1.8682260513305664
45,0.33640000224113464,1.855860948562622,0.3255000114440918,1.8626576662063599
46,0.3402000069618225,1.8504170179367065,0.3179999887943268,1.8835581541061401
47,0.3427000045776367,1.8454598188400269,0.3244999945163727,1.8594577312469482
48,0.3409000039100647,1.840561866760254,0.3319999873638153,1.8453433513641357
49,0.3481000065803528,1.834550380706787,0.32749998569488525,1.8455195426940918
50,0.3474000096321106,1.8298771381378174,0.33399999141693115,1.8427108526229858
51,0.350600004196167,1.8248413801193237,0.33649998903274536,1.843454360961914
52,0.35600000619888306,1.819191813468933,0.3384999930858612,1.83174729347229
53,0.3515999913215637,1.815124750137329,0.3269999921321869,1.8354324102401733
54,0.3569999933242798,1.8117620944976807,0.34200000762939453,1.8257458209991455
55,0.3571999967098236,1.8052246570587158,0.3230000138282776,1.8445301055908203
56,0.36090001463890076,1.8007601499557495,0.32850000262260437,1.8266546726226807
57,0.36160001158714294,1.7960658073425293,0.3425000011920929,1.8180930614471436
58,0.36169999837875366,1.7922841310501099,0.3319999873638153,1.8249982595443726
59,0.3634999990463257,1.7892433404922485,0.3395000100135803,1.8165515661239624
60,0.3682999908924103,1.7820075750350952,0.35499998927116394,1.8139142990112305
61,0.3707999885082245,1.7786840200424194,0.3474999964237213,1.8259130716323853
62,0.3709000051021576,1.773217797279358,0.31949999928474426,1.8672782182693481
63,0.3727000057697296,1.769975185394287,0.32100000977516174,1.8554579019546509
64,0.37059998512268066,1.767083764076233,0.34200000762939453,1.8093273639678955
65,0.3743000030517578,1.760153889656067,0.36250001192092896,1.7793294191360474
66,0.375,1.7571321725845337,0.3474999964237213,1.7847745418548584
67,0.3752000033855438,1.7536728382110596,0.35850000381469727,1.785355567932129
68,0.38109999895095825,1.748653769493103,0.3634999990463257,1.7847211360931396
69,0.38019999861717224,1.7446092367172241,0.3465000092983246,1.7939285039901733
70,0.3824000060558319,1.7413767576217651,0.3425000011920929,1.7980679273605347
71,0.38109999895095825,1.7384837865829468,0.3684999942779541,1.7673842906951904
72,0.38499999046325684,1.7336339950561523,0.35249999165534973,1.7744898796081543
73,0.38690000772476196,1.7284568548202515,0.3630000054836273,1.7596831321716309
74,0.38690000772476196,1.7249398231506348,0.3544999957084656,1.7704054117202759
75,0.3885999917984009,1.720785140991211,0.3720000088214874,1.7514525651931763
76,0.3898000121116638,1.7171303033828735,0.3610000014305115,1.767498254776001
77,0.3898000121116638,1.7136564254760742,0.36649999022483826,1.756036400794983
78,0.3921000063419342,1.7087193727493286,0.3700000047683716,1.7675708532333374
79,0.39559999108314514,1.703890085220337,0.36500000953674316,1.7539372444152832
80,0.3962000012397766,1.701859712600708,0.37299999594688416,1.7660449743270874
81,0.39800000190734863,1.6982250213623047,0.38999998569488525,1.7175432443618774
82,0.3952000141143799,1.6950857639312744,0.36500000953674316,1.7569931745529175
83,0.39969998598098755,1.690225601196289,0.37700000405311584,1.7581628561019897
84,0.4002000093460083,1.6887041330337524,0.3714999854564667,1.724341630935669
85,0.4032000005245209,1.682050347328186,0.3384999930858612,1.8034437894821167
86,0.40119999647140503,1.679535150527954,0.38600000739097595,1.7059617042541504
87,0.40459999442100525,1.675095558166504,0.3725000023841858,1.71860933303833
88,0.40149998664855957,1.673317790031433,0.3799999952316284,1.7045058012008667
89,0.4077000021934509,1.6677205562591553,0.39149999618530273,1.7022618055343628
90,0.4106000065803528,1.6656107902526855,0.32850000262260437,1.8154921531677246
91,0.4050999879837036,1.6619659662246704,0.3919999897480011,1.710207223892212
92,0.4083000123500824,1.658573865890503,0.3725000023841858,1.8107448816299438
93,0.41110000014305115,1.6550099849700928,0.3955000042915344,1.7151731252670288
94,0.4120999872684479,1.6493394374847412,0.3959999978542328,1.6806957721710205
95,0.4140999913215637,1.646144151687622,0.3804999887943268,1.7090469598770142
96,0.41670000553131104,1.6433097124099731,0.34049999713897705,1.8750545978546143
97,0.41530001163482666,1.6407281160354614,0.39399999380111694,1.6802996397018433
98,0.41819998621940613,1.634231686592102,0.3815000057220459,1.7526131868362427
99,0.4219000041484833,1.6322962045669556,0.3995000123977661,1.682948112487793
100,0.42100000381469727,1.628308892250061,0.3894999921321869,1.6718002557754517
101,0.421999990940094,1.6243566274642944,0.3479999899864197,1.7600668668746948
102,0.4221000075340271,1.6217124462127686,0.33899998664855957,1.7707165479660034
103,0.4214000105857849,1.6206403970718384,0.3995000123977661,1.6980856657028198
104,0.42480000853538513,1.6154924631118774,0.3824999928474426,1.694704294204712
105,0.42660000920295715,1.6114070415496826,0.40799999237060547,1.6606862545013428
106,0.4277999997138977,1.6085273027420044,0.3790000081062317,1.6788418292999268
107,0.4269999861717224,1.6045728921890259,0.41350001096725464,1.646949291229248
108,0.42989999055862427,1.6011430025100708,0.4165000021457672,1.6291759014129639
109,0.4318000078201294,1.5978704690933228,0.41600000858306885,1.6257308721542358
110,0.4302000105381012,1.5947229862213135,0.3944999873638153,1.6849099397659302
111,0.4336000084877014,1.5922785997390747,0.3889999985694885,1.664946436882019
112,0.4332999885082245,1.5891095399856567,0.41449999809265137,1.6454554796218872
113,0.43639999628067017,1.5853328704833984,0.39800000190734863,1.6555981636047363
114,0.43299999833106995,1.5813621282577515,0.382999986410141,1.7756520509719849
115,0.435699999332428,1.5821824073791504,0.4009999930858612,1.6634589433670044
116,0.43549999594688416,1.578079342842102,0.4154999852180481,1.6467652320861816
117,0.43479999899864197,1.5727176666259766,0.421999990940094,1.6379969120025635
118,0.4372999966144562,1.571590781211853,0.41600000858306885,1.6254122257232666
119,0.4392000138759613,1.5686614513397217,0.4230000078678131,1.5975432395935059
120,0.4404999911785126,1.5643969774246216,0.40149998664855957,1.627035140991211
121,0.44040000438690186,1.5628182888031006,0.42899999022483826,1.5989980697631836
122,0.4424000084400177,1.5572892427444458,0.41999998688697815,1.5975769758224487
123,0.44130000472068787,1.5565900802612305,0.4345000088214874,1.6236865520477295
124,0.4472000002861023,1.5530436038970947,0.429500013589859,1.5915600061416626
125,0.44510000944137573,1.5503283739089966,0.429500013589859,1.6446937322616577
126,0.44690001010894775,1.5474646091461182,0.43050000071525574,1.6036382913589478
127,0.44440001249313354,1.544628620147705,0.4165000021457672,1.6187551021575928
128,0.446399986743927,1.541676640510559,0.4020000100135803,1.795068621635437
129,0.4471000134944916,1.544690728187561,0.4345000088214874,1.56899094581604
130,0.4526999890804291,1.536346673965454,0.4309999942779541,1.5749033689498901
131,0.4498000144958496,1.536400318145752,0.41449999809265137,1.6207687854766846
132,0.44850000739097595,1.5338525772094727,0.4375,1.5686701536178589
133,0.45249998569488525,1.5287035703659058,0.4334999918937683,1.584254264831543
134,0.4553000032901764,1.5267443656921387,0.4404999911785126,1.560600757598877
135,0.4544000029563904,1.525174617767334,0.4244999885559082,1.6084802150726318
136,0.453900009393692,1.5245720148086548,0.41600000858306885,1.591339111328125
137,0.45159998536109924,1.5211975574493408,0.43799999356269836,1.5669485330581665
138,0.45260000228881836,1.5208852291107178,0.4375,1.5555169582366943
139,0.4562000036239624,1.516602873802185,0.43700000643730164,1.5599472522735596
140,0.4595000147819519,1.5119043588638306,0.41999998688697815,1.6488850116729736
141,0.45509999990463257,1.5112192630767822,0.4334999918937683,1.5902652740478516
142,0.45739999413490295,1.509276032447815,0.42649999260902405,1.6201153993606567
143,0.46160000562667847,1.50935959815979,0.4494999945163727,1.5410701036453247
144,0.4587000012397766,1.5065276622772217,0.42100000381469727,1.578804612159729
145,0.4593000113964081,1.504766821861267,0.42800000309944153,1.5939445495605469
146,0.4625000059604645,1.5006895065307617,0.43650001287460327,1.5594443082809448
147,0.4641999900341034,1.4983584880828857,0.42649999260902405,1.5798046588897705
148,0.4668999910354614,1.4957014322280884,0.35600000619888306,1.85773766040802
149,0.460999995470047,1.5001301765441895,0.34450000524520874,1.9917571544647217
150,0.4643000066280365,1.4969922304153442,0.43650001287460327,1.553832769393921
151,0.46129998564720154,1.4897022247314453,0.42750000953674316,1.562555193901062
152,0.46799999475479126,1.4885985851287842,0.4059999883174896,1.6942479610443115
153,0.4659000039100647,1.4884922504425049,0.43650001287460327,1.5806694030761719
154,0.4693000018596649,1.4863942861557007,0.46050000190734863,1.5180041790008545
155,0.4699999988079071,1.482556700706482,0.4059999883174896,1.6133275032043457
156,0.4708000123500824,1.4861183166503906,0.4165000021457672,1.599216341972351
157,0.4717999994754791,1.481028437614441,0.45500001311302185,1.5335674285888672
158,0.4731999933719635,1.4763779640197754,0.4375,1.5398513078689575
159,0.46959999203681946,1.476379632949829,0.44699999690055847,1.599684476852417
160,0.4722999930381775,1.4750757217407227,0.39399999380111694,1.6291521787643433
161,0.4740000069141388,1.4709205627441406,0.42649999260902405,1.5967668294906616
162,0.4708000123500824,1.4713292121887207,0.4129999876022339,1.6579049825668335
163,0.47380000352859497,1.468652367591858,0.4410000145435333,1.5745047330856323
164,0.47440001368522644,1.4688843488693237,0.42399999499320984,1.564570665359497
165,0.4754999876022339,1.4663068056106567,0.46299999952316284,1.5139130353927612
166,0.47780001163482666,1.4635605812072754,0.4544999897480011,1.5324100255966187
167,0.47769999504089355,1.461563229560852,0.45500001311302185,1.5224639177322388
168,0.4778999984264374,1.457221508026123,0.43650001287460327,1.6492459774017334
169,0.48170000314712524,1.4625215530395508,0.4650000035762787,1.5052144527435303
170,0.476500004529953,1.4573715925216675,0.4490000009536743,1.532570719718933
171,0.48030000925064087,1.458860993385315,0.27950000762939453,2.3717596530914307
172,0.48069998621940613,1.4671688079833984,0.44350001215934753,1.593319296836853
173,0.4767000079154968,1.456228256225586,0.4544999897480011,1.5245407819747925
174,0.4790000021457672,1.452534794807434,0.45249998569488525,1.5626295804977417
175,0.483599990606308,1.4493286609649658,0.44749999046325684,1.5781517028808594
176,0.4837000072002411,1.4487591981887817,0.4580000042915344,1.5063369274139404
177,0.4823000133037567,1.4458376169204712,0.4404999911785126,1.551138162612915
178,0.48260000348091125,1.4435235261917114,0.4580000042915344,1.5111315250396729
179,0.4837000072002411,1.4445711374282837,0.4205000102519989,1.5713624954223633
180,0.4821999967098236,1.4401954412460327,0.4410000145435333,1.5849449634552002
181,0.48330000042915344,1.4397920370101929,0.453000009059906,1.5324736833572388
182,0.48730000853538513,1.4409282207489014,0.46000000834465027,1.501930832862854
183,0.489300012588501,1.434415340423584,0.44350001215934753,1.5478968620300293
184,0.4893999993801117,1.4327090978622437,0.4334999918937683,1.5699604749679565
185,0.4885999858379364,1.4346861839294434,0.45100000500679016,1.5582703351974487
186,0.4867999851703644,1.4338291883468628,0.4345000088214874,1.558603048324585
187,0.49059998989105225,1.4334701299667358,0.4440000057220459,1.6193727254867554
188,0.4869000017642975,1.4301308393478394,0.4724999964237213,1.470575213432312
189,0.48750001192092896,1.4322447776794434,0.4480000138282776,1.5391722917556763
190,0.48989999294281006,1.4242457151412964,0.4580000042915344,1.4976907968521118
191,0.49239999055862427,1.4233849048614502,0.4255000054836273,1.5826685428619385
192,0.49219998717308044,1.4262876510620117,0.47200000286102295,1.5039775371551514
193,0.4964999854564667,1.4210915565490723,0.4749999940395355,1.4779597520828247
194,0.4909000098705292,1.418412446975708,0.4779999852180481,1.4801445007324219
195,0.49230000376701355,1.4201195240020752,0.45899999141693115,1.491393804550171
196,0.4945000112056732,1.4184037446975708,0.4580000042915344,1.5120997428894043
197,0.4952999949455261,1.4159786701202393,0.47200000286102295,1.4904592037200928
198,0.4984000027179718,1.4123153686523438,0.4634999930858612,1.5017192363739014
199,0.4943000078201294,1.4130181074142456,0.4794999957084656,1.4661656618118286
200,0.49880000948905945,1.4104965925216675,0.445499986410141,1.5979477167129517
201,0.49480000138282776,1.4136062860488892,0.47099998593330383,1.4842950105667114
202,0.49959999322891235,1.4091861248016357,0.47600001096725464,1.4868977069854736
203,0.4993000030517578,1.4072980880737305,0.4790000021457672,1.4594794511795044
204,0.4941999912261963,1.4068255424499512,0.4724999964237213,1.473182201385498
205,0.4950000047683716,1.4049932956695557,0.4345000088214874,1.542109727859497
206,0.49549999833106995,1.4057852029800415,0.476500004529953,1.4642266035079956
207,0.4982999861240387,1.4022613763809204,0.4390000104904175,1.5468997955322266
208,0.4993000030517578,1.4048535823822021,0.46000000834465027,1.4892343282699585
209,0.5013999938964844,1.3970754146575928,0.4884999990463257,1.4524281024932861
210,0.49810001254081726,1.400136947631836,0.4429999887943268,1.5809845924377441
211,0.5012000203132629,1.3973689079284668,0.47200000286102295,1.5037238597869873
212,0.505299985408783,1.3937381505966187,0.4180000126361847,1.6091148853302002
213,0.5013999938964844,1.393661379814148,0.4740000069141388,1.4708513021469116
214,0.5,1.39418363571167,0.46050000190734863,1.5030086040496826
215,0.5060999989509583,1.3903015851974487,0.46000000834465027,1.5374985933303833
216,0.4991999864578247,1.3936336040496826,0.484499990940094,1.457891821861267
217,0.5065000057220459,1.384753942489624,0.4560000002384186,1.5827120542526245
218,0.49939998984336853,1.3930573463439941,0.4675000011920929,1.514168620109558
219,0.5041000247001648,1.3863344192504883,0.47749999165534973,1.4775102138519287
220,0.5080999732017517,1.3824045658111572,0.4790000021457672,1.4465352296829224
221,0.5033000111579895,1.3849376440048218,0.43849998712539673,1.5327180624008179
222,0.5095999836921692,1.38151216506958,0.47699999809265137,1.4498786926269531
223,0.507099986076355,1.3826388120651245,0.47600001096725464,1.458609938621521
224,0.510699987411499,1.379760980606079,0.4505000114440918,1.5045924186706543
225,0.5108000040054321,1.3773995637893677,0.445499986410141,1.5434010028839111
226,0.5098000168800354,1.3733668327331543,0.4794999957084656,1.4911713600158691
227,0.5097000002861023,1.3747799396514893,0.48750001192092896,1.4526225328445435
228,0.5098999738693237,1.3739560842514038,0.36550000309944153,1.9796292781829834
229,0.5097000002861023,1.3756372928619385,0.4560000002384186,1.5827314853668213
230,0.5094000101089478,1.3754647970199585,0.44449999928474426,1.5191189050674438
231,0.5127999782562256,1.368467926979065,0.47850000858306885,1.4599751234054565
232,0.5123000144958496,1.3681474924087524,0.46299999952316284,1.4857656955718994
233,0.5159000158309937,1.3650957345962524,0.4569999873638153,1.4856536388397217
234,0.5105999708175659,1.3676317930221558,0.44850000739097595,1.6231175661087036
235,0.513700008392334,1.3675401210784912,0.48899999260902405,1.4416676759719849
236,0.5157999992370605,1.3609395027160645,0.4855000078678131,1.458148717880249
237,0.5167999863624573,1.3631641864776611,0.4860000014305115,1.437340259552002
238,0.5163999795913696,1.3621652126312256,0.4884999990463257,1.5026179552078247
239,0.5185999870300293,1.357575535774231,0.453000009059906,1.4984663724899292
240,0.5160999894142151,1.3566982746124268,0.34150001406669617,2.0590858459472656
241,0.5149000287055969,1.3613181114196777,0.47600001096725464,1.4440521001815796
242,0.5210999846458435,1.355640172958374,0.49799999594688416,1.4338542222976685
243,0.5174999833106995,1.3548226356506348,0.47200000286102295,1.488271713256836
244,0.5177000164985657,1.350393533706665,0.4645000100135803,1.5185363292694092
245,0.5202999711036682,1.3544853925704956,0.4984999895095825,1.4092906713485718
246,0.5213000178337097,1.3494216203689575,0.4690000116825104,1.4653722047805786
247,0.5230000019073486,1.3473460674285889,0.4625000059604645,1.4844757318496704
248,0.5217000246047974,1.3518192768096924,0.46650001406669617,1.468522548675537
249,0.5213000178337097,1.342867374420166,0.45750001072883606,1.4944746494293213
250,0.5248000025749207,1.3458765745162964,0.46000000834465027,1.5512639284133911
251,0.521399974822998,1.3494614362716675,0.49050000309944153,1.4277936220169067
252,0.5278000235557556,1.3406893014907837,0.48500001430511475,1.4313167333602905
253,0.5209000110626221,1.3413385152816772,0.47600001096725464,1.4791585206985474
254,0.5248000025749207,1.3402972221374512,0.48750001192092896,1.4812207221984863
255,0.527400016784668,1.338780164718628,0.4519999921321869,1.5369566679000854
256,0.5242000222206116,1.3378149271011353,0.4259999990463257,1.5558586120605469
257,0.5263000130653381,1.3414205312728882,0.46149998903274536,1.4916188716888428
258,0.5267999768257141,1.336228847503662,0.4880000054836273,1.4343181848526
259,0.5253000259399414,1.336205244064331,0.4925000071525574,1.4088298082351685
260,0.5299999713897705,1.3301516771316528,0.49300000071525574,1.418215036392212
261,0.5306000113487244,1.3288933038711548,0.503000020980835,1.4591655731201172
262,0.5288000106811523,1.329847812652588,0.5074999928474426,1.4017572402954102
263,0.5311999917030334,1.3287001848220825,0.4814999997615814,1.5230348110198975
264,0.5281999707221985,1.330008864402771,0.4790000021457672,1.4252647161483765
265,0.5281000137329102,1.3292031288146973,0.48500001430511475,1.4690041542053223
266,0.5314000248908997,1.326528787612915,0.5009999871253967,1.406777024269104
267,0.5289999842643738,1.3252167701721191,0.5009999871253967,1.4501526355743408
268,0.5328999757766724,1.324357271194458,0.47749999165534973,1.435660719871521
269,0.5303999781608582,1.3237777948379517,0.4699999988079071,1.4494949579238892
270,0.5338000059127808,1.321054220199585,0.4959999918937683,1.440510630607605
271,0.532800018787384,1.318206787109375,0.4684999883174896,1.4691537618637085
272,0.5311999917030334,1.3206310272216797,0.4959999918937683,1.4245786666870117
273,0.5354999899864197,1.3139551877975464,0.5109999775886536,1.3996913433074951
274,0.5339000225067139,1.3160959482192993,0.4909999966621399,1.4819450378417969
275,0.5328999757766724,1.3175294399261475,0.47450000047683716,1.4775282144546509
276,0.5357000231742859,1.313536524772644,0.5015000104904175,1.4602323770523071
277,0.5329999923706055,1.310695767402649,0.5084999799728394,1.407475233078003
278,0.5364000201225281,1.3115153312683105,0.49549999833106995,1.4124356508255005
279,0.5371000170707703,1.3084938526153564,0.47450000047683716,1.4738638401031494
280,0.5371000170707703,1.3075190782546997,0.4934999942779541,1.4370944499969482
281,0.5392000079154968,1.3042603731155396,0.5055000185966492,1.3946542739868164
282,0.5386999845504761,1.3093441724777222,0.49050000309944153,1.4238789081573486
283,0.5408999919891357,1.3038188219070435,0.49149999022483826,1.4373807907104492
284,0.5383999943733215,1.3002897500991821,0.5009999871253967,1.3997048139572144
285,0.5411999821662903,1.300466537475586,0.45899999141693115,1.484062671661377
286,0.5411999821662903,1.299626350402832,0.4544999897480011,1.5274313688278198
287,0.5414000153541565,1.3045610189437866,0.42899999022483826,1.6711727380752563
288,0.5386000275611877,1.3016021251678467,0.5040000081062317,1.4403117895126343
289,0.5419999957084656,1.2956058979034424,0.5120000243186951,1.3832300901412964
290,0.5443000197410583,1.2955060005187988,0.5099999904632568,1.393630027770996
291,0.5419999957084656,1.2914924621582031,0.5034999847412109,1.384552240371704
292,0.5421000123023987,1.2953239679336548,0.5059999823570251,1.3911607265472412
293,0.5437999963760376,1.2908650636672974,0.5040000081062317,1.3970595598220825
294,0.542900025844574,1.2920916080474854,0.4410000145435333,1.6392052173614502
295,0.5418000221252441,1.2947051525115967,0.4830000102519989,1.4420130252838135
296,0.5432000160217285,1.2878196239471436,0.4964999854564667,1.4054388999938965
297,0.5422999858856201,1.2872925996780396,0.5049999952316284,1.3821390867233276
298,0.5460000038146973,1.2881118059158325,0.5180000066757202,1.3755271434783936
299,0.5435000061988831,1.2864214181900024,0.49300000071525574,1.3902992010116577
300,0.5471000075340271,1.282391905784607,0.5065000057220459,1.3694864511489868
301,0.5509999990463257,1.287015676498413,0.45350000262260437,1.5146013498306274
302,0.548799991607666,1.2818819284439087,0.5164999961853027,1.3853957653045654
303,0.5485000014305115,1.2811009883880615,0.40299999713897705,1.9252978563308716
304,0.5449000000953674,1.2869114875793457,0.5145000219345093,1.3695069551467896
305,0.5482000112533569,1.2785470485687256,0.44449999928474426,1.5172334909439087
306,0.5486000180244446,1.2794545888900757,0.5019999742507935,1.421524167060852
307,0.5494999885559082,1.2771412134170532,0.49000000953674316,1.508272647857666
308,0.5493999719619751,1.274227499961853,0.5065000057220459,1.401034951210022
309,0.5501999855041504,1.2712208032608032,0.5134999752044678,1.366997241973877
310,0.5508000254631042,1.2708797454833984,0.5120000243186951,1.3815244436264038
311,0.5503000020980835,1.2715569734573364,0.4884999990463257,1.424821138381958
312,0.5490000247955322,1.277230978012085,0.5109999775886536,1.3764495849609375
313,0.5547000169754028,1.2659822702407837,0.5134999752044678,1.378396987915039
314,0.5514000058174133,1.267439365386963,0.4984999895095825,1.39404296875
315,0.5561000108718872,1.2663822174072266,0.4894999861717224,1.446408748626709
316,0.5497000217437744,1.2705069780349731,0.49549999833106995,1.422584056854248
317,0.5503000020980835,1.2668144702911377,0.5254999995231628,1.3519147634506226
318,0.5577999949455261,1.2622867822647095,0.5249999761581421,1.3510547876358032
319,0.5527999997138977,1.2645512819290161,0.5009999871253967,1.3859721422195435
320,0.5540000200271606,1.2567778825759888,0.5040000081062317,1.3936299085617065
321,0.5536999702453613,1.2604516744613647,0.5184999704360962,1.360978603363037
322,0.5533999800682068,1.2610340118408203,0.47999998927116394,1.465641736984253
323,0.5565999746322632,1.2598947286605835,0.4970000088214874,1.3963972330093384
324,0.5547000169754028,1.2599523067474365,0.48350000381469727,1.437856912612915
325,0.5557000041007996,1.2565064430236816,0.429500013589859,1.6131004095077515
326,0.5544000267982483,1.2545559406280518,0.5180000066757202,1.4003169536590576
327,0.5572999715805054,1.253159761428833,0.5109999775886536,1.5032490491867065
328,0.5547999739646912,1.256028652191162,0.5249999761581421,1.3587889671325684
329,0.5604000091552734,1.2500590085983276,0.534500002861023,1.3606789112091064
330,0.5605999827384949,1.2475039958953857,0.46399998664855957,1.4958198070526123
331,0.5590999722480774,1.2476452589035034,0.5065000057220459,1.459755778312683
332,0.5608000159263611,1.251457929611206,0.5090000033378601,1.3690310716629028
333,0.5554999709129333,1.2450838088989258,0.5189999938011169,1.356795310974121
334,0.5572999715805054,1.2440674304962158,0.46950000524520874,1.5011389255523682
335,0.558899998664856,1.2454955577850342,0.527999997138977,1.3461710214614868
336,0.5613999962806702,1.2409836053848267,0.503000020980835,1.3831675052642822
337,0.5602999925613403,1.2425200939178467,0.5044999718666077,1.4202463626861572
338,0.5631999969482422,1.240785002708435,0.5195000171661377,1.3484022617340088
339,0.5633000135421753,1.2367273569107056,0.49549999833106995,1.3946746587753296
340,0.5594000220298767,1.2377619743347168,0.48350000381469727,1.470221996307373
341,0.5615000128746033,1.23873770236969,0.5224999785423279,1.3934494256973267
342,0.5608999729156494,1.2367583513259888,0.5040000081062317,1.387603998184204
343,0.565500020980835,1.2349116802215576,0.5090000033378601,1.3676817417144775
344,0.5590999722480774,1.237061619758606,0.5329999923706055,1.358599066734314
345,0.5651000142097473,1.233795404434204,0.5130000114440918,1.361390471458435
346,0.5630000233650208,1.2307049036026,0.5059999823570251,1.3867192268371582
347,0.5656999945640564,1.2305843830108643,0.5210000276565552,1.4035727977752686
348,0.5648999810218811,1.228462815284729,0.49950000643730164,1.396122932434082
349,0.5640000104904175,1.2310675382614136,0.4505000114440918,1.514245629310608
350,0.5656999945640564,1.2278810739517212,0.4659999907016754,1.5326340198516846
351,0.5663999915122986,1.226013422012329,0.47600001096725464,1.4417325258255005
352,0.5692999958992004,1.2245495319366455,0.515999972820282,1.3567453622817993
353,0.5670999884605408,1.2238115072250366,0.5364999771118164,1.3413158655166626
354,0.5637000203132629,1.2229163646697998,0.527999997138977,1.36052668094635
355,0.572700023651123,1.2205742597579956,0.48649999499320984,1.4320017099380493
356,0.5730999708175659,1.2180448770523071,0.453000009059906,1.6219438314437866
357,0.5720000267028809,1.2219130992889404,0.4894999861717224,1.4120750427246094
358,0.5665000081062317,1.2192164659500122,0.5199999809265137,1.348266839981079
359,0.5663999915122986,1.2206238508224487,0.49000000953674316,1.4346672296524048
360,0.5702999830245972,1.2191234827041626,0.5249999761581421,1.3695330619812012
361,0.5756000280380249,1.212065577507019,0.5170000195503235,1.3934317827224731
362,0.5742999911308289,1.2117890119552612,0.5239999890327454,1.3380800485610962
363,0.5706999897956848,1.21065092086792,0.5180000066757202,1.3816365003585815
364,0.5705999732017517,1.2133502960205078,0.5049999952316284,1.3724725246429443
365,0.5742999911308289,1.210135817527771,0.453000009059906,1.4589561223983765
366,0.5734999775886536,1.209659457206726,0.5354999899864197,1.323283076286316
367,0.5733000040054321,1.206713080406189,0.48500001430511475,1.47493314743042
368,0.57669997215271,1.2083392143249512,0.5239999890327454,1.3330605030059814
369,0.5741000175476074,1.2054840326309204,0.5325000286102295,1.3197710514068604
370,0.5741999745368958,1.2029528617858887,0.5195000171661377,1.3538458347320557
371,0.5709999799728394,1.2103371620178223,0.503000020980835,1.4090862274169922
372,0.5773000121116638,1.2039437294006348,0.492000013589859,1.414124846458435
373,0.5769000053405762,1.200238585472107,0.5055000185966492,1.351845622062683
374,0.5759999752044678,1.1993135213851929,0.45249998569488525,1.4987640380859375
375,0.5720999836921692,1.2008442878723145,0.5080000162124634,1.3762547969818115
376,0.5769000053405762,1.2008016109466553,0.4625000059604645,1.5834910869598389
377,0.5756000280380249,1.2023476362228394,0.5270000100135803,1.3480082750320435
378,0.5741000175476074,1.1948424577713013,0.42800000309944153,1.6264009475708008
379,0.5782999992370605,1.1989905834197998,0.5245000123977661,1.335331678390503
380,0.5753999948501587,1.1951433420181274,0.49799999594688416,1.4032424688339233
381,0.5813999772071838,1.1900453567504883,0.5360000133514404,1.3186514377593994
382,0.5769000053405762,1.1912444829940796,0.5220000147819519,1.337644100189209
383,0.5824000239372253,1.189491868019104,0.5299999713897705,1.3340938091278076
384,0.5841000080108643,1.1882985830307007,0.5444999933242798,1.3059191703796387
385,0.5806000232696533,1.1910948753356934,0.5245000123977661,1.3500727415084839
386,0.5796999931335449,1.1852576732635498,0.5270000100135803,1.3220815658569336
387,0.5810999870300293,1.1855928897857666,0.5285000205039978,1.3369389772415161
388,0.5803999900817871,1.187435269355774,0.49950000643730164,1.4008285999298096
389,0.5819000005722046,1.184432864189148,0.4970000088214874,1.4334901571273804
390,0.58160001039505,1.1852232217788696,0.5385000109672546,1.3149926662445068
391,0.5861999988555908,1.1827374696731567,0.5360000133514404,1.341834545135498
392,0.5827999711036682,1.1797280311584473,0.5339999794960022,1.3092713356018066
393,0.5846999883651733,1.1773799657821655,0.5134999752044678,1.3681730031967163
394,0.585099995136261,1.181514024734497,0.47999998927116394,1.4492801427841187
395,0.5813000202178955,1.1802905797958374,0.5214999914169312,1.3313136100769043
396,0.5878999829292297,1.178665280342102,0.515500009059906,1.3713315725326538
397,0.5820000171661377,1.1814424991607666,0.47749999165534973,1.4302729368209839
398,0.5893999934196472,1.1759965419769287,0.4690000116825104,1.4675754308700562
399,0.5881999731063843,1.1766514778137207,0.5170000195503235,1.3347113132476807
400,0.588699996471405,1.1720972061157227,0.484499990940094,1.5214040279388428
401,0.5882999897003174,1.1747342348098755,0.534500002861023,1.3027515411376953
402,0.5875999927520752,1.1671475172042847,0.5145000219345093,1.3645813465118408
403,0.5906000137329102,1.1688004732131958,0.5329999923706055,1.3292561769485474
404,0.5896000266075134,1.1700564622879028,0.5149999856948853,1.364875316619873
405,0.5913000106811523,1.1671279668807983,0.44999998807907104,1.6677674055099487
406,0.5853000283241272,1.1731809377670288,0.46950000524520874,1.4845539331436157
407,0.5910000205039978,1.1693934202194214,0.4950000047683716,1.3835375308990479
408,0.5910000205039978,1.1632367372512817,0.5360000133514404,1.3015309572219849
409,0.5924999713897705,1.1617445945739746,0.5350000262260437,1.3200432062149048
410,0.5956000089645386,1.1559823751449585,0.4945000112056732,1.4934639930725098
411,0.5927000045776367,1.1619930267333984,0.5375000238418579,1.3002597093582153
412,0.5921000242233276,1.1621875762939453,0.4625000059604645,1.5288630723953247
413,0.5935999751091003,1.1646989583969116,0.5220000147819519,1.3615838289260864
414,0.5950999855995178,1.1567813158035278,0.5149999856948853,1.3371577262878418
415,0.5910999774932861,1.1604896783828735,0.48350000381469727,1.4215909242630005
416,0.5968000292778015,1.1541297435760498,0.5095000267028809,1.3711631298065186
417,0.5967000126838684,1.1538012027740479,0.5394999980926514,1.2989400625228882
418,0.5916000008583069,1.1511425971984863,0.4000000059604645,1.751395583152771
419,0.590499997138977,1.1624537706375122,0.5145000219345093,1.3722865581512451
420,0.5968000292778015,1.1507354974746704,0.48750001192092896,1.4653743505477905
421,0.5946999788284302,1.1497653722763062,0.43950000405311584,1.6968094110488892
422,0.5954999923706055,1.1521857976913452,0.5015000104904175,1.421964168548584
423,0.5982000231742859,1.147293210029602,0.5145000219345093,1.4692683219909668
424,0.5982000231742859,1.144228458404541,0.49799999594688416,1.4161635637283325
425,0.5974000096321106,1.1454988718032837,0.5090000033378601,1.353636622428894
426,0.598800003528595,1.1441365480422974,0.5304999947547913,1.3184542655944824
427,0.6000999808311462,1.1422003507614136,0.5299999713897705,1.3157130479812622
428,0.6003999710083008,1.1408416032791138,0.5419999957084656,1.2893352508544922
429,0.5964999794960022,1.1426454782485962,0.4129999876022339,1.7993377447128296
430,0.593999981880188,1.149483561515808,0.5120000243186951,1.4033509492874146
431,0.6010000109672546,1.1383975744247437,0.5354999899864197,1.3392752408981323
432,0.6003999710083008,1.138054370880127,0.4790000021457672,1.439608097076416
433,0.5996999740600586,1.1369060277938843,0.5339999794960022,1.288647174835205
434,0.6015999913215637,1.133305549621582,0.5239999890327454,1.3315892219543457
435,0.6050000190734863,1.1314029693603516,0.534500002861023,1.3402775526046753
436,0.6019999980926514,1.1322742700576782,0.531000018119812,1.3459410667419434
437,0.6050999760627747,1.1303468942642212,0.527999997138977,1.3234368562698364
438,0.605400025844574,1.131402850151062,0.5425000190734863,1.3136390447616577
439,0.6054999828338623,1.1278473138809204,0.5385000109672546,1.2961671352386475
440,0.6047000288963318,1.1268696784973145,0.5350000262260437,1.3281768560409546
441,0.6071000099182129,1.1296870708465576,0.5375000238418579,1.3215854167938232
442,0.6050000190734863,1.1302785873413086,0.5419999957084656,1.2897005081176758
443,0.6069999933242798,1.1247988939285278,0.5285000205039978,1.3639541864395142
444,0.6067000031471252,1.1259617805480957,0.4749999940395355,1.462702751159668
445,0.6078000068664551,1.1248738765716553,0.5419999957084656,1.3131390810012817
446,0.6072999835014343,1.1227058172225952,0.460999995470047,1.4850071668624878
447,0.6075999736785889,1.1198985576629639,0.49050000309944153,1.4560109376907349
448,0.6079000234603882,1.121092438697815,0.4805000126361847,1.4534655809402466
449,0.607699990272522,1.125723958015442,0.5425000190734863,1.283595323562622
450,0.6104000210762024,1.1182788610458374,0.5034999847412109,1.3667566776275635
451,0.6055999994277954,1.1197370290756226,0.5090000033378601,1.4219306707382202
452,0.6096000075340271,1.1200754642486572,0.5490000247955322,1.2891967296600342
453,0.6123999953269958,1.1104706525802612,0.5059999823570251,1.3993618488311768
454,0.6108999848365784,1.1121985912322998,0.5184999704360962,1.3293296098709106
455,0.6116999983787537,1.1112738847732544,0.5164999961853027,1.339904546737671
456,0.6100000143051147,1.1159740686416626,0.5120000243186951,1.3616770505905151
457,0.6129999756813049,1.110942006111145,0.5009999871253967,1.4066448211669922
458,0.6100999712944031,1.1165472269058228,0.5220000147819519,1.341212272644043
459,0.6141999959945679,1.1068140268325806,0.5475000143051147,1.28658127784729
460,0.6121000051498413,1.1081006526947021,0.5249999761581421,1.397585153579712
461,0.6144999861717224,1.1099047660827637,0.5049999952316284,1.3752026557922363
462,0.613099992275238,1.1083911657333374,0.5009999871253967,1.39752197265625
463,0.6162999868392944,1.1063921451568604,0.5325000286102295,1.3143236637115479
464,0.611299991607666,1.1038165092468262,0.5239999890327454,1.314084768295288
465,0.6144000291824341,1.1067274808883667,0.5285000205039978,1.3472219705581665
466,0.6128000020980835,1.1010984182357788,0.5339999794960022,1.3196510076522827
467,0.6158999800682068,1.102200984954834,0.4715000092983246,1.4584916830062866
468,0.6154000163078308,1.1005786657333374,0.5440000295639038,1.3134278059005737
469,0.6159999966621399,1.1003741025924683,0.5040000081062317,1.368586540222168
470,0.611299991607666,1.1000982522964478,0.5049999952316284,1.3549000024795532
471,0.616599977016449,1.100588083267212,0.5414999723434448,1.2987455129623413
472,0.6195999979972839,1.0948617458343506,0.5425000190734863,1.2797026634216309
473,0.6137999892234802,1.0993311405181885,0.5479999780654907,1.280294418334961
474,0.6157000064849854,1.0947370529174805,0.5454999804496765,1.2889522314071655
475,0.6187999844551086,1.0947381258010864,0.5425000190734863,1.2786661386489868
476,0.6211000084877014,1.091130018234253,0.5044999718666077,1.382106900215149
477,0.6155999898910522,1.0918653011322021,0.5210000276565552,1.3406822681427002
478,0.6215999722480774,1.0902265310287476,0.46700000762939453,1.5115444660186768
479,0.6172000169754028,1.093662977218628,0.5009999871253967,1.3753082752227783
480,0.6172999739646912,1.088435173034668,0.550000011920929,1.2836015224456787
481,0.6225000023841858,1.0852621793746948,0.5139999985694885,1.4082446098327637
482,0.6212999820709229,1.0879911184310913,0.492000013589859,1.4403584003448486
483,0.6193000078201294,1.0874388217926025,0.5379999876022339,1.2977977991104126
484,0.6222000122070312,1.0838690996170044,0.5544999837875366,1.2669355869293213
485,0.6212999820709229,1.0861988067626953,0.5540000200271606,1.2790522575378418
486,0.6262999773025513,1.0834370851516724,0.5339999794960022,1.2907073497772217
487,0.6240000128746033,1.0784893035888672,0.565500020980835,1.2714120149612427
488,0.6230999827384949,1.0821583271026611,0.5210000276565552,1.3397831916809082
489,0.6212999820709229,1.0815759897232056,0.5440000295639038,1.2747060060501099
490,0.6241999864578247,1.0777050256729126,0.531000018119812,1.3857550621032715
491,0.6219000220298767,1.081226110458374,0.5440000295639038,1.2644333839416504
492,0.6230000257492065,1.0772422552108765,0.47999998927116394,1.4926741123199463
493,0.6266000270843506,1.0747743844985962,0.5354999899864197,1.3074289560317993
494,0.6226000189781189,1.0803296566009521,0.5180000066757202,1.4270862340927124
495,0.6269999742507935,1.0791014432907104,0.5335000157356262,1.3100756406784058
496,0.6273000240325928,1.0729213953018188,0.49799999594688416,1.465216040611267
497,0.6308000087738037,1.075186014175415,0.5270000100135803,1.3744337558746338
498,0.6233999729156494,1.0734833478927612,0.5325000286102295,1.2993448972702026
499,0.6259999871253967,1.0658479928970337,0.5425000190734863,1.2743024826049805
500,0.6317999958992004,1.0674920082092285,0.531499981880188,1.3040246963500977
501,0.628600001335144,1.0687031745910645,0.5184999704360962,1.4213497638702393
502,0.6270999908447266,1.0686661005020142,0.5254999995231628,1.448194146156311
503,0.6280999779701233,1.0712039470672607,0.4970000088214874,1.4296895265579224
504,0.6317999958992004,1.067070722579956,0.5015000104904175,1.4491384029388428
505,0.6284000277519226,1.069244623184204,0.5575000047683716,1.2510833740234375
506,0.6320000290870667,1.064512014389038,0.5460000038146973,1.2905315160751343
507,0.6291000247001648,1.0596516132354736,0.5419999957084656,1.2883787155151367
508,0.6319000124931335,1.0658540725708008,0.5304999947547913,1.349016547203064
509,0.6263999938964844,1.065953016281128,0.5584999918937683,1.2804938554763794
510,0.6347000002861023,1.0594079494476318,0.5485000014305115,1.2881602048873901
511,0.6317999958992004,1.0548616647720337,0.5134999752044678,1.379180669784546
512,0.6277999877929688,1.0548932552337646,0.546999990940094,1.286326289176941
513,0.6323999762535095,1.0561649799346924,0.5529999732971191,1.2635880708694458
514,0.628000020980835,1.0587462186813354,0.48100000619888306,1.6308656930923462
515,0.631600022315979,1.0625278949737549,0.5285000205039978,1.344683051109314
516,0.6330999732017517,1.0534515380859375,0.4025000035762787,1.7830042839050293
517,0.6328999996185303,1.0586971044540405,0.4925000071525574,1.5952744483947754
518,0.6324999928474426,1.055679440498352,0.5235000252723694,1.3289263248443604
519,0.6294999718666077,1.0496736764907837,0.48350000381469727,1.4632314443588257
520,0.6396999955177307,1.0480526685714722,0.47850000858306885,1.4510949850082397
521,0.6388000249862671,1.047615885734558,0.5335000157356262,1.3390522003173828
522,0.6341999769210815,1.047000527381897,0.5450000166893005,1.2878129482269287
523,0.6373000144958496,1.0430314540863037,0.5139999985694885,1.421152114868164
524,0.6376000046730042,1.0457072257995605,0.5145000219345093,1.3570832014083862
525,0.6378999948501587,1.0458632707595825,0.4410000145435333,1.6681113243103027
526,0.636900007724762,1.047566294670105,0.5370000004768372,1.3156591653823853
527,0.6376000046730042,1.0410617589950562,0.49300000071525574,1.4410698413848877
528,0.6359000205993652,1.0439156293869019,0.5429999828338623,1.3021461963653564
529,0.6385999917984009,1.0398017168045044,0.5235000252723694,1.4234023094177246
530,0.6370999813079834,1.0434281826019287,0.534500002861023,1.3362349271774292
531,0.6381000280380249,1.0387424230575562,0.5550000071525574,1.2702800035476685
532,0.6448000073432922,1.0348659753799438,0.5325000286102295,1.2961280345916748
533,0.6384999752044678,1.0371606349945068,0.5105000138282776,1.357405185699463
534,0.6417999863624573,1.0382126569747925,0.5419999957084656,1.3061109781265259
535,0.6370000243186951,1.0326541662216187,0.5145000219345093,1.3810559511184692
536,0.6425999999046326,1.0333356857299805,0.5230000019073486,1.3787870407104492
537,0.6407999992370605,1.0346115827560425,0.4790000021457672,1.4814895391464233
538,0.6431999802589417,1.0307841300964355,0.5734999775886536,1.2685320377349854
539,0.6445000171661377,1.0250862836837769,0.47099998593330383,1.5172882080078125
540,0.6366000175476074,1.033951997756958,0.5389999747276306,1.3106236457824707
541,0.6452000141143799,1.0275657176971436,0.5444999933242798,1.339920163154602
542,0.642799973487854,1.0258948802947998,0.5105000138282776,1.3587349653244019
543,0.6414999961853027,1.0281091928482056,0.5659999847412109,1.26629638671875
544,0.6449000239372253,1.0253545045852661,0.534500002861023,1.3128703832626343
545,0.641700029373169,1.0303993225097656,0.4129999876022339,1.7884196043014526
546,0.6409000158309937,1.0331857204437256,0.5419999957084656,1.3220680952072144
547,0.6435999870300293,1.0230610370635986,0.5519999861717224,1.2874267101287842
548,0.6485999822616577,1.0185679197311401,0.5364999771118164,1.31477952003479
549,0.64410001039505,1.0214658975601196,0.531499981880188,1.466707468032837
550,0.6491000056266785,1.0203211307525635,0.5400000214576721,1.326287031173706
551,0.6480000019073486,1.019674301147461,0.5534999966621399,1.2644944190979004
552,0.6453999876976013,1.020839810371399,0.5120000243186951,1.4088929891586304
553,0.6452999711036682,1.0163228511810303,0.5195000171661377,1.3526771068572998
554,0.646399974822998,1.0202338695526123,0.5414999723434448,1.3285077810287476
555,0.6495000123977661,1.0152229070663452,0.531499981880188,1.353332281112671
556,0.6456000208854675,1.0212626457214355,0.5059999823570251,1.4724637269973755
557,0.6470999717712402,1.0141737461090088,0.5354999899864197,1.306821584701538
558,0.6485999822616577,1.0129368305206299,0.5335000157356262,1.3339345455169678
559,0.6499999761581421,1.007767915725708,0.5214999914169312,1.3833116292953491
560,0.6484000086784363,1.01451575756073,0.5485000014305115,1.3060646057128906
561,0.652400016784668,1.0099952220916748,0.5230000019073486,1.3341480493545532
562,0.6466000080108643,1.009655475616455,0.5529999732971191,1.2723792791366577
563,0.6541000008583069,1.003071665763855,0.546500027179718,1.2714207172393799
564,0.652999997138977,1.006792664527893,0.5640000104904175,1.2480005025863647
565,0.6489999890327454,1.0049649477005005,0.4794999957084656,1.6297178268432617
566,0.6514999866485596,1.0097620487213135,0.5049999952316284,1.419027328491211
567,0.6516000032424927,1.0063772201538086,0.5444999933242798,1.3207827806472778
568,0.6547999978065491,1.0022499561309814,0.5285000205039978,1.3260043859481812
569,0.656499981880188,1.0026081800460815,0.5519999861717224,1.2930375337600708
570,0.6549999713897705,0.9988604784011841,0.5385000109672546,1.3572661876678467
571,0.6564000248908997,0.9948863983154297,0.5619999766349792,1.2550325393676758
572,0.6527000069618225,1.0002943277359009,0.5690000057220459,1.2354286909103394
573,0.656000018119812,0.9983676075935364,0.5584999918937683,1.244551420211792
574,0.6553999781608582,0.9951028227806091,0.5394999980926514,1.387750267982483
575,0.6565999984741211,0.9930761456489563,0.5485000014305115,1.2813172340393066
576,0.6571000218391418,0.9993991255760193,0.512499988079071,1.437618374824524
577,0.6568999886512756,1.0021635293960571,0.5565000176429749,1.3021248579025269
578,0.6567999720573425,0.9920847415924072,0.5509999990463257,1.323514461517334
579,0.6574000120162964,0.992250382900238,0.48100000619888306,1.5794636011123657
580,0.6536999940872192,1.0018222332000732,0.546500027179718,1.3183954954147339
581,0.6581000089645386,0.9931761026382446,0.5525000095367432,1.2962212562561035
582,0.6607999801635742,0.9889652132987976,0.5690000057220459,1.2604479789733887
583,0.6553000211715698,0.9891365170478821,0.5674999952316284,1.2934001684188843
584,0.6589000225067139,0.9874218702316284,0.5435000061988831,1.3211334943771362
585,0.6550999879837036,0.9916517734527588,0.531000018119812,1.345920443534851
586,0.6582000255584717,0.9865288138389587,0.5475000143051147,1.2920136451721191
587,0.6629999876022339,0.9838402271270752,0.574999988079071,1.240966796875
588,0.6600000262260437,0.983969509601593,0.534500002861023,1.3577609062194824
589,0.6606000065803528,0.9813428521156311,0.550000011920929,1.2711540460586548
590,0.659500002861023,0.981393575668335,0.5680000185966492,1.2634629011154175
591,0.6636999845504761,0.9759521484375,0.565500020980835,1.2967435121536255
592,0.6603999733924866,0.978836715221405,0.5609999895095825,1.3132940530776978
593,0.6636000275611877,0.9779977798461914,0.45500001311302185,1.5701274871826172
594,0.659500002861023,0.9901355504989624,0.5235000252723694,1.37860906124115
595,0.6628999710083008,0.9779341816902161,0.5669999718666077,1.2588733434677124
596,0.6610000133514404,0.9819619059562683,0.5580000281333923,1.2844901084899902
597,0.6600000262260437,0.9818362593650818,0.5375000238418579,1.2899032831192017
598,0.6632999777793884,0.974531352519989,0.5764999985694885,1.2277753353118896
599,0.6620000004768372,0.9779080152511597,0.5605000257492065,1.2556051015853882
600,0.664900004863739,0.974240243434906,0.5394999980926514,1.284335970878601
601,0.6653000116348267,0.9698055386543274,0.5460000038146973,1.3495992422103882
602,0.6654000282287598,0.9730669856071472,0.5640000104904175,1.2507719993591309
603,0.6638000011444092,0.9701240062713623,0.5214999914169312,1.330757975578308
604,0.6643999814987183,0.9714407920837402,0.531000018119812,1.394883394241333
605,0.6653000116348267,0.9710074067115784,0.5419999957084656,1.2798047065734863
606,0.66839998960495,0.9702486395835876,0.5444999933242798,1.324765682220459
607,0.6671000123023987,0.9724535346031189,0.5435000061988831,1.319586157798767
608,0.666100025177002,0.9641979336738586,0.531000018119812,1.4191399812698364
609,0.6639999747276306,0.967728316783905,0.5600000023841858,1.2944810390472412
610,0.6664000153541565,0.9616554975509644,0.5649999976158142,1.2471904754638672
611,0.6658999919891357,0.9610832929611206,0.5440000295639038,1.3108619451522827
612,0.6696000099182129,0.9640640616416931,0.5425000190734863,1.3060110807418823
613,0.6744999885559082,0.9599089622497559,0.5414999723434448,1.2797880172729492
614,0.6751000285148621,0.9591436386108398,0.46650001406669617,1.5747588872909546
615,0.6721000075340271,0.960439920425415,0.559499979019165,1.2788429260253906
616,0.6712999939918518,0.9565153121948242,0.5450000166893005,1.3295300006866455
617,0.6685000061988831,0.9585208892822266,0.5699999928474426,1.2801564931869507
618,0.66839998960495,0.956278920173645,0.5385000109672546,1.3242679834365845
619,0.6723999977111816,0.9560129642486572,0.4505000114440918,1.7581528425216675
620,0.6704999804496765,0.9577310681343079,0.5504999756813049,1.2991015911102295
621,0.6704000234603882,0.9545881748199463,0.5690000057220459,1.253588080406189
622,0.670199990272522,0.9539557695388794,0.5410000085830688,1.3200842142105103
623,0.669700026512146,0.9553329348564148,0.5264999866485596,1.393344521522522
624,0.6725000143051147,0.9508814215660095,0.5410000085830688,1.326377272605896
625,0.6764000058174133,0.9480186700820923,0.5740000009536743,1.2537379264831543
626,0.6705999970436096,0.9477794170379639,0.5659999847412109,1.2516788244247437
627,0.6700000166893005,0.9468363523483276,0.5410000085830688,1.2967263460159302
628,0.6715999841690063,0.946699321269989,0.5475000143051147,1.3018052577972412
629,0.6751999855041504,0.9447054862976074,0.5049999952316284,1.4302783012390137
630,0.6736999750137329,0.9471607208251953,0.5759999752044678,1.2716423273086548
631,0.6730999946594238,0.9479919075965881,0.5490000247955322,1.2999855279922485
632,0.67330002784729,0.9426436424255371,0.5565000176429749,1.278516411781311
633,0.6764000058174133,0.9415003061294556,0.5479999780654907,1.3079044818878174
634,0.6771000027656555,0.943434476852417,0.5674999952316284,1.3105716705322266
635,0.6761000156402588,0.9395833015441895,0.5559999942779541,1.275985598564148
636,0.6758999824523926,0.943171501159668,0.5649999976158142,1.2240259647369385
637,0.6779999732971191,0.9335289001464844,0.5260000228881836,1.3734099864959717
638,0.6772000193595886,0.9375150203704834,0.5554999709129333,1.2495113611221313
639,0.6758999824523926,0.9376477599143982,0.534500002861023,1.3382904529571533
640,0.6783999800682068,0.9375441670417786,0.49799999594688416,1.4936127662658691
641,0.6782000064849854,0.9380725622177124,0.5550000071525574,1.2827130556106567
642,0.6762999892234802,0.9367844462394714,0.5329999923706055,1.382922649383545
643,0.675599992275238,0.9382264614105225,0.515500009059906,1.416459560394287
644,0.673799991607666,0.9356560707092285,0.5565000176429749,1.2836565971374512
645,0.6764000058174133,0.9381271600723267,0.5619999766349792,1.2647796869277954
646,0.6811000108718872,0.9270545840263367,0.5360000133514404,1.3114495277404785
647,0.6797999739646912,0.9328855276107788,0.5120000243186951,1.4028159379959106
648,0.6801000237464905,0.9302820563316345,0.49399998784065247,1.4668614864349365
649,0.680899977684021,0.9280025362968445,0.5764999985694885,1.2622884511947632
650,0.6771000027656555,0.9285538196563721,0.5680000185966492,1.3036110401153564
651,0.6818000078201294,0.9252105355262756,0.5590000152587891,1.260483741760254
652,0.6843000054359436,0.924558699131012,0.5515000224113464,1.3223658800125122
653,0.6766999959945679,0.9290176033973694,0.5400000214576721,1.3282400369644165
654,0.6827999949455261,0.9182778596878052,0.531499981880188,1.364994764328003
655,0.6794000267982483,0.9273237586021423,0.5659999847412109,1.2810702323913574
656,0.678600013256073,0.9253923892974854,0.5270000100135803,1.353466510772705
657,0.6822999715805054,0.9218434691429138,0.5709999799728394,1.2376919984817505
658,0.6876999735832214,0.9204404354095459,0.5534999966621399,1.2923336029052734
659,0.6829000115394592,0.9246948957443237,0.5835000276565552,1.230616569519043
660,0.684499979019165,0.9170687794685364,0.5285000205039978,1.3258380889892578
661,0.6814000010490417,0.9228829145431519,0.5789999961853027,1.2641003131866455
662,0.6815000176429749,0.9205036163330078,0.5759999752044678,1.2279765605926514
663,0.6815000176429749,0.9168774485588074,0.5600000023841858,1.2981761693954468
664,0.6843000054359436,0.922050416469574,0.5540000200271606,1.2941193580627441
665,0.6880999803543091,0.9126880764961243,0.5789999961853027,1.239530324935913
666,0.685699999332428,0.9183638691902161,0.5299999713897705,1.3205666542053223
667,0.6850000023841858,0.9134150147438049,0.5509999990463257,1.2831236124038696
668,0.6862999796867371,0.911581814289093,0.5605000257492065,1.2860815525054932
669,0.6855999827384949,0.9095919132232666,0.4490000009536743,1.6593012809753418
670,0.6809999942779541,0.9214719533920288,0.5440000295639038,1.3791682720184326
671,0.6879000067710876,0.9137223362922668,0.5479999780654907,1.2963513135910034
672,0.6862999796867371,0.9101582169532776,0.5835000276565552,1.2447800636291504
673,0.6875,0.9094182848930359,0.5494999885559082,1.3201745748519897
674,0.6895999908447266,0.9050782918930054,0.5320000052452087,1.3667124509811401
675,0.6866999864578247,0.9032164216041565,0.5350000262260437,1.4056416749954224
676,0.6880999803543091,0.9049910306930542,0.5644999742507935,1.286219835281372
677,0.6848999857902527,0.8996366262435913,0.5120000243186951,1.438086748123169
678,0.6869000196456909,0.9069058299064636,0.5360000133514404,1.3139047622680664
679,0.6876999735832214,0.9053673148155212,0.5634999871253967,1.2837321758270264
680,0.6942999958992004,0.8982207179069519,0.4830000102519989,1.5027402639389038
681,0.6905999779701233,0.9001648426055908,0.5684999823570251,1.2824254035949707
682,0.6924999952316284,0.8978279232978821,0.5575000047683716,1.2689299583435059
683,0.6894000172615051,0.9013748168945312,0.5789999961853027,1.2211037874221802
684,0.6924999952316284,0.8969135880470276,0.527999997138977,1.3898504972457886
685,0.694100022315979,0.89801424741745,0.5354999899864197,1.3899421691894531
686,0.691100001335144,0.8999766707420349,0.5289999842643738,1.4215298891067505
687,0.6912999749183655,0.8946639895439148,0.5540000200271606,1.2648931741714478
688,0.6902999877929688,0.8940505981445312,0.49000000953674316,1.5729434490203857
689,0.691100001335144,0.8967511653900146,0.5814999938011169,1.2228076457977295
690,0.6942999958992004,0.8908766508102417,0.4659999907016754,1.7244577407836914
691,0.6894999742507935,0.8984575271606445,0.47600001096725464,1.650455117225647
692,0.6927000284194946,0.8940054774284363,0.5674999952316284,1.2950369119644165
693,0.6930999755859375,0.8904932737350464,0.578000009059906,1.2691408395767212
694,0.6937000155448914,0.88714599609375,0.5554999709129333,1.3347370624542236
695,0.6937000155448914,0.8884023427963257,0.5235000252723694,1.4313572645187378
696,0.6941999793052673,0.8902087211608887,0.5625,1.3269425630569458
697,0.6958000063896179,0.889771580696106,0.5080000162124634,1.5342586040496826
698,0.6962000131607056,0.8864102363586426,0.5364999771118164,1.382726788520813
699,0.6966999769210815,0.8857178688049316,0.5534999966621399,1.290026068687439
700,0.6956999897956848,0.8805108666419983,0.4894999861717224,1.4783432483673096
701,0.6935999989509583,0.8811050057411194,0.5789999961853027,1.2464884519577026
702,0.6956999897956848,0.8810415863990784,0.5414999723434448,1.3851966857910156
703,0.6948000192642212,0.8838229775428772,0.4625000059604645,1.6045808792114258
704,0.696399986743927,0.8886153101921082,0.5475000143051147,1.308115839958191
705,0.6991000175476074,0.8740107417106628,0.5764999985694885,1.2688934803009033
706,0.6995000243186951,0.8785420656204224,0.5059999823570251,1.4534870386123657
707,0.7008000016212463,0.8774964809417725,0.5674999952316284,1.255151629447937
708,0.699400007724762,0.8741609454154968,0.559499979019165,1.2422713041305542
709,0.7006000280380249,0.8744258880615234,0.5824999809265137,1.2806233167648315
710,0.6991999745368958,0.8774691224098206,0.5550000071525574,1.2816381454467773
711,0.7020999789237976,0.8703997135162354,0.5764999985694885,1.2551714181900024
712,0.7003999948501587,0.8699981570243835,0.5460000038146973,1.3426498174667358
713,0.6988000273704529,0.8739349842071533,0.5674999952316284,1.2849169969558716
714,0.7031999826431274,0.8712445497512817,0.5684999823570251,1.2985308170318604
715,0.699400007724762,0.8697148561477661,0.578499972820282,1.242942452430725
716,0.7006000280380249,0.8701982498168945,0.5680000185966492,1.2468444108963013
717,0.7017999887466431,0.8676635026931763,0.5755000114440918,1.3053785562515259
718,0.7027999758720398,0.8699147701263428,0.5839999914169312,1.2247782945632935
719,0.7028999924659729,0.8681225776672363,0.5170000195503235,1.4426871538162231
720,0.70169997215271,0.8672820329666138,0.550000011920929,1.3064463138580322
721,0.7038999795913696,0.8625832200050354,0.5730000138282776,1.2616872787475586
722,0.7049000263214111,0.8650469779968262,0.578000009059906,1.259505033493042
723,0.7081000208854675,0.8593776226043701,0.5264999866485596,1.4977689981460571
724,0.7031000256538391,0.8640387654304504,0.5239999890327454,1.4044103622436523
725,0.699999988079071,0.8668097853660583,0.5534999966621399,1.2893339395523071
726,0.703499972820282,0.8620143532752991,0.5389999747276306,1.3774052858352661
727,0.7049000263214111,0.8630542159080505,0.5795000195503235,1.2532445192337036
728,0.7074000239372253,0.8557419776916504,0.5659999847412109,1.2940016984939575
729,0.7049999833106995,0.8579029440879822,0.5630000233650208,1.2511780261993408
730,0.7073000073432922,0.8567379713058472,0.5835000276565552,1.2546274662017822
731,0.7077999711036682,0.8553403615951538,0.5170000195503235,1.4062168598175049
732,0.7053999900817871,0.8571593761444092,0.5540000200271606,1.3320969343185425
733,0.7077000141143799,0.8508632779121399,0.515999972820282,1.4065799713134766
734,0.7052000164985657,0.8542852401733398,0.5789999961853027,1.2461609840393066
735,0.707099974155426,0.8549981713294983,0.5580000281333923,1.3143976926803589
736,0.705299973487854,0.8544989228248596,0.546999990940094,1.326689600944519
737,0.7085999846458435,0.8485922813415527,0.5895000100135803,1.22869074344635
738,0.7074999809265137,0.851524829864502,0.5649999976158142,1.2969762086868286
739,0.7121999859809875,0.8516269326210022,0.5600000023841858,1.3715100288391113
740,0.7095999717712402,0.849131166934967,0.5519999861717224,1.3701250553131104
741,0.7077000141143799,0.848667562007904,0.5,1.5603235960006714
742,0.7081999778747559,0.8513266444206238,0.5774999856948853,1.248146891593933
743,0.7117000222206116,0.8473243117332458,0.5640000104904175,1.2741183042526245
744,0.7106999754905701,0.839978039264679,0.43849998712539673,1.943673849105835
745,0.7074000239372253,0.8605846762657166,0.5479999780654907,1.301308035850525
746,0.7124000191688538,0.8440072536468506,0.5055000185966492,1.5258451700210571
747,0.7113000154495239,0.8444238305091858,0.5115000009536743,1.464125394821167
748,0.7063999772071838,0.847038209438324,0.5649999976158142,1.3050223588943481
749,0.717199981212616,0.84149169921875,0.5375000238418579,1.3808168172836304
750,0.7121000289916992,0.8398781418800354,0.5394999980926514,1.3859615325927734
751,0.7146000266075134,0.8372648358345032,0.5494999885559082,1.3208175897598267
752,0.7114999890327454,0.8362860083580017,0.4975000023841858,1.5532923936843872
753,0.7087000012397766,0.8441824316978455,0.5799999833106995,1.2542797327041626
754,0.71670001745224,0.8307865262031555,0.5400000214576721,1.3418755531311035
755,0.7141000032424927,0.838654100894928,0.5609999895095825,1.3103901147842407
756,0.713100016117096,0.8361765742301941,0.5695000290870667,1.2517049312591553
757,0.7171000242233276,0.8295311331748962,0.5640000104904175,1.2923961877822876
758,0.7164000272750854,0.8319696187973022,0.5285000205039978,1.4627721309661865
759,0.7146999835968018,0.8346413373947144,0.5759999752044678,1.2458187341690063
760,0.7111999988555908,0.8349967002868652,0.5809999704360962,1.253002405166626
761,0.7177000045776367,0.8280696272850037,0.5400000214576721,1.3923453092575073
762,0.7153000235557556,0.8307204246520996,0.5600000023841858,1.2882754802703857
763,0.7211999893188477,0.8255919814109802,0.5715000033378601,1.2728852033615112
764,0.7196000218391418,0.8284304738044739,0.5824999809265137,1.2558296918869019
765,0.7178999781608582,0.8224724531173706,0.5485000014305115,1.3191865682601929
766,0.7181000113487244,0.8250827193260193,0.5080000162124634,1.4881327152252197
767,0.7203999757766724,0.8265923857688904,0.590499997138977,1.2372968196868896
768,0.7202000021934509,0.8212451934814453,0.593500018119812,1.2368030548095703
769,0.720300018787384,0.8205546736717224,0.5640000104904175,1.3212109804153442
770,0.7188000082969666,0.821690022945404,0.5684999823570251,1.2607572078704834
771,0.7185999751091003,0.823157548904419,0.5254999995231628,1.4592852592468262
772,0.7218000292778015,0.8170455694198608,0.5509999990463257,1.345453143119812
773,0.7208999991416931,0.8189514875411987,0.5609999895095825,1.3246313333511353
774,0.7200999855995178,0.8172189593315125,0.5684999823570251,1.3209189176559448
775,0.7174999713897705,0.82063889503479,0.593999981880188,1.229569911956787
776,0.7195000052452087,0.8186124563217163,0.5339999794960022,1.4638746976852417
777,0.7210000157356262,0.8196462988853455,0.5874999761581421,1.2341009378433228
778,0.7196999788284302,0.8210799098014832,0.5799999833106995,1.2684468030929565
779,0.7226999998092651,0.8135603070259094,0.5084999799728394,1.5071405172348022
780,0.7211999893188477,0.8169571757316589,0.5139999985694885,1.489352822303772
781,0.7200000286102295,0.8185465335845947,0.5479999780654907,1.3681021928787231
782,0.7236999869346619,0.8141987323760986,0.5400000214576721,1.3789058923721313
783,0.7232000231742859,0.8114431500434875,0.5874999761581421,1.2590359449386597
784,0.7218999862670898,0.807692289352417,0.5440000295639038,1.361094355583191
785,0.7232999801635742,0.8099168539047241,0.5910000205039978,1.2372976541519165
786,0.7264000177383423,0.8064546585083008,0.5684999823570251,1.3035379648208618
787,0.7240999937057495,0.8112021684646606,0.5554999709129333,1.3446296453475952
788,0.7269999980926514,0.8087160587310791,0.5569999814033508,1.3833283185958862
789,0.7228000164031982,0.8073536157608032,0.5529999732971191,1.3598769903182983
790,0.7231000065803528,0.8069543242454529,0.5674999952316284,1.3035683631896973
791,0.7294999957084656,0.8029670119285583,0.5924999713897705,1.2481003999710083
792,0.7228999733924866,0.8052959442138672,0.5615000128746033,1.3282506465911865
793,0.7257999777793884,0.8084042072296143,0.5690000057220459,1.2946137189865112
794,0.724399983882904,0.8020299673080444,0.5619999766349792,1.3158282041549683
795,0.7294999957084656,0.8032714128494263,0.5059999823570251,1.6034919023513794
796,0.724399983882904,0.8093530535697937,0.5504999756813049,1.3588385581970215
797,0.7300000190734863,0.7986087203025818,0.5695000290870667,1.298786997795105
798,0.729200005531311,0.7973434329032898,0.5649999976158142,1.3011053800582886
799,0.7301999926567078,0.7936934232711792,0.5690000057220459,1.332942247390747
800,0.7264000177383423,0.7950079441070557,0.48100000619888306,1.6040762662887573
801,0.7283999919891357,0.7961724400520325,0.5379999876022339,1.3529695272445679
802,0.7293999791145325,0.7923504710197449,0.578499972820282,1.2776150703430176
803,0.7300999760627747,0.7909644842147827,0.5709999799728394,1.3177202939987183
804,0.7289999723434448,0.794238269329071,0.5745000243186951,1.3121988773345947
805,0.73089998960495,0.7929643392562866,0.5734999775886536,1.3133127689361572
806,0.732699990272522,0.789071798324585,0.5740000009536743,1.2810759544372559
807,0.7279999852180481,0.7894411087036133,0.578000009059906,1.2688111066818237
808,0.7336999773979187,0.7843425869941711,0.5320000052452087,1.3790961503982544
809,0.7346000075340271,0.7909892201423645,0.5590000152587891,1.310472011566162
810,0.73089998960495,0.790101945400238,0.5584999918937683,1.3828984498977661
811,0.723800003528595,0.7993200421333313,0.559499979019165,1.3156450986862183
812,0.7289000153541565,0.7912553548812866,0.5379999876022339,1.4260765314102173
813,0.7321000099182129,0.7891759276390076,0.5404999852180481,1.3904025554656982
814,0.7283999919891357,0.7862215042114258,0.5640000104904175,1.2927731275558472
815,0.7330999970436096,0.7836478352546692,0.5414999723434448,1.3903634548187256
816,0.734499990940094,0.7811238765716553,0.5805000066757202,1.257143259048462
817,0.7329999804496765,0.7820684909820557,0.5235000252723694,1.4346257448196411
818,0.7305999994277954,0.7855987548828125,0.5839999914169312,1.2952433824539185
819,0.7325999736785889,0.7861262559890747,0.5720000267028809,1.2884840965270996
820,0.7339000105857849,0.7811503410339355,0.5164999961853027,1.492228388786316
821,0.7307000160217285,0.7860758304595947,0.5730000138282776,1.3049676418304443
822,0.7354999780654907,0.7815462946891785,0.5920000076293945,1.2601029872894287
823,0.7372999787330627,0.773781955242157,0.5600000023841858,1.3734712600708008
824,0.7354999780654907,0.7811372876167297,0.5799999833106995,1.2673224210739136
825,0.7366999983787537,0.7780312299728394,0.5429999828338623,1.3643003702163696
826,0.7382000088691711,0.7722863554954529,0.578000009059906,1.288594126701355
827,0.7358999848365784,0.7730876207351685,0.5540000200271606,1.3437788486480713
828,0.7426000237464905,0.7722994089126587,0.5889999866485596,1.2545537948608398
829,0.7365000247955322,0.7730368375778198,0.5590000152587891,1.3248366117477417
830,0.738099992275238,0.7723932862281799,0.5830000042915344,1.2919516563415527
831,0.7401000261306763,0.7707206010818481,0.5544999837875366,1.3212138414382935
832,0.7436000108718872,0.7637034058570862,0.5419999957084656,1.3291771411895752
833,0.7366999983787537,0.7769296169281006,0.5895000100135803,1.2812211513519287
834,0.7373999953269958,0.7663959264755249,0.593999981880188,1.2539722919464111
835,0.7372999787330627,0.7697301506996155,0.5640000104904175,1.4144319295883179
836,0.7411999702453613,0.7695905566215515,0.5105000138282776,1.4373133182525635
837,0.7432000041007996,0.7688706517219543,0.565500020980835,1.3218421936035156
838,0.7401000261306763,0.7663702964782715,0.49900001287460327,1.5499060153961182
839,0.7386000156402588,0.7662081122398376,0.5239999890327454,1.4200180768966675
840,0.7419000267982483,0.7650802731513977,0.5049999952316284,1.6072790622711182
841,0.7354000210762024,0.7669669985771179,0.5264999866485596,1.4306658506393433
842,0.7397000193595886,0.7662243843078613,0.5839999914169312,1.2657170295715332
843,0.7416999936103821,0.7613255381584167,0.5419999957084656,1.3880302906036377
844,0.7419000267982483,0.7634697556495667,0.5490000247955322,1.3565011024475098
845,0.7432000041007996,0.7585925459861755,0.5649999976158142,1.3919185400009155
846,0.7419000267982483,0.7607840895652771,0.5404999852180481,1.4426462650299072
847,0.7439000010490417,0.7630385160446167,0.5525000095367432,1.3764708042144775
848,0.7409999966621399,0.75818932056427,0.5504999756813049,1.350501537322998
849,0.7440999746322632,0.7561737298965454,0.5755000114440918,1.2855291366577148
850,0.742900013923645,0.7536494731903076,0.5605000257492065,1.31671142578125
851,0.7425000071525574,0.7540744543075562,0.5625,1.3279744386672974
852,0.7419000267982483,0.7609955072402954,0.5759999752044678,1.299587368965149
853,0.7451000213623047,0.7482298612594604,0.5385000109672546,1.4058504104614258
854,0.7427999973297119,0.7520691752433777,0.5695000290870667,1.2929878234863281
855,0.7432000041007996,0.7572821378707886,0.5945000052452087,1.26571786403656
856,0.748199999332428,0.7472255229949951,0.5740000009536743,1.309869408607483
857,0.7443000078201294,0.7476264834403992,0.5504999756813049,1.3757295608520508
858,0.7473000288009644,0.7475233674049377,0.5975000262260437,1.2391843795776367
859,0.7483000159263611,0.746623694896698,0.4925000071525574,1.696547508239746
860,0.7483999729156494,0.7506939172744751,0.578000009059906,1.291875958442688
861,0.7458000183105469,0.7466537356376648,0.5684999823570251,1.3276585340499878
862,0.7495999932289124,0.7423298358917236,0.578499972820282,1.3011524677276611
863,0.7479000091552734,0.7451827526092529,0.5849999785423279,1.2521660327911377
864,0.7454000115394592,0.7495229840278625,0.5540000200271606,1.3795315027236938
865,0.7505999803543091,0.7410651445388794,0.5504999756813049,1.3406813144683838
866,0.7486000061035156,0.7480927109718323,0.5755000114440918,1.301284909248352
867,0.75,0.7407440543174744,0.5759999752044678,1.3176323175430298
868,0.7512000203132629,0.7391385436058044,0.5814999938011169,1.28083336353302
869,0.7520999908447266,0.7352155447006226,0.5350000262260437,1.4225399494171143
870,0.7476999759674072,0.741402804851532,0.5899999737739563,1.2640204429626465
871,0.7522000074386597,0.7350589036941528,0.5745000243186951,1.3059035539627075
872,0.7519999742507935,0.7404239773750305,0.5580000281333923,1.3948243856430054
873,0.7537000179290771,0.7381335496902466,0.5044999718666077,1.553714632987976
874,0.7508000135421753,0.7397990226745605,0.527999997138977,1.5338350534439087
875,0.7538999915122986,0.7300073504447937,0.5874999761581421,1.2939995527267456
876,0.7563999891281128,0.7301737666130066,0.5435000061988831,1.4125128984451294
877,0.7529000043869019,0.7344748973846436,0.5874999761581421,1.2819148302078247
878,0.7534000277519226,0.7271658182144165,0.5519999861717224,1.3845990896224976
879,0.7526999711990356,0.7290186285972595,0.5644999742507935,1.3479377031326294
880,0.753600001335144,0.7315224409103394,0.5230000019073486,1.455437183380127
881,0.7513999938964844,0.7326521277427673,0.5400000214576721,1.40768301486969
882,0.7523000240325928,0.7315027117729187,0.4869999885559082,1.8345516920089722
883,0.7519000172615051,0.7334006428718567,0.5289999842643738,1.4190319776535034
884,0.7545999884605408,0.727025032043457,0.5860000252723694,1.273017406463623
885,0.7537000179290771,0.7229325175285339,0.5975000262260437,1.2721138000488281
886,0.7545999884605408,0.728671669960022,0.5235000252723694,1.45625901222229
887,0.7572000026702881,0.7228056192398071,0.5745000243186951,1.328050971031189
888,0.7576000094413757,0.7205703258514404,0.5304999947547913,1.535589575767517
889,0.7526999711990356,0.7303347587585449,0.565500020980835,1.333211064338684
890,0.7583000063896179,0.7184284925460815,0.5669999718666077,1.3670411109924316
891,0.7569000124931335,0.7187615036964417,0.5914999842643738,1.291682481765747
892,0.7556999921798706,0.7196033000946045,0.5600000023841858,1.3841724395751953
893,0.7562000155448914,0.7178516387939453,0.5550000071525574,1.3456710577011108
894,0.7574999928474426,0.7228091359138489,0.5404999852180481,1.494715690612793
895,0.7563999891281128,0.7168279886245728,0.5630000233650208,1.337991714477539
896,0.7590000033378601,0.714886486530304,0.578000009059906,1.3295739889144897
897,0.7613000273704529,0.7129046320915222,0.47850000858306885,1.624426007270813
898,0.7524999976158142,0.7248499989509583,0.5304999947547913,1.4372475147247314
899,0.7566999793052673,0.7163377404212952,0.5364999771118164,1.4553061723709106
900,0.7595999836921692,0.7170632481575012,0.5475000143051147,1.404503583908081
901,0.7574999928474426,0.7141048312187195,0.5454999804496765,1.3920116424560547
902,0.7578999996185303,0.7138417959213257,0.5370000004768372,1.4505804777145386
903,0.7537999749183655,0.7144601941108704,0.5665000081062317,1.347675085067749
904,0.7616999745368958,0.7091858386993408,0.5734999775886536,1.3769965171813965
905,0.7638000249862671,0.7097823023796082,0.6010000109672546,1.268791675567627
906,0.7642999887466431,0.7063223123550415,0.4794999957084656,1.8466910123825073
907,0.7580000162124634,0.7238161563873291,0.5235000252723694,1.5658278465270996
908,0.7594000101089478,0.7088116407394409,0.578499972820282,1.2917096614837646
909,0.7631999850273132,0.7052818536758423,0.5789999961853027,1.2964346408843994
910,0.7634999752044678,0.706243634223938,0.5764999985694885,1.3418188095092773
911,0.7645000219345093,0.7020022869110107,0.5985000133514404,1.2531157732009888
912,0.7612000107765198,0.7052986025810242,0.546999990940094,1.4175629615783691
913,0.7663999795913696,0.7016785740852356,0.5830000042915344,1.286204218864441
914,0.7685999870300293,0.696526050567627,0.5009999871253967,1.5504850149154663
915,0.7628999948501587,0.7047520279884338,0.5419999957084656,1.4932667016983032
916,0.7605000138282776,0.7098124623298645,0.5634999871253967,1.3501323461532593
917,0.7659000158309937,0.6970653533935547,0.5134999752044678,1.6018515825271606
918,0.7656000256538391,0.6995154619216919,0.5625,1.4132798910140991
919,0.7681999802589417,0.7028052806854248,0.5870000123977661,1.324730396270752
920,0.7727000117301941,0.6936551332473755,0.5950000286102295,1.268687129020691
921,0.7670999765396118,0.6953149437904358,0.5845000147819519,1.2719529867172241
922,0.766700029373169,0.6892970204353333,0.5910000205039978,1.2905919551849365
923,0.7652999758720398,0.6963385939598083,0.5864999890327454,1.2871371507644653
924,0.7641000151634216,0.6908882260322571,0.5634999871253967,1.4249708652496338
925,0.7692999839782715,0.6912559270858765,0.5860000252723694,1.2879489660263062
926,0.7702000141143799,0.6901169419288635,0.5559999942779541,1.48114812374115
927,0.769599974155426,0.6896450519561768,0.5665000081062317,1.352842926979065
928,0.7688999772071838,0.6883413791656494,0.5809999704360962,1.3482320308685303
929,0.7723000049591064,0.6846078038215637,0.5724999904632568,1.344730257987976
930,0.7688999772071838,0.6859357357025146,0.5789999961853027,1.3030846118927002
931,0.7712000012397766,0.6855080723762512,0.5820000171661377,1.2930437326431274
932,0.767799973487854,0.686380922794342,0.5504999756813049,1.3790854215621948
933,0.7739999890327454,0.6889984607696533,0.5270000100135803,1.4825308322906494
934,0.7666000127792358,0.6883436441421509,0.5625,1.42000412940979
935,0.7692999839782715,0.6864604949951172,0.5580000281333923,1.40761137008667
936,0.770799994468689,0.6810408234596252,0.5885000228881836,1.3057626485824585
937,0.7680000066757202,0.6888736486434937,0.5454999804496765,1.4203163385391235
938,0.7735000252723694,0.6801266670227051,0.5274999737739563,1.5076839923858643
939,0.7699000239372253,0.6826565265655518,0.5734999775886536,1.3376349210739136
940,0.777400016784668,0.6780971884727478,0.5924999713897705,1.2911951541900635
941,0.7760999798774719,0.6774145364761353,0.5220000147819519,1.569471836090088
942,0.766700029373169,0.6840010285377502,0.5274999737739563,1.4946078062057495
943,0.7756999731063843,0.6739065051078796,0.5889999866485596,1.310752272605896
944,0.7742999792098999,0.6726280450820923,0.49000000953674316,1.7487677335739136
945,0.7763000130653381,0.6725135445594788,0.45399999618530273,1.9592643976211548
946,0.7728000283241272,0.681969940662384,0.5304999947547913,1.6013550758361816
947,0.7752000093460083,0.6707943081855774,0.5799999833106995,1.2928119897842407
948,0.7742000222206116,0.6761367917060852,0.578499972820282,1.3225549459457397
949,0.777899980545044,0.6699531674385071,0.5569999814033508,1.3744986057281494
950,0.7677000164985657,0.6776700615882874,0.5509999990463257,1.4373884201049805
951,0.7731999754905701,0.6732044219970703,0.5975000262260437,1.2923409938812256
952,0.777999997138977,0.6674611568450928,0.5649999976158142,1.3782024383544922
953,0.7746000289916992,0.6719675064086914,0.5619999766349792,1.410584807395935
954,0.7796000242233276,0.6633232831954956,0.5625,1.3776136636734009
955,0.7767000198364258,0.6697216033935547,0.5870000123977661,1.2992089986801147
956,0.776199996471405,0.6661803722381592,0.546500027179718,1.460549235343933
957,0.7810999751091003,0.6629269123077393,0.5910000205039978,1.3064031600952148
958,0.7789999842643738,0.6632220149040222,0.5299999713897705,1.4726101160049438
959,0.7770000100135803,0.6670031547546387,0.5789999961853027,1.3089680671691895
960,0.7799000144004822,0.6635897755622864,0.5950000286102295,1.2982271909713745
961,0.7821000218391418,0.6610808372497559,0.5515000224113464,1.364166498184204
962,0.7795000076293945,0.6587236523628235,0.5899999737739563,1.2791476249694824
963,0.7786999940872192,0.6618225574493408,0.5164999961853027,1.669618010520935
964,0.7773000001907349,0.668895959854126,0.5774999856948853,1.345345377922058
965,0.7815999984741211,0.6554020047187805,0.5504999756813049,1.4508399963378906
966,0.7814000248908997,0.6594727635383606,0.5899999737739563,1.293962836265564
967,0.7824000120162964,0.65589839220047,0.5590000152587891,1.3688688278198242
968,0.7835999727249146,0.6534364819526672,0.5460000038146973,1.435083270072937
969,0.7817999720573425,0.6563977003097534,0.4494999945163727,1.7940950393676758
970,0.7791000008583069,0.6624755859375,0.5720000267028809,1.336747407913208
971,0.7832000255584717,0.6505322456359863,0.5789999961853027,1.3357813358306885
972,0.7788000106811523,0.6545451283454895,0.5885000228881836,1.292424201965332
973,0.7864999771118164,0.6526132822036743,0.5649999976158142,1.4279046058654785
974,0.7833999991416931,0.6529896259307861,0.5509999990463257,1.4299083948135376
975,0.7814000248908997,0.6499545574188232,0.6004999876022339,1.29593026638031
976,0.7878999710083008,0.6459285616874695,0.5669999718666077,1.3705531358718872
977,0.7843000292778015,0.6572213172912598,0.5774999856948853,1.379435658454895
978,0.7851999998092651,0.6439213156700134,0.6054999828338623,1.2487332820892334
979,0.785099983215332,0.64615797996521,0.5550000071525574,1.3854329586029053
980,0.7839999794960022,0.6475728154182434,0.5720000267028809,1.3651602268218994
981,0.7850000262260437,0.6472181081771851,0.5425000190734863,1.476349949836731
982,0.784500002861023,0.65000319480896,0.565500020980835,1.4154549837112427
983,0.7908999919891357,0.6364834904670715,0.546999990940094,1.439555048942566
984,0.7878000140190125,0.6420535445213318,0.5339999794960022,1.4683897495269775
985,0.786899983882904,0.6443924307823181,0.5774999856948853,1.3639545440673828
986,0.7882000207901001,0.6376863121986389,0.5394999980926514,1.6093504428863525
987,0.7865999937057495,0.6452669501304626,0.5665000081062317,1.3547552824020386
988,0.7922000288963318,0.6352477669715881,0.5820000171661377,1.3512463569641113
989,0.7882999777793884,0.6404215097427368,0.5839999914169312,1.3242148160934448
990,0.7901999950408936,0.6357480883598328,0.5425000190734863,1.4916965961456299
991,0.7886000275611877,0.6372334361076355,0.5295000076293945,1.6060993671417236
992,0.7849000096321106,0.6456254124641418,0.5910000205039978,1.3319250345230103
993,0.7889000177383423,0.6366268992424011,0.5740000009536743,1.4046485424041748
994,0.7907999753952026,0.6315531134605408,0.5814999938011169,1.3745110034942627
995,0.7937999963760376,0.6275483965873718,0.5849999785423279,1.340917944908142
996,0.7835000157356262,0.638633668422699,0.5885000228881836,1.3312458992004395
997,0.7915999889373779,0.6305130124092102,0.5914999842643738,1.2998621463775635
998,0.7932000160217285,0.630570650100708,0.5270000100135803,1.5865322351455688
999,0.7889000177383423,0.6366077661514282,0.5705000162124634,1.3529216051101685
