epoch,accuracy,loss,val_accuracy,val_loss
0,0.12129999697208405,2.303060531616211,0.1420000046491623,2.2961862087249756
1,0.1469999998807907,2.2910408973693848,0.15000000596046448,2.2879250049591064
2,0.14959999918937683,2.284052610397339,0.14550000429153442,2.2815606594085693
3,0.15199999511241913,2.277987241744995,0.148499995470047,2.2755610942840576
4,0.16300000250339508,2.2716965675354004,0.16449999809265137,2.268908739089966
5,0.17350000143051147,2.26470947265625,0.1784999966621399,2.261300802230835
6,0.1834000051021576,2.2566702365875244,0.1965000033378601,2.2527027130126953
7,0.19179999828338623,2.247278928756714,0.20250000059604645,2.2429349422454834
8,0.2021999955177307,2.2363085746765137,0.21449999511241913,2.2305891513824463
9,0.20990000665187836,2.2234010696411133,0.22050000727176666,2.21675443649292
10,0.22540000081062317,2.2089316844940186,0.2224999964237213,2.2019708156585693
11,0.22200000286102295,2.1931309700012207,0.23600000143051147,2.1855874061584473
12,0.23420000076293945,2.17590069770813,0.22699999809265137,2.1674463748931885
13,0.23659999668598175,2.157254457473755,0.2395000010728836,2.147947311401367
14,0.24539999663829803,2.1380512714385986,0.2475000023841858,2.1285240650177
15,0.2547000050544739,2.118661642074585,0.26249998807907104,2.1105799674987793
16,0.2572000026702881,2.1004369258880615,0.257999986410141,2.0927340984344482
17,0.2612000107765198,2.0830490589141846,0.2705000042915344,2.0766444206237793
18,0.2702000141143799,2.0678069591522217,0.26249998807907104,2.061765670776367
19,0.2705000042915344,2.0530998706817627,0.2639999985694885,2.0486674308776855
20,0.2728999853134155,2.040879011154175,0.2815000116825104,2.036715507507324
21,0.2766999900341034,2.029759168624878,0.26899999380111694,2.0271265506744385
22,0.28189998865127563,2.019089460372925,0.26249998807907104,2.027188301086426
23,0.2849000096321106,2.0100042819976807,0.2815000116825104,2.0113346576690674
24,0.2872999906539917,2.0010132789611816,0.2770000100135803,2.012190580368042
25,0.2874999940395355,1.9933565855026245,0.29249998927116394,1.9934970140457153
26,0.2953999936580658,1.9847458600997925,0.28450000286102295,1.9857252836227417
27,0.2930999994277954,1.977182388305664,0.28850001096725464,1.977842926979065
28,0.29739999771118164,1.9697529077529907,0.2879999876022339,1.972964882850647
29,0.29829999804496765,1.9628896713256836,0.30250000953674316,1.9646811485290527
30,0.3019999861717224,1.9561396837234497,0.29750001430511475,1.9569604396820068
31,0.3052000105381012,1.949188470840454,0.304500013589859,1.9535799026489258
32,0.311599999666214,1.9429267644882202,0.30250000953674316,1.9445816278457642
33,0.3084999918937683,1.9364805221557617,0.30399999022483826,1.9369864463806152
34,0.3082999885082245,1.9306640625,0.30300000309944153,1.9347931146621704
35,0.3140000104904175,1.9238113164901733,0.3034999966621399,1.932288408279419
36,0.3165999948978424,1.9189043045043945,0.3089999854564667,1.9290900230407715
37,0.3181999921798706,1.9128146171569824,0.3070000112056732,1.9150844812393188
38,0.323199987411499,1.9068373441696167,0.32249999046325684,1.910606026649475
39,0.32710000872612,1.900924563407898,0.30799999833106995,1.9098548889160156
40,0.32519999146461487,1.8942749500274658,0.31299999356269836,1.9055441617965698
41,0.3276999890804291,1.8902466297149658,0.3190000057220459,1.9057749509811401
42,0.33009999990463257,1.884213924407959,0.32199999690055847,1.8915903568267822
43,0.3310999870300293,1.8781665563583374,0.32249999046325684,1.8865662813186646
44,0.33320000767707825,1.8728883266448975,0.3269999921321869,1.8774374723434448
45,0.335999995470047,1.8673759698867798,0.3294999897480011,1.872363567352295
46,0.33970001339912415,1.861649751663208,0.3089999854564667,1.887023687362671
47,0.3418999910354614,1.8563814163208008,0.3264999985694885,1.8645192384719849
48,0.3411000072956085,1.850877285003662,0.32199999690055847,1.8562513589859009
49,0.3465000092983246,1.8444113731384277,0.335999995470047,1.8545286655426025
50,0.34450000524520874,1.8392103910446167,0.33149999380111694,1.849183201789856
51,0.35040000081062317,1.8336395025253296,0.3384999930858612,1.8431432247161865
52,0.353300005197525,1.827567219734192,0.33649998903274536,1.8382607698440552
53,0.3517000079154968,1.8232828378677368,0.3345000147819519,1.8359321355819702
54,0.3553999960422516,1.8183945417404175,0.34700000286102295,1.8330345153808594
55,0.3598000109195709,1.8121188879013062,0.33899998664855957,1.8388457298278809
56,0.3610999882221222,1.8070769309997559,0.33399999141693115,1.8257906436920166
57,0.36250001192092896,1.8017375469207764,0.3474999964237213,1.8187626600265503
58,0.364300012588501,1.7974581718444824,0.3400000035762787,1.8230341672897339
59,0.3702000081539154,1.7931599617004395,0.33799999952316284,1.8206526041030884
60,0.3691999912261963,1.7867398262023926,0.3490000069141388,1.8130682706832886
61,0.36959999799728394,1.7822318077087402,0.35850000381469727,1.804932713508606
62,0.37290000915527344,1.7761034965515137,0.34150001406669617,1.8367425203323364
63,0.3727000057697296,1.7720820903778076,0.33899998664855957,1.8158258199691772
64,0.3734000027179718,1.7680611610412598,0.3529999852180481,1.7952919006347656
65,0.37770000100135803,1.7614771127700806,0.3714999854564667,1.77587890625
66,0.37869998812675476,1.7574622631072998,0.36500000953674316,1.7796701192855835
67,0.38100001215934753,1.7532637119293213,0.35899999737739563,1.7788766622543335
68,0.38199999928474426,1.7481542825698853,0.3714999854564667,1.7706507444381714
69,0.38350000977516174,1.7429817914962769,0.35749998688697815,1.779386043548584
70,0.3856000006198883,1.7397090196609497,0.3564999997615814,1.7789559364318848
71,0.38600000739097595,1.7358191013336182,0.36899998784065247,1.7551790475845337
72,0.39239999651908875,1.73026442527771,0.3634999990463257,1.7665547132492065
73,0.3919000029563904,1.7255265712738037,0.3619999885559082,1.7575408220291138
74,0.39329999685287476,1.7213584184646606,0.3630000054836273,1.7527400255203247
75,0.3952000141143799,1.7171658277511597,0.37450000643730164,1.7434645891189575
76,0.398499995470047,1.7128254175186157,0.3790000081062317,1.7444661855697632
77,0.3944000005722046,1.7085013389587402,0.37950000166893005,1.7410415410995483
78,0.3995000123977661,1.7041847705841064,0.38199999928474426,1.7578805685043335
79,0.3977999985218048,1.6987943649291992,0.3804999887943268,1.7370924949645996
80,0.4058000147342682,1.6961618661880493,0.38749998807907104,1.7488311529159546
81,0.40380001068115234,1.692291259765625,0.39500001072883606,1.709722876548767
82,0.4049000144004822,1.6878787279129028,0.38100001215934753,1.7327988147735596
83,0.4065999984741211,1.6836484670639038,0.3869999945163727,1.7426828145980835
84,0.40790000557899475,1.680996060371399,0.38350000977516174,1.7148090600967407
85,0.41179999709129333,1.6748650074005127,0.36149999499320984,1.760325312614441
86,0.40849998593330383,1.671812653541565,0.3955000042915344,1.697784423828125
87,0.41119998693466187,1.6673219203948975,0.3865000009536743,1.7032382488250732
88,0.41029998660087585,1.665092945098877,0.3919999897480011,1.696750283241272
89,0.413100004196167,1.6597808599472046,0.4000000059604645,1.692388653755188
90,0.4120999872684479,1.6569793224334717,0.3540000021457672,1.7486755847930908
91,0.41600000858306885,1.652559757232666,0.40049999952316284,1.6963444948196411
92,0.4174000024795532,1.6488535404205322,0.3930000066757202,1.7469160556793213
93,0.41990000009536743,1.64493727684021,0.3959999978542328,1.6918964385986328
94,0.4212999939918518,1.6403313875198364,0.39800000190734863,1.671754002571106
95,0.4185999929904938,1.6371848583221436,0.398499995470047,1.6783283948898315
96,0.4221000075340271,1.633262038230896,0.36250001192092896,1.787142038345337
97,0.423799991607666,1.630751609802246,0.40950000286102295,1.66702401638031
98,0.42590001225471497,1.624801516532898,0.3944999873638153,1.6998919248580933
99,0.42730000615119934,1.6223387718200684,0.4065000116825104,1.6741441488265991
100,0.4259999990463257,1.6187727451324463,0.4000000059604645,1.660461187362671
101,0.42980000376701355,1.6148070096969604,0.38100001215934753,1.6923606395721436
102,0.4296000003814697,1.61146879196167,0.36399999260902405,1.7234410047531128
103,0.42980000376701355,1.609462022781372,0.41600000858306885,1.6626636981964111
104,0.42989999055862427,1.6049669981002808,0.398499995470047,1.6740286350250244
105,0.43230000138282776,1.6011602878570557,0.40799999237060547,1.6432758569717407
106,0.4327999949455261,1.5986077785491943,0.39100000262260437,1.6543325185775757
107,0.4361000061035156,1.5942331552505493,0.4154999852180481,1.6418070793151855
108,0.4332999885082245,1.5910979509353638,0.42649999260902405,1.6281052827835083
109,0.4397999942302704,1.5877958536148071,0.4180000126361847,1.6229047775268555
110,0.43689998984336853,1.5843112468719482,0.4025000035762787,1.679236888885498
111,0.43720000982284546,1.5820791721343994,0.4009999930858612,1.660414218902588
112,0.43779999017715454,1.5789326429367065,0.421999990940094,1.629611849784851
113,0.44429999589920044,1.574919581413269,0.4124999940395355,1.6253383159637451
114,0.44290000200271606,1.5715744495391846,0.3955000042915344,1.7253633737564087
115,0.4410000145435333,1.5714157819747925,0.4074999988079071,1.6569762229919434
116,0.4397999942302704,1.5681425333023071,0.4154999852180481,1.6388856172561646
117,0.4449999928474426,1.563350796699524,0.42399999499320984,1.6218152046203613
118,0.44130000472068787,1.5614867210388184,0.4189999997615814,1.6169363260269165
119,0.4462999999523163,1.5593591928482056,0.4300000071525574,1.5897507667541504
120,0.4478999972343445,1.5546823740005493,0.41749998927116394,1.6139426231384277
121,0.4465000033378601,1.5540146827697754,0.41449999809265137,1.6141161918640137
122,0.4503999948501587,1.5486690998077393,0.42500001192092896,1.5940479040145874
123,0.44670000672340393,1.547954797744751,0.4339999854564667,1.6012433767318726
124,0.45210000872612,1.5445014238357544,0.4309999942779541,1.5881779193878174
125,0.451200008392334,1.5417110919952393,0.42649999260902405,1.635806918144226
126,0.4546000063419342,1.538986086845398,0.43700000643730164,1.585341215133667
127,0.4514000117778778,1.5364307165145874,0.4235000014305115,1.5999841690063477
128,0.45579999685287476,1.5336540937423706,0.4065000116825104,1.717530369758606
129,0.4526999890804291,1.5349448919296265,0.4375,1.5715289115905762
130,0.45570001006126404,1.5286961793899536,0.4325000047683716,1.5717295408248901
131,0.454800009727478,1.5287128686904907,0.4259999990463257,1.5948926210403442
132,0.4551999866962433,1.5258251428604126,0.4359999895095825,1.5728223323822021
133,0.45680001378059387,1.5218168497085571,0.4339999854564667,1.5748132467269897
134,0.4611999988555908,1.5194121599197388,0.44449999928474426,1.5631145238876343
135,0.46050000190734863,1.5186669826507568,0.4104999899864197,1.637132167816162
136,0.459199994802475,1.5182520151138306,0.42100000381469727,1.5825769901275635
137,0.4603999853134155,1.5139583349227905,0.43299999833106995,1.5903005599975586
138,0.4569999873638153,1.5134763717651367,0.4449999928474426,1.5612826347351074
139,0.4659000039100647,1.5095903873443604,0.4359999895095825,1.5630565881729126
140,0.4645000100135803,1.5052763223648071,0.4325000047683716,1.5998691320419312
141,0.46070000529289246,1.50600266456604,0.43950000405311584,1.5672543048858643
142,0.4661000072956085,1.502539873123169,0.4404999911785126,1.5838323831558228
143,0.46779999136924744,1.5014947652816772,0.44449999928474426,1.5446045398712158
144,0.4661000072956085,1.499942421913147,0.4320000112056732,1.5837230682373047
145,0.4690000116825104,1.498441457748413,0.429500013589859,1.590474009513855
146,0.4659000039100647,1.4946978092193604,0.44200000166893005,1.564557671546936
147,0.47029998898506165,1.4918116331100464,0.4399999976158142,1.5629836320877075
148,0.47110000252723694,1.4901014566421509,0.3919999897480011,1.6978414058685303
149,0.4706999957561493,1.4911284446716309,0.35350000858306885,1.8984626531600952
150,0.46860000491142273,1.4896929264068604,0.4494999945163727,1.5513790845870972
151,0.4706999957561493,1.4842422008514404,0.43799999356269836,1.561149001121521
152,0.47429999709129333,1.4837870597839355,0.4169999957084656,1.6604682207107544
153,0.476500004529953,1.4821135997772217,0.43050000071525574,1.5664504766464233
154,0.4749999940395355,1.4794217348098755,0.45249998569488525,1.5218327045440674
155,0.474700003862381,1.476600170135498,0.42649999260902405,1.5976966619491577
156,0.47530001401901245,1.479374647140503,0.43950000405311584,1.566434621810913
157,0.476500004529953,1.4749646186828613,0.4449999928474426,1.5326467752456665
158,0.4814000129699707,1.4710736274719238,0.44999998807907104,1.5401304960250854
159,0.47920000553131104,1.471076250076294,0.4480000138282776,1.5682657957077026
160,0.4781000018119812,1.4689511060714722,0.4154999852180481,1.6086608171463013
161,0.4812000095844269,1.466352105140686,0.4065000116825104,1.6347695589065552
162,0.47699999809265137,1.4663026332855225,0.42649999260902405,1.6230117082595825
163,0.48170000314712524,1.4632927179336548,0.43849998712539673,1.570449948310852
164,0.4837999939918518,1.4620927572250366,0.43849998712539673,1.5682060718536377
165,0.4837999939918518,1.4614627361297607,0.460999995470047,1.5179524421691895
166,0.4830999970436096,1.4580825567245483,0.4555000066757202,1.5141156911849976
167,0.483599990606308,1.4562091827392578,0.4514999985694885,1.5260186195373535
168,0.4875999987125397,1.4518815279006958,0.44200000166893005,1.6052950620651245
169,0.4860000014305115,1.4554846286773682,0.46399998664855957,1.509253740310669
170,0.483599990606308,1.4516758918762207,0.4284999966621399,1.5767512321472168
171,0.48350000381469727,1.4537749290466309,0.2784999907016754,2.369474172592163
172,0.4846000075340271,1.461198091506958,0.4309999942779541,1.6185634136199951
173,0.48030000925064087,1.44999361038208,0.4519999921321869,1.5226117372512817
174,0.48750001192092896,1.4469887018203735,0.4595000147819519,1.5683058500289917
175,0.4875999987125397,1.4444249868392944,0.4480000138282776,1.5525513887405396
176,0.4887000024318695,1.442115306854248,0.445499986410141,1.5375964641571045
177,0.4909999966621399,1.439443588256836,0.4494999945163727,1.5540616512298584
178,0.49059998989105225,1.4388720989227295,0.44999998807907104,1.5260581970214844
179,0.49059998989105225,1.4389777183532715,0.4429999887943268,1.5361884832382202
180,0.4921000003814697,1.4354387521743774,0.44449999928474426,1.5905663967132568
181,0.49390000104904175,1.4346176385879517,0.4645000100135803,1.4986892938613892
182,0.4925000071525574,1.434104323387146,0.4569999873638153,1.510710597038269
183,0.49559998512268066,1.4288469552993774,0.46399998664855957,1.510648488998413
184,0.49779999256134033,1.4274756908416748,0.4505000114440918,1.5218346118927002
185,0.4984999895095825,1.4282811880111694,0.46149998903274536,1.5247877836227417
186,0.4975000023841858,1.4266029596328735,0.4205000102519989,1.5953516960144043
187,0.4959999918937683,1.427405834197998,0.43799999356269836,1.6315950155258179
188,0.5008000135421753,1.4233157634735107,0.4724999964237213,1.4734888076782227
189,0.5012999773025513,1.4248108863830566,0.4569999873638153,1.517507791519165
190,0.4991999864578247,1.418446660041809,0.4684999883174896,1.5078386068344116
191,0.5011000037193298,1.4183851480484009,0.4359999895095825,1.5600987672805786
192,0.4991999864578247,1.4202171564102173,0.4740000069141388,1.488694190979004
193,0.5031999945640564,1.4153356552124023,0.47099998593330383,1.495305061340332
194,0.5015000104904175,1.412905216217041,0.4754999876022339,1.481336236000061
195,0.49639999866485596,1.4143370389938354,0.4684999883174896,1.4946433305740356
196,0.5044999718666077,1.4118088483810425,0.46299999952316284,1.5080410242080688
197,0.4984000027179718,1.4105116128921509,0.47049999237060547,1.4965457916259766
198,0.5047000050544739,1.4068703651428223,0.4715000092983246,1.498043179512024
199,0.5052000284194946,1.4067444801330566,0.4690000116825104,1.4881775379180908
200,0.5067999958992004,1.4049993753433228,0.4404999911785126,1.5880707502365112
201,0.5012999773025513,1.4067829847335815,0.48100000619888306,1.4985649585723877
202,0.507099986076355,1.4026706218719482,0.47049999237060547,1.4967819452285767
203,0.5067999958992004,1.4017305374145508,0.47350001335144043,1.4679129123687744
204,0.5055000185966492,1.4020670652389526,0.4699999988079071,1.4857109785079956
205,0.5083000063896179,1.398376703262329,0.44749999046325684,1.52265202999115
206,0.5045999884605408,1.39794921875,0.48350000381469727,1.4711670875549316
207,0.5109999775886536,1.3951252698898315,0.4415000081062317,1.5569325685501099
208,0.5077999830245972,1.3964943885803223,0.47600001096725464,1.47201406955719
209,0.5126000046730042,1.3908263444900513,0.4959999918937683,1.4541237354278564
210,0.5108000040054321,1.39299476146698,0.4580000042915344,1.5260565280914307
211,0.5128999948501587,1.3908909559249878,0.4794999957084656,1.4840903282165527
212,0.512499988079071,1.3866289854049683,0.4429999887943268,1.5460494756698608
213,0.5105000138282776,1.3865002393722534,0.4729999899864197,1.4609265327453613
214,0.5109000205993652,1.3879947662353516,0.4620000123977661,1.4857984781265259
215,0.515999972820282,1.3831127882003784,0.4724999964237213,1.4951738119125366
216,0.510200023651123,1.3847190141677856,0.4715000092983246,1.480002760887146
217,0.5153999924659729,1.3790171146392822,0.46149998903274536,1.5523110628128052
218,0.5105999708175659,1.3846299648284912,0.45500001311302185,1.5470079183578491
219,0.5162000060081482,1.380170464515686,0.4880000054836273,1.465160608291626
220,0.5175999999046326,1.3754733800888062,0.47350001335144043,1.4571560621261597
221,0.5178999900817871,1.377897024154663,0.4440000057220459,1.5285875797271729
222,0.5182999968528748,1.3751460313796997,0.47850000858306885,1.4547383785247803
223,0.5166000127792358,1.3750542402267456,0.48249998688697815,1.4620524644851685
224,0.5178999900817871,1.3723161220550537,0.4555000066757202,1.4943459033966064
225,0.5192000269889832,1.3706109523773193,0.43050000071525574,1.5972129106521606
226,0.5202000141143799,1.3682363033294678,0.46950000524520874,1.494613528251648
227,0.5174999833106995,1.3692047595977783,0.47850000858306885,1.4574731588363647
228,0.5199999809265137,1.3675247430801392,0.3865000009536743,1.8263177871704102
229,0.5189999938011169,1.3674970865249634,0.4569999873638153,1.56080162525177
230,0.5206999778747559,1.3680554628372192,0.45899999141693115,1.5014342069625854
231,0.5205000042915344,1.3616334199905396,0.46650001406669617,1.4784914255142212
232,0.5198000073432922,1.3615458011627197,0.46149998903274536,1.4989525079727173
233,0.5220999717712402,1.3594759702682495,0.47200000286102295,1.471665620803833
234,0.5220000147819519,1.3613373041152954,0.43650001287460327,1.6212093830108643
235,0.5230000019073486,1.3606592416763306,0.49399998784065247,1.4384443759918213
236,0.5238999724388123,1.3548651933670044,0.4814999997615814,1.4600329399108887
237,0.5256999731063843,1.3564000129699707,0.4749999940395355,1.454865574836731
238,0.5218999981880188,1.3541818857192993,0.4830000102519989,1.4866852760314941
239,0.5245000123977661,1.35054612159729,0.4359999895095825,1.5389822721481323
240,0.527400016784668,1.3505290746688843,0.33000001311302185,2.1214659214019775
241,0.5216000080108643,1.354266881942749,0.4724999964237213,1.467081069946289
242,0.5273000001907349,1.3493198156356812,0.4959999918937683,1.440940499305725
243,0.5281000137329102,1.3476594686508179,0.4699999988079071,1.4772007465362549
244,0.5309000015258789,1.3449304103851318,0.4794999957084656,1.4715687036514282
245,0.5291000008583069,1.346570611000061,0.4975000023841858,1.414989709854126
246,0.5291000008583069,1.3421144485473633,0.46799999475479126,1.4820640087127686
247,0.5321000218391418,1.3411569595336914,0.45750001072883606,1.5030449628829956
248,0.529699981212616,1.3451708555221558,0.45399999618530273,1.4901021718978882
249,0.5295000076293945,1.3380002975463867,0.4645000100135803,1.4938464164733887
250,0.534600019454956,1.338800072669983,0.45500001311302185,1.5409934520721436
251,0.527400016784668,1.3411977291107178,0.4959999918937683,1.4252965450286865
252,0.5329999923706055,1.335447907447815,0.48399999737739563,1.4388540983200073
253,0.5325000286102295,1.3349331617355347,0.4749999940395355,1.4627254009246826
254,0.534500002861023,1.332852840423584,0.47099998593330383,1.5229469537734985
255,0.5350000262260437,1.3326483964920044,0.4620000123977661,1.5034006834030151
256,0.5325000286102295,1.3312771320343018,0.4350000023841858,1.5459065437316895
257,0.53329998254776,1.3339241743087769,0.47049999237060547,1.4848436117172241
258,0.5335000157356262,1.3304818868637085,0.48750001192092896,1.4395157098770142
259,0.5343000292778015,1.3284372091293335,0.4884999990463257,1.4289629459381104
260,0.5365999937057495,1.3245506286621094,0.48750001192092896,1.4378217458724976
261,0.535099983215332,1.3225101232528687,0.4959999918937683,1.438908338546753
262,0.5350000262260437,1.323428750038147,0.5105000138282776,1.4017575979232788
263,0.5379999876022339,1.3231489658355713,0.4724999964237213,1.472687840461731
264,0.536899983882904,1.3218181133270264,0.4794999957084656,1.4420216083526611
265,0.536899983882904,1.3233084678649902,0.48399999737739563,1.4339848756790161
266,0.5404999852180481,1.3181921243667603,0.503000020980835,1.4137290716171265
267,0.5357000231742859,1.3199436664581299,0.49799999594688416,1.4347270727157593
268,0.5419999957084656,1.3181840181350708,0.49000000953674316,1.4111082553863525
269,0.5389999747276306,1.3168352842330933,0.4729999899864197,1.452664852142334
270,0.5415999889373779,1.314199686050415,0.4925000071525574,1.425437569618225
271,0.5418000221252441,1.3117879629135132,0.4729999899864197,1.4669599533081055
272,0.5390999913215637,1.3145140409469604,0.4794999957084656,1.4434210062026978
273,0.5422999858856201,1.3089511394500732,0.5049999952316284,1.4064007997512817
274,0.5432000160217285,1.3101917505264282,0.46950000524520874,1.5056554079055786
275,0.5421000123023987,1.3118658065795898,0.47600001096725464,1.479110598564148
276,0.542900025844574,1.308311939239502,0.4984999895095825,1.4343667030334473
277,0.5444999933242798,1.3049991130828857,0.5034999847412109,1.4135642051696777
278,0.5442000031471252,1.3053950071334839,0.48350000381469727,1.4605751037597656
279,0.5447999835014343,1.3042526245117188,0.4724999964237213,1.4668892621994019
280,0.5453000068664551,1.3017855882644653,0.48649999499320984,1.428708553314209
281,0.5489000082015991,1.2981888055801392,0.49900001287460327,1.40516197681427
282,0.5471000075340271,1.3037489652633667,0.4950000047683716,1.4183441400527954
283,0.5444999933242798,1.2982248067855835,0.4855000078678131,1.4433951377868652
284,0.5454999804496765,1.2950485944747925,0.49950000643730164,1.4077098369598389
285,0.5468000173568726,1.2954639196395874,0.43700000643730164,1.5521061420440674
286,0.5450999736785889,1.2948665618896484,0.460999995470047,1.5058784484863281
287,0.545199990272522,1.2994673252105713,0.42500001192092896,1.701649785041809
288,0.545199990272522,1.2959376573562622,0.4975000023841858,1.42438542842865
289,0.548799991607666,1.289258599281311,0.5019999742507935,1.3896223306655884
290,0.5508000254631042,1.290807843208313,0.49900001287460327,1.4118776321411133
291,0.5475000143051147,1.2876904010772705,0.4884999990463257,1.411887764930725
292,0.5472000241279602,1.2914179563522339,0.5015000104904175,1.397833228111267
293,0.5497999787330627,1.285722017288208,0.49799999594688416,1.4157471656799316
294,0.5530999898910522,1.2866154909133911,0.4410000145435333,1.658029556274414
295,0.5501000285148621,1.289080023765564,0.4959999918937683,1.4101884365081787
296,0.550599992275238,1.2824326753616333,0.4945000112056732,1.4179925918579102
297,0.5496000051498413,1.2827200889587402,0.4959999918937683,1.4280811548233032
298,0.5558000206947327,1.2844899892807007,0.5164999961853027,1.4032244682312012
299,0.5508999824523926,1.2816523313522339,0.4934999942779541,1.4204466342926025
300,0.5540000200271606,1.278099536895752,0.5015000104904175,1.3843498229980469
301,0.555899977684021,1.2815206050872803,0.46549999713897705,1.4907867908477783
302,0.5569999814033508,1.2760865688323975,0.5024999976158142,1.4171372652053833
303,0.5515000224113464,1.2767157554626465,0.4124999940395355,1.794747233390808
304,0.5557000041007996,1.2792036533355713,0.5074999928474426,1.3900648355484009
305,0.5544999837875366,1.274933099746704,0.4259999990463257,1.566014289855957
306,0.5546000003814697,1.2743204832077026,0.49050000309944153,1.4352346658706665
307,0.5537999868392944,1.271549105644226,0.49950000643730164,1.45229172706604
308,0.5604000091552734,1.2693568468093872,0.49549999833106995,1.4014350175857544
309,0.5536999702453613,1.2661405801773071,0.5005000233650208,1.4047019481658936
310,0.5559999942779541,1.2666794061660767,0.4975000023841858,1.399747371673584
311,0.5582000017166138,1.2654902935028076,0.47200000286102295,1.4657580852508545
312,0.5580000281333923,1.2715901136398315,0.5084999799728394,1.3781232833862305
313,0.5591999888420105,1.2608720064163208,0.5059999823570251,1.4132744073867798
314,0.5570999979972839,1.264190435409546,0.5130000114440918,1.3953659534454346
315,0.5630999803543091,1.2623589038848877,0.49300000071525574,1.4400115013122559
316,0.5601999759674072,1.265425443649292,0.4909999966621399,1.4308780431747437
317,0.5583000183105469,1.2629685401916504,0.5220000147819519,1.3638930320739746
318,0.5641000270843506,1.2581379413604736,0.512499988079071,1.3705302476882935
319,0.5636000037193298,1.2585246562957764,0.4860000014305115,1.4472382068634033
320,0.5604000091552734,1.2542033195495605,0.4984999895095825,1.397388219833374
321,0.5575000047683716,1.2555540800094604,0.503000020980835,1.3834563493728638
322,0.5619000196456909,1.2556980848312378,0.47999998927116394,1.4411559104919434
323,0.5618000030517578,1.2560641765594482,0.48750001192092896,1.448313593864441
324,0.5595999956130981,1.256149411201477,0.4675000011920929,1.4704924821853638
325,0.5605000257492065,1.252112627029419,0.429500013589859,1.6067564487457275
326,0.5634999871253967,1.2503010034561157,0.503000020980835,1.4376873970031738
327,0.5648999810218811,1.2499151229858398,0.5005000233650208,1.4645323753356934
328,0.5633999705314636,1.2493388652801514,0.5180000066757202,1.3726534843444824
329,0.5685999989509583,1.2461451292037964,0.5270000100135803,1.3666616678237915
330,0.5659999847412109,1.2441457509994507,0.4675000011920929,1.4784414768218994
331,0.5677000284194946,1.2447783946990967,0.4754999876022339,1.4845620393753052
332,0.5679000020027161,1.2474950551986694,0.4945000112056732,1.4105526208877563
333,0.5662000179290771,1.2408885955810547,0.5065000057220459,1.3732562065124512
334,0.5656999945640564,1.2406177520751953,0.4620000123977661,1.5460286140441895
335,0.5647000074386597,1.242859125137329,0.5134999752044678,1.3624322414398193
336,0.5709999799728394,1.2377216815948486,0.48899999260902405,1.416894793510437
337,0.5690000057220459,1.2384462356567383,0.5,1.401245355606079
338,0.5687000155448914,1.2387354373931885,0.512499988079071,1.3814477920532227
339,0.5712000131607056,1.2335386276245117,0.5019999742507935,1.3937727212905884
340,0.5734000205993652,1.232276201248169,0.5005000233650208,1.4224175214767456
341,0.5705000162124634,1.2337284088134766,0.5099999904632568,1.425908088684082
342,0.5745999813079834,1.2335188388824463,0.49399998784065247,1.436256766319275
343,0.5702000260353088,1.2313069105148315,0.5,1.392904281616211
344,0.5720000267028809,1.2334283590316772,0.5214999914169312,1.3808764219284058
345,0.5722000002861023,1.2312543392181396,0.5099999904632568,1.3639219999313354
346,0.5733000040054321,1.2275274991989136,0.5024999976158142,1.4042389392852783
347,0.5758000016212463,1.226422667503357,0.5274999737739563,1.395391821861267
348,0.5716999769210815,1.225295066833496,0.503000020980835,1.4089158773422241
349,0.5727999806404114,1.2274774312973022,0.45399999618530273,1.53140389919281
350,0.5771999955177307,1.2246620655059814,0.44749999046325684,1.6231822967529297
351,0.5759000182151794,1.2226415872573853,0.4805000126361847,1.4355034828186035
352,0.578499972820282,1.2214738130569458,0.5055000185966492,1.3824650049209595
353,0.574999988079071,1.2199397087097168,0.5195000171661377,1.365546703338623
354,0.5764999985694885,1.2198621034622192,0.5105000138282776,1.3722506761550903
355,0.5748999714851379,1.2178549766540527,0.48750001192092896,1.4405837059020996
356,0.5802000164985657,1.2163145542144775,0.4625000059604645,1.567718505859375
357,0.5774000287055969,1.2184861898422241,0.4860000014305115,1.4283955097198486
358,0.5773000121116638,1.216653823852539,0.4970000088214874,1.3879919052124023
359,0.5781999826431274,1.2168071269989014,0.47600001096725464,1.4549548625946045
360,0.5782999992370605,1.2156840562820435,0.5199999809265137,1.3808009624481201
361,0.5787000060081482,1.208524465560913,0.5189999938011169,1.3796544075012207
362,0.5807999968528748,1.2065788507461548,0.5170000195503235,1.3500711917877197
363,0.5812000036239624,1.2085987329483032,0.5235000252723694,1.3856788873672485
364,0.5819000005722046,1.2089301347732544,0.492000013589859,1.3860737085342407
365,0.5809999704360962,1.2070255279541016,0.46700000762939453,1.447392463684082
366,0.5789999961853027,1.2069348096847534,0.5289999842643738,1.336965799331665
367,0.5799000263214111,1.2029650211334229,0.476500004529953,1.4885954856872559
368,0.5827999711036682,1.2044777870178223,0.5115000009536743,1.3786230087280273
369,0.5802000164985657,1.202898383140564,0.5184999704360962,1.3397740125656128
370,0.586899995803833,1.2000426054000854,0.5099999904632568,1.3973418474197388
371,0.5792999863624573,1.2073191404342651,0.5034999847412109,1.4279006719589233
372,0.5867000222206116,1.1989202499389648,0.4869999885559082,1.4104771614074707
373,0.5859000086784363,1.1963337659835815,0.5115000009536743,1.354285478591919
374,0.5841000080108643,1.196690559387207,0.47049999237060547,1.4642876386642456
375,0.585099995136261,1.1961208581924438,0.5044999718666077,1.3710802793502808
376,0.5827999711036682,1.197191834449768,0.43700000643730164,1.7103385925292969
377,0.58160001039505,1.2003625631332397,0.4964999854564667,1.407840371131897
378,0.5884000062942505,1.1899060010910034,0.4465000033378601,1.554075002670288
379,0.5874999761581421,1.1936815977096558,0.5239999890327454,1.3506654500961304
380,0.5879999995231628,1.1906298398971558,0.5145000219345093,1.4022266864776611
381,0.590499997138977,1.1851567029953003,0.5105000138282776,1.3532168865203857
382,0.5885000228881836,1.1894598007202148,0.5180000066757202,1.3690237998962402
383,0.5874000191688538,1.1863559484481812,0.5145000219345093,1.3600226640701294
384,0.5906999707221985,1.1841641664505005,0.5205000042915344,1.3338574171066284
385,0.590399980545044,1.1877281665802002,0.5134999752044678,1.3779267072677612
386,0.5911999940872192,1.1808866262435913,0.5145000219345093,1.3536895513534546
387,0.5891000032424927,1.18292236328125,0.5285000205039978,1.3397111892700195
388,0.5909000039100647,1.1826428174972534,0.48399999737739563,1.4889674186706543
389,0.590399980545044,1.1824333667755127,0.5049999952316284,1.4275556802749634
390,0.59170001745224,1.1817066669464111,0.5304999947547913,1.3251250982284546
391,0.5945000052452087,1.1808280944824219,0.5239999890327454,1.378084659576416
392,0.5927000045776367,1.1759729385375977,0.515500009059906,1.3529314994812012
393,0.5924999713897705,1.1745132207870483,0.5090000033378601,1.3699231147766113
394,0.5924999713897705,1.1799389123916626,0.5015000104904175,1.4067504405975342
395,0.5911999940872192,1.1779838800430298,0.5220000147819519,1.3629906177520752
396,0.59579998254776,1.1741514205932617,0.5090000033378601,1.3961395025253296
397,0.5939000248908997,1.1767807006835938,0.47999998927116394,1.4522459506988525
398,0.5928000211715698,1.1722028255462646,0.48750001192092896,1.4830859899520874
399,0.5946000218391418,1.1747777462005615,0.5034999847412109,1.3803101778030396
400,0.593999981880188,1.1691044569015503,0.4740000069141388,1.5342718362808228
401,0.5922999978065491,1.1729010343551636,0.5304999947547913,1.321053385734558
402,0.5975000262260437,1.1644619703292847,0.5105000138282776,1.4055678844451904
403,0.5993000268936157,1.166184425354004,0.5245000123977661,1.3286645412445068
404,0.5996000170707703,1.1663216352462769,0.5099999904632568,1.374635934829712
405,0.5981000065803528,1.1629563570022583,0.4350000023841858,1.7089848518371582
406,0.5935999751091003,1.1698883771896362,0.4645000100135803,1.483529806137085
407,0.5989000201225281,1.1628096103668213,0.5080000162124634,1.3720709085464478
408,0.5982999801635742,1.1601955890655518,0.531499981880188,1.338759422302246
409,0.6015999913215637,1.158961296081543,0.5379999876022339,1.3356410264968872
410,0.6011000275611877,1.1527185440063477,0.5095000267028809,1.4228956699371338
411,0.5996000170707703,1.1566675901412964,0.5205000042915344,1.3237413167953491
412,0.6032000184059143,1.1581422090530396,0.4415000081062317,1.61967134475708
413,0.6039999723434448,1.1601576805114746,0.5184999704360962,1.375458836555481
414,0.60589998960495,1.1522152423858643,0.5210000276565552,1.3267848491668701
415,0.5983999967575073,1.157812237739563,0.4830000102519989,1.472365140914917
416,0.6022999882698059,1.1511152982711792,0.5195000171661377,1.3621126413345337
417,0.6064000129699707,1.148374319076538,0.5139999985694885,1.3515807390213013
418,0.5974000096321106,1.1500933170318604,0.42649999260902405,1.6532126665115356
419,0.5997999906539917,1.1577632427215576,0.5224999785423279,1.3727742433547974
420,0.6075000166893005,1.1457951068878174,0.47749999165534973,1.4748502969741821
421,0.6110000014305115,1.1441351175308228,0.4059999883174896,1.8377392292022705
422,0.603600025177002,1.149865984916687,0.5139999985694885,1.3990199565887451
423,0.6057000160217285,1.1425081491470337,0.4970000088214874,1.4807199239730835
424,0.608299970626831,1.1394703388214111,0.5015000104904175,1.4412777423858643
425,0.60589998960495,1.1422468423843384,0.5074999928474426,1.3738110065460205
426,0.6075000166893005,1.1402288675308228,0.5385000109672546,1.312911033630371
427,0.6080999970436096,1.137829303741455,0.5304999947547913,1.329135775566101
428,0.6079000234603882,1.1371649503707886,0.5404999852180481,1.3041716814041138
429,0.6086000204086304,1.1386970281600952,0.3474999964237213,2.2006475925445557
430,0.6049000024795532,1.150717854499817,0.5145000219345093,1.4226577281951904
431,0.6111999750137329,1.1336133480072021,0.534500002861023,1.3478131294250488
432,0.6093999743461609,1.1364275217056274,0.4715000092983246,1.477607250213623
433,0.6086999773979187,1.1325701475143433,0.5379999876022339,1.3093342781066895
434,0.6097000241279602,1.1287636756896973,0.5065000057220459,1.3658159971237183
435,0.6141999959945679,1.1273324489593506,0.5210000276565552,1.3579161167144775
436,0.6133999824523926,1.1277856826782227,0.5174999833106995,1.3683173656463623
437,0.6136999726295471,1.125851035118103,0.5134999752044678,1.3496273756027222
438,0.6128000020980835,1.12647545337677,0.5070000290870667,1.4320751428604126
439,0.6122000217437744,1.125301718711853,0.5339999794960022,1.3251760005950928
440,0.6136000156402588,1.1227952241897583,0.531000018119812,1.3638150691986084
441,0.6132000088691711,1.1242592334747314,0.5325000286102295,1.3184657096862793
442,0.6144999861717224,1.1244688034057617,0.534500002861023,1.3029950857162476
443,0.612500011920929,1.1196885108947754,0.5329999923706055,1.3496040105819702
444,0.6136000156402588,1.1199382543563843,0.44699999690055847,1.5834277868270874
445,0.6172000169754028,1.120805025100708,0.531499981880188,1.3644061088562012
446,0.6164000034332275,1.1200464963912964,0.44350001215934753,1.5461708307266235
447,0.6162999868392944,1.1156915426254272,0.4634999930858612,1.5878231525421143
448,0.6186000108718872,1.1191246509552002,0.45500001311302185,1.548134207725525
449,0.6144000291824341,1.1200634241104126,0.5544999837875366,1.2891403436660767
450,0.6183000206947327,1.1125423908233643,0.5044999718666077,1.3933824300765991
451,0.6151999831199646,1.1169661283493042,0.48399999737739563,1.4719648361206055
452,0.6146000027656555,1.1148943901062012,0.531000018119812,1.335339069366455
453,0.6176000237464905,1.1065460443496704,0.5299999713897705,1.3476954698562622
454,0.6180999875068665,1.1062521934509277,0.5274999737739563,1.3239699602127075
455,0.6189000010490417,1.1063228845596313,0.47350001335144043,1.4689275026321411
456,0.6202999949455261,1.109692096710205,0.5274999737739563,1.3374062776565552
457,0.6209999918937683,1.1057871580123901,0.5099999904632568,1.4378525018692017
458,0.6220999956130981,1.1094930171966553,0.5040000081062317,1.3878895044326782
459,0.6230000257492065,1.102011799812317,0.5385000109672546,1.3154206275939941
460,0.6212999820709229,1.1030030250549316,0.5074999928474426,1.4571348428726196
461,0.6220999956130981,1.1052533388137817,0.46650001406669617,1.5210999250411987
462,0.6179999709129333,1.1041392087936401,0.5015000104904175,1.4208396673202515
463,0.6241999864578247,1.1011855602264404,0.5174999833106995,1.3681221008300781
464,0.6193000078201294,1.1004165410995483,0.531499981880188,1.334610104560852
465,0.6241000294685364,1.1002594232559204,0.5210000276565552,1.352679967880249
466,0.618399977684021,1.0980324745178223,0.5205000042915344,1.3547898530960083
467,0.621999979019165,1.0967037677764893,0.4650000035762787,1.510561466217041
468,0.6251999735832214,1.0958189964294434,0.5385000109672546,1.3442673683166504
469,0.6240000128746033,1.0943915843963623,0.5074999928474426,1.3999221324920654
470,0.6215999722480774,1.0971496105194092,0.4984999895095825,1.3995857238769531
471,0.6225000023841858,1.097306489944458,0.5379999876022339,1.2943984270095825
472,0.6269999742507935,1.0901492834091187,0.5565000176429749,1.2786445617675781
473,0.6262000203132629,1.0936667919158936,0.5370000004768372,1.3366495370864868
474,0.6233999729156494,1.0902992486953735,0.5320000052452087,1.3091857433319092
475,0.6237999796867371,1.0903221368789673,0.5230000019073486,1.358587622642517
476,0.6225000023841858,1.0881807804107666,0.49149999022483826,1.3909286260604858
477,0.6284999847412109,1.085939645767212,0.5080000162124634,1.3786743879318237
478,0.6284000277519226,1.0853687524795532,0.476500004529953,1.5417269468307495
479,0.6248000264167786,1.0880463123321533,0.5095000267028809,1.4288783073425293
480,0.6308000087738037,1.0832886695861816,0.5440000295639038,1.3136547803878784
481,0.6305000185966492,1.0797381401062012,0.5134999752044678,1.3999135494232178
482,0.6288999915122986,1.0822826623916626,0.4945000112056732,1.4393916130065918
483,0.6294999718666077,1.0819990634918213,0.5115000009536743,1.3540502786636353
484,0.6292999982833862,1.0793790817260742,0.5490000247955322,1.281754970550537
485,0.630299985408783,1.0787591934204102,0.5394999980926514,1.299648642539978
486,0.6309000253677368,1.0785659551620483,0.5454999804496765,1.2901984453201294
487,0.6319000124931335,1.0743985176086426,0.5289999842643738,1.3339070081710815
488,0.6276000142097473,1.0775012969970703,0.5099999904632568,1.3733232021331787
489,0.6326000094413757,1.0757267475128174,0.5435000061988831,1.3025076389312744
490,0.6312000155448914,1.0731425285339355,0.527999997138977,1.4309632778167725
491,0.6312000155448914,1.0755425691604614,0.5425000190734863,1.296105146408081
492,0.6333000063896179,1.0679669380187988,0.46549999713897705,1.591522216796875
493,0.6294000148773193,1.0716766119003296,0.5070000290870667,1.4166704416275024
494,0.6327000260353088,1.0738418102264404,0.5325000286102295,1.3690483570098877
495,0.6335999965667725,1.0727958679199219,0.5205000042915344,1.3674272298812866
496,0.6344000101089478,1.066575050354004,0.49549999833106995,1.476133942604065
497,0.6348999738693237,1.0682660341262817,0.5479999780654907,1.3559352159500122
498,0.6366000175476074,1.0667158365249634,0.5260000228881836,1.3322501182556152
499,0.6359999775886536,1.0606070756912231,0.5379999876022339,1.29866361618042
500,0.6366000175476074,1.061848759651184,0.5490000247955322,1.2925841808319092
501,0.6353999972343445,1.0615171194076538,0.5264999866485596,1.3749423027038574
502,0.6370999813079834,1.0621758699417114,0.527999997138977,1.3777375221252441
503,0.6363000273704529,1.062279224395752,0.47749999165534973,1.5079395771026611
504,0.6370000243186951,1.0616968870162964,0.5375000238418579,1.3460586071014404
505,0.6378999948501587,1.0618404150009155,0.5665000081062317,1.2664037942886353
506,0.6345000267028809,1.0585424900054932,0.5289999842643738,1.3314509391784668
507,0.6384999752044678,1.0537974834442139,0.5289999842643738,1.3702980279922485
508,0.6384999752044678,1.0584832429885864,0.5329999923706055,1.3692599534988403
509,0.6373000144958496,1.0585857629776,0.5385000109672546,1.3520029783248901
510,0.6365000009536743,1.0538705587387085,0.5485000014305115,1.2912830114364624
511,0.6373999714851379,1.0477951765060425,0.5170000195503235,1.4176852703094482
512,0.6425999999046326,1.0481516122817993,0.5170000195503235,1.3605879545211792
513,0.641700029373169,1.0499809980392456,0.5189999938011169,1.3653901815414429
514,0.6359000205993652,1.0524982213974,0.4580000042915344,1.6631553173065186
515,0.6388999819755554,1.0551071166992188,0.515999972820282,1.3976950645446777
516,0.6401000022888184,1.0480457544326782,0.42399999499320984,1.69008207321167
517,0.6398000121116638,1.04978346824646,0.5005000233650208,1.4840726852416992
518,0.6378999948501587,1.0486263036727905,0.5170000195503235,1.3591208457946777
519,0.6402000188827515,1.0439034700393677,0.4555000066757202,1.5603342056274414
520,0.6434000134468079,1.0433989763259888,0.4749999940395355,1.5041435956954956
521,0.6420999765396118,1.0406177043914795,0.5335000157356262,1.3285908699035645
522,0.6464999914169312,1.0391277074813843,0.5379999876022339,1.3176074028015137
523,0.6438999772071838,1.0345429182052612,0.5034999847412109,1.4370217323303223
524,0.6480000019073486,1.0387132167816162,0.515999972820282,1.3750731945037842
525,0.6462000012397766,1.0389232635498047,0.40450000762939453,1.8554540872573853
526,0.6419000029563904,1.0418428182601929,0.5454999804496765,1.3024771213531494
527,0.6448000073432922,1.0341159105300903,0.5230000019073486,1.3549784421920776
528,0.6467000246047974,1.0343616008758545,0.5440000295639038,1.3365392684936523
529,0.6499999761581421,1.0323556661605835,0.5139999985694885,1.4688023328781128
530,0.6449999809265137,1.0364444255828857,0.5274999737739563,1.3489896059036255
531,0.6438000202178955,1.0300589799880981,0.550000011920929,1.2761026620864868
532,0.6482999920845032,1.0259679555892944,0.5230000019073486,1.3505972623825073
533,0.6460999846458435,1.0301326513290405,0.5260000228881836,1.3510605096817017
534,0.6478999853134155,1.0309103727340698,0.5529999732971191,1.3059430122375488
535,0.6524999737739563,1.024430751800537,0.534500002861023,1.335789442062378
536,0.6452999711036682,1.0261238813400269,0.4894999861717224,1.518534541130066
537,0.6485000252723694,1.030593991279602,0.46650001406669617,1.5612483024597168
538,0.6496000289916992,1.0237066745758057,0.550000011920929,1.3122729063034058
539,0.6528000235557556,1.0174260139465332,0.46950000524520874,1.5206530094146729
540,0.6499999761581421,1.025449275970459,0.5235000252723694,1.3615179061889648
541,0.6546000242233276,1.0223444700241089,0.5515000224113464,1.3063478469848633
542,0.651199996471405,1.0183138847351074,0.5044999718666077,1.3972289562225342
543,0.6521000266075134,1.0212743282318115,0.5584999918937683,1.2777036428451538
544,0.6531000137329102,1.017585277557373,0.5274999737739563,1.3546249866485596
545,0.6498000025749207,1.0219507217407227,0.4634999930858612,1.5989136695861816
546,0.6507999897003174,1.0206674337387085,0.5239999890327454,1.371761679649353
547,0.6539000272750854,1.014719009399414,0.546500027179718,1.2804968357086182
548,0.656000018119812,1.0104811191558838,0.5410000085830688,1.322753667831421
549,0.6514000296592712,1.0128148794174194,0.5325000286102295,1.4298917055130005
550,0.6553999781608582,1.0121290683746338,0.5394999980926514,1.3555314540863037
551,0.6567000150680542,1.011824131011963,0.5460000038146973,1.2908515930175781
552,0.6552000045776367,1.0148639678955078,0.5285000205039978,1.3764034509658813
553,0.6567000150680542,1.0075902938842773,0.5264999866485596,1.3800722360610962
554,0.6559000015258789,1.014092206954956,0.5325000286102295,1.3345402479171753
555,0.6567999720573425,1.0065375566482544,0.5550000071525574,1.321030855178833
556,0.6554999947547913,1.0109939575195312,0.5084999799728394,1.456045150756836
557,0.6625000238418579,1.002590537071228,0.515500009059906,1.3761935234069824
558,0.6608999967575073,1.0048470497131348,0.5170000195503235,1.4267096519470215
559,0.6615999937057495,0.9996654987335205,0.5005000233650208,1.4300142526626587
560,0.6557000279426575,1.0082443952560425,0.5450000166893005,1.3419500589370728
561,0.6589999794960022,1.0003318786621094,0.49950000643730164,1.454222559928894
562,0.6578999757766724,1.0052393674850464,0.5400000214576721,1.3240224123001099
563,0.6650000214576721,0.996151864528656,0.5634999871253967,1.277937412261963
564,0.6622999906539917,0.9976624250411987,0.5504999756813049,1.2822282314300537
565,0.65829998254776,0.9975687265396118,0.46000000834465027,1.679320216178894
566,0.6574000120162964,1.0037126541137695,0.5145000219345093,1.3741562366485596
567,0.6593999862670898,0.998741865158081,0.5379999876022339,1.3568121194839478
568,0.6614999771118164,0.9930686354637146,0.5325000286102295,1.3719213008880615
569,0.6615999937057495,0.9944681525230408,0.527999997138977,1.3339654207229614
570,0.6643999814987183,0.9899344444274902,0.5099999904632568,1.4808604717254639
571,0.664900004863739,0.9893426895141602,0.5600000023841858,1.2687398195266724
572,0.6650000214576721,0.9900994300842285,0.5490000247955322,1.294850468635559
573,0.6651999950408936,0.9891496896743774,0.5625,1.2550936937332153
574,0.6626999974250793,0.9878979325294495,0.5220000147819519,1.4051151275634766
575,0.6614000201225281,0.9858881831169128,0.5460000038146973,1.3171894550323486
576,0.6611999869346619,0.99062579870224,0.5379999876022339,1.370794653892517
577,0.6650000214576721,0.9918084144592285,0.5440000295639038,1.3132054805755615
578,0.6664000153541565,0.9855444431304932,0.5370000004768372,1.3524572849273682
579,0.6669999957084656,0.982861340045929,0.47099998593330383,1.585950493812561
580,0.6621000170707703,0.9907464981079102,0.512499988079071,1.4220596551895142
581,0.6656000018119812,0.9838882684707642,0.5040000081062317,1.3643463850021362
582,0.6696000099182129,0.9813449382781982,0.546500027179718,1.3292088508605957
583,0.6668000221252441,0.9794455766677856,0.5634999871253967,1.2808791399002075
584,0.6685000061988831,0.9752339124679565,0.5419999957084656,1.3307932615280151
585,0.6687999963760376,0.9815771579742432,0.5264999866485596,1.3703469038009644
586,0.6638000011444092,0.9779986143112183,0.5590000152587891,1.2933775186538696
587,0.6672999858856201,0.9752984642982483,0.5644999742507935,1.2567558288574219
588,0.6694999933242798,0.9769531488418579,0.5145000219345093,1.417392611503601
589,0.666700005531311,0.9733538031578064,0.5485000014305115,1.300394892692566
590,0.669700026512146,0.970888078212738,0.5680000185966492,1.2786496877670288
591,0.6740000247955322,0.9665735363960266,0.5289999842643738,1.372605562210083
592,0.6722000241279602,0.9714005589485168,0.5519999861717224,1.3714011907577515
593,0.670799970626831,0.9678179621696472,0.4544999897480011,1.6114001274108887
594,0.6679999828338623,0.9778125882148743,0.5099999904632568,1.4395091533660889
595,0.6715999841690063,0.9680686593055725,0.5590000152587891,1.295357346534729
596,0.6729000210762024,0.9704756140708923,0.550000011920929,1.2851096391677856
597,0.6712999939918518,0.9672945141792297,0.5350000262260437,1.3216993808746338
598,0.67330002784729,0.9644075036048889,0.5770000219345093,1.2465932369232178
599,0.670799970626831,0.9659989476203918,0.5540000200271606,1.2901437282562256
600,0.673799991607666,0.9623085856437683,0.5360000133514404,1.327094554901123
601,0.6751000285148621,0.9600949287414551,0.5195000171661377,1.435289740562439
602,0.675599992275238,0.9652733206748962,0.5565000176429749,1.270167589187622
603,0.6746000051498413,0.9608888626098633,0.5360000133514404,1.3095295429229736
604,0.6765000224113464,0.9606075286865234,0.5410000085830688,1.3654783964157104
605,0.6754999756813049,0.958519697189331,0.5239999890327454,1.3571269512176514
606,0.6793000102043152,0.9600685834884644,0.5609999895095825,1.2653217315673828
607,0.6757000088691711,0.9612767696380615,0.5370000004768372,1.3318870067596436
608,0.680400013923645,0.9530596733093262,0.5009999871253967,1.555048942565918
609,0.6747000217437744,0.9601916074752808,0.5224999785423279,1.3842507600784302
610,0.6753000020980835,0.953694224357605,0.5615000128746033,1.2707839012145996
611,0.6783999800682068,0.9530025124549866,0.5410000085830688,1.3158854246139526
612,0.6800000071525574,0.9506821036338806,0.5385000109672546,1.3337496519088745
613,0.6805999875068665,0.9502047896385193,0.534500002861023,1.3191266059875488
614,0.6819999814033508,0.9486779570579529,0.48899999260902405,1.4770846366882324
615,0.677299976348877,0.9481855630874634,0.5515000224113464,1.3160157203674316
616,0.6798999905586243,0.9485160112380981,0.5649999976158142,1.299712896347046
617,0.6800000071525574,0.946526288986206,0.5695000290870667,1.277921199798584
618,0.6801999807357788,0.9460344910621643,0.5189999938011169,1.4010460376739502
619,0.6823999881744385,0.9441651105880737,0.36250001192092896,2.343508720397949
620,0.6802999973297119,0.9566614031791687,0.5619999766349792,1.2941449880599976
621,0.6820999979972839,0.94195556640625,0.5630000233650208,1.2976675033569336
622,0.6815000176429749,0.9420604705810547,0.5184999704360962,1.3968517780303955
623,0.6820999979972839,0.9414392709732056,0.5015000104904175,1.4712108373641968
624,0.6818000078201294,0.9405922889709473,0.5139999985694885,1.421419620513916
625,0.6872000098228455,0.9366313219070435,0.5354999899864197,1.3648325204849243
626,0.6819999814033508,0.9385782480239868,0.5740000009536743,1.2601878643035889
627,0.6851999759674072,0.933723509311676,0.5619999766349792,1.2866867780685425
628,0.6858999729156494,0.9354743361473083,0.5410000085830688,1.3100881576538086
629,0.6840999722480774,0.9336829781532288,0.5024999976158142,1.488262414932251
630,0.683899998664856,0.9383775591850281,0.5600000023841858,1.2790933847427368
631,0.6801000237464905,0.9337612986564636,0.5529999732971191,1.3090649843215942
632,0.6841999888420105,0.9308418035507202,0.546500027179718,1.3258647918701172
633,0.6884999871253967,0.9306223392486572,0.5400000214576721,1.3429696559906006
634,0.6858999729156494,0.9300190210342407,0.5605000257492065,1.3337944746017456
635,0.6870999932289124,0.9253400564193726,0.5444999933242798,1.3221898078918457
636,0.6863999962806702,0.9317532181739807,0.5709999799728394,1.2561349868774414
637,0.6891000270843506,0.9248502850532532,0.5429999828338623,1.3579977750778198
638,0.6897000074386597,0.9235759973526001,0.5665000081062317,1.2606436014175415
639,0.6940000057220459,0.9222822189331055,0.5224999785423279,1.393591284751892
640,0.6895999908447266,0.9253018498420715,0.4754999876022339,1.5627784729003906
641,0.6873000264167786,0.9257222414016724,0.5274999737739563,1.3988993167877197
642,0.6876000165939331,0.9236722588539124,0.5059999823570251,1.4671493768692017
643,0.6826000213623047,0.9282228350639343,0.4984999895095825,1.4775965213775635
644,0.6848000288009644,0.9246341586112976,0.5559999942779541,1.2990573644638062
645,0.6866999864578247,0.9246495962142944,0.578499972820282,1.2470192909240723
646,0.6938999891281128,0.9124443531036377,0.5504999756813049,1.2982149124145508
647,0.6915000081062317,0.9187233448028564,0.5130000114440918,1.4457759857177734
648,0.690500020980835,0.9178926944732666,0.4819999933242798,1.5212842226028442
649,0.6906999945640564,0.9160520434379578,0.5724999904632568,1.2852486371994019
650,0.6923999786376953,0.916597843170166,0.5684999823570251,1.3144363164901733
651,0.6887999773025513,0.9126250147819519,0.5335000157356262,1.343249797821045
652,0.6940000057220459,0.9124476313591003,0.503000020980835,1.4344515800476074
653,0.6931999921798706,0.9147735238075256,0.5304999947547913,1.3792481422424316
654,0.692799985408783,0.9072006940841675,0.5230000019073486,1.4329004287719727
655,0.6972000002861023,0.9118431806564331,0.5659999847412109,1.3034043312072754
656,0.6972000002861023,0.9111943244934082,0.5040000081062317,1.493552565574646
657,0.6926000118255615,0.9101879596710205,0.5550000071525574,1.3093023300170898
658,0.6967999935150146,0.9076952934265137,0.5435000061988831,1.3683974742889404
659,0.6937000155448914,0.9106716513633728,0.5584999918937683,1.274468183517456
660,0.6980999708175659,0.905098021030426,0.5389999747276306,1.343433141708374
661,0.694100022315979,0.9109723567962646,0.5615000128746033,1.299213171005249
662,0.6949999928474426,0.9091346859931946,0.5705000162124634,1.2702213525772095
663,0.6945000290870667,0.9038792252540588,0.5329999923706055,1.4063249826431274
664,0.6944000124931335,0.9078230261802673,0.5394999980926514,1.346370816230774
665,0.7016000151634216,0.9010566473007202,0.5580000281333923,1.291292428970337
666,0.6948999762535095,0.9012357592582703,0.5375000238418579,1.322192907333374
667,0.6972000002861023,0.8976477384567261,0.5389999747276306,1.3647383451461792
668,0.6980999708175659,0.9007397294044495,0.5400000214576721,1.355544924736023
669,0.6984000205993652,0.8961466550827026,0.47099998593330383,1.5901055335998535
670,0.6956999897956848,0.9037941694259644,0.5419999957084656,1.3961626291275024
671,0.6955000162124634,0.8981572985649109,0.546999990940094,1.3245654106140137
672,0.698199987411499,0.8956574201583862,0.5684999823570251,1.2813509702682495
673,0.6990000009536743,0.8937652111053467,0.5419999957084656,1.330269455909729
674,0.7026000022888184,0.8906766772270203,0.4580000042915344,1.747705101966858
675,0.7017999887466431,0.8936542868614197,0.5109999775886536,1.4694160223007202
676,0.703000009059906,0.888108491897583,0.5630000233650208,1.309402346611023
677,0.7021999955177307,0.8839166760444641,0.5329999923706055,1.4338433742523193
678,0.7009000182151794,0.8888670206069946,0.5120000243186951,1.4210035800933838
679,0.6984999775886536,0.8904266357421875,0.5565000176429749,1.3073995113372803
680,0.7073000073432922,0.8846900463104248,0.503000020980835,1.5060561895370483
681,0.7023000121116638,0.8840833902359009,0.534500002861023,1.3788691759109497
682,0.7014999985694885,0.885387122631073,0.5475000143051147,1.3305665254592896
683,0.7016000151634216,0.8840646743774414,0.565500020980835,1.2843694686889648
684,0.7039999961853027,0.8803444504737854,0.5425000190734863,1.377469778060913
685,0.7046999931335449,0.8800022602081299,0.4580000042915344,1.7549779415130615
686,0.7046999931335449,0.890717089176178,0.5385000109672546,1.3807443380355835
687,0.7041000127792358,0.8790993094444275,0.5634999871253967,1.3018871545791626
688,0.7059999704360962,0.880358099937439,0.512499988079071,1.5196317434310913
689,0.7069000005722046,0.8803225755691528,0.5734999775886536,1.254481315612793
690,0.7081999778747559,0.8741531372070312,0.44749999046325684,1.7668423652648926
691,0.7059999704360962,0.8814533352851868,0.5015000104904175,1.5699193477630615
692,0.7077999711036682,0.8792177438735962,0.5435000061988831,1.382251262664795
693,0.7080000042915344,0.8767596483230591,0.5575000047683716,1.3070635795593262
694,0.7063000202178955,0.8725150227546692,0.5304999947547913,1.3840261697769165
695,0.7092000246047974,0.8734975457191467,0.5414999723434448,1.39231276512146
696,0.7053999900817871,0.8750023245811462,0.5494999885559082,1.380739688873291
697,0.7045999765396118,0.8753870129585266,0.5210000276565552,1.4962366819381714
698,0.7099000215530396,0.8688499927520752,0.4855000078678131,1.5836528539657593
699,0.7063999772071838,0.8723369240760803,0.5479999780654907,1.329097032546997
700,0.7091000080108643,0.8668936491012573,0.5059999823570251,1.4827924966812134
701,0.7099000215530396,0.8632647395133972,0.5644999742507935,1.2786695957183838
702,0.7105000019073486,0.865951657295227,0.5375000238418579,1.4505457878112793
703,0.7124999761581421,0.8690599799156189,0.4964999854564667,1.4843088388442993
704,0.7049000263214111,0.8709667921066284,0.5485000014305115,1.3815011978149414
705,0.7110999822616577,0.859855592250824,0.5364999771118164,1.3485260009765625
706,0.7087000012397766,0.8662192225456238,0.5245000123977661,1.3878220319747925
707,0.7092999815940857,0.8637851476669312,0.5740000009536743,1.244979977607727
708,0.7113999724388123,0.8562172055244446,0.5625,1.2749501466751099
709,0.7129999995231628,0.8572069406509399,0.5734999775886536,1.2976409196853638
710,0.711899995803833,0.8619830012321472,0.5600000023841858,1.2835958003997803
711,0.7167999744415283,0.8531849384307861,0.5454999804496765,1.3880301713943481
712,0.7153000235557556,0.8565554618835449,0.5289999842643738,1.4366471767425537
713,0.7121999859809875,0.8585230708122253,0.5565000176429749,1.2922015190124512
714,0.7127000093460083,0.8520735502243042,0.5385000109672546,1.3499542474746704
715,0.7124999761581421,0.8543947339057922,0.5640000104904175,1.298150658607483
716,0.7184000015258789,0.853844404220581,0.5529999732971191,1.2993782758712769
717,0.7188000082969666,0.8487070202827454,0.5385000109672546,1.3927046060562134
718,0.7132999897003174,0.8538547158241272,0.5690000057220459,1.2576392889022827
719,0.7182000279426575,0.8512556552886963,0.48350000381469727,1.5846542119979858
720,0.7114999890327454,0.8535062670707703,0.5454999804496765,1.3707722425460815
721,0.715399980545044,0.8460886478424072,0.5600000023841858,1.2915230989456177
722,0.7199000120162964,0.8467162251472473,0.5795000195503235,1.2817870378494263
723,0.7213000059127808,0.8409867882728577,0.5504999756813049,1.4234944581985474
724,0.7185999751091003,0.8458582162857056,0.5285000205039978,1.3920714855194092
725,0.7192000150680542,0.8483052849769592,0.5565000176429749,1.286002278327942
726,0.7229999899864197,0.8433048725128174,0.5475000143051147,1.3719843626022339
727,0.7192999720573425,0.8456587791442871,0.5540000200271606,1.3143384456634521
728,0.7182000279426575,0.8396965861320496,0.5164999961853027,1.4797426462173462
729,0.7188000082969666,0.8428289294242859,0.5615000128746033,1.283798098564148
730,0.7174999713897705,0.8378603458404541,0.5690000057220459,1.2853119373321533
731,0.7229999899864197,0.8344775438308716,0.4959999918937683,1.5146315097808838
732,0.7160000205039978,0.8398114442825317,0.5479999780654907,1.3680217266082764
733,0.7253999710083008,0.8345304727554321,0.5350000262260437,1.3722429275512695
734,0.7196000218391418,0.8361580967903137,0.5485000014305115,1.329177975654602
735,0.7218000292778015,0.8349655270576477,0.5550000071525574,1.343538761138916
736,0.722000002861023,0.8342872858047485,0.5454999804496765,1.3463575839996338
737,0.7232999801635742,0.8296226859092712,0.574999988079071,1.2631525993347168
738,0.7235000133514404,0.8310756087303162,0.5745000243186951,1.267449975013733
739,0.7211999893188477,0.8312838077545166,0.5625,1.3103296756744385
740,0.7264000177383423,0.8256337642669678,0.5360000133514404,1.3846834897994995
741,0.7257999777793884,0.8316755890846252,0.5354999899864197,1.4501574039459229
742,0.7207000255584717,0.8303400278091431,0.5605000257492065,1.3128267526626587
743,0.7253000140190125,0.8318475484848022,0.5690000057220459,1.3189257383346558
744,0.7267000079154968,0.8198057413101196,0.398499995470047,2.155524492263794
745,0.7197999954223633,0.8434914350509644,0.5540000200271606,1.3594897985458374
746,0.725600004196167,0.8235271573066711,0.49799999594688416,1.5799604654312134
747,0.7250000238418579,0.8240962624549866,0.5024999976158142,1.530785083770752
748,0.7229999899864197,0.8276090025901794,0.5720000267028809,1.323794960975647
749,0.7246999740600586,0.8200035095214844,0.5325000286102295,1.4101487398147583
750,0.7304999828338623,0.8195468783378601,0.5419999957084656,1.3877447843551636
751,0.7278000116348267,0.8163986206054688,0.5164999961853027,1.452407717704773
752,0.7232000231742859,0.8180489540100098,0.5024999976158142,1.5778086185455322
753,0.7229999899864197,0.8227753043174744,0.5475000143051147,1.3048800230026245
754,0.7336000204086304,0.8129705190658569,0.5245000123977661,1.4452770948410034
755,0.7285000085830688,0.8211427927017212,0.5419999957084656,1.4091311693191528
756,0.7265999913215637,0.8180694580078125,0.5634999871253967,1.317786455154419
757,0.7275000214576721,0.8099262714385986,0.5600000023841858,1.3168915510177612
758,0.7328000068664551,0.8083795309066772,0.5230000019073486,1.4306241273880005
759,0.7276999950408936,0.8149897456169128,0.5730000138282776,1.2911523580551147
760,0.7271999716758728,0.8118643164634705,0.5515000224113464,1.3096034526824951
761,0.7318999767303467,0.8076809048652649,0.5444999933242798,1.3568252325057983
762,0.7314000129699707,0.8076155781745911,0.5695000290870667,1.272613525390625
763,0.7263000011444092,0.8056532144546509,0.5644999742507935,1.29752779006958
764,0.7285000085830688,0.811652421951294,0.5649999976158142,1.2859792709350586
765,0.7340999841690063,0.8029569387435913,0.5105000138282776,1.4176688194274902
766,0.7289000153541565,0.8059743642807007,0.5339999794960022,1.449526309967041
767,0.7329000234603882,0.8044322729110718,0.5600000023841858,1.29154372215271
768,0.7297999858856201,0.8029027581214905,0.5809999704360962,1.2592248916625977
769,0.7347999811172485,0.7990081310272217,0.5440000295639038,1.4599255323410034
770,0.7336000204086304,0.8054363131523132,0.5809999704360962,1.253085732460022
771,0.7335000038146973,0.8030173778533936,0.45500001311302185,1.7682256698608398
772,0.736299991607666,0.7996384501457214,0.5755000114440918,1.2714972496032715
773,0.7343999743461609,0.7955631613731384,0.5730000138282776,1.2872008085250854
774,0.736299991607666,0.7955142855644226,0.5649999976158142,1.3329448699951172
775,0.7335000038146973,0.7975432276725769,0.5690000057220459,1.2671130895614624
776,0.7330999970436096,0.7951758503913879,0.5304999947547913,1.4179089069366455
777,0.7342000007629395,0.7972680330276489,0.5609999895095825,1.3051615953445435
778,0.732699990272522,0.7995184063911438,0.5805000066757202,1.2917460203170776
779,0.7394999861717224,0.7901691794395447,0.5024999976158142,1.5929269790649414
780,0.7328000068664551,0.797279953956604,0.5519999861717224,1.3672873973846436
781,0.7368000149726868,0.7941863536834717,0.5534999966621399,1.380987524986267
782,0.7378000020980835,0.7933288216590881,0.546999990940094,1.333691120147705
783,0.736299991607666,0.7892361879348755,0.5740000009536743,1.2897918224334717
784,0.7394999861717224,0.7863655686378479,0.5575000047683716,1.3306825160980225
785,0.7401000261306763,0.7897853255271912,0.5795000195503235,1.2656351327896118
786,0.7396000027656555,0.7852457761764526,0.5385000109672546,1.399461030960083
787,0.7386000156402588,0.7893939018249512,0.5329999923706055,1.4115368127822876
788,0.7365999817848206,0.7893565893173218,0.5410000085830688,1.3900434970855713
789,0.7390999794006348,0.7822982668876648,0.5450000166893005,1.4300110340118408
790,0.7389000058174133,0.7837995886802673,0.565500020980835,1.317886471748352
791,0.7409999966621399,0.7828875780105591,0.5600000023841858,1.3239021301269531
792,0.7389000058174133,0.7826538681983948,0.5040000081062317,1.5560712814331055
793,0.7390999794006348,0.7875089645385742,0.5370000004768372,1.4176501035690308
794,0.7394000291824341,0.7780055403709412,0.531000018119812,1.457871913909912
795,0.7419999837875366,0.782916247844696,0.5379999876022339,1.4617820978164673
796,0.7407000064849854,0.7837574481964111,0.5565000176429749,1.3483964204788208
797,0.7429999709129333,0.7773759961128235,0.5809999704360962,1.275980830192566
798,0.745199978351593,0.7741262912750244,0.5619999766349792,1.2943991422653198
799,0.7473000288009644,0.772071897983551,0.5274999737739563,1.4598370790481567
800,0.7421000003814697,0.7748866081237793,0.5674999952316284,1.307131052017212
801,0.746999979019165,0.7704417705535889,0.515999972820282,1.4593439102172852
802,0.7437999844551086,0.7742758989334106,0.5814999938011169,1.2464646100997925
803,0.744700014591217,0.7709962725639343,0.5634999871253967,1.3243906497955322
804,0.7444000244140625,0.7692826986312866,0.5189999938011169,1.5117195844650269
805,0.7465999722480774,0.7714589238166809,0.5649999976158142,1.3564811944961548
806,0.7452999949455261,0.7694417238235474,0.5419999957084656,1.425925374031067
807,0.7506999969482422,0.7676945328712463,0.5699999928474426,1.2958911657333374
808,0.7494000196456909,0.7646157741546631,0.5335000157356262,1.3682996034622192
809,0.7480000257492065,0.7638053894042969,0.565500020980835,1.3625538349151611
810,0.7469000220298767,0.7652592658996582,0.5509999990463257,1.4039133787155151
811,0.7433000206947327,0.7728236317634583,0.5350000262260437,1.3929706811904907
812,0.7455999851226807,0.7675895690917969,0.5534999966621399,1.3949311971664429
813,0.7487000226974487,0.7637542486190796,0.5329999923706055,1.4105432033538818
814,0.7501000165939331,0.7614569664001465,0.5410000085830688,1.3743592500686646
815,0.7491999864578247,0.7576183080673218,0.5425000190734863,1.3945014476776123
816,0.7511000037193298,0.7573661804199219,0.5540000200271606,1.3730251789093018
817,0.7513999938964844,0.7567180395126343,0.5320000052452087,1.4263499975204468
818,0.7490000128746033,0.7609272003173828,0.5680000185966492,1.3910435438156128
819,0.7465999722480774,0.7636894583702087,0.5444999933242798,1.385069489479065
820,0.7512999773025513,0.7548828125,0.4790000021457672,1.667700171470642
821,0.7501000165939331,0.7601288557052612,0.5659999847412109,1.3033528327941895
822,0.7511000037193298,0.7551124095916748,0.5885000228881836,1.261609673500061
823,0.7533000111579895,0.751386284828186,0.5615000128746033,1.3500890731811523
824,0.748199999332428,0.7575436234474182,0.5795000195503235,1.3101543188095093
825,0.7544999718666077,0.7522774934768677,0.5389999747276306,1.4126126766204834
826,0.7519999742507935,0.7473332285881042,0.5475000143051147,1.3718082904815674
827,0.7491999864578247,0.7511580586433411,0.5414999723434448,1.3999375104904175
828,0.7548999786376953,0.7480860352516174,0.5855000019073486,1.2766097784042358
829,0.7505000233650208,0.7478874325752258,0.550000011920929,1.3821794986724854
830,0.7526999711990356,0.7470448613166809,0.5615000128746033,1.3532254695892334
831,0.753600001335144,0.7474761605262756,0.5504999756813049,1.3886394500732422
832,0.7562999725341797,0.7411506772041321,0.5659999847412109,1.353421688079834
833,0.7522000074386597,0.7529140114784241,0.5644999742507935,1.376814603805542
834,0.7577999830245972,0.7425662875175476,0.5770000219345093,1.3340116739273071
835,0.7537999749183655,0.7450306415557861,0.5680000185966492,1.3207796812057495
836,0.753600001335144,0.743350625038147,0.515999972820282,1.455149531364441
837,0.7560999989509583,0.7419705986976624,0.5705000162124634,1.3537300825119019
838,0.7554000020027161,0.7401798367500305,0.492000013589859,1.651242971420288
839,0.7587000131607056,0.7401471734046936,0.546500027179718,1.3562415838241577
840,0.7548999786376953,0.7412642240524292,0.5015000104904175,1.6581658124923706
841,0.760699987411499,0.7375763654708862,0.5375000238418579,1.4397257566452026
842,0.758400022983551,0.7372004389762878,0.5705000162124634,1.3243426084518433
843,0.7601000070571899,0.7352631092071533,0.5299999713897705,1.448917269706726
844,0.7605000138282776,0.7356289625167847,0.5584999918937683,1.3710089921951294
845,0.7573000192642212,0.7331044673919678,0.5210000276565552,1.5251802206039429
846,0.7620000243186951,0.7326149344444275,0.5249999761581421,1.4735053777694702
847,0.7595999836921692,0.7340195178985596,0.5304999947547913,1.4923347234725952
848,0.7595000267028809,0.7303748726844788,0.5485000014305115,1.3782660961151123
849,0.760699987411499,0.730605959892273,0.5705000162124634,1.3439632654190063
850,0.758400022983551,0.7292843461036682,0.5605000257492065,1.3187085390090942
851,0.7608000040054321,0.7259030938148499,0.5669999718666077,1.3220584392547607
852,0.7590000033378601,0.7275218963623047,0.5389999747276306,1.4239246845245361
853,0.76419997215271,0.7259695529937744,0.578499972820282,1.3060376644134521
854,0.7621999979019165,0.7211864590644836,0.5789999961853027,1.295048713684082
855,0.7641000151634216,0.7254476547241211,0.5715000033378601,1.3374354839324951
856,0.7663000226020813,0.7183102369308472,0.5705000162124634,1.3222312927246094
857,0.7595000267028809,0.7190678119659424,0.550000011920929,1.3936227560043335
858,0.7631999850273132,0.7210770845413208,0.5684999823570251,1.321916103363037
859,0.7663000226020813,0.7190554738044739,0.5180000066757202,1.5254294872283936
860,0.7639999985694885,0.7200576663017273,0.5824999809265137,1.3044888973236084
861,0.7631000280380249,0.7156456708908081,0.5540000200271606,1.3912889957427979
862,0.7623999714851379,0.7177793383598328,0.5795000195503235,1.3095613718032837
863,0.7634000182151794,0.7190713286399841,0.5845000147819519,1.2843071222305298
864,0.7613999843597412,0.7181465029716492,0.559499979019165,1.3524506092071533
865,0.766700029373169,0.7141373753547668,0.5600000023841858,1.3873841762542725
866,0.7616999745368958,0.7192061543464661,0.5565000176429749,1.4272831678390503
867,0.765500009059906,0.71671462059021,0.5575000047683716,1.4125996828079224
868,0.7649000287055969,0.713453471660614,0.5814999938011169,1.2914721965789795
869,0.7663999795913696,0.7087611556053162,0.5354999899864197,1.438409686088562
870,0.7645999789237976,0.7167898416519165,0.5720000267028809,1.3187288045883179
871,0.7695000171661377,0.7092257738113403,0.5805000066757202,1.298915147781372
872,0.7696999907493591,0.7073431015014648,0.5370000004768372,1.5232875347137451
873,0.7663000226020813,0.711769163608551,0.5195000171661377,1.6081538200378418
874,0.7710999846458435,0.7085477709770203,0.5680000185966492,1.3602873086929321
875,0.7713000178337097,0.7000386118888855,0.5770000219345093,1.3079713582992554
876,0.7741000056266785,0.7033429741859436,0.5189999938011169,1.5244885683059692
877,0.7703999876976013,0.7067797780036926,0.5695000290870667,1.3348069190979004
878,0.7712000012397766,0.6983906030654907,0.5220000147819519,1.5571694374084473
879,0.7699999809265137,0.7057644724845886,0.5109999775886536,1.5758293867111206
880,0.7678999900817871,0.7058347463607788,0.527999997138977,1.4783315658569336
881,0.7717000246047974,0.7005534172058105,0.5090000033378601,1.5809930562973022
882,0.7669000029563904,0.7041395306587219,0.4189999997615814,2.2279865741729736
883,0.7688999772071838,0.7111177444458008,0.5419999957084656,1.3873142004013062
884,0.7714999914169312,0.6988603472709656,0.5889999866485596,1.328100323677063
885,0.7727000117301941,0.6948338150978088,0.5860000252723694,1.3461343050003052
886,0.7735999822616577,0.6963210105895996,0.47850000858306885,1.6791117191314697
887,0.7717999815940857,0.6937537789344788,0.5440000295639038,1.53718101978302
888,0.7716000080108643,0.6963781714439392,0.5189999938011169,1.5485892295837402
889,0.7724000215530396,0.6978912353515625,0.5795000195503235,1.3075459003448486
890,0.779699981212616,0.6896076202392578,0.5534999966621399,1.4500696659088135
891,0.7764000296592712,0.689961850643158,0.5649999976158142,1.3724013566970825
892,0.7728999853134155,0.6894646883010864,0.5600000023841858,1.3866143226623535
893,0.7756999731063843,0.6903498768806458,0.5795000195503235,1.3142645359039307
894,0.7746000289916992,0.6929463744163513,0.5419999957084656,1.4742306470870972
895,0.7749000191688538,0.6867730021476746,0.5554999709129333,1.3756786584854126
896,0.7773000001907349,0.6845894455909729,0.5435000061988831,1.439043402671814
897,0.7760000228881836,0.6848694086074829,0.5249999761581421,1.4938005208969116
898,0.7750999927520752,0.6887800097465515,0.5454999804496765,1.412211537361145
899,0.7767999768257141,0.6836888790130615,0.5669999718666077,1.3728762865066528
900,0.7767999768257141,0.6835061311721802,0.5199999809265137,1.5798046588897705
901,0.7789000272750854,0.6876947283744812,0.5245000123977661,1.5500389337539673
902,0.7753999829292297,0.6848828792572021,0.5540000200271606,1.4669857025146484
903,0.7771000266075134,0.6811549067497253,0.5490000247955322,1.4077270030975342
904,0.7778000235557556,0.6785264015197754,0.5350000262260437,1.4549921751022339
905,0.7767000198364258,0.6820025444030762,0.5630000233650208,1.3474923372268677
906,0.784500002861023,0.6723326444625854,0.5120000243186951,1.6974862813949585
907,0.7788000106811523,0.6851243376731873,0.5565000176429749,1.419944167137146
908,0.7800999879837036,0.6762011051177979,0.5450000166893005,1.3929402828216553
909,0.7806000113487244,0.6724188327789307,0.5699999928474426,1.3520256280899048
910,0.7760999798774719,0.6782626509666443,0.5625,1.3824174404144287
911,0.7832000255584717,0.6717385053634644,0.5795000195503235,1.3131381273269653
912,0.7800999879837036,0.6772265434265137,0.5149999856948853,1.589673638343811
913,0.7809000015258789,0.6754457354545593,0.559499979019165,1.4474289417266846
914,0.7886000275611877,0.6676369905471802,0.484499990940094,1.6536363363265991
915,0.7799000144004822,0.6743356585502625,0.5640000104904175,1.4149224758148193
916,0.7813000082969666,0.674041211605072,0.5385000109672546,1.4894404411315918
917,0.7833999991416931,0.6696664690971375,0.47699999809265137,1.855281949043274
918,0.7846999764442444,0.6727880239486694,0.5260000228881836,1.5310587882995605
919,0.7809000015258789,0.6723231673240662,0.5789999961853027,1.3425387144088745
920,0.7803000211715698,0.6665858626365662,0.5525000095367432,1.4320017099380493
921,0.7839000225067139,0.6658348441123962,0.5799999833106995,1.32551109790802
922,0.7853000164031982,0.6618361473083496,0.5554999709129333,1.4247016906738281
923,0.7814000248908997,0.669519305229187,0.5740000009536743,1.3377083539962769
924,0.7860999703407288,0.6613783836364746,0.5575000047683716,1.4373022317886353
925,0.7903000116348267,0.6579907536506653,0.5494999885559082,1.4802584648132324
926,0.7858999967575073,0.6609625220298767,0.5429999828338623,1.5106091499328613
927,0.7915999889373779,0.6570544838905334,0.5529999732971191,1.3828892707824707
928,0.7906000018119812,0.6580117344856262,0.5454999804496765,1.4847638607025146
929,0.7890999913215637,0.6542879343032837,0.5509999990463257,1.425979733467102
930,0.7843000292778015,0.6563630700111389,0.5690000057220459,1.3766032457351685
931,0.7870000004768372,0.6541472673416138,0.5745000243186951,1.3584970235824585
932,0.7838000059127808,0.6557432413101196,0.5830000042915344,1.3249887228012085
933,0.7932000160217285,0.6564639210700989,0.5494999885559082,1.403021216392517
934,0.7872999906539917,0.6570993661880493,0.5569999814033508,1.4777835607528687
935,0.7922999858856201,0.6535030007362366,0.5490000247955322,1.4480328559875488
936,0.7896000146865845,0.6491832137107849,0.5600000023841858,1.4144911766052246
937,0.7846999764442444,0.6628727316856384,0.5214999914169312,1.573835015296936
938,0.7908999919891357,0.650786817073822,0.4884999990463257,1.7943061590194702
939,0.7889000177383423,0.6532475352287292,0.5525000095367432,1.4162473678588867
940,0.7929999828338623,0.6452508568763733,0.5770000219345093,1.3386591672897339
941,0.7901999950408936,0.6489826440811157,0.5264999866485596,1.5455056428909302
942,0.7900000214576721,0.6497344970703125,0.49050000309944153,1.7037615776062012
943,0.7929999828338623,0.6477637887001038,0.5695000290870667,1.3852465152740479
944,0.7928000092506409,0.6431213617324829,0.4790000021457672,1.9479902982711792
945,0.7921000123023987,0.6410945057868958,0.4465000033378601,2.088775396347046
946,0.792900025844574,0.6510723233222961,0.4959999918937683,1.8242192268371582
947,0.792900025844574,0.6458466053009033,0.5534999966621399,1.4316171407699585
948,0.7903000116348267,0.6453990936279297,0.5479999780654907,1.4756582975387573
949,0.7935000061988831,0.6421630382537842,0.5534999966621399,1.4685293436050415
950,0.7932000160217285,0.6436993479728699,0.5440000295639038,1.4547536373138428
951,0.798799991607666,0.6344589591026306,0.546999990940094,1.477218747138977
952,0.7979999780654907,0.6372847557067871,0.5419999957084656,1.4503229856491089
953,0.7965999841690063,0.6364752650260925,0.5164999961853027,1.6809245347976685
954,0.8009999990463257,0.631695032119751,0.5799999833106995,1.339977502822876
955,0.7950000166893005,0.6326305270195007,0.5444999933242798,1.427138090133667
956,0.7972999811172485,0.6358494162559509,0.5544999837875366,1.3994560241699219
957,0.800599992275238,0.6246447563171387,0.5809999704360962,1.3808844089508057
958,0.796500027179718,0.6331773996353149,0.5644999742507935,1.419195294380188
959,0.7949000000953674,0.6360983848571777,0.5820000171661377,1.3236463069915771
960,0.7990999817848206,0.6272111535072327,0.5580000281333923,1.3775620460510254
961,0.7994999885559082,0.6272618174552917,0.5649999976158142,1.4000614881515503
962,0.7968999743461609,0.6265423893928528,0.5730000138282776,1.3707759380340576
963,0.8008999824523926,0.6281360983848572,0.5814999938011169,1.3496034145355225
964,0.8011999726295471,0.6250442862510681,0.5375000238418579,1.549882411956787
965,0.8009999990463257,0.6249880790710449,0.546500027179718,1.4997109174728394
966,0.7975000143051147,0.6295053362846375,0.5795000195503235,1.3371330499649048
967,0.7993000149726868,0.6207786202430725,0.5550000071525574,1.4203697443008423
968,0.8022000193595886,0.6218182444572449,0.5350000262260437,1.514392614364624
969,0.7993000149726868,0.6239468455314636,0.49399998784065247,1.6571773290634155
970,0.8003000020980835,0.6255825757980347,0.5715000033378601,1.3858383893966675
971,0.8033999800682068,0.6165915131568909,0.527999997138977,1.5172693729400635
972,0.8065000176429749,0.6195520758628845,0.5690000057220459,1.408272385597229
973,0.8033000230789185,0.6194289326667786,0.5554999709129333,1.492368221282959
974,0.8069000244140625,0.6182475686073303,0.5440000295639038,1.5386086702346802
975,0.8036999702453613,0.6142116785049438,0.5835000276565552,1.370797038078308
976,0.8047000169754028,0.611581027507782,0.5509999990463257,1.4555400609970093
977,0.8015999794006348,0.6243858337402344,0.5789999961853027,1.3667899370193481
978,0.8101000189781189,0.6107065677642822,0.5809999704360962,1.3202673196792603
979,0.8016999959945679,0.6172237992286682,0.5730000138282776,1.3579790592193604
980,0.805400013923645,0.6123834252357483,0.5389999747276306,1.523905634880066
981,0.8051999807357788,0.6137688755989075,0.5494999885559082,1.4859954118728638
982,0.8037999868392944,0.6122581362724304,0.5885000228881836,1.375900387763977
983,0.8090999722480774,0.6003283262252808,0.5180000066757202,1.607042670249939
984,0.8066999912261963,0.6082404851913452,0.550000011920929,1.471372365951538
985,0.8052999973297119,0.6063913702964783,0.5569999814033508,1.4758877754211426
986,0.8084999918937683,0.6069982647895813,0.5224999785423279,1.6380857229232788
987,0.8037999868392944,0.6108488440513611,0.5724999904632568,1.3567582368850708
988,0.8051999807357788,0.6016097664833069,0.5715000033378601,1.406584620475769
989,0.8102999925613403,0.6070164442062378,0.5575000047683716,1.4782276153564453
990,0.8077999949455261,0.6022648215293884,0.5764999985694885,1.4096683263778687
991,0.8052999973297119,0.6061996221542358,0.5444999933242798,1.5973527431488037
992,0.8044000267982483,0.609833836555481,0.5764999985694885,1.4221264123916626
993,0.8104000091552734,0.6009176969528198,0.5460000038146973,1.5167943239212036
994,0.8090999722480774,0.5967623591423035,0.5544999837875366,1.514979362487793
995,0.8108000159263611,0.5940214395523071,0.5964999794960022,1.357698678970337
996,0.8104000091552734,0.5986154079437256,0.5805000066757202,1.3930584192276
997,0.8083000183105469,0.5983186960220337,0.5544999837875366,1.4327526092529297
998,0.8119000196456909,0.5955326557159424,0.531000018119812,1.5885738134384155
999,0.8087999820709229,0.6016603112220764,0.5774999856948853,1.372031569480896
