epoch,accuracy,loss,val_accuracy,val_loss
0,0.10010000318288803,2.3079535961151123,0.10400000214576721,2.3017399311065674
1,0.12319999933242798,2.296159267425537,0.12099999934434891,2.2930805683135986
2,0.1316000074148178,2.2878055572509766,0.13500000536441803,2.284533739089966
3,0.13809999823570251,2.278613805770874,0.14000000059604645,2.2747483253479004
4,0.1462000012397766,2.2687766551971436,0.1535000056028366,2.264312505722046
5,0.1597999930381775,2.258291721343994,0.16850000619888306,2.2528562545776367
6,0.1738000065088272,2.246802806854248,0.1770000010728836,2.2406578063964844
7,0.18320000171661377,2.2345645427703857,0.18000000715255737,2.2281880378723145
8,0.19359999895095825,2.2210187911987305,0.19050000607967377,2.2131073474884033
9,0.2046000063419342,2.2061891555786133,0.2084999978542328,2.196704626083374
10,0.21639999747276306,2.190004587173462,0.2084999978542328,2.1807148456573486
11,0.2198999971151352,2.172800302505493,0.22849999368190765,2.164597272872925
12,0.22589999437332153,2.1550180912017822,0.2134999930858612,2.144897222518921
13,0.23649999499320984,2.1365766525268555,0.23399999737739563,2.123975992202759
14,0.23980000615119934,2.118384838104248,0.22499999403953552,2.106066942214966
15,0.25060001015663147,2.1007418632507324,0.23399999737739563,2.089589834213257
16,0.25450000166893005,2.083956718444824,0.22499999403953552,2.077529191970825
17,0.26409998536109924,2.0683517456054688,0.23100000619888306,2.067146062850952
18,0.2766999900341034,2.054990768432617,0.2395000010728836,2.0470168590545654
19,0.2721000015735626,2.041015625,0.2709999978542328,2.0339303016662598
20,0.27410000562667847,2.029345989227295,0.27000001072883606,2.022523880004883
21,0.2815000116825104,2.018986940383911,0.2605000138282776,2.016545057296753
22,0.2816999852657318,2.009047269821167,0.2554999887943268,2.0173163414001465
23,0.28610000014305115,2.0005202293395996,0.2815000116825104,2.001096487045288
24,0.2831999957561493,1.9920167922973633,0.26249998807907104,2.0068068504333496
25,0.289900004863739,1.984431266784668,0.27300000190734863,1.9818644523620605
26,0.2921999990940094,1.9758638143539429,0.2705000042915344,1.9774121046066284
27,0.29420000314712524,1.9688708782196045,0.27549999952316284,1.969122290611267
28,0.2939999997615814,1.9618706703186035,0.2824999988079071,1.966598629951477
29,0.2994000017642975,1.955691933631897,0.2915000021457672,1.9572077989578247
30,0.30410000681877136,1.9492913484573364,0.2930000126361847,1.9484971761703491
31,0.30559998750686646,1.9425960779190063,0.3005000054836273,1.9460961818695068
32,0.31060001254081726,1.9366103410720825,0.29350000619888306,1.9378089904785156
33,0.30809998512268066,1.930250644683838,0.29750001430511475,1.9309691190719604
34,0.314300000667572,1.9244822263717651,0.3019999861717224,1.9297527074813843
35,0.31779998540878296,1.9175517559051514,0.3005000054836273,1.926905632019043
36,0.32100000977516174,1.9125046730041504,0.3005000054836273,1.9253052473068237
37,0.32199999690055847,1.9065433740615845,0.304500013589859,1.9114114046096802
38,0.32420000433921814,1.9004261493682861,0.31700000166893005,1.9040741920471191
39,0.328900009393692,1.894193410873413,0.3100000023841858,1.9057598114013672
40,0.33559998869895935,1.8868728876113892,0.3070000112056732,1.9045612812042236
41,0.3319999873638153,1.8831101655960083,0.30649998784065247,1.9145771265029907
42,0.3336000144481659,1.8768527507781982,0.3140000104904175,1.885685920715332
43,0.3375000059604645,1.8704270124435425,0.31349998712539673,1.881565809249878
44,0.33489999175071716,1.8652217388153076,0.32249999046325684,1.8720577955245972
45,0.34150001406669617,1.859133005142212,0.3240000009536743,1.8662869930267334
46,0.3425000011920929,1.853348970413208,0.2994999885559082,1.9011741876602173
47,0.3440999984741211,1.848166584968567,0.32749998569488525,1.8619815111160278
48,0.34549999237060547,1.8424404859542847,0.3269999921321869,1.8491023778915405
49,0.35019999742507935,1.8361464738845825,0.32499998807907104,1.8486021757125854
50,0.34940001368522644,1.8309619426727295,0.32850000262260437,1.8426486253738403
51,0.3529999852180481,1.8255412578582764,0.33000001311302185,1.8392823934555054
52,0.3598000109195709,1.8196263313293457,0.34200000762939453,1.8324207067489624
53,0.35350000858306885,1.8154370784759521,0.32899999618530273,1.831782341003418
54,0.3578999936580658,1.811095952987671,0.335999995470047,1.8325787782669067
55,0.3580999970436096,1.804851770401001,0.335999995470047,1.844452142715454
56,0.36329999566078186,1.8002336025238037,0.33250001072883606,1.8243229389190674
57,0.36149999499320984,1.795106053352356,0.3384999930858612,1.8141945600509644
58,0.3643999993801117,1.7911183834075928,0.32749998569488525,1.8216410875320435
59,0.36739999055862427,1.7877475023269653,0.3409999907016754,1.8170233964920044
60,0.37040001153945923,1.7804234027862549,0.3395000100135803,1.8192861080169678
61,0.37070000171661377,1.7771207094192505,0.34299999475479126,1.8091362714767456
62,0.3734000027179718,1.7712197303771973,0.3345000147819519,1.8448314666748047
63,0.375,1.768248200416565,0.3345000147819519,1.8388376235961914
64,0.3734999895095825,1.7647136449813843,0.34049999713897705,1.7998498678207397
65,0.3779999911785126,1.7579017877578735,0.35600000619888306,1.7760183811187744
66,0.3790999948978424,1.7548604011535645,0.3499999940395355,1.7824554443359375
67,0.37869998812675476,1.750948429107666,0.3465000092983246,1.7766637802124023
68,0.3797999918460846,1.746030330657959,0.3529999852180481,1.7790281772613525
69,0.3840000033378601,1.7423150539398193,0.34299999475479126,1.7959086894989014
70,0.38850000500679016,1.7390241622924805,0.34700000286102295,1.7952876091003418
71,0.38600000739097595,1.7361533641815186,0.35350000858306885,1.7565237283706665
72,0.38589999079704285,1.730298638343811,0.34450000524520874,1.7740076780319214
73,0.39070001244544983,1.7258728742599487,0.35100001096725464,1.7624350786209106
74,0.388700008392334,1.7222275733947754,0.3540000021457672,1.7678942680358887
75,0.3887999951839447,1.718307375907898,0.35899999737739563,1.7456930875778198
76,0.39399999380111694,1.7145136594772339,0.3564999997615814,1.7694097757339478
77,0.3930000066757202,1.7114554643630981,0.3540000021457672,1.7534123659133911
78,0.39430001378059387,1.7068302631378174,0.36149999499320984,1.767645001411438
79,0.3986999988555908,1.7020092010498047,0.3605000078678131,1.7439826726913452
80,0.39640000462532043,1.6999682188034058,0.3580000102519989,1.7627261877059937
81,0.39730000495910645,1.6965574026107788,0.3659999966621399,1.7178936004638672
82,0.4002000093460083,1.693213701248169,0.3529999852180481,1.7565480470657349
83,0.40130001306533813,1.6889926195144653,0.35600000619888306,1.7715201377868652
84,0.40119999647140503,1.6873220205307007,0.37450000643730164,1.7192423343658447
85,0.40540000796318054,1.6805933713912964,0.3634999990463257,1.7702704668045044
86,0.4023999869823456,1.6781731843948364,0.3684999942779541,1.7073564529418945
87,0.40709999203681946,1.6740728616714478,0.367000013589859,1.7098883390426636
88,0.40290001034736633,1.6723592281341553,0.37950000166893005,1.715645670890808
89,0.4056999981403351,1.6675758361816406,0.3824999928474426,1.7091118097305298
90,0.40540000796318054,1.66517972946167,0.36000001430511475,1.7570639848709106
91,0.4072999954223633,1.660783052444458,0.390500009059906,1.707282304763794
92,0.4081999957561493,1.6578360795974731,0.38600000739097595,1.7581229209899902
93,0.41449999809265137,1.6542408466339111,0.3865000009536743,1.7081538438796997
94,0.41370001435279846,1.6493250131607056,0.38100001215934753,1.6804702281951904
95,0.4138000011444092,1.6465590000152588,0.375,1.6880831718444824
96,0.4178999960422516,1.6427819728851318,0.3700000047683716,1.774515151977539
97,0.41659998893737793,1.6400688886642456,0.38749998807907104,1.6847726106643677
98,0.4196999967098236,1.635422706604004,0.3840000033378601,1.7227754592895508
99,0.4178999960422516,1.6330289840698242,0.3880000114440918,1.6786975860595703
100,0.41690000891685486,1.6296379566192627,0.39149999618530273,1.677921175956726
101,0.4221000075340271,1.626214623451233,0.375,1.7061431407928467
102,0.41830000281333923,1.6227960586547852,0.3619999885559082,1.7314319610595703
103,0.4228000044822693,1.6209038496017456,0.4025000035762787,1.669671893119812
104,0.4235000014305115,1.6165857315063477,0.37549999356269836,1.6983673572540283
105,0.42590001225471497,1.6132771968841553,0.39500001072883606,1.6581504344940186
106,0.42649999260902405,1.6104300022125244,0.3919999897480011,1.6589065790176392
107,0.42739999294281006,1.6060099601745605,0.40950000286102295,1.6506669521331787
108,0.42820000648498535,1.6031733751296997,0.4025000035762787,1.6386610269546509
109,0.43050000071525574,1.5995891094207764,0.40400001406669617,1.6339937448501587
110,0.4300999939441681,1.5967164039611816,0.398499995470047,1.683060646057129
111,0.4300999939441681,1.5946414470672607,0.3855000138282776,1.671256422996521
112,0.43140000104904175,1.591309905052185,0.39899998903274536,1.6462576389312744
113,0.43560001254081726,1.5875015258789062,0.39899998903274536,1.638533592224121
114,0.43549999594688416,1.5842753648757935,0.3855000138282776,1.7670931816101074
115,0.4309000074863434,1.5843124389648438,0.4059999883174896,1.6586318016052246
116,0.4381999969482422,1.5799205303192139,0.4099999964237213,1.6532008647918701
117,0.43939998745918274,1.575613021850586,0.4235000014305115,1.618735909461975
118,0.43689998984336853,1.5737686157226562,0.40299999713897705,1.6319907903671265
119,0.4413999915122986,1.571401596069336,0.4194999933242798,1.6034066677093506
120,0.4429999887943268,1.5671238899230957,0.40299999713897705,1.6273821592330933
121,0.4431000053882599,1.565717339515686,0.41200000047683716,1.615275263786316
122,0.44369998574256897,1.5607866048812866,0.4235000014305115,1.6012258529663086
123,0.43959999084472656,1.5597662925720215,0.43549999594688416,1.6030187606811523
124,0.4489000141620636,1.5559043884277344,0.4194999933242798,1.6056488752365112
125,0.44350001215934753,1.5537599325180054,0.4165000021457672,1.6229604482650757
126,0.4474000036716461,1.5502111911773682,0.4325000047683716,1.6041682958602905
127,0.4472000002861023,1.5477153062820435,0.41100001335144043,1.6209465265274048
128,0.44839999079704285,1.5450499057769775,0.3955000042915344,1.713447093963623
129,0.447299987077713,1.5453025102615356,0.4189999997615814,1.5816333293914795
130,0.44699999690055847,1.5398194789886475,0.42899999022483826,1.580349087715149
131,0.44620001316070557,1.5397512912750244,0.42800000309944153,1.6032733917236328
132,0.4489000141620636,1.5366672277450562,0.43050000071525574,1.5812398195266724
133,0.45509999990463257,1.5327409505844116,0.42250001430511475,1.5938769578933716
134,0.4514999985694885,1.5304588079452515,0.4320000112056732,1.5703511238098145
135,0.4537999927997589,1.5290107727050781,0.42149999737739563,1.6052377223968506
136,0.45170000195503235,1.5282130241394043,0.40950000286102295,1.6052321195602417
137,0.4526999890804291,1.524855613708496,0.43549999594688416,1.5854264497756958
138,0.45350000262260437,1.52387535572052,0.43549999594688416,1.5666615962982178
139,0.45719999074935913,1.5195603370666504,0.4339999854564667,1.5672484636306763
140,0.4564000070095062,1.5157135725021362,0.4390000104904175,1.609052300453186
141,0.4555000066757202,1.5156370401382446,0.4345000088214874,1.583739161491394
142,0.4584999978542328,1.51299250125885,0.4345000088214874,1.5873185396194458
143,0.4593000113964081,1.5115175247192383,0.44449999928474426,1.5511490106582642
144,0.4609000086784363,1.5089900493621826,0.4300000071525574,1.5865803956985474
145,0.45829999446868896,1.5084517002105713,0.4325000047683716,1.5807546377182007
146,0.4641999900341034,1.5041924715042114,0.4284999966621399,1.5652501583099365
147,0.4632999897003174,1.5017640590667725,0.4300000071525574,1.5699301958084106
148,0.4643000066280365,1.4998525381088257,0.3894999921321869,1.711097240447998
149,0.46160000562667847,1.5006202459335327,0.3540000021457672,1.90655517578125
150,0.45890000462532043,1.5005086660385132,0.43299999833106995,1.560141682624817
151,0.46399998664855957,1.4940608739852905,0.4375,1.5699269771575928
152,0.4643000066280365,1.4932513236999512,0.4180000126361847,1.6410466432571411
153,0.46799999475479126,1.4915752410888672,0.44449999928474426,1.5664678812026978
154,0.46970000863075256,1.4889891147613525,0.4505000114440918,1.5330243110656738
155,0.46700000762939453,1.4862998723983765,0.40700000524520874,1.5966007709503174
156,0.46860000491142273,1.4884039163589478,0.4390000104904175,1.5674993991851807
157,0.4672999978065491,1.483939290046692,0.4494999945163727,1.5385671854019165
158,0.47200000286102295,1.4802215099334717,0.45249998569488525,1.5436532497406006
159,0.4731999933719635,1.4798765182495117,0.445499986410141,1.5697766542434692
160,0.4742000102996826,1.4776469469070435,0.4059999883174896,1.6157273054122925
161,0.4747999906539917,1.4762449264526367,0.41749998927116394,1.6206510066986084
162,0.4726000130176544,1.4752135276794434,0.43549999594688416,1.5987718105316162
163,0.4731000065803528,1.472594976425171,0.44749999046325684,1.557070016860962
164,0.4740000069141388,1.4718858003616333,0.4390000104904175,1.552557349205017
165,0.4763999879360199,1.4707130193710327,0.4675000011920929,1.515917181968689
166,0.4729999899864197,1.4671496152877808,0.4514999985694885,1.5176477432250977
167,0.4767000079154968,1.4654996395111084,0.4480000138282776,1.5201998949050903
168,0.4787999987602234,1.4615886211395264,0.4375,1.6185840368270874
169,0.4778999984264374,1.4645565748214722,0.46050000190734863,1.514409065246582
170,0.4765999913215637,1.4610726833343506,0.4345000088214874,1.5600557327270508
171,0.47609999775886536,1.4624226093292236,0.30399999022483826,2.209367275238037
172,0.47859999537467957,1.467692255973816,0.43149998784065247,1.6165473461151123
173,0.4779999852180481,1.459272027015686,0.44999998807907104,1.5449011325836182
174,0.4805000126361847,1.456333875656128,0.4424999952316284,1.5872961282730103
175,0.483599990606308,1.453887701034546,0.4595000147819519,1.523680567741394
176,0.48260000348091125,1.4507051706314087,0.4490000009536743,1.5230696201324463
177,0.48089998960494995,1.448428988456726,0.44600000977516174,1.5354156494140625
178,0.48080000281333923,1.448279857635498,0.44600000977516174,1.5349758863449097
179,0.47940000891685486,1.4487746953964233,0.4375,1.5534584522247314
180,0.48669999837875366,1.4448063373565674,0.44699999690055847,1.5797847509384155
181,0.4839000105857849,1.4435712099075317,0.4659999907016754,1.4992512464523315
182,0.486299991607666,1.4429194927215576,0.46799999475479126,1.5133864879608154
183,0.4846000075340271,1.4382290840148926,0.44850000739097595,1.5139294862747192
184,0.4903999865055084,1.437360405921936,0.4560000002384186,1.526644229888916
185,0.487199991941452,1.4379823207855225,0.45899999141693115,1.5105645656585693
186,0.48510000109672546,1.4355919361114502,0.4205000102519989,1.585257649421692
187,0.48739999532699585,1.4356881380081177,0.4334999918937683,1.628158688545227
188,0.48919999599456787,1.4330382347106934,0.47699999809265137,1.4776115417480469
189,0.4936999976634979,1.434066653251648,0.44350001215934753,1.540541410446167
190,0.4876999855041504,1.4286268949508667,0.45649999380111694,1.5097930431365967
191,0.49380001425743103,1.4279415607452393,0.4490000009536743,1.5450050830841064
192,0.48989999294281006,1.4288487434387207,0.47600001096725464,1.4909411668777466
193,0.4936999976634979,1.4245564937591553,0.4740000069141388,1.4841476678848267
194,0.49070000648498535,1.4227213859558105,0.47999998927116394,1.4757088422775269
195,0.4902999997138977,1.4238446950912476,0.4580000042915344,1.4912043809890747
196,0.49380001425743103,1.4208128452301025,0.45500001311302185,1.5114878416061401
197,0.4957999885082245,1.4205721616744995,0.4659999907016754,1.4948314428329468
198,0.4950000047683716,1.4170448780059814,0.4690000116825104,1.5042284727096558
199,0.49399998784065247,1.4166467189788818,0.4715000092983246,1.4847668409347534
200,0.49639999866485596,1.4139434099197388,0.4494999945163727,1.5611257553100586
201,0.4950999915599823,1.416314721107483,0.4690000116825104,1.4940664768218994
202,0.5001999735832214,1.4123505353927612,0.453000009059906,1.5151838064193726
203,0.4948999881744385,1.412255048751831,0.4715000092983246,1.4754228591918945
204,0.49480000138282776,1.411540150642395,0.4580000042915344,1.4927974939346313
205,0.49950000643730164,1.407895565032959,0.4410000145435333,1.5094355344772339
206,0.498199999332428,1.4082151651382446,0.4740000069141388,1.4741787910461426
207,0.5022000074386597,1.4051138162612915,0.43549999594688416,1.5481170415878296
208,0.49950000643730164,1.408447504043579,0.46050000190734863,1.506767988204956
209,0.5029000043869019,1.402480125427246,0.4855000078678131,1.4572645425796509
210,0.5022000074386597,1.4028903245925903,0.46399998664855957,1.5146952867507935
211,0.5038999915122986,1.4006656408309937,0.4699999988079071,1.4916396141052246
212,0.5011000037193298,1.3981375694274902,0.4259999990463257,1.6069860458374023
213,0.5009999871253967,1.3981398344039917,0.460999995470047,1.4884624481201172
214,0.5023000240325928,1.3989379405975342,0.4634999930858612,1.5047476291656494
215,0.5047000050544739,1.394087553024292,0.4724999964237213,1.4834372997283936
216,0.5001999735832214,1.3944971561431885,0.476500004529953,1.4686448574066162
217,0.5087000131607056,1.3894902467727661,0.4544999897480011,1.5502402782440186
218,0.4999000132083893,1.3942525386810303,0.4449999928474426,1.5618321895599365
219,0.5051000118255615,1.389995813369751,0.49300000071525574,1.4532166719436646
220,0.5048999786376953,1.3858102560043335,0.4749999940395355,1.4778186082839966
221,0.5097000002861023,1.3888709545135498,0.445499986410141,1.498574137687683
222,0.5080999732017517,1.3849538564682007,0.4729999899864197,1.476526141166687
223,0.5092999935150146,1.386111855506897,0.4699999988079071,1.4610373973846436
224,0.5090000033378601,1.383468508720398,0.46050000190734863,1.4761492013931274
225,0.5081999897956848,1.3805620670318604,0.43700000643730164,1.5516350269317627
226,0.5113999843597412,1.3777971267700195,0.45100000500679016,1.5121415853500366
227,0.510699987411499,1.3798718452453613,0.4779999852180481,1.4496865272521973
228,0.510200023651123,1.377853274345398,0.3714999854564667,1.8485583066940308
229,0.511900007724762,1.3782156705856323,0.44699999690055847,1.5636800527572632
230,0.507099986076355,1.378917932510376,0.4699999988079071,1.4879573583602905
231,0.5145000219345093,1.3725502490997314,0.45500001311302185,1.4768143892288208
232,0.5085999965667725,1.3722833395004272,0.43950000405311584,1.5092484951019287
233,0.5117999911308289,1.3700478076934814,0.45899999141693115,1.4770050048828125
234,0.5141000151634216,1.3718278408050537,0.4309999942779541,1.6130961179733276
235,0.516700029373169,1.3704814910888672,0.4934999942779541,1.436659336090088
236,0.5142999887466431,1.3656688928604126,0.47200000286102295,1.4558240175247192
237,0.515500009059906,1.3664748668670654,0.4884999990463257,1.4549351930618286
238,0.5149000287055969,1.3640154600143433,0.4715000092983246,1.4989491701126099
239,0.5139999985694885,1.361283302307129,0.45399999618530273,1.4837528467178345
240,0.5163000226020813,1.3610066175460815,0.3440000116825104,1.9438071250915527
241,0.5194000005722046,1.3633619546890259,0.4729999899864197,1.462789535522461
242,0.520799994468689,1.3590694665908813,0.48500001430511475,1.4700931310653687
243,0.5188999772071838,1.3587995767593384,0.4659999907016754,1.4671038389205933
244,0.51910001039505,1.355282187461853,0.48500001430511475,1.4465519189834595
245,0.5212000012397766,1.356994390487671,0.4830000102519989,1.4260668754577637
246,0.5184999704360962,1.3530185222625732,0.45500001311302185,1.4998748302459717
247,0.5203999876976013,1.352861762046814,0.45100000500679016,1.4878751039505005
248,0.5206000208854675,1.3547381162643433,0.45899999141693115,1.471622109413147
249,0.524399995803833,1.348812460899353,0.46650001406669617,1.4744809865951538
250,0.5245000123977661,1.3489766120910645,0.4555000066757202,1.5394443273544312
251,0.522599995136261,1.3512433767318726,0.4754999876022339,1.4505518674850464
252,0.5238999724388123,1.345819354057312,0.4794999957084656,1.4332643747329712
253,0.5218999981880188,1.3451604843139648,0.4740000069141388,1.4605553150177002
254,0.5228999853134155,1.3439645767211914,0.47600001096725464,1.4701002836227417
255,0.5281999707221985,1.3431724309921265,0.4505000114440918,1.5234508514404297
256,0.520799994468689,1.3422232866287231,0.4339999854564667,1.5599275827407837
257,0.525600016117096,1.3447169065475464,0.4620000123977661,1.4755253791809082
258,0.5235999822616577,1.3406378030776978,0.48100000619888306,1.4450596570968628
259,0.5249999761581421,1.3388690948486328,0.4779999852180481,1.4350502490997314
260,0.5275999903678894,1.3360450267791748,0.476500004529953,1.4371567964553833
261,0.5253999829292297,1.3329684734344482,0.4869999885559082,1.4498850107192993
262,0.5267999768257141,1.3353368043899536,0.5059999823570251,1.4137194156646729
263,0.5295000076293945,1.3339143991470337,0.4729999899864197,1.4729828834533691
264,0.5303000211715698,1.3326536417007446,0.476500004529953,1.4431965351104736
265,0.5242999792098999,1.3338756561279297,0.48249998688697815,1.4485576152801514
266,0.5296000242233276,1.3303006887435913,0.49549999833106995,1.4138612747192383
267,0.5289000272750854,1.329911470413208,0.4814999997615814,1.446262240409851
268,0.5321999788284302,1.328845739364624,0.47749999165534973,1.4294180870056152
269,0.5309000015258789,1.327470064163208,0.46050000190734863,1.466813325881958
270,0.535099983215332,1.3252657651901245,0.4975000023841858,1.4281723499298096
271,0.5333999991416931,1.3223860263824463,0.45399999618530273,1.47730553150177
272,0.527899980545044,1.32572340965271,0.4819999933242798,1.4204915761947632
273,0.5338000059127808,1.319593906402588,0.4945000112056732,1.4089268445968628
274,0.5320000052452087,1.320915699005127,0.45750001072883606,1.5027356147766113
275,0.5335000157356262,1.3218564987182617,0.4805000126361847,1.4639408588409424
276,0.5336999893188477,1.318962574005127,0.49399998784065247,1.4352093935012817
277,0.53329998254776,1.3158376216888428,0.4869999885559082,1.4262604713439941
278,0.5353999733924866,1.3161513805389404,0.47600001096725464,1.4420772790908813
279,0.5364999771118164,1.3151506185531616,0.4724999964237213,1.4399158954620361
280,0.5360999703407288,1.3129918575286865,0.48399999737739563,1.4252434968948364
281,0.5360999703407288,1.3090155124664307,0.48750001192092896,1.4101479053497314
282,0.5357999801635742,1.3140312433242798,0.48350000381469727,1.4318758249282837
283,0.5321999788284302,1.3098846673965454,0.4855000078678131,1.4281808137893677
284,0.5357000231742859,1.3066331148147583,0.4894999861717224,1.4064394235610962
285,0.5379999876022339,1.3060764074325562,0.4675000011920929,1.4595264196395874
286,0.5390999913215637,1.3045475482940674,0.46650001406669617,1.4727455377578735
287,0.5372999906539917,1.307542324066162,0.4169999957084656,1.6896158456802368
288,0.5365999937057495,1.3056787252426147,0.484499990940094,1.4502391815185547
289,0.5393999814987183,1.3009130954742432,0.4945000112056732,1.3964974880218506
290,0.541700005531311,1.3011746406555176,0.48399999737739563,1.4167360067367554
291,0.5400999784469604,1.2980215549468994,0.49050000309944153,1.413101315498352
292,0.5396999716758728,1.3020693063735962,0.492000013589859,1.4040892124176025
293,0.5415999889373779,1.297391653060913,0.4970000088214874,1.4013023376464844
294,0.5378999710083008,1.296552300453186,0.4415000081062317,1.607957363128662
295,0.5403000116348267,1.299448847770691,0.48399999737739563,1.4371492862701416
296,0.5439000129699707,1.2938311100006104,0.5005000233650208,1.401263952255249
297,0.5436000227928162,1.2939664125442505,0.5019999742507935,1.4015593528747559
298,0.5430999994277954,1.2941261529922485,0.4984999895095825,1.401329517364502
299,0.5424000024795532,1.2926545143127441,0.47850000858306885,1.4126354455947876
300,0.544700026512146,1.289323091506958,0.4855000078678131,1.3920152187347412
301,0.5472000241279602,1.2929922342300415,0.4480000138282776,1.4988561868667603
302,0.5454000234603882,1.2876094579696655,0.48899999260902405,1.4088306427001953
303,0.5461000204086304,1.2869821786880493,0.3970000147819519,1.8192379474639893
304,0.5444999933242798,1.2897206544876099,0.5015000104904175,1.3932441473007202
305,0.5439000129699707,1.284706950187683,0.4404999911785126,1.5279637575149536
306,0.544700026512146,1.2840468883514404,0.4805000126361847,1.4351948499679565
307,0.5468000173568726,1.2822397947311401,0.49950000643730164,1.4316390752792358
308,0.5508999824523926,1.2804205417633057,0.4814999997615814,1.4127209186553955
309,0.5496000051498413,1.2774121761322021,0.5070000290870667,1.3940078020095825
310,0.5468999743461609,1.278709053993225,0.4950000047683716,1.3875380754470825
311,0.5458999872207642,1.2763760089874268,0.4690000116825104,1.4379661083221436
312,0.5471000075340271,1.2811757326126099,0.49300000071525574,1.3957339525222778
313,0.5504999756813049,1.272369384765625,0.49950000643730164,1.3887876272201538
314,0.5512999892234802,1.2739026546478271,0.5044999718666077,1.388818383216858
315,0.5508000254631042,1.2732666730880737,0.4880000054836273,1.4268476963043213
316,0.5473999977111816,1.2772274017333984,0.476500004529953,1.4397377967834473
317,0.5472000241279602,1.2746349573135376,0.5044999718666077,1.368776559829712
318,0.550000011920929,1.2691009044647217,0.5009999871253967,1.3752946853637695
319,0.5508000254631042,1.2694638967514038,0.48350000381469727,1.4642482995986938
320,0.553600013256073,1.2654714584350586,0.4984999895095825,1.3968027830123901
321,0.5529999732971191,1.2659761905670166,0.4984999895095825,1.382577657699585
322,0.5521000027656555,1.2665598392486572,0.4684999883174896,1.4650441408157349
323,0.5529999732971191,1.26621675491333,0.48750001192092896,1.427390456199646
324,0.552299976348877,1.2662354707717896,0.4505000114440918,1.4649786949157715
325,0.552299976348877,1.2646445035934448,0.45899999141693115,1.5200523138046265
326,0.5529999732971191,1.2607159614562988,0.5005000233650208,1.4170327186584473
327,0.5537999868392944,1.2600010633468628,0.4894999861717224,1.45652174949646
328,0.555899977684021,1.258438229560852,0.5040000081062317,1.3785191774368286
329,0.5551999807357788,1.2574387788772583,0.5074999928474426,1.3786468505859375
330,0.5590999722480774,1.2543193101882935,0.4754999876022339,1.4490412473678589
331,0.5594000220298767,1.2554470300674438,0.4779999852180481,1.496288537979126
332,0.5551000237464905,1.25779390335083,0.49799999594688416,1.387015700340271
333,0.5576000213623047,1.2513240575790405,0.49799999594688416,1.3838293552398682
334,0.5562999844551086,1.2518353462219238,0.44350001215934753,1.6339681148529053
335,0.557200014591217,1.254650354385376,0.5105000138282776,1.364404320716858
336,0.5616999864578247,1.2482664585113525,0.48500001430511475,1.4006264209747314
337,0.557699978351593,1.2491198778152466,0.5005000233650208,1.3999743461608887
338,0.5559999942779541,1.2479312419891357,0.5024999976158142,1.3681946992874146
339,0.559499979019165,1.2461432218551636,0.48649999499320984,1.411210298538208
340,0.5638999938964844,1.2441176176071167,0.48899999260902405,1.406129002571106
341,0.5601000189781189,1.2454802989959717,0.4984999895095825,1.3887109756469727
342,0.5619000196456909,1.2431306838989258,0.5095000267028809,1.407956838607788
343,0.5611000061035156,1.241499662399292,0.4959999918937683,1.3937584161758423
344,0.5662999749183655,1.2441643476486206,0.5009999871253967,1.4004175662994385
345,0.558899998664856,1.2430247068405151,0.5115000009536743,1.364891767501831
346,0.5601999759674072,1.2387348413467407,0.4975000023841858,1.3771027326583862
347,0.5648999810218811,1.2371468544006348,0.5009999871253967,1.4112392663955688
348,0.5641999840736389,1.2361705303192139,0.4975000023841858,1.3852523565292358
349,0.5600000023841858,1.2369407415390015,0.4514999985694885,1.531424641609192
350,0.566100001335144,1.234593152999878,0.45350000262260437,1.5481998920440674
351,0.5644999742507935,1.2347065210342407,0.4894999861717224,1.4083329439163208
352,0.569599986076355,1.2320268154144287,0.5040000081062317,1.3799678087234497
353,0.5659999847412109,1.2316092252731323,0.5149999856948853,1.3611258268356323
354,0.5625,1.2319941520690918,0.5040000081062317,1.3807017803192139
355,0.5669000148773193,1.2290432453155518,0.49799999594688416,1.4033782482147217
356,0.5680000185966492,1.2272766828536987,0.4754999876022339,1.5024019479751587
357,0.5672000050544739,1.227274775505066,0.48249998688697815,1.4395123720169067
358,0.565500020980835,1.2277201414108276,0.5019999742507935,1.368177056312561
359,0.5651000142097473,1.2280019521713257,0.48100000619888306,1.4700663089752197
360,0.5697000026702881,1.2274497747421265,0.515500009059906,1.3637199401855469
361,0.5691999793052673,1.2199575901031494,0.5015000104904175,1.3909932374954224
362,0.5690000057220459,1.2176814079284668,0.5019999742507935,1.3700157403945923
363,0.5694000124931335,1.2198247909545898,0.5120000243186951,1.3967403173446655
364,0.5684000253677368,1.2195457220077515,0.48899999260902405,1.3926292657852173
365,0.5726000070571899,1.218552827835083,0.47850000858306885,1.4226499795913696
366,0.5723999738693237,1.216873288154602,0.5095000267028809,1.3486138582229614
367,0.5741999745368958,1.2138084173202515,0.484499990940094,1.4653799533843994
368,0.5713000297546387,1.2173622846603394,0.5095000267028809,1.3786776065826416
369,0.5706999897956848,1.2136740684509277,0.5230000019073486,1.340293526649475
370,0.5751000046730042,1.210883617401123,0.5005000233650208,1.3824149370193481
371,0.5703999996185303,1.217046856880188,0.48649999499320984,1.430090308189392
372,0.5720000267028809,1.210432529449463,0.48899999260902405,1.4118199348449707
373,0.5770999789237976,1.207258701324463,0.5070000290870667,1.3703480958938599
374,0.574999988079071,1.2079846858978271,0.4684999883174896,1.4885294437408447
375,0.5717999935150146,1.208825707435608,0.5074999928474426,1.3787769079208374
376,0.5776000022888184,1.2089937925338745,0.4345000088214874,1.7137782573699951
377,0.5746999979019165,1.2105227708816528,0.5019999742507935,1.388698935508728
378,0.5774000287055969,1.2020485401153564,0.45649999380111694,1.5595554113388062
379,0.5752999782562256,1.2069807052612305,0.5074999928474426,1.3714512586593628
380,0.57669997215271,1.2037299871444702,0.5115000009536743,1.3778412342071533
381,0.5835000276565552,1.1968446969985962,0.5049999952316284,1.3683089017868042
382,0.5756000280380249,1.1997461318969727,0.5120000243186951,1.3946821689605713
383,0.5767999887466431,1.1974881887435913,0.4970000088214874,1.3658461570739746
384,0.5813999772071838,1.1949694156646729,0.5130000114440918,1.3417565822601318
385,0.578499972820282,1.1984658241271973,0.5205000042915344,1.3606898784637451
386,0.5839999914169312,1.1937041282653809,0.5049999952316284,1.3841462135314941
387,0.5817999839782715,1.195709466934204,0.5260000228881836,1.340399146080017
388,0.5805000066757202,1.1955455541610718,0.4749999940395355,1.4875444173812866
389,0.5842000246047974,1.1940428018569946,0.49399998784065247,1.4395115375518799
390,0.5812000036239624,1.191573977470398,0.5230000019073486,1.326643943786621
391,0.5861999988555908,1.1907522678375244,0.5084999799728394,1.3698960542678833
392,0.5853000283241272,1.1876720190048218,0.5130000114440918,1.347589135169983
393,0.583899974822998,1.1865136623382568,0.4925000071525574,1.406916618347168
394,0.5831999778747559,1.1911195516586304,0.492000013589859,1.4372411966323853
395,0.5813999772071838,1.1880699396133423,0.5065000057220459,1.3618557453155518
396,0.5842999815940857,1.1858468055725098,0.4950000047683716,1.42909836769104
397,0.5859000086784363,1.1871697902679443,0.4860000014305115,1.4209238290786743
398,0.5849000215530396,1.1844611167907715,0.46799999475479126,1.5318818092346191
399,0.5813999772071838,1.1857210397720337,0.5130000114440918,1.3762621879577637
400,0.5849000215530396,1.1793183088302612,0.5,1.4077255725860596
401,0.5882999897003174,1.181088924407959,0.5105000138282776,1.3486806154251099
402,0.5845999717712402,1.1769670248031616,0.512499988079071,1.3781859874725342
403,0.5860000252723694,1.1757221221923828,0.5070000290870667,1.364562749862671
404,0.5878000259399414,1.178272008895874,0.5109999775886536,1.358733892440796
405,0.5878000259399414,1.1740649938583374,0.42750000953674316,1.7568368911743164
406,0.5835000276565552,1.1830477714538574,0.4869999885559082,1.4281598329544067
407,0.5899999737739563,1.1736584901809692,0.5149999856948853,1.3747727870941162
408,0.5855000019073486,1.172938346862793,0.5109999775886536,1.3628429174423218
409,0.5899999737739563,1.170129418373108,0.5115000009536743,1.3575928211212158
410,0.5921000242233276,1.1659055948257446,0.5005000233650208,1.4091134071350098
411,0.589900016784668,1.1695683002471924,0.5230000019073486,1.3375447988510132
412,0.5913000106811523,1.1699022054672241,0.4205000102519989,1.6382485628128052
413,0.589900016784668,1.1719813346862793,0.4880000054836273,1.4615647792816162
414,0.5914000272750854,1.1664445400238037,0.5220000147819519,1.3529142141342163
415,0.590399980545044,1.167864203453064,0.4805000126361847,1.477547526359558
416,0.5935999751091003,1.1639024019241333,0.5239999890327454,1.3277398347854614
417,0.5929999947547913,1.1606323719024658,0.5199999809265137,1.3479453325271606
418,0.5913000106811523,1.1615477800369263,0.4300000071525574,1.5939724445343018
419,0.5925999879837036,1.1666085720062256,0.5174999833106995,1.3733558654785156
420,0.5985999703407288,1.1578893661499023,0.5009999871253967,1.3991823196411133
421,0.5946999788284302,1.157800316810608,0.43650001287460327,1.6960455179214478
422,0.5957000255584717,1.1593514680862427,0.49000000953674316,1.4497830867767334
423,0.5936999917030334,1.154995083808899,0.5105000138282776,1.44040846824646
424,0.5961999893188477,1.1519989967346191,0.48350000381469727,1.45526123046875
425,0.5985000133514404,1.1545228958129883,0.5019999742507935,1.3763800859451294
426,0.5964000225067139,1.151361107826233,0.5245000123977661,1.3280901908874512
427,0.5942999720573425,1.1518659591674805,0.5264999866485596,1.3462961912155151
428,0.597599983215332,1.1483384370803833,0.5254999995231628,1.3190312385559082
429,0.5957000255584717,1.1502323150634766,0.390500009059906,1.9009367227554321
430,0.5927000045776367,1.1599594354629517,0.5059999823570251,1.4643784761428833
431,0.5992000102996826,1.1465684175491333,0.5285000205039978,1.3438576459884644
432,0.5978000164031982,1.1468651294708252,0.4855000078678131,1.4316210746765137
433,0.6007999777793884,1.1437166929244995,0.5299999713897705,1.3191214799880981
434,0.6018999814987183,1.1412595510482788,0.5174999833106995,1.3405277729034424
435,0.6026999950408936,1.139298439025879,0.5210000276565552,1.3452666997909546
436,0.6019999980926514,1.1407837867736816,0.5139999985694885,1.3472720384597778
437,0.6014999747276306,1.1387147903442383,0.503000020980835,1.4099609851837158
438,0.6001999974250793,1.1390736103057861,0.5189999938011169,1.4109418392181396
439,0.5982999801635742,1.1377276182174683,0.5289999842643738,1.3241159915924072
440,0.6018000245094299,1.13588285446167,0.5230000019073486,1.3344470262527466
441,0.6013000011444092,1.1356991529464722,0.5260000228881836,1.3300894498825073
442,0.6068999767303467,1.1378300189971924,0.5260000228881836,1.314928412437439
443,0.6036999821662903,1.1334877014160156,0.5170000195503235,1.4223757982254028
444,0.6083999872207642,1.1336787939071655,0.47450000047683716,1.482526421546936
445,0.6046000123023987,1.1328591108322144,0.512499988079071,1.3733643293380737
446,0.6036999821662903,1.1329840421676636,0.5019999742507935,1.3918626308441162
447,0.6057999730110168,1.1281647682189941,0.47699999809265137,1.5366132259368896
448,0.6061000227928162,1.1305818557739258,0.5015000104904175,1.3882877826690674
449,0.6037999987602234,1.1318151950836182,0.5264999866485596,1.3265516757965088
450,0.6054999828338623,1.1277579069137573,0.48750001192092896,1.4156615734100342
451,0.6046000123023987,1.1299017667770386,0.4934999942779541,1.4150147438049316
452,0.6060000061988831,1.126033902168274,0.531499981880188,1.3092182874679565
453,0.6098999977111816,1.1189794540405273,0.5095000267028809,1.3874411582946777
454,0.6101999878883362,1.1198675632476807,0.5354999899864197,1.3261202573776245
455,0.6072999835014343,1.1184722185134888,0.4715000092983246,1.463537573814392
456,0.6065999865531921,1.12373685836792,0.5304999947547913,1.344765067100525
457,0.6100000143051147,1.1176894903182983,0.5199999809265137,1.3805195093154907
458,0.6075999736785889,1.1228525638580322,0.5080000162124634,1.3526521921157837
459,0.6097000241279602,1.1148827075958252,0.5379999876022339,1.310386300086975
460,0.6122000217437744,1.1168614625930786,0.5174999833106995,1.3892583847045898
461,0.612500011920929,1.1161057949066162,0.47049999237060547,1.4629830121994019
462,0.609499990940094,1.1166322231292725,0.4945000112056732,1.4214428663253784
463,0.6136000156402588,1.1144641637802124,0.5174999833106995,1.3479331731796265
464,0.6133999824523926,1.1122198104858398,0.5205000042915344,1.3663181066513062
465,0.6129000186920166,1.1139051914215088,0.5184999704360962,1.3523629903793335
466,0.6147000193595886,1.1123847961425781,0.5149999856948853,1.3572423458099365
467,0.6133999824523926,1.1084239482879639,0.45100000500679016,1.4997292757034302
468,0.6111999750137329,1.1081078052520752,0.5264999866485596,1.3389389514923096
469,0.6173999905586243,1.1078773736953735,0.512499988079071,1.3742990493774414
470,0.6165000200271606,1.1081713438034058,0.5115000009536743,1.3651869297027588
471,0.6136999726295471,1.1107358932495117,0.5304999947547913,1.3158223628997803
472,0.612500011920929,1.1052814722061157,0.531499981880188,1.307263970375061
473,0.6118999719619751,1.1073635816574097,0.5370000004768372,1.3451684713363647
474,0.6148999929428101,1.1045399904251099,0.5304999947547913,1.3150099515914917
475,0.6141999959945679,1.1033587455749512,0.5084999799728394,1.3818551301956177
476,0.6169999837875366,1.1004101037979126,0.5065000057220459,1.388164758682251
477,0.6119999885559082,1.0998109579086304,0.5184999704360962,1.3532941341400146
478,0.6140000224113464,1.0982924699783325,0.4794999957084656,1.4356099367141724
479,0.6133999824523926,1.099045753479004,0.48249998688697815,1.4675017595291138
480,0.6158000230789185,1.0968393087387085,0.5404999852180481,1.3037941455841064
481,0.619700014591217,1.092624545097351,0.5040000081062317,1.4173113107681274
482,0.6180999875068665,1.095671534538269,0.48500001430511475,1.4452513456344604
483,0.6179999709129333,1.0969998836517334,0.5394999980926514,1.2966951131820679
484,0.6190999746322632,1.0914968252182007,0.534500002861023,1.3003238439559937
485,0.6216999888420105,1.0908927917480469,0.5304999947547913,1.3121381998062134
486,0.6215999722480774,1.0902849435806274,0.5479999780654907,1.296943187713623
487,0.6255000233650208,1.088199257850647,0.5400000214576721,1.3051365613937378
488,0.6223000288009644,1.0906699895858765,0.515999972820282,1.3783674240112305
489,0.6220999956130981,1.0884257555007935,0.5304999947547913,1.331821322441101
490,0.6208999752998352,1.0854530334472656,0.5354999899864197,1.351007342338562
491,0.6215999722480774,1.0855644941329956,0.5329999923706055,1.3051689863204956
492,0.6225000023841858,1.0830814838409424,0.5070000290870667,1.4687539339065552
493,0.6255999803543091,1.0823771953582764,0.515500009059906,1.3535562753677368
494,0.6266999840736389,1.086596965789795,0.5205000042915344,1.3665515184402466
495,0.6251999735832214,1.0844391584396362,0.5370000004768372,1.316266655921936
496,0.6251000165939331,1.0801193714141846,0.49000000953674316,1.4866666793823242
497,0.6272000074386597,1.0821692943572998,0.5375000238418579,1.2987436056137085
498,0.6279000043869019,1.0806090831756592,0.5164999961853027,1.395569086074829
499,0.6262000203132629,1.076218605041504,0.531000018119812,1.3227996826171875
500,0.6255000233650208,1.0760116577148438,0.5199999809265137,1.3508245944976807
501,0.6269999742507935,1.076215386390686,0.5170000195503235,1.3677582740783691
502,0.6261000037193298,1.075192928314209,0.5065000057220459,1.455745816230774
503,0.6284000277519226,1.076629638671875,0.4869999885559082,1.4983370304107666
504,0.6299999952316284,1.0741828680038452,0.5295000076293945,1.350063681602478
505,0.6294000148773193,1.0755159854888916,0.550000011920929,1.2998394966125488
506,0.6259999871253967,1.0734671354293823,0.5230000019073486,1.347357153892517
507,0.626800000667572,1.068529486656189,0.5385000109672546,1.322282075881958
508,0.6294999718666077,1.0704625844955444,0.5115000009536743,1.3882408142089844
509,0.6277999877929688,1.0735151767730713,0.5370000004768372,1.3228055238723755
510,0.631600022315979,1.0669918060302734,0.5295000076293945,1.3162404298782349
511,0.6287999749183655,1.0626180171966553,0.5084999799728394,1.4049383401870728
512,0.6338000297546387,1.0628745555877686,0.5099999904632568,1.360159993171692
513,0.6308000087738037,1.063944697380066,0.5304999947547913,1.328688144683838
514,0.6312999725341797,1.0635433197021484,0.48750001192092896,1.5690172910690308
515,0.6306999921798706,1.068130612373352,0.5325000286102295,1.333595633506775
516,0.6313999891281128,1.0608162879943848,0.4494999945163727,1.5605964660644531
517,0.6290000081062317,1.062909483909607,0.46799999475479126,1.6270349025726318
518,0.6313999891281128,1.0645098686218262,0.4945000112056732,1.4441081285476685
519,0.6345000267028809,1.0570074319839478,0.4424999952316284,1.6022759675979614
520,0.6323000192642212,1.0579296350479126,0.49799999594688416,1.4502760171890259
521,0.6359999775886536,1.0557771921157837,0.5220000147819519,1.3427337408065796
522,0.6370000243186951,1.0540051460266113,0.5490000247955322,1.3262619972229004
523,0.6389999985694885,1.0508888959884644,0.5055000185966492,1.426227331161499
524,0.6338000297546387,1.0559521913528442,0.48899999260902405,1.4847285747528076
525,0.6371999979019165,1.0531690120697021,0.46399998664855957,1.589629888534546
526,0.6363000273704529,1.0524287223815918,0.5320000052452087,1.3238670825958252
527,0.6362000107765198,1.048920750617981,0.527999997138977,1.3209149837493896
528,0.636900007724762,1.0495717525482178,0.4934999942779541,1.4490543603897095
529,0.636900007724762,1.0487697124481201,0.5065000057220459,1.4507473707199097
530,0.6355000138282776,1.0511811971664429,0.5509999990463257,1.2811291217803955
531,0.6355999708175659,1.0470256805419922,0.5429999828338623,1.2973474264144897
532,0.6437000036239624,1.0427590608596802,0.5364999771118164,1.3304359912872314
533,0.6413999795913696,1.0425132513046265,0.5460000038146973,1.2949069738388062
534,0.637499988079071,1.047211766242981,0.5350000262260437,1.3058834075927734
535,0.6456999778747559,1.0387119054794312,0.5199999809265137,1.3615837097167969
536,0.6396999955177307,1.0418078899383545,0.48100000619888306,1.5395480394363403
537,0.6407999992370605,1.0449713468551636,0.48899999260902405,1.4517533779144287
538,0.6442000269889832,1.0386848449707031,0.5504999756813049,1.285456657409668
539,0.6419000029563904,1.0328322649002075,0.4814999997615814,1.451507329940796
540,0.6410999894142151,1.0381993055343628,0.5329999923706055,1.334277629852295
541,0.6432999968528748,1.0368396043777466,0.5414999723434448,1.3497464656829834
542,0.6474000215530396,1.0335158109664917,0.49300000071525574,1.4237827062606812
543,0.6442999839782715,1.035003423690796,0.5485000014305115,1.298740029335022
544,0.6412000060081482,1.0316007137298584,0.5529999732971191,1.278267502784729
545,0.6435999870300293,1.0354892015457153,0.47200000286102295,1.5293190479278564
546,0.6434999704360962,1.0345458984375,0.5299999713897705,1.355297565460205
547,0.6444000005722046,1.0296072959899902,0.550000011920929,1.295893669128418
548,0.6452000141143799,1.0267895460128784,0.531000018119812,1.3355153799057007
549,0.6448000073432922,1.0287091732025146,0.5084999799728394,1.4653135538101196
550,0.6432999968528748,1.0282001495361328,0.515999972820282,1.4093788862228394
551,0.6498000025749207,1.0278518199920654,0.546500027179718,1.2933088541030884
552,0.6488000154495239,1.0278688669204712,0.5320000052452087,1.3471533060073853
553,0.6481000185012817,1.0214147567749023,0.5245000123977661,1.3626257181167603
554,0.6468999981880188,1.0290818214416504,0.5389999747276306,1.3369401693344116
555,0.6527000069618225,1.021706223487854,0.5429999828338623,1.3156836032867432
556,0.6500999927520752,1.025296926498413,0.5044999718666077,1.4953229427337646
557,0.6498000025749207,1.0184016227722168,0.5195000171661377,1.4053399562835693
558,0.650600016117096,1.0221474170684814,0.515500009059906,1.4072225093841553
559,0.6523000001907349,1.0157235860824585,0.4984999895095825,1.4304310083389282
560,0.6506999731063843,1.0195033550262451,0.5450000166893005,1.3143054246902466
561,0.6517000198364258,1.0154978036880493,0.5005000233650208,1.4128469228744507
562,0.6481999754905701,1.0178954601287842,0.5235000252723694,1.364287257194519
563,0.6534000039100647,1.0146698951721191,0.5375000238418579,1.3199673891067505
564,0.6528000235557556,1.0124008655548096,0.5569999814033508,1.2609084844589233
565,0.6513000130653381,1.012995958328247,0.46149998903274536,1.6358577013015747
566,0.6495000123977661,1.0185195207595825,0.5024999976158142,1.429953932762146
567,0.6521000266075134,1.013394832611084,0.5289999842643738,1.3666483163833618
568,0.6527000069618225,1.01105797290802,0.5145000219345093,1.3824695348739624
569,0.6549000144004822,1.010689377784729,0.5289999842643738,1.3279894590377808
570,0.6541000008583069,1.006140947341919,0.5339999794960022,1.3487050533294678
571,0.650600016117096,1.0056349039077759,0.5529999732971191,1.2861958742141724
572,0.6557999849319458,1.0069267749786377,0.5414999723434448,1.3002351522445679
573,0.6564000248908997,1.0060598850250244,0.5559999942779541,1.2816816568374634
574,0.6534000039100647,1.0009105205535889,0.5299999713897705,1.3803781270980835
575,0.6552000045776367,1.001037836074829,0.5274999737739563,1.3309053182601929
576,0.6536999940872192,1.0062559843063354,0.5235000252723694,1.3907458782196045
577,0.6541000008583069,1.0049749612808228,0.5540000200271606,1.2783348560333252
578,0.6575999855995178,0.9995262622833252,0.5270000100135803,1.372831106185913
579,0.6593999862670898,0.9990489482879639,0.48750001192092896,1.4945851564407349
580,0.6539000272750854,1.0043742656707764,0.5274999737739563,1.349596381187439
581,0.6516000032424927,0.9997146725654602,0.550000011920929,1.2867724895477295
582,0.6581000089645386,0.9962133765220642,0.5554999709129333,1.298575758934021
583,0.6567999720573425,0.9948720932006836,0.5525000095367432,1.2839909791946411
584,0.6579999923706055,0.9923227429389954,0.5519999861717224,1.284560203552246
585,0.6606000065803528,0.9953434467315674,0.5329999923706055,1.3361479043960571
586,0.6578999757766724,0.9927474856376648,0.5370000004768372,1.3303276300430298
587,0.6574000120162964,0.992172360420227,0.5534999966621399,1.2805049419403076
588,0.6607000231742859,0.9925200343132019,0.5205000042915344,1.4118281602859497
589,0.6618000268936157,0.9879634976387024,0.5525000095367432,1.275496244430542
590,0.6607999801635742,0.9868678450584412,0.5669999718666077,1.2749581336975098
591,0.6621000170707703,0.9823131561279297,0.5389999747276306,1.3454787731170654
592,0.6617000102996826,0.9852600693702698,0.5490000247955322,1.3388925790786743
593,0.6614999771118164,0.9825078248977661,0.48649999499320984,1.5201454162597656
594,0.6600000262260437,0.9919546842575073,0.5325000286102295,1.3746148347854614
595,0.6611999869346619,0.9859107136726379,0.5460000038146973,1.3197805881500244
596,0.6621999740600586,0.987140417098999,0.565500020980835,1.2701148986816406
597,0.6593000292778015,0.9838950037956238,0.531000018119812,1.3277876377105713
598,0.6646999716758728,0.9797189235687256,0.5609999895095825,1.2603052854537964
599,0.6635000109672546,0.9849105477333069,0.5605000257492065,1.270684838294983
600,0.667900025844574,0.9778150320053101,0.5580000281333923,1.2851289510726929
601,0.6635000109672546,0.976676344871521,0.5170000195503235,1.4188742637634277
602,0.6657999753952026,0.9792926907539368,0.5550000071525574,1.2878226041793823
603,0.6646000146865845,0.9762430787086487,0.5329999923706055,1.3197212219238281
604,0.6650000214576721,0.978187084197998,0.4959999918937683,1.4857043027877808
605,0.6654000282287598,0.9751507043838501,0.4634999930858612,1.5939286947250366
606,0.6668000221252441,0.978991687297821,0.5394999980926514,1.305228590965271
607,0.6632999777793884,0.9775979518890381,0.5249999761581421,1.3600927591323853
608,0.6682000160217285,0.9717662334442139,0.5,1.5372318029403687
609,0.6618000268936157,0.9753282070159912,0.5235000252723694,1.3601282835006714
610,0.6668999791145325,0.9692531228065491,0.5525000095367432,1.292391300201416
611,0.6668000221252441,0.9673014879226685,0.5490000247955322,1.2935335636138916
612,0.6692000031471252,0.9693570137023926,0.5435000061988831,1.3153412342071533
613,0.6707000136375427,0.9674479365348816,0.5295000076293945,1.3340917825698853
614,0.6704999804496765,0.9646560549736023,0.47200000286102295,1.543904185295105
615,0.6690999865531921,0.9676209092140198,0.5515000224113464,1.2962334156036377
616,0.6714000105857849,0.962127149105072,0.5525000095367432,1.2954797744750977
617,0.6722999811172485,0.9646081924438477,0.5389999747276306,1.3310049772262573
618,0.671500027179718,0.9613266587257385,0.5224999785423279,1.4104301929473877
619,0.6700999736785889,0.962297260761261,0.45100000500679016,1.705886960029602
620,0.6679999828338623,0.9638457894325256,0.534500002861023,1.3698984384536743
621,0.6733999848365784,0.9590638875961304,0.5454999804496765,1.305757761001587
622,0.6718999743461609,0.9595659375190735,0.559499979019165,1.2623074054718018
623,0.6708999872207642,0.9589030146598816,0.47749999165534973,1.5509252548217773
624,0.6714000105857849,0.9585732221603394,0.5070000290870667,1.448906421661377
625,0.6729999780654907,0.9539468884468079,0.5584999918937683,1.287206768989563
626,0.6722999811172485,0.9547964930534363,0.5634999871253967,1.257135272026062
627,0.6726999878883362,0.95489102602005,0.546500027179718,1.3007162809371948
628,0.6725999712944031,0.9515615105628967,0.5404999852180481,1.296174168586731
629,0.675000011920929,0.9502719640731812,0.4909999966621399,1.5300942659378052
630,0.6740999817848206,0.9552043080329895,0.5724999904632568,1.2545855045318604
631,0.6769000291824341,0.9495393633842468,0.5630000233650208,1.2686423063278198
632,0.6754999756813049,0.9495153427124023,0.546500027179718,1.2967032194137573
633,0.6772000193595886,0.9477730393409729,0.5485000014305115,1.303101658821106
634,0.6769999861717224,0.9472615122795105,0.5504999756813049,1.340112566947937
635,0.6777999997138977,0.9468587040901184,0.5615000128746033,1.292899489402771
636,0.6753000020980835,0.9486902356147766,0.5575000047683716,1.2734261751174927
637,0.6769000291824341,0.9389273524284363,0.5295000076293945,1.3815745115280151
638,0.680400013923645,0.9436282515525818,0.5565000176429749,1.2755100727081299
639,0.6789000034332275,0.9421671628952026,0.5320000052452087,1.3568754196166992
640,0.6776999831199646,0.9438323378562927,0.47099998593330383,1.5722262859344482
641,0.6772000193595886,0.9444006681442261,0.531000018119812,1.3470505475997925
642,0.6809999942779541,0.9417340755462646,0.49549999833106995,1.5010586977005005
643,0.6746000051498413,0.9457004070281982,0.5304999947547913,1.3779901266098022
644,0.6759999990463257,0.9425906538963318,0.5479999780654907,1.3049824237823486
645,0.6801999807357788,0.9396117329597473,0.5630000233650208,1.253042459487915
646,0.6815000176429749,0.9335950016975403,0.5245000123977661,1.3759784698486328
647,0.6822999715805054,0.9382330179214478,0.49549999833106995,1.5303244590759277
648,0.6844000220298767,0.938198447227478,0.5210000276565552,1.4104665517807007
649,0.680400013923645,0.9343045949935913,0.5745000243186951,1.2508525848388672
650,0.6825000047683716,0.9324868321418762,0.5550000071525574,1.333531141281128
651,0.6808000206947327,0.9297142624855042,0.5329999923706055,1.3469210863113403
652,0.6855000257492065,0.9306129813194275,0.5170000195503235,1.403916835784912
653,0.6812000274658203,0.9320952892303467,0.5410000085830688,1.3341714143753052
654,0.6827999949455261,0.9256163835525513,0.5115000009536743,1.4409606456756592
655,0.6804999709129333,0.9317197203636169,0.5444999933242798,1.3236490488052368
656,0.6793000102043152,0.9300535917282104,0.5224999785423279,1.378564476966858
657,0.6850000023841858,0.9260139465332031,0.5504999756813049,1.28761625289917
658,0.6890000104904175,0.9253039956092834,0.531499981880188,1.3637018203735352
659,0.6779999732971191,0.9317840933799744,0.5674999952316284,1.253630518913269
660,0.6848999857902527,0.9225473403930664,0.5475000143051147,1.2985087633132935
661,0.6894999742507935,0.9247303009033203,0.5684999823570251,1.2728607654571533
662,0.6844000220298767,0.9264301657676697,0.5674999952316284,1.2616466283798218
663,0.682699978351593,0.9246319532394409,0.5245000123977661,1.3618687391281128
664,0.6848999857902527,0.9255069494247437,0.5210000276565552,1.3729785680770874
665,0.6879000067710876,0.9192468523979187,0.5609999895095825,1.2709726095199585
666,0.6883000135421753,0.9203194379806519,0.5450000166893005,1.3036166429519653
667,0.6841999888420105,0.9184166789054871,0.5335000157356262,1.3286024332046509
668,0.6901000142097473,0.9166850447654724,0.5525000095367432,1.303267478942871
669,0.6894000172615051,0.9142138957977295,0.45750001072883606,1.6830095052719116
670,0.6866999864578247,0.9237735271453857,0.5304999947547913,1.4121861457824707
671,0.6901000142097473,0.9143930673599243,0.5419999957084656,1.2956657409667969
672,0.6881999969482422,0.9153546690940857,0.5609999895095825,1.26369047164917
673,0.6899999976158142,0.9134708046913147,0.5274999737739563,1.4038689136505127
674,0.692300021648407,0.9130008816719055,0.5084999799728394,1.4505367279052734
675,0.6901999711990356,0.9114049077033997,0.5299999713897705,1.4168400764465332
676,0.6922000050544739,0.9079347848892212,0.5684999823570251,1.2531086206436157
677,0.6879000067710876,0.9052711129188538,0.5429999828338623,1.3403332233428955
678,0.6937000155448914,0.9073365330696106,0.5414999723434448,1.3330155611038208
679,0.6894000172615051,0.9113258719444275,0.5339999794960022,1.3313900232315063
680,0.6926000118255615,0.9040521383285522,0.5210000276565552,1.4064644575119019
681,0.692799985408783,0.9019908905029297,0.5414999723434448,1.4041438102722168
682,0.6922000050544739,0.9058344960212708,0.5550000071525574,1.2974525690078735
683,0.6919000148773193,0.9040060639381409,0.5640000104904175,1.2973533868789673
684,0.6890000104904175,0.9003930687904358,0.5239999890327454,1.3578417301177979
685,0.6919999718666077,0.9034892320632935,0.47099998593330383,1.6032227277755737
686,0.6915000081062317,0.9075284004211426,0.5195000171661377,1.4645532369613647
687,0.6923999786376953,0.8997912406921387,0.5584999918937683,1.29671311378479
688,0.6926000118255615,0.8998692631721497,0.5304999947547913,1.4331258535385132
689,0.6962000131607056,0.8977895379066467,0.5565000176429749,1.2916080951690674
690,0.6944000124931335,0.8961056470870972,0.4984999895095825,1.5682836771011353
691,0.6960999965667725,0.8977431654930115,0.515999972820282,1.466882586479187
692,0.6945000290870667,0.8985676765441895,0.5414999723434448,1.38204026222229
693,0.6976000070571899,0.8944971561431885,0.5665000081062317,1.2747550010681152
694,0.699999988079071,0.8925046920776367,0.5329999923706055,1.3575971126556396
695,0.6969000101089478,0.8927658200263977,0.5565000176429749,1.3333046436309814
696,0.6974999904632568,0.892555832862854,0.5479999780654907,1.37018883228302
697,0.6952999830245972,0.8973087072372437,0.5105000138282776,1.448577880859375
698,0.70169997215271,0.8884511590003967,0.5015000104904175,1.5079694986343384
699,0.6985999941825867,0.8895534873008728,0.5609999895095825,1.2703789472579956
700,0.7024000287055969,0.8851636648178101,0.5210000276565552,1.3673992156982422
701,0.6988000273704529,0.8841857314109802,0.5460000038146973,1.3022074699401855
702,0.6976000070571899,0.8874760866165161,0.5550000071525574,1.3093831539154053
703,0.7006000280380249,0.8867230415344238,0.5270000100135803,1.3889553546905518
704,0.6973000168800354,0.8913568258285522,0.5450000166893005,1.3349472284317017
705,0.7032999992370605,0.8803768754005432,0.5444999933242798,1.3056756258010864
706,0.6970000267028809,0.8869078159332275,0.512499988079071,1.4503705501556396
707,0.7003999948501587,0.8856796026229858,0.5559999942779541,1.254020094871521
708,0.7014999985694885,0.8801056742668152,0.5695000290870667,1.2390509843826294
709,0.7003999948501587,0.8778287172317505,0.546500027179718,1.365685224533081
710,0.6955000162124634,0.884361982345581,0.5494999885559082,1.2859210968017578
711,0.7042999863624573,0.8755240440368652,0.527999997138977,1.390441656112671
712,0.7009000182151794,0.8779317140579224,0.5170000195503235,1.4060988426208496
713,0.7017999887466431,0.8786600828170776,0.550000011920929,1.3156402111053467
714,0.704800009727478,0.8744702339172363,0.5504999756813049,1.2964961528778076
715,0.7009000182151794,0.8737779259681702,0.5669999718666077,1.2558753490447998
716,0.7053999900817871,0.8754658102989197,0.5715000033378601,1.24186110496521
717,0.7046999931335449,0.8724275231361389,0.5109999775886536,1.4787805080413818
718,0.7017999887466431,0.8759802579879761,0.5609999895095825,1.270958662033081
719,0.7045999765396118,0.8723456859588623,0.5065000057220459,1.4733538627624512
720,0.701200008392334,0.8727482557296753,0.5295000076293945,1.38856041431427
721,0.7081999778747559,0.8699874877929688,0.565500020980835,1.280224084854126
722,0.708299994468689,0.8700021505355835,0.5454999804496765,1.3391203880310059
723,0.7107999920845032,0.8648909330368042,0.5479999780654907,1.3392406702041626
724,0.7074000239372253,0.8664931654930115,0.5115000009536743,1.4446930885314941
725,0.7034000158309937,0.8695393800735474,0.550000011920929,1.3165000677108765
726,0.7046999931335449,0.8652677536010742,0.5435000061988831,1.3461978435516357
727,0.704200029373169,0.8679470419883728,0.5640000104904175,1.2713521718978882
728,0.7074999809265137,0.8610521554946899,0.5440000295639038,1.3391667604446411
729,0.7077000141143799,0.8619090914726257,0.5690000057220459,1.2392224073410034
730,0.7084000110626221,0.8606354594230652,0.5745000243186951,1.2657661437988281
731,0.7098000049591064,0.8573855757713318,0.503000020980835,1.4660102128982544
732,0.7107999920845032,0.860517680644989,0.5605000257492065,1.2817060947418213
733,0.7123000025749207,0.8557564616203308,0.5350000262260437,1.3561954498291016
734,0.7081000208854675,0.8589194416999817,0.5435000061988831,1.365278959274292
735,0.710099995136261,0.8586431741714478,0.5554999709129333,1.3138973712921143
736,0.7071999907493591,0.8565697073936462,0.5559999942779541,1.3111308813095093
737,0.7107999920845032,0.8518751859664917,0.5699999928474426,1.2409876585006714
738,0.7110000252723694,0.8534826040267944,0.5444999933242798,1.3336063623428345
739,0.7096999883651733,0.8572213649749756,0.5475000143051147,1.363137125968933
740,0.7103999853134155,0.8533419966697693,0.5164999961853027,1.435653567314148
741,0.7092999815940857,0.8535946011543274,0.5354999899864197,1.3835697174072266
742,0.7105000019073486,0.8508115410804749,0.5724999904632568,1.293249487876892
743,0.708899974822998,0.855404794216156,0.5649999976158142,1.2934616804122925
744,0.7168999910354614,0.844611406326294,0.4819999933242798,1.675430417060852
745,0.7095999717712402,0.856313943862915,0.5690000057220459,1.2698734998703003
746,0.7164000272750854,0.8471859097480774,0.5230000019073486,1.4525636434555054
747,0.7129999995231628,0.8482242226600647,0.5609999895095825,1.3139684200286865
748,0.7161999940872192,0.8459559679031372,0.5540000200271606,1.3096330165863037
749,0.7134000062942505,0.845069408416748,0.5425000190734863,1.3458255529403687
750,0.7172999978065491,0.8416422009468079,0.512499988079071,1.456115961074829
751,0.7159000039100647,0.8422687649726868,0.5184999704360962,1.4329417943954468
752,0.7168999910354614,0.8441904187202454,0.460999995470047,1.6625055074691772
753,0.7164000272750854,0.846748411655426,0.5665000081062317,1.2383677959442139
754,0.7195000052452087,0.8383820056915283,0.5285000205039978,1.3992067575454712
755,0.7139000296592712,0.844679594039917,0.5450000166893005,1.35508131980896
756,0.7178000211715698,0.8420469760894775,0.5544999837875366,1.3001325130462646
757,0.7184000015258789,0.833677351474762,0.5580000281333923,1.2997304201126099
758,0.720300018787384,0.8348208069801331,0.5425000190734863,1.3959870338439941
759,0.7157999873161316,0.8384820222854614,0.5615000128746033,1.261827826499939
760,0.7215999960899353,0.8351406455039978,0.5550000071525574,1.3284374475479126
761,0.7203999757766724,0.8337818384170532,0.5210000276565552,1.4086053371429443
762,0.7148000001907349,0.8339985609054565,0.5575000047683716,1.2886409759521484
763,0.7170000076293945,0.8329622149467468,0.559499979019165,1.289664387702942
764,0.717199981212616,0.8334632515907288,0.5699999928474426,1.2613520622253418
765,0.7217000126838684,0.8299371004104614,0.5149999856948853,1.4041662216186523
766,0.72079998254776,0.8331740498542786,0.5274999737739563,1.3956190347671509
767,0.7214999794960022,0.8288233280181885,0.5659999847412109,1.2665411233901978
768,0.7229999899864197,0.8279266357421875,0.5734999775886536,1.2447404861450195
769,0.7224000096321106,0.8232749104499817,0.5485000014305115,1.3775256872177124
770,0.7200999855995178,0.828086793422699,0.565500020980835,1.2663620710372925
771,0.7228999733924866,0.8256698250770569,0.531000018119812,1.4153473377227783
772,0.7228000164031982,0.8229860067367554,0.5400000214576721,1.387699007987976
773,0.723800003528595,0.8219979405403137,0.5649999976158142,1.2919951677322388
774,0.7268000245094299,0.8201775550842285,0.5370000004768372,1.3670554161071777
775,0.720300018787384,0.8252589106559753,0.5839999914169312,1.2361825704574585
776,0.7231000065803528,0.8225290179252625,0.546500027179718,1.3724195957183838
777,0.7232999801635742,0.8223857283592224,0.5690000057220459,1.2757275104522705
778,0.7243000268936157,0.8228309750556946,0.5805000066757202,1.2690800428390503
779,0.7257999777793884,0.8168594241142273,0.5490000247955322,1.3250778913497925
780,0.7285000085830688,0.8180831670761108,0.5680000185966492,1.2906447649002075
781,0.7242000102996826,0.8178433775901794,0.546500027179718,1.3402881622314453
782,0.7289999723434448,0.8202651143074036,0.5580000281333923,1.3013607263565063
783,0.7253000140190125,0.8152638077735901,0.5519999861717224,1.331315279006958
784,0.7249000072479248,0.8121150732040405,0.5730000138282776,1.282549262046814
785,0.7239999771118164,0.815085768699646,0.5755000114440918,1.2493431568145752
786,0.7281000018119812,0.8125393986701965,0.5335000157356262,1.4009416103363037
787,0.7253000140190125,0.8147528171539307,0.5414999723434448,1.3724863529205322
788,0.7261999845504761,0.8141810297966003,0.5605000257492065,1.3222275972366333
789,0.7257999777793884,0.8109020590782166,0.5550000071525574,1.3370002508163452
790,0.727400004863739,0.8089287877082825,0.5745000243186951,1.266136646270752
791,0.7317000031471252,0.8039833307266235,0.5519999861717224,1.3647724390029907
792,0.7242000102996826,0.8115659356117249,0.5210000276565552,1.4592629671096802
793,0.7249000072479248,0.8132034540176392,0.5444999933242798,1.3487889766693115
794,0.728600025177002,0.8054002523422241,0.5080000162124634,1.532525658607483
795,0.7246999740600586,0.811812162399292,0.5249999761581421,1.4838073253631592
796,0.7246000170707703,0.8089072704315186,0.5525000095367432,1.3242703676223755
797,0.7315000295639038,0.8035285472869873,0.5720000267028809,1.2610784769058228
798,0.7307000160217285,0.8013275861740112,0.5649999976158142,1.280515432357788
799,0.7335000038146973,0.8002414703369141,0.5605000257492065,1.2933778762817383
800,0.7250000238418579,0.8004241585731506,0.5174999833106995,1.4453336000442505
801,0.7315000295639038,0.7996959686279297,0.5425000190734863,1.3364008665084839
802,0.7330999970436096,0.7972773313522339,0.5795000195503235,1.239039421081543
803,0.734000027179718,0.7969423532485962,0.5684999823570251,1.2951321601867676
804,0.7329999804496765,0.7985924482345581,0.5285000205039978,1.4513214826583862
805,0.7322999835014343,0.7992035150527954,0.5805000066757202,1.2603353261947632
806,0.7335000038146973,0.795431911945343,0.5684999823570251,1.2884736061096191
807,0.7350999712944031,0.7939152121543884,0.5529999732971191,1.2937949895858765
808,0.7340999841690063,0.792942225933075,0.5379999876022339,1.3872302770614624
809,0.7321000099182129,0.794775664806366,0.5680000185966492,1.2933783531188965
810,0.7337999939918518,0.7944409847259521,0.550000011920929,1.4273649454116821
811,0.7297000288963318,0.7977045774459839,0.5590000152587891,1.3042062520980835
812,0.7337999939918518,0.7915463447570801,0.5249999761581421,1.4321199655532837
813,0.7318999767303467,0.7957234382629395,0.531000018119812,1.4378772974014282
814,0.7358999848365784,0.7889471054077148,0.5429999828338623,1.3368124961853027
815,0.7336999773979187,0.788276731967926,0.5665000081062317,1.2788124084472656
816,0.7379000186920166,0.7870076298713684,0.5435000061988831,1.3299598693847656
817,0.7347000241279602,0.7851284742355347,0.5364999771118164,1.3898030519485474
818,0.7300000190734863,0.7892780303955078,0.5634999871253967,1.2995879650115967
819,0.7340999841690063,0.7888725996017456,0.5544999837875366,1.29972243309021
820,0.7373999953269958,0.7859350442886353,0.5170000195503235,1.4964443445205688
821,0.7366999983787537,0.7859708666801453,0.5745000243186951,1.2702364921569824
822,0.7365000247955322,0.7866587042808533,0.5730000138282776,1.2626765966415405
823,0.7378000020980835,0.7820934057235718,0.5419999957084656,1.3684707880020142
824,0.7346000075340271,0.7852599024772644,0.578499972820282,1.2910538911819458
825,0.7394000291824341,0.7801302075386047,0.546500027179718,1.3615378141403198
826,0.7369999885559082,0.7765118479728699,0.5379999876022339,1.409614086151123
827,0.741599977016449,0.7775499224662781,0.5504999756813049,1.3591923713684082
828,0.7408000230789185,0.778209924697876,0.5849999785423279,1.2547500133514404
829,0.7426999807357788,0.7747302055358887,0.550000011920929,1.3671510219573975
830,0.7369999885559082,0.7779644727706909,0.5740000009536743,1.2927097082138062
831,0.7402999997138977,0.7765426635742188,0.5644999742507935,1.2762608528137207
832,0.7440999746322632,0.7701051235198975,0.5534999966621399,1.3181850910186768
833,0.7364000082015991,0.780602216720581,0.5910000205039978,1.2377475500106812
834,0.7422000169754028,0.7703425884246826,0.5849999785423279,1.2506625652313232
835,0.7391999959945679,0.7747552394866943,0.5659999847412109,1.3464372158050537
836,0.7434999942779541,0.773249626159668,0.5005000233650208,1.5164523124694824
837,0.7390999794006348,0.7734419107437134,0.5485000014305115,1.3766119480133057
838,0.7407000064849854,0.7700754404067993,0.5224999785423279,1.485205888748169
839,0.7376000285148621,0.7706383466720581,0.5640000104904175,1.2987922430038452
840,0.7407000064849854,0.7706319689750671,0.5189999938011169,1.4514118432998657
841,0.7461000084877014,0.7669378519058228,0.5494999885559082,1.3677372932434082
842,0.7444000244140625,0.7654263377189636,0.5394999980926514,1.4065691232681274
843,0.7455000281333923,0.766974687576294,0.5454999804496765,1.3770781755447388
844,0.7430999875068665,0.766810417175293,0.5425000190734863,1.3577964305877686
845,0.7473999857902527,0.7647949457168579,0.534500002861023,1.4699972867965698
846,0.7443000078201294,0.7668399214744568,0.5575000047683716,1.3646148443222046
847,0.7444000244140625,0.7631434798240662,0.546500027179718,1.3975778818130493
848,0.7443000078201294,0.761657178401947,0.5580000281333923,1.3002485036849976
849,0.7437999844551086,0.7612972259521484,0.5509999990463257,1.3472683429718018
850,0.7457000017166138,0.7616259455680847,0.5540000200271606,1.3096967935562134
851,0.7468000054359436,0.7583313584327698,0.531499981880188,1.3793323040008545
852,0.7445999979972839,0.7614315748214722,0.5605000257492065,1.3356093168258667
853,0.7505999803543091,0.7539671659469604,0.5540000200271606,1.3646271228790283
854,0.746399998664856,0.7572511434555054,0.5559999942779541,1.3138419389724731
855,0.744700014591217,0.7575273513793945,0.5809999704360962,1.253880500793457
856,0.7508000135421753,0.7519214153289795,0.5755000114440918,1.2816098928451538
857,0.7494000196456909,0.7493192553520203,0.5410000085830688,1.388728380203247
858,0.7488999962806702,0.7540386915206909,0.5774999856948853,1.2636210918426514
859,0.7493000030517578,0.7489190697669983,0.5105000138282776,1.5414267778396606
860,0.7488999962806702,0.7548176050186157,0.5860000252723694,1.2767194509506226
861,0.7486000061035156,0.7508968114852905,0.5404999852180481,1.3849852085113525
862,0.7483999729156494,0.7513172626495361,0.5674999952316284,1.290110468864441
863,0.7552000284194946,0.7480436563491821,0.5709999799728394,1.30816650390625
864,0.7455999851226807,0.7551435828208923,0.5479999780654907,1.3812791109085083
865,0.7498999834060669,0.7494423389434814,0.5569999814033508,1.3076308965682983
866,0.7505000233650208,0.7518054246902466,0.5525000095367432,1.3281433582305908
867,0.7526999711990356,0.7469326257705688,0.5515000224113464,1.4211523532867432
868,0.7531999945640564,0.7468324303627014,0.5649999976158142,1.2976758480072021
869,0.7515000104904175,0.7412672638893127,0.5504999756813049,1.3526794910430908
870,0.7530999779701233,0.7448293566703796,0.565500020980835,1.293933391571045
871,0.7523999810218811,0.7422987818717957,0.5755000114440918,1.2646307945251465
872,0.7505999803543091,0.7430822849273682,0.5575000047683716,1.3296695947647095
873,0.7545999884605408,0.743218183517456,0.5074999928474426,1.5816885232925415
874,0.7555000185966492,0.7443145513534546,0.5734999775886536,1.3066190481185913
875,0.7570000290870667,0.7334287166595459,0.5669999718666077,1.3124215602874756
876,0.7556999921798706,0.7387945652008057,0.49799999594688416,1.6181013584136963
877,0.7534000277519226,0.7426730394363403,0.550000011920929,1.4268282651901245
878,0.7537000179290771,0.7366361618041992,0.5479999780654907,1.4236376285552979
879,0.7534999847412109,0.7363197207450867,0.5580000281333923,1.3762515783309937
880,0.7516999840736389,0.7397930026054382,0.5350000262260437,1.4255181550979614
881,0.754800021648407,0.7359364032745361,0.5009999871253967,1.5932676792144775
882,0.7566999793052673,0.7382088899612427,0.46050000190734863,1.9710071086883545
883,0.754800021648407,0.739740252494812,0.5224999785423279,1.435057520866394
884,0.7577999830245972,0.7322458624839783,0.578000009059906,1.298155426979065
885,0.7578999996185303,0.7293311953544617,0.5824999809265137,1.2624245882034302
886,0.7572000026702881,0.7325997352600098,0.5304999947547913,1.4460628032684326
887,0.7601000070571899,0.7284249067306519,0.5774999856948853,1.2895119190216064
888,0.7623999714851379,0.7269073128700256,0.48500001430511475,1.6785417795181274
889,0.7541000247001648,0.7339715957641602,0.5554999709129333,1.3541725873947144
890,0.7603999972343445,0.7238489389419556,0.5600000023841858,1.3947724103927612
891,0.7578999996185303,0.7265116572380066,0.5665000081062317,1.3195784091949463
892,0.7583000063896179,0.7283537983894348,0.5605000257492065,1.351671576499939
893,0.7598999738693237,0.7239571213722229,0.5490000247955322,1.3821566104888916
894,0.7548999786376953,0.7278171181678772,0.5435000061988831,1.4851340055465698
895,0.760699987411499,0.72322016954422,0.5799999833106995,1.2664235830307007
896,0.7616000175476074,0.7196359634399414,0.5515000224113464,1.3445961475372314
897,0.762499988079071,0.7185861468315125,0.5404999852180481,1.3882030248641968
898,0.7616000175476074,0.7203943133354187,0.5034999847412109,1.6132584810256958
899,0.7623999714851379,0.7213743925094604,0.5335000157356262,1.448876976966858
900,0.7634000182151794,0.7184170484542847,0.5494999885559082,1.4219194650650024
901,0.765500009059906,0.7211402058601379,0.5195000171661377,1.5286763906478882
902,0.7609000205993652,0.7206817269325256,0.5339999794960022,1.455567479133606
903,0.7630000114440918,0.7166833281517029,0.5460000038146973,1.3551783561706543
904,0.76419997215271,0.7147336602210999,0.5680000185966492,1.349342942237854
905,0.7595999836921692,0.7150532007217407,0.5879999995231628,1.2623060941696167
906,0.7663000226020813,0.7089439034461975,0.5230000019073486,1.5367385149002075
907,0.7620999813079834,0.7194068431854248,0.5325000286102295,1.5474265813827515
908,0.7663000226020813,0.7126825451850891,0.5544999837875366,1.3697155714035034
909,0.7646999955177307,0.7109123468399048,0.5814999938011169,1.2619750499725342
910,0.7615000009536743,0.7138324975967407,0.574999988079071,1.3010578155517578
911,0.765500009059906,0.7101743817329407,0.5649999976158142,1.311722755432129
912,0.7656999826431274,0.7105401158332825,0.5634999871253967,1.3545104265213013
913,0.7685999870300293,0.7060647010803223,0.5615000128746033,1.3349920511245728
914,0.7687000036239624,0.7038934230804443,0.5270000100135803,1.4384765625
915,0.7642999887466431,0.7105187773704529,0.5565000176429749,1.3569538593292236
916,0.7613999843597412,0.7112144231796265,0.550000011920929,1.3723769187927246
917,0.7652000188827515,0.705008327960968,0.5149999856948853,1.611452341079712
918,0.7694000005722046,0.7051005363464355,0.5534999966621399,1.4103195667266846
919,0.7698000073432922,0.7077636122703552,0.5695000290870667,1.3186019659042358
920,0.7694000005722046,0.7041530609130859,0.578000009059906,1.2838407754898071
921,0.7705000042915344,0.6995564699172974,0.5494999885559082,1.3699949979782104
922,0.7710999846458435,0.6977242827415466,0.5845000147819519,1.285369634628296
923,0.7684999704360962,0.7021996378898621,0.5485000014305115,1.3946746587753296
924,0.7717999815940857,0.7008620500564575,0.5649999976158142,1.398812174797058
925,0.7692999839782715,0.6979952454566956,0.5730000138282776,1.2988462448120117
926,0.7718999981880188,0.6958386301994324,0.5425000190734863,1.4492707252502441
927,0.7712000012397766,0.6975730061531067,0.5394999980926514,1.4212299585342407
928,0.7720999717712402,0.6964104771614075,0.5709999799728394,1.3636653423309326
929,0.7741000056266785,0.6892431974411011,0.5440000295639038,1.4560047388076782
930,0.7703999876976013,0.6947182416915894,0.5745000243186951,1.2798138856887817
931,0.7750999927520752,0.6908238530158997,0.5709999799728394,1.2743302583694458
932,0.7705000042915344,0.6934739351272583,0.5600000023841858,1.3320820331573486
933,0.7706999778747559,0.6960886120796204,0.5440000295639038,1.3963013887405396
934,0.7746000289916992,0.6942462921142578,0.565500020980835,1.4333184957504272
935,0.7710000276565552,0.6917107701301575,0.5494999885559082,1.3708058595657349
936,0.777999997138977,0.6885971426963806,0.5625,1.358515977859497
937,0.7721999883651733,0.6926154494285583,0.5544999837875366,1.3250561952590942
938,0.775600016117096,0.6847846508026123,0.5239999890327454,1.487382411956787
939,0.7738999724388123,0.6884241700172424,0.5705000162124634,1.3262070417404175
940,0.7760999798774719,0.6839932799339294,0.5649999976158142,1.325717568397522
941,0.7784000039100647,0.6865411400794983,0.49549999833106995,1.6478631496429443
942,0.7735000252723694,0.6931357979774475,0.5074999928474426,1.5882090330123901
943,0.7752000093460083,0.6837186813354492,0.5724999904632568,1.3786929845809937
944,0.7741000056266785,0.6827112436294556,0.49000000953674316,1.8024582862854004
945,0.7788000106811523,0.6841074824333191,0.5115000009536743,1.6185044050216675
946,0.772599995136261,0.6841636300086975,0.4970000088214874,1.6870466470718384
947,0.776199996471405,0.6840170621871948,0.5634999871253967,1.3200253248214722
948,0.7724000215530396,0.6840797662734985,0.5590000152587891,1.344972014427185
949,0.7789000272750854,0.6806713342666626,0.5684999823570251,1.3690418004989624
950,0.7815999984741211,0.6805983185768127,0.5174999833106995,1.5232188701629639
951,0.7759000062942505,0.6771701574325562,0.5504999756813049,1.3827776908874512
952,0.7753000259399414,0.6791843771934509,0.5634999871253967,1.3788026571273804
953,0.7791000008583069,0.679998517036438,0.5544999837875366,1.4274160861968994
954,0.7854999899864197,0.6708419919013977,0.5540000200271606,1.4047296047210693
955,0.7777000069618225,0.6729103922843933,0.5615000128746033,1.3690199851989746
956,0.7804999947547913,0.6725900173187256,0.5504999756813049,1.4143695831298828
957,0.7851999998092651,0.668706476688385,0.5580000281333923,1.3371095657348633
958,0.7853000164031982,0.6715824604034424,0.5270000100135803,1.445412039756775
959,0.781499981880188,0.674980878829956,0.5684999823570251,1.3115249872207642
960,0.7840999960899353,0.6691839098930359,0.5630000233650208,1.3540102243423462
961,0.7824000120162964,0.666632890701294,0.5504999756813049,1.410092830657959
962,0.7813000082969666,0.6698118448257446,0.5734999775886536,1.3605834245681763
963,0.7849000096321106,0.6682897210121155,0.5764999985694885,1.384749412536621
964,0.78329998254776,0.6659099459648132,0.5515000224113464,1.3657827377319336
965,0.7864000201225281,0.6635942459106445,0.5299999713897705,1.5557950735092163
966,0.7858999967575073,0.6687264442443848,0.5809999704360962,1.2978684902191162
967,0.7836999893188477,0.6609588265419006,0.5684999823570251,1.338800072669983
968,0.786300003528595,0.6639819145202637,0.5485000014305115,1.379441499710083
969,0.7828999757766724,0.6637672781944275,0.5379999876022339,1.4746454954147339
970,0.7827000021934509,0.6648132801055908,0.5734999775886536,1.3268951177597046
971,0.7885000109672546,0.6560842990875244,0.5504999756813049,1.3721295595169067
972,0.7846999764442444,0.6617118716239929,0.5705000162124634,1.3052942752838135
973,0.7870000004768372,0.6607174277305603,0.5525000095367432,1.4125983715057373
974,0.7871000170707703,0.6588475704193115,0.5450000166893005,1.4206228256225586
975,0.7875999808311462,0.655478835105896,0.5764999985694885,1.3159375190734863
976,0.7886999845504761,0.6556230187416077,0.5544999837875366,1.4019780158996582
977,0.784600019454956,0.6622312664985657,0.5799999833106995,1.297705888748169
978,0.7864999771118164,0.6527276039123535,0.5699999928474426,1.3361401557922363
979,0.7839000225067139,0.6589959263801575,0.550000011920929,1.3765606880187988
980,0.7860999703407288,0.6562778353691101,0.5680000185966492,1.3336292505264282
981,0.7872999906539917,0.6530604958534241,0.5605000257492065,1.3520023822784424
982,0.7900000214576721,0.6540884971618652,0.5669999718666077,1.3635993003845215
983,0.7937999963760376,0.6468044519424438,0.5379999876022339,1.486430287361145
984,0.7878999710083008,0.6517143845558167,0.5435000061988831,1.423168420791626
985,0.7910000085830688,0.6479163765907288,0.5669999718666077,1.342204213142395
986,0.7924000024795532,0.6461272239685059,0.5695000290870667,1.4480576515197754
987,0.7907000184059143,0.6503912806510925,0.5665000081062317,1.3254295587539673
988,0.7926999926567078,0.6447625756263733,0.5690000057220459,1.3908530473709106
989,0.791100025177002,0.6481570601463318,0.5575000047683716,1.383811593055725
990,0.7893999814987183,0.6473235487937927,0.5640000104904175,1.3637200593948364
991,0.7936999797821045,0.6444857716560364,0.4424999952316284,2.049532890319824
992,0.7886000275611877,0.6625375151634216,0.5490000247955322,1.456947684288025
993,0.7914999723434448,0.6446959376335144,0.5634999871253967,1.367021918296814
994,0.789900004863739,0.6408056020736694,0.5590000152587891,1.4942924976348877
995,0.7930999994277954,0.6398131251335144,0.5600000023841858,1.398447036743164
996,0.7919999957084656,0.640055239200592,0.5509999990463257,1.3981856107711792
997,0.791100025177002,0.6410186290740967,0.559499979019165,1.3308980464935303
998,0.7921000123023987,0.6385475397109985,0.534500002861023,1.5096594095230103
999,0.7925999760627747,0.6413129568099976,0.565500020980835,1.3458830118179321
